0.000000000000000000e+00 5.285417143776995896e-01
1.000000000000000000e+02 3.926695592663899115e-01
2.000000000000000000e+02 4.180430911199560229e-01
3.000000000000000000e+02 4.297596545729104878e-01
4.000000000000000000e+02 4.341967110366118376e-01
5.000000000000000000e+02 4.473185513056051610e-01
6.000000000000000000e+02 4.412366044337917015e-01
7.000000000000000000e+02 4.408598183945169890e-01
8.000000000000000000e+02 4.477984383525562273e-01
9.000000000000000000e+02 4.715992689174541286e-01
1.000000000000000000e+03 4.506282436142168280e-01
1.100000000000000000e+03 4.687214108524999090e-01
1.200000000000000000e+03 4.550183441435356468e-01
1.300000000000000000e+03 4.621503890994819175e-01
1.400000000000000000e+03 4.709972921558572834e-01
1.500000000000000000e+03 4.861437273344608179e-01
1.600000000000000000e+03 4.762593465267427884e-01
1.700000000000000000e+03 4.706535652876421838e-01
1.800000000000000000e+03 4.984888987261450466e-01
1.900000000000000000e+03 4.766788597723125021e-01
2.000000000000000000e+03 4.762446299375193703e-01
2.100000000000000000e+03 5.065501514676447048e-01
2.200000000000000000e+03 4.991174197636988885e-01
2.300000000000000000e+03 4.696999091319274955e-01
2.400000000000000000e+03 4.824535800186391388e-01
2.500000000000000000e+03 4.990780690417632726e-01
2.600000000000000000e+03 5.012668733280101208e-01
2.700000000000000000e+03 4.977822737849089130e-01
2.800000000000000000e+03 4.835501743211316761e-01
2.900000000000000000e+03 4.817923376592257445e-01
3.000000000000000000e+03 5.137734066841066483e-01
3.100000000000000000e+03 5.272991166427578591e-01
3.200000000000000000e+03 4.994582800029926384e-01
3.300000000000000000e+03 5.192677136882387634e-01
3.400000000000000000e+03 5.063610043741706424e-01
3.500000000000000000e+03 5.428473854237869656e-01
3.600000000000000000e+03 5.405754861874431105e-01
3.700000000000000000e+03 5.660927935989316095e-01
3.800000000000000000e+03 5.503810803561596243e-01
3.900000000000000000e+03 5.278421120612537543e-01
4.000000000000000000e+03 5.400941467805389085e-01
4.100000000000000000e+03 5.517248593986361360e-01
4.200000000000000000e+03 5.657983013440712750e-01
4.300000000000000000e+03 5.317412397028978832e-01
4.400000000000000000e+03 5.673200678188961010e-01
4.500000000000000000e+03 5.822390211835859475e-01
4.600000000000000000e+03 6.214932677858863164e-01
4.700000000000000000e+03 5.789640987779200998e-01
4.800000000000000000e+03 6.154985128640352299e-01
4.900000000000000000e+03 6.027531841658109180e-01
5.000000000000000000e+03 5.763782873215724800e-01
5.100000000000000000e+03 5.861116999902820091e-01
5.200000000000000000e+03 6.053151727343355493e-01
5.300000000000000000e+03 6.138877008774498156e-01
5.400000000000000000e+03 6.191536826301121677e-01
5.500000000000000000e+03 6.202866920172952492e-01
5.600000000000000000e+03 6.356437761632967032e-01
5.700000000000000000e+03 6.540267029583541891e-01
5.800000000000000000e+03 6.334047345664606254e-01
5.900000000000000000e+03 6.187547228615826178e-01
6.000000000000000000e+03 6.811959368180156016e-01
6.100000000000000000e+03 6.529448550704743948e-01
6.200000000000000000e+03 6.783155087569673336e-01
6.300000000000000000e+03 6.412752580469364139e-01
6.400000000000000000e+03 6.845956561928916440e-01
6.500000000000000000e+03 6.589525588545694923e-01
6.600000000000000000e+03 6.727826333063366970e-01
6.700000000000000000e+03 6.811199402634673383e-01
6.800000000000000000e+03 6.942281806957103507e-01
6.900000000000000000e+03 6.915103390458650079e-01
7.000000000000000000e+03 6.874498583373462868e-01
7.100000000000000000e+03 6.904770627520302462e-01
7.200000000000000000e+03 7.193651677194968785e-01
7.300000000000000000e+03 7.127389814770561660e-01
7.400000000000000000e+03 7.132170880072036256e-01
7.500000000000000000e+03 7.263555268781041185e-01
7.600000000000000000e+03 7.055670144026808810e-01
7.700000000000000000e+03 7.312940884267679076e-01
7.800000000000000000e+03 7.408397764982626033e-01
7.900000000000000000e+03 7.291594512519377069e-01
8.000000000000000000e+03 7.331887300843010769e-01
8.100000000000000000e+03 7.256010244162574008e-01
8.200000000000000000e+03 7.457228779723020784e-01
8.300000000000000000e+03 7.549764610169499290e-01
8.400000000000000000e+03 7.654978648583764533e-01
8.500000000000000000e+03 7.347790355600625212e-01
8.600000000000000000e+03 7.334720968066664737e-01
8.700000000000000000e+03 7.495160360653349008e-01
8.800000000000000000e+03 7.815098309112100683e-01
8.900000000000000000e+03 7.938391268067654938e-01
9.000000000000000000e+03 7.794730230845402508e-01
9.100000000000000000e+03 7.503865839433538909e-01
9.200000000000000000e+03 8.127228794911909304e-01
9.300000000000000000e+03 7.784739619952680822e-01
9.400000000000000000e+03 7.863042223986875801e-01
9.500000000000000000e+03 7.676688879718805980e-01
9.600000000000000000e+03 7.695685681799708799e-01
9.700000000000000000e+03 7.718227592660256153e-01
9.800000000000000000e+03 7.644086263129697967e-01
9.900000000000000000e+03 7.964212696457342311e-01
1.000000000000000000e+04 7.637485954706787483e-01
1.010000000000000000e+04 7.817154259066250166e-01
1.020000000000000000e+04 7.931710739860599046e-01
1.030000000000000000e+04 8.166675346749268094e-01
1.040000000000000000e+04 7.993135668042202768e-01
1.050000000000000000e+04 7.801480363099224657e-01
1.060000000000000000e+04 7.957858966972679582e-01
1.070000000000000000e+04 8.004359654399157975e-01
1.080000000000000000e+04 8.265115492586981860e-01
1.090000000000000000e+04 8.061082959026215633e-01
1.100000000000000000e+04 8.122887846069358764e-01
1.110000000000000000e+04 8.126987431627925584e-01
1.120000000000000000e+04 8.000214202952047327e-01
1.130000000000000000e+04 8.071785139195439829e-01
1.140000000000000000e+04 8.219828588359537891e-01
1.150000000000000000e+04 8.181604694454815974e-01
1.160000000000000000e+04 8.328554045908705961e-01
1.170000000000000000e+04 8.206736349121072083e-01
1.180000000000000000e+04 8.096985361792343738e-01
1.190000000000000000e+04 8.118409102721120263e-01
1.200000000000000000e+04 8.380012140713055668e-01
1.210000000000000000e+04 8.092887501067078659e-01
1.220000000000000000e+04 8.451407848968786052e-01
1.230000000000000000e+04 8.218425880074120560e-01
1.240000000000000000e+04 8.304156656935504088e-01
1.250000000000000000e+04 8.357042085522583541e-01
1.260000000000000000e+04 8.309513126662178006e-01
1.270000000000000000e+04 8.314434381632767046e-01
1.280000000000000000e+04 8.235781138207197705e-01
1.290000000000000000e+04 8.420187077009124721e-01
1.300000000000000000e+04 8.365674257876047903e-01
1.310000000000000000e+04 8.452643887094043462e-01
1.320000000000000000e+04 8.396597762050189706e-01
1.330000000000000000e+04 8.567235620592048573e-01
1.340000000000000000e+04 8.548427509512630529e-01
1.350000000000000000e+04 8.505444916486646356e-01
1.360000000000000000e+04 8.779312625833924910e-01
1.370000000000000000e+04 8.425574487902288690e-01
1.380000000000000000e+04 8.742737934805798750e-01
1.390000000000000000e+04 8.558895750987774997e-01
1.400000000000000000e+04 8.491047418053916385e-01
1.410000000000000000e+04 8.395386777832785086e-01
1.420000000000000000e+04 8.510069227854908380e-01
1.430000000000000000e+04 8.866795412865844384e-01
1.440000000000000000e+04 8.688005955891962007e-01
1.450000000000000000e+04 8.647689391373976076e-01
1.460000000000000000e+04 8.530342686810752362e-01
1.470000000000000000e+04 8.805012207622002762e-01
1.480000000000000000e+04 8.704094580596628550e-01
1.490000000000000000e+04 8.734329310500551502e-01
1.500000000000000000e+04 8.815902875171567343e-01
1.510000000000000000e+04 8.800326690247367578e-01
1.520000000000000000e+04 9.009566453997696067e-01
1.530000000000000000e+04 8.767946373891919443e-01
1.540000000000000000e+04 8.906716860697404536e-01
1.550000000000000000e+04 8.861582585155179936e-01
1.560000000000000000e+04 8.881048887024765026e-01
1.570000000000000000e+04 8.894998323082687897e-01
1.580000000000000000e+04 8.837845151774803565e-01
1.590000000000000000e+04 8.898179612153177542e-01
1.600000000000000000e+04 9.013610712225924582e-01
1.610000000000000000e+04 8.985085906502895403e-01
1.620000000000000000e+04 9.011935101289532124e-01
1.630000000000000000e+04 9.000991232741543113e-01
1.640000000000000000e+04 9.038100016469621245e-01
1.650000000000000000e+04 9.074414946890583256e-01
1.660000000000000000e+04 9.079966669123770151e-01
1.670000000000000000e+04 9.121929700774922267e-01
1.680000000000000000e+04 9.043457624699959840e-01
1.690000000000000000e+04 9.023848447185149890e-01
1.700000000000000000e+04 9.197989973981526290e-01
1.710000000000000000e+04 9.272338396402768357e-01
1.720000000000000000e+04 9.165163859345080155e-01
1.730000000000000000e+04 9.230342822750259302e-01
1.740000000000000000e+04 9.370301970244107048e-01
1.750000000000000000e+04 9.311352367073667535e-01
1.760000000000000000e+04 9.156172733643144213e-01
1.770000000000000000e+04 9.402251590620209765e-01
1.780000000000000000e+04 9.207574632787975943e-01
1.790000000000000000e+04 9.268433003737115428e-01
1.800000000000000000e+04 9.359791366440142202e-01
1.810000000000000000e+04 9.311077745277525075e-01
1.820000000000000000e+04 9.306317200359573993e-01
1.830000000000000000e+04 9.315302272151221308e-01
1.840000000000000000e+04 9.426990007823218276e-01
1.850000000000000000e+04 9.316193488005675150e-01
1.860000000000000000e+04 9.291842218921915197e-01
1.870000000000000000e+04 9.354041166297535348e-01
1.880000000000000000e+04 9.214469058846281868e-01
1.890000000000000000e+04 9.355541148623532921e-01
1.900000000000000000e+04 9.333010106413068829e-01
1.910000000000000000e+04 9.450547398948448974e-01
1.920000000000000000e+04 9.308850665503703992e-01
1.930000000000000000e+04 9.480033950593309555e-01
1.940000000000000000e+04 9.386705861249221572e-01
1.950000000000000000e+04 9.443009541108888794e-01
1.960000000000000000e+04 9.344368529436660742e-01
1.970000000000000000e+04 9.377084458179136828e-01
1.980000000000000000e+04 9.353807250157578634e-01
1.990000000000000000e+04 9.477351388083018469e-01
2.000000000000000000e+04 9.359845761263224651e-01
2.010000000000000000e+04 9.322051808942413142e-01
2.020000000000000000e+04 9.418344926342121504e-01
2.030000000000000000e+04 9.338198716625943918e-01
2.040000000000000000e+04 9.418677649915245809e-01
2.050000000000000000e+04 9.480400413345936306e-01
2.060000000000000000e+04 9.567846973543721045e-01
2.070000000000000000e+04 9.454260945891159729e-01
2.080000000000000000e+04 9.438744519551209855e-01
2.090000000000000000e+04 9.561883464767519936e-01
2.100000000000000000e+04 9.504948592724827838e-01
2.110000000000000000e+04 9.373366301767480646e-01
2.120000000000000000e+04 9.408278268376342179e-01
2.130000000000000000e+04 9.534005174066182420e-01
2.140000000000000000e+04 9.429141611761781006e-01
2.150000000000000000e+04 9.515785802457805698e-01
2.160000000000000000e+04 9.456063431451046108e-01
2.170000000000000000e+04 9.435386606841372759e-01
2.180000000000000000e+04 9.598859660778663594e-01
2.190000000000000000e+04 9.387042030338580423e-01
2.200000000000000000e+04 9.547437575500992146e-01
2.210000000000000000e+04 9.465889790787695990e-01
2.220000000000000000e+04 9.547595244688469318e-01
2.230000000000000000e+04 9.426403838614637598e-01
2.240000000000000000e+04 9.471294700327320681e-01
2.250000000000000000e+04 9.462783284005114037e-01
2.260000000000000000e+04 9.561677791549046956e-01
2.270000000000000000e+04 9.490155868323146837e-01
2.280000000000000000e+04 9.547792912775409091e-01
2.290000000000000000e+04 9.549474513903648543e-01
2.300000000000000000e+04 9.503816817144912221e-01
2.310000000000000000e+04 9.527053576489400433e-01
2.320000000000000000e+04 9.495030388373920660e-01
2.330000000000000000e+04 9.543038079179803068e-01
2.340000000000000000e+04 9.625378096807386541e-01
2.350000000000000000e+04 9.510490978741494850e-01
2.360000000000000000e+04 9.459041766694331610e-01
2.370000000000000000e+04 9.549237864622801553e-01
2.380000000000000000e+04 9.441095656850189144e-01
2.390000000000000000e+04 9.540011377034607332e-01
2.400000000000000000e+04 9.558562581070662034e-01
2.410000000000000000e+04 9.530912211216224783e-01
2.420000000000000000e+04 9.602945550080487225e-01
2.430000000000000000e+04 9.531975323583798954e-01
2.440000000000000000e+04 9.400831930035187245e-01
2.450000000000000000e+04 9.547233851142303829e-01
2.460000000000000000e+04 9.406036105574682171e-01
2.470000000000000000e+04 9.426055740970905594e-01
2.480000000000000000e+04 9.451457135147254274e-01
2.490000000000000000e+04 9.563969071328349836e-01
2.500000000000000000e+04 9.522834217801104950e-01
2.510000000000000000e+04 9.499107759838576470e-01
2.520000000000000000e+04 9.517619452576058237e-01
2.530000000000000000e+04 9.522124317831790474e-01
2.540000000000000000e+04 9.545856717933843827e-01
2.550000000000000000e+04 9.618315320570187676e-01
2.560000000000000000e+04 9.426087846856845420e-01
2.570000000000000000e+04 9.566168278045722451e-01
2.580000000000000000e+04 9.483923528118805013e-01
2.590000000000000000e+04 9.520193484533331363e-01
2.600000000000000000e+04 9.556862988324188457e-01
2.610000000000000000e+04 9.580835260243585338e-01
2.620000000000000000e+04 9.545653653967403063e-01
2.630000000000000000e+04 9.588417721195355847e-01
2.640000000000000000e+04 9.479328888155198474e-01
2.650000000000000000e+04 9.502213456831529736e-01
2.660000000000000000e+04 9.444517892516366420e-01
2.670000000000000000e+04 9.580028800703459524e-01
2.680000000000000000e+04 9.581154387196353373e-01
2.690000000000000000e+04 9.573374125771524357e-01
2.700000000000000000e+04 9.521447088128580649e-01
2.710000000000000000e+04 9.508515636697065787e-01
2.720000000000000000e+04 9.547405184094714947e-01
2.730000000000000000e+04 9.450063833228065091e-01
2.740000000000000000e+04 9.540525939560396962e-01
2.750000000000000000e+04 9.555763395882694855e-01
2.760000000000000000e+04 9.564328622184129491e-01
2.770000000000000000e+04 9.446186147846860059e-01
2.780000000000000000e+04 9.628550245541913633e-01
2.790000000000000000e+04 9.593129737665586632e-01
2.800000000000000000e+04 9.572914683858991802e-01
2.810000000000000000e+04 9.572452343328746727e-01
2.820000000000000000e+04 9.446645049995294752e-01
2.830000000000000000e+04 9.603138656262029116e-01
2.840000000000000000e+04 9.553620247526576348e-01
2.850000000000000000e+04 9.457330696187611352e-01
2.860000000000000000e+04 9.603908453686098579e-01
2.870000000000000000e+04 9.542223362677838550e-01
2.880000000000000000e+04 9.511417411902154395e-01
2.890000000000000000e+04 9.652374118410478321e-01
2.900000000000000000e+04 9.544424330559283520e-01
2.910000000000000000e+04 9.520158212138265519e-01
2.920000000000000000e+04 9.545859597234311877e-01
2.930000000000000000e+04 9.572277766146602973e-01
2.940000000000000000e+04 9.540596980855755582e-01
2.950000000000000000e+04 9.561674685681653685e-01
2.960000000000000000e+04 9.641348561360947311e-01
2.970000000000000000e+04 9.638732629818540509e-01
2.980000000000000000e+04 9.442547898516744365e-01
2.990000000000000000e+04 9.582328756948842452e-01
3.000000000000000000e+04 9.549151641974276128e-01
