0.000000000000000000e+00 5.418119999999999603e-01
1.000000000000000000e+02 3.297280000000000211e-01
2.000000000000000000e+02 3.909879999999999467e-01
3.000000000000000000e+02 3.996560000000000112e-01
4.000000000000000000e+02 4.149999999999999800e-01
5.000000000000000000e+02 4.294080000000000119e-01
6.000000000000000000e+02 4.244799999999999685e-01
7.000000000000000000e+02 4.270800000000000152e-01
8.000000000000000000e+02 4.385000000000000009e-01
9.000000000000000000e+02 4.486200000000000188e-01
1.000000000000000000e+03 4.402320000000000122e-01
1.100000000000000000e+03 4.776880000000000015e-01
1.200000000000000000e+03 4.445599999999999552e-01
1.300000000000000000e+03 4.675920000000000076e-01
1.400000000000000000e+03 4.698880000000000279e-01
1.500000000000000000e+03 4.996320000000000205e-01
1.600000000000000000e+03 4.742439999999999989e-01
1.700000000000000000e+03 4.788879999999999804e-01
1.800000000000000000e+03 4.979120000000000212e-01
1.900000000000000000e+03 4.963199999999999834e-01
2.000000000000000000e+03 4.796879999999999478e-01
2.100000000000000000e+03 5.032959999999999656e-01
2.200000000000000000e+03 5.048099999999999810e-01
2.300000000000000000e+03 4.665960000000000107e-01
2.400000000000000000e+03 4.989440000000000541e-01
2.500000000000000000e+03 5.162120000000000042e-01
2.600000000000000000e+03 5.169320000000000581e-01
2.700000000000000000e+03 5.077079999999999371e-01
2.800000000000000000e+03 4.895320000000000227e-01
2.900000000000000000e+03 4.855280000000000151e-01
3.000000000000000000e+03 5.359359999999999680e-01
3.100000000000000000e+03 5.427440000000000042e-01
3.200000000000000000e+03 4.954680000000000195e-01
3.300000000000000000e+03 5.147800000000000153e-01
3.400000000000000000e+03 5.124680000000000346e-01
3.500000000000000000e+03 5.392439999999999456e-01
3.600000000000000000e+03 5.637800000000000589e-01
3.700000000000000000e+03 5.702480000000000881e-01
3.800000000000000000e+03 5.805320000000000480e-01
3.900000000000000000e+03 5.322679999999999634e-01
4.000000000000000000e+03 5.585639999999999494e-01
4.100000000000000000e+03 5.709599999999999120e-01
4.200000000000000000e+03 5.823519999999999808e-01
4.300000000000000000e+03 5.561399999999999677e-01
4.400000000000000000e+03 5.793960000000000221e-01
4.500000000000000000e+03 5.770079999999999654e-01
4.600000000000000000e+03 6.254039999999999599e-01
4.700000000000000000e+03 5.853760000000000074e-01
4.800000000000000000e+03 6.228799999999999892e-01
4.900000000000000000e+03 6.172160000000000979e-01
5.000000000000000000e+03 5.819560000000001398e-01
5.100000000000000000e+03 6.048999999999999932e-01
5.200000000000000000e+03 6.112960000000000615e-01
5.300000000000000000e+03 6.069599999999999440e-01
5.400000000000000000e+03 6.185920000000000307e-01
5.500000000000000000e+03 6.132520000000000193e-01
5.600000000000000000e+03 6.370359999999999356e-01
5.700000000000000000e+03 6.354360000000000008e-01
5.800000000000000000e+03 6.480679999999999774e-01
5.900000000000000000e+03 6.188560000000000727e-01
6.000000000000000000e+03 6.753599999999999604e-01
6.100000000000000000e+03 6.357439999999999758e-01
6.200000000000000000e+03 6.526119999999999699e-01
6.300000000000000000e+03 6.371879999999998656e-01
6.400000000000000000e+03 6.686199999999999921e-01
6.500000000000000000e+03 6.714199999999999058e-01
6.600000000000000000e+03 6.628079999999999528e-01
6.700000000000000000e+03 6.763119999999999132e-01
6.800000000000000000e+03 6.872040000000000370e-01
6.900000000000000000e+03 6.888159999999999838e-01
7.000000000000000000e+03 6.745360000000000245e-01
7.100000000000000000e+03 6.737720000000000375e-01
7.200000000000000000e+03 6.985959999999999948e-01
7.300000000000000000e+03 6.884720000000000839e-01
7.400000000000000000e+03 6.850640000000000063e-01
7.500000000000000000e+03 7.057999999999999829e-01
7.600000000000000000e+03 6.823719999999999786e-01
7.700000000000000000e+03 7.021739999999999648e-01
7.800000000000000000e+03 7.130999999999999561e-01
7.900000000000000000e+03 7.064879999999998939e-01
8.000000000000000000e+03 7.159959999999999658e-01
8.100000000000000000e+03 7.073039999999999328e-01
8.200000000000000000e+03 7.085240000000001537e-01
8.300000000000000000e+03 7.239800000000000679e-01
8.400000000000000000e+03 7.438399999999999457e-01
8.500000000000000000e+03 7.046339999999999826e-01
8.600000000000000000e+03 7.175679999999999836e-01
8.700000000000000000e+03 7.223640000000000061e-01
8.800000000000000000e+03 7.714400000000000146e-01
8.900000000000000000e+03 7.633280000000000065e-01
9.000000000000000000e+03 7.521759999999999557e-01
9.100000000000000000e+03 7.307559999999999611e-01
9.200000000000000000e+03 7.840560000000000862e-01
9.300000000000000000e+03 7.434359999999999857e-01
9.400000000000000000e+03 7.626360000000000916e-01
9.500000000000000000e+03 7.326359999999999539e-01
9.600000000000000000e+03 7.419200000000000239e-01
9.700000000000000000e+03 7.461340000000000749e-01
9.800000000000000000e+03 7.418679999999999719e-01
9.900000000000000000e+03 7.694799999999999418e-01
1.000000000000000000e+04 7.468120000000000314e-01
1.010000000000000000e+04 7.611200000000000188e-01
1.020000000000000000e+04 7.584279999999999911e-01
1.030000000000000000e+04 7.907159999999999744e-01
1.040000000000000000e+04 7.623240000000000016e-01
1.050000000000000000e+04 7.552600000000000424e-01
1.060000000000000000e+04 7.704280000000000017e-01
1.070000000000000000e+04 7.775839999999999419e-01
1.080000000000000000e+04 7.901960000000001205e-01
1.090000000000000000e+04 7.754920000000000702e-01
1.100000000000000000e+04 7.791480000000000627e-01
1.110000000000000000e+04 7.752559999999999452e-01
1.120000000000000000e+04 7.811919999999998865e-01
1.130000000000000000e+04 7.831000000000000183e-01
1.140000000000000000e+04 7.894200000000000106e-01
1.150000000000000000e+04 7.938880000000000381e-01
1.160000000000000000e+04 8.020919999999999161e-01
1.170000000000000000e+04 7.925079999999999902e-01
1.180000000000000000e+04 7.766879999999999340e-01
1.190000000000000000e+04 7.749119999999999342e-01
1.200000000000000000e+04 8.036239999999998940e-01
1.210000000000000000e+04 7.871839999999998838e-01
1.220000000000000000e+04 8.226719999999998478e-01
1.230000000000000000e+04 8.078240000000000975e-01
1.240000000000000000e+04 8.056599999999999318e-01
1.250000000000000000e+04 8.045999999999999819e-01
1.260000000000000000e+04 8.129600000000000160e-01
1.270000000000000000e+04 8.146839999999999637e-01
1.280000000000000000e+04 7.941119999999999290e-01
1.290000000000000000e+04 8.131199999999999539e-01
1.300000000000000000e+04 8.123320000000000540e-01
1.310000000000000000e+04 8.117040000000000921e-01
1.320000000000000000e+04 8.115839999999999721e-01
1.330000000000000000e+04 8.261319999999999775e-01
1.340000000000000000e+04 8.253639999999999866e-01
1.350000000000000000e+04 8.278439999999999133e-01
1.360000000000000000e+04 8.563600000000000101e-01
1.370000000000000000e+04 8.167999999999999705e-01
1.380000000000000000e+04 8.422520000000000007e-01
1.390000000000000000e+04 8.294319999999999471e-01
1.400000000000000000e+04 8.288120000000001042e-01
1.410000000000000000e+04 8.202000000000000401e-01
1.420000000000000000e+04 8.266159999999999064e-01
1.430000000000000000e+04 8.604199999999998516e-01
1.440000000000000000e+04 8.506479999999998487e-01
1.450000000000000000e+04 8.387599999999999500e-01
1.460000000000000000e+04 8.213960000000000150e-01
1.470000000000000000e+04 8.559479999999999311e-01
1.480000000000000000e+04 8.449439999999999173e-01
1.490000000000000000e+04 8.429360000000001296e-01
1.500000000000000000e+04 8.538560000000000594e-01
1.510000000000000000e+04 8.609919999999998685e-01
1.520000000000000000e+04 8.824520000000000142e-01
1.530000000000000000e+04 8.555599999999999872e-01
1.540000000000000000e+04 8.646040000000000392e-01
1.550000000000000000e+04 8.624519999999999964e-01
1.560000000000000000e+04 8.569940000000000335e-01
1.570000000000000000e+04 8.662279999999999980e-01
1.580000000000000000e+04 8.597960000000000047e-01
1.590000000000000000e+04 8.651039999999998731e-01
1.600000000000000000e+04 8.752839999999999510e-01
1.610000000000000000e+04 8.726799999999999002e-01
1.620000000000000000e+04 8.772079999999999878e-01
1.630000000000000000e+04 8.763000000000000789e-01
1.640000000000000000e+04 8.837119999999998310e-01
1.650000000000000000e+04 8.849879999999999969e-01
1.660000000000000000e+04 8.893119999999999914e-01
1.670000000000000000e+04 8.927439999999999820e-01
1.680000000000000000e+04 8.834280000000001021e-01
1.690000000000000000e+04 8.783279999999999976e-01
1.700000000000000000e+04 8.990879999999999983e-01
1.710000000000000000e+04 9.131679999999999797e-01
1.720000000000000000e+04 9.004199999999999982e-01
1.730000000000000000e+04 8.971119999999999095e-01
1.740000000000000000e+04 9.215360000000001328e-01
1.750000000000000000e+04 9.161039999999999184e-01
1.760000000000000000e+04 8.958919999999999106e-01
1.770000000000000000e+04 9.243559999999999555e-01
1.780000000000000000e+04 9.017999999999999350e-01
1.790000000000000000e+04 9.066759999999999264e-01
1.800000000000000000e+04 9.186880000000000601e-01
1.810000000000000000e+04 9.113639999999998409e-01
1.820000000000000000e+04 9.147359999999998825e-01
1.830000000000000000e+04 9.141719999999999846e-01
1.840000000000000000e+04 9.267039999999999722e-01
1.850000000000000000e+04 9.145280000000000076e-01
1.860000000000000000e+04 9.084560000000001523e-01
1.870000000000000000e+04 9.163199999999999124e-01
1.880000000000000000e+04 9.058359999999999745e-01
1.890000000000000000e+04 9.147760000000001446e-01
1.900000000000000000e+04 9.178600000000000092e-01
1.910000000000000000e+04 9.344280000000000364e-01
1.920000000000000000e+04 9.112959999999998839e-01
1.930000000000000000e+04 9.392920000000000158e-01
1.940000000000000000e+04 9.285959999999999770e-01
1.950000000000000000e+04 9.372040000000000370e-01
1.960000000000000000e+04 9.179399999999999782e-01
1.970000000000000000e+04 9.237360000000000015e-01
1.980000000000000000e+04 9.206959999999999589e-01
1.990000000000000000e+04 9.330999999999998185e-01
2.000000000000000000e+04 9.230119999999999436e-01
2.010000000000000000e+04 9.234479999999999356e-01
2.020000000000000000e+04 9.273119999999999141e-01
2.030000000000000000e+04 9.175079999999999902e-01
2.040000000000000000e+04 9.283319999999999350e-01
2.050000000000000000e+04 9.372679999999999900e-01
2.060000000000000000e+04 9.458199999999998830e-01
2.070000000000000000e+04 9.264959999999999862e-01
2.080000000000000000e+04 9.332120000000000415e-01
2.090000000000000000e+04 9.451279999999999681e-01
2.100000000000000000e+04 9.368399999999998951e-01
2.110000000000000000e+04 9.235240000000000116e-01
2.120000000000000000e+04 9.260319999999999663e-01
2.130000000000000000e+04 9.421719999999998985e-01
2.140000000000000000e+04 9.278519999999998991e-01
2.150000000000000000e+04 9.409760000000000346e-01
2.160000000000000000e+04 9.346400000000000263e-01
2.170000000000000000e+04 9.242960000000000065e-01
2.180000000000000000e+04 9.486280000000000268e-01
2.190000000000000000e+04 9.213279999999999248e-01
2.200000000000000000e+04 9.418159999999998755e-01
2.210000000000000000e+04 9.303839999999999888e-01
2.220000000000000000e+04 9.442080000000000473e-01
2.230000000000000000e+04 9.338719999999999244e-01
2.240000000000000000e+04 9.329199999999998605e-01
2.250000000000000000e+04 9.309239999999999737e-01
2.260000000000000000e+04 9.448679999999999302e-01
2.270000000000000000e+04 9.369639999999999080e-01
2.280000000000000000e+04 9.441720000000000113e-01
2.290000000000000000e+04 9.429560000000000164e-01
2.300000000000000000e+04 9.363599999999998591e-01
2.310000000000000000e+04 9.358959999999999502e-01
2.320000000000000000e+04 9.339159999999998574e-01
2.330000000000000000e+04 9.405519999999998326e-01
2.340000000000000000e+04 9.536399999999999322e-01
2.350000000000000000e+04 9.373000000000000220e-01
2.360000000000000000e+04 9.307760000000000478e-01
2.370000000000000000e+04 9.425999999999998824e-01
2.380000000000000000e+04 9.322479999999999656e-01
2.390000000000000000e+04 9.431320000000000814e-01
2.400000000000000000e+04 9.439640000000000253e-01
2.410000000000000000e+04 9.405759999999999676e-01
2.420000000000000000e+04 9.490399999999999947e-01
2.430000000000000000e+04 9.404799999999999827e-01
2.440000000000000000e+04 9.255120000000000013e-01
2.450000000000000000e+04 9.438239999999999963e-01
2.460000000000000000e+04 9.260920000000000263e-01
2.470000000000000000e+04 9.247480000000000144e-01
2.480000000000000000e+04 9.325599999999999445e-01
2.490000000000000000e+04 9.448479999999999102e-01
2.500000000000000000e+04 9.401439999999999797e-01
2.510000000000000000e+04 9.414520000000000666e-01
2.520000000000000000e+04 9.380199999999999649e-01
2.530000000000000000e+04 9.398880000000000567e-01
2.540000000000000000e+04 9.406280000000000197e-01
2.550000000000000000e+04 9.484960000000000058e-01
2.560000000000000000e+04 9.297279999999999989e-01
2.570000000000000000e+04 9.441559999999999953e-01
2.580000000000000000e+04 9.327639999999999265e-01
2.590000000000000000e+04 9.402279999999999527e-01
2.600000000000000000e+04 9.439799999999999303e-01
2.610000000000000000e+04 9.482279999999998488e-01
2.620000000000000000e+04 9.436039999999998873e-01
2.630000000000000000e+04 9.468599999999999239e-01
2.640000000000000000e+04 9.357839999999999492e-01
2.650000000000000000e+04 9.419480000000000075e-01
2.660000000000000000e+04 9.343719999999999803e-01
2.670000000000000000e+04 9.469279999999999919e-01
2.680000000000000000e+04 9.495200000000000307e-01
2.690000000000000000e+04 9.481439999999999868e-01
2.700000000000000000e+04 9.404959999999999987e-01
2.710000000000000000e+04 9.398999999999999577e-01
2.720000000000000000e+04 9.449719999999999231e-01
2.730000000000000000e+04 9.313759999999999817e-01
2.740000000000000000e+04 9.408279999999999976e-01
2.750000000000000000e+04 9.470919999999999339e-01
2.760000000000000000e+04 9.474900000000001654e-01
2.770000000000000000e+04 9.318819999999999881e-01
2.780000000000000000e+04 9.528960000000000763e-01
2.790000000000000000e+04 9.520759999999999224e-01
2.800000000000000000e+04 9.500200000000000866e-01
2.810000000000000000e+04 9.483399999999998498e-01
2.820000000000000000e+04 9.350999999999999313e-01
2.830000000000000000e+04 9.510559999999999015e-01
2.840000000000000000e+04 9.450959999999999361e-01
2.850000000000000000e+04 9.334960000000001035e-01
2.860000000000000000e+04 9.498780000000000001e-01
2.870000000000000000e+04 9.458079999999999821e-01
2.880000000000000000e+04 9.403679999999999817e-01
2.890000000000000000e+04 9.566199999999998038e-01
2.900000000000000000e+04 9.418919999999999515e-01
2.910000000000000000e+04 9.369720000000000271e-01
2.920000000000000000e+04 9.456040000000000001e-01
2.930000000000000000e+04 9.492479999999999807e-01
2.940000000000000000e+04 9.466879999999999740e-01
2.950000000000000000e+04 9.450399999999998801e-01
2.960000000000000000e+04 9.585599999999999676e-01
2.970000000000000000e+04 9.556919999999999860e-01
2.980000000000000000e+04 9.325560000000000516e-01
2.990000000000000000e+04 9.492519999999998737e-01
3.000000000000000000e+04 9.436200000000000143e-01
