0.000000000000000000e+00 4.876121068750128851e-01
1.000000000000000000e+02 4.166445679183146678e-01
2.000000000000000000e+02 4.694098693415499901e-01
3.000000000000000000e+02 5.034830928788103233e-01
4.000000000000000000e+02 5.719859069283781405e-01
5.000000000000000000e+02 6.387658087318828226e-01
6.000000000000000000e+02 6.575938065557487278e-01
7.000000000000000000e+02 6.514202900203860391e-01
8.000000000000000000e+02 6.735538509202255719e-01
9.000000000000000000e+02 7.239069584913910838e-01
1.000000000000000000e+03 7.453575242994180394e-01
1.100000000000000000e+03 7.333558111618149189e-01
1.200000000000000000e+03 7.582477358472389239e-01
1.300000000000000000e+03 7.712718347262342844e-01
1.400000000000000000e+03 7.589448424862184073e-01
1.500000000000000000e+03 7.864069528448576207e-01
1.600000000000000000e+03 7.744777184796194369e-01
1.700000000000000000e+03 8.144343064453418712e-01
1.800000000000000000e+03 8.216654287681557367e-01
1.900000000000000000e+03 8.170898359658299581e-01
2.000000000000000000e+03 8.193736897796560781e-01
2.100000000000000000e+03 8.371012659764764940e-01
2.200000000000000000e+03 8.179064483167564070e-01
2.300000000000000000e+03 8.295189734203507470e-01
2.400000000000000000e+03 8.016595655935681020e-01
2.500000000000000000e+03 8.389055694161215992e-01
2.600000000000000000e+03 8.328569476257047244e-01
2.700000000000000000e+03 8.360759697898403342e-01
2.800000000000000000e+03 8.395352065047161361e-01
2.900000000000000000e+03 8.487854359471034282e-01
3.000000000000000000e+03 8.506704259126109946e-01
3.100000000000000000e+03 8.389673370202863634e-01
3.200000000000000000e+03 8.551230859786926874e-01
3.300000000000000000e+03 8.693318664435945031e-01
3.400000000000000000e+03 8.527027109099256652e-01
3.500000000000000000e+03 8.645774563939123691e-01
3.600000000000000000e+03 8.804080963850082764e-01
3.700000000000000000e+03 8.536081553638679154e-01
3.800000000000000000e+03 8.525088911439369088e-01
3.900000000000000000e+03 8.611588583920326556e-01
4.000000000000000000e+03 8.693435668869403665e-01
4.100000000000000000e+03 8.852145555788086817e-01
4.200000000000000000e+03 8.584245531245107141e-01
4.300000000000000000e+03 8.731458135589478253e-01
4.400000000000000000e+03 8.998251588197010431e-01
4.500000000000000000e+03 8.820843519029557545e-01
4.600000000000000000e+03 8.963583044175486014e-01
4.700000000000000000e+03 8.928679737763066671e-01
4.800000000000000000e+03 8.838235667581271215e-01
4.900000000000000000e+03 8.884256878884126962e-01
5.000000000000000000e+03 8.948122572500689653e-01
5.100000000000000000e+03 9.015093564223067846e-01
5.200000000000000000e+03 8.755392046247016946e-01
5.300000000000000000e+03 8.954443080719320935e-01
5.400000000000000000e+03 8.780580006725501319e-01
5.500000000000000000e+03 8.880450322173700783e-01
5.600000000000000000e+03 9.060295235173703166e-01
5.700000000000000000e+03 9.036845467171632507e-01
5.800000000000000000e+03 9.057285877047737133e-01
5.900000000000000000e+03 9.026154555537386770e-01
6.000000000000000000e+03 9.048049845270250691e-01
6.100000000000000000e+03 9.070857291987017845e-01
6.200000000000000000e+03 9.107215686243910202e-01
6.300000000000000000e+03 9.278627819337063043e-01
6.400000000000000000e+03 9.035443216404857036e-01
6.500000000000000000e+03 9.173610827228435571e-01
6.600000000000000000e+03 9.145472553664759641e-01
6.700000000000000000e+03 9.053343350991902572e-01
6.800000000000000000e+03 9.170574161430559146e-01
6.900000000000000000e+03 9.186636937584162776e-01
7.000000000000000000e+03 9.158516602375291749e-01
7.100000000000000000e+03 9.175661748211446644e-01
7.200000000000000000e+03 9.154929453702584929e-01
7.300000000000000000e+03 9.243840079600637027e-01
7.400000000000000000e+03 8.966821091759726858e-01
7.500000000000000000e+03 9.136944612176005620e-01
7.600000000000000000e+03 9.236067514669946688e-01
7.700000000000000000e+03 9.171711428471231997e-01
7.800000000000000000e+03 9.292604133054969129e-01
7.900000000000000000e+03 9.262872753953212968e-01
8.000000000000000000e+03 9.283324242524325642e-01
8.100000000000000000e+03 9.330589101567305921e-01
8.200000000000000000e+03 9.181556153342251836e-01
8.300000000000000000e+03 9.346148351026393186e-01
8.400000000000000000e+03 9.252118132526937488e-01
8.500000000000000000e+03 9.260574901410678628e-01
8.600000000000000000e+03 9.257406989982339685e-01
8.700000000000000000e+03 9.367976251512646346e-01
8.800000000000000000e+03 9.386040655917777809e-01
8.900000000000000000e+03 9.325451943915609165e-01
9.000000000000000000e+03 9.210004063137783303e-01
9.100000000000000000e+03 9.370140351030077364e-01
9.200000000000000000e+03 9.333146572567407873e-01
9.300000000000000000e+03 9.332289126277240054e-01
9.400000000000000000e+03 9.193081238348573825e-01
9.500000000000000000e+03 9.239767407690822054e-01
9.600000000000000000e+03 9.301307237779702364e-01
9.700000000000000000e+03 9.292028963351238735e-01
9.800000000000000000e+03 9.416787289484290779e-01
9.900000000000000000e+03 9.376440994869872370e-01
1.000000000000000000e+04 9.356909097918575391e-01
1.010000000000000000e+04 9.370556925995653375e-01
1.020000000000000000e+04 9.401130596432480946e-01
1.030000000000000000e+04 9.313061340635979679e-01
1.040000000000000000e+04 9.286323094019742763e-01
1.050000000000000000e+04 9.349272570991493669e-01
1.060000000000000000e+04 9.410332608046103609e-01
1.070000000000000000e+04 9.403108377455389189e-01
1.080000000000000000e+04 9.349696816101973340e-01
1.090000000000000000e+04 9.279540254586229331e-01
1.100000000000000000e+04 9.322720375907758150e-01
1.110000000000000000e+04 9.420314836136243208e-01
1.120000000000000000e+04 9.297384839755223895e-01
1.130000000000000000e+04 9.341080851513858807e-01
1.140000000000000000e+04 9.276272225396874349e-01
1.150000000000000000e+04 9.373801307872694499e-01
1.160000000000000000e+04 9.366259783611029510e-01
1.170000000000000000e+04 9.382714510545681064e-01
1.180000000000000000e+04 9.322849905919066149e-01
1.190000000000000000e+04 9.372573598378233228e-01
1.200000000000000000e+04 9.316833195504337084e-01
1.210000000000000000e+04 9.364366847182973297e-01
1.220000000000000000e+04 9.287173894239564298e-01
1.230000000000000000e+04 9.370152117103658362e-01
1.240000000000000000e+04 9.350334863928095874e-01
1.250000000000000000e+04 9.334776633973990156e-01
1.260000000000000000e+04 9.386014411500228638e-01
1.270000000000000000e+04 9.327856299239236648e-01
1.280000000000000000e+04 9.237686638317239574e-01
1.290000000000000000e+04 9.356168961655472183e-01
1.300000000000000000e+04 9.310027327269668751e-01
1.310000000000000000e+04 9.379229420338522916e-01
1.320000000000000000e+04 9.429480423422726965e-01
1.330000000000000000e+04 9.410938880680973506e-01
1.340000000000000000e+04 9.449071468264177431e-01
1.350000000000000000e+04 9.322079168261486748e-01
1.360000000000000000e+04 9.306510830061855977e-01
1.370000000000000000e+04 9.325753643780130275e-01
1.380000000000000000e+04 9.273710617116552868e-01
1.390000000000000000e+04 9.303205448500062591e-01
1.400000000000000000e+04 9.273723097509917190e-01
1.410000000000000000e+04 9.365106601380026596e-01
1.420000000000000000e+04 9.276221499181275254e-01
1.430000000000000000e+04 9.369421255506391599e-01
1.440000000000000000e+04 9.400956901134430721e-01
1.450000000000000000e+04 9.299194815223259525e-01
1.460000000000000000e+04 9.391740877616154837e-01
1.470000000000000000e+04 9.435982423346751524e-01
1.480000000000000000e+04 9.358773861401586958e-01
1.490000000000000000e+04 9.338464005915794175e-01
1.500000000000000000e+04 9.313917777090107153e-01
1.510000000000000000e+04 9.353618495834079560e-01
1.520000000000000000e+04 9.408625523785516531e-01
1.530000000000000000e+04 9.320128372101940117e-01
1.540000000000000000e+04 9.312116374362583437e-01
1.550000000000000000e+04 9.328276561778722220e-01
1.560000000000000000e+04 9.439235592922724516e-01
1.570000000000000000e+04 9.380450755402205409e-01
1.580000000000000000e+04 9.366255408657249149e-01
1.590000000000000000e+04 9.396525225055426533e-01
1.600000000000000000e+04 9.497177507283136588e-01
1.610000000000000000e+04 9.421089823409871666e-01
1.620000000000000000e+04 9.479573899805113779e-01
1.630000000000000000e+04 9.384884665481462163e-01
1.640000000000000000e+04 9.371898447053296222e-01
1.650000000000000000e+04 9.201847093900581420e-01
1.660000000000000000e+04 9.296346314652983445e-01
1.670000000000000000e+04 9.244144201965509566e-01
1.680000000000000000e+04 9.435142890298172658e-01
1.690000000000000000e+04 9.477220049103005639e-01
1.700000000000000000e+04 9.489091400407368981e-01
1.710000000000000000e+04 9.430675374091894714e-01
1.720000000000000000e+04 9.469436785379071742e-01
1.730000000000000000e+04 9.370254553333634551e-01
1.740000000000000000e+04 9.410505815028240573e-01
1.750000000000000000e+04 9.475664227104537707e-01
1.760000000000000000e+04 9.337143526257111192e-01
1.770000000000000000e+04 9.387558482168235630e-01
1.780000000000000000e+04 9.543618523768180317e-01
1.790000000000000000e+04 9.351886094599808352e-01
1.800000000000000000e+04 9.366316374161971492e-01
1.810000000000000000e+04 9.324616036865500668e-01
1.820000000000000000e+04 9.423757793893506873e-01
1.830000000000000000e+04 9.380837934254711019e-01
1.840000000000000000e+04 9.464998046258502606e-01
1.850000000000000000e+04 9.373629854828513519e-01
1.860000000000000000e+04 9.341943745328237236e-01
1.870000000000000000e+04 9.502887340908923175e-01
1.880000000000000000e+04 9.304280662217876419e-01
1.890000000000000000e+04 9.423643239209926747e-01
1.900000000000000000e+04 9.389238785902440654e-01
1.910000000000000000e+04 9.479552486178857151e-01
1.920000000000000000e+04 9.228532361208725554e-01
1.930000000000000000e+04 9.409090624981393258e-01
1.940000000000000000e+04 9.455885079067752885e-01
1.950000000000000000e+04 9.452938682584006713e-01
1.960000000000000000e+04 9.351008216680707363e-01
1.970000000000000000e+04 9.377649711778696107e-01
1.980000000000000000e+04 9.405598604140231744e-01
1.990000000000000000e+04 9.391979030861284938e-01
2.000000000000000000e+04 9.401080215169604903e-01
2.010000000000000000e+04 9.335396118754833994e-01
2.020000000000000000e+04 9.395094636298403357e-01
2.030000000000000000e+04 9.352740696697267042e-01
2.040000000000000000e+04 9.394248207547194474e-01
2.050000000000000000e+04 9.451308640499022085e-01
2.060000000000000000e+04 9.374775899731513373e-01
2.070000000000000000e+04 9.367810731471829522e-01
2.080000000000000000e+04 9.470008328894113925e-01
2.090000000000000000e+04 9.302559855841068259e-01
2.100000000000000000e+04 9.371039970916965611e-01
2.110000000000000000e+04 9.425684804501954783e-01
2.120000000000000000e+04 9.399647546098744977e-01
2.130000000000000000e+04 9.456380276830929077e-01
2.140000000000000000e+04 9.281594516919356996e-01
2.150000000000000000e+04 9.485020422614670599e-01
2.160000000000000000e+04 9.428517135940426286e-01
2.170000000000000000e+04 9.409006232998923247e-01
2.180000000000000000e+04 9.415912940670456699e-01
2.190000000000000000e+04 9.433628054001408358e-01
2.200000000000000000e+04 9.407395829033857737e-01
2.210000000000000000e+04 9.537549003106625678e-01
2.220000000000000000e+04 9.377667966103986341e-01
2.230000000000000000e+04 9.481499261047787730e-01
2.240000000000000000e+04 9.478342165225621674e-01
2.250000000000000000e+04 9.479411868217838544e-01
2.260000000000000000e+04 9.393742408512741893e-01
2.270000000000000000e+04 9.497434659219596842e-01
2.280000000000000000e+04 9.372503675203168738e-01
2.290000000000000000e+04 9.522495540838938899e-01
2.300000000000000000e+04 9.409195381831751970e-01
2.310000000000000000e+04 9.557408607625625940e-01
2.320000000000000000e+04 9.346015836562375778e-01
2.330000000000000000e+04 9.492730618959593913e-01
2.340000000000000000e+04 9.438736278859664042e-01
2.350000000000000000e+04 9.470964329600877196e-01
2.360000000000000000e+04 9.481510349173780661e-01
2.370000000000000000e+04 9.323409973138978568e-01
2.380000000000000000e+04 9.469426354910270849e-01
2.390000000000000000e+04 9.431086613678759667e-01
2.400000000000000000e+04 9.401500848981765301e-01
2.410000000000000000e+04 9.357382882094252841e-01
2.420000000000000000e+04 9.485389476365231332e-01
2.430000000000000000e+04 9.418439085156309343e-01
2.440000000000000000e+04 9.399685469647441893e-01
2.450000000000000000e+04 9.473249541722725819e-01
2.460000000000000000e+04 9.302364149952455641e-01
2.470000000000000000e+04 9.368422087381508279e-01
2.480000000000000000e+04 9.391792232880237234e-01
2.490000000000000000e+04 9.352775687774804725e-01
2.500000000000000000e+04 9.387050384392358060e-01
2.510000000000000000e+04 9.432806402777487165e-01
2.520000000000000000e+04 9.338781786387704287e-01
2.530000000000000000e+04 9.439908442673822231e-01
2.540000000000000000e+04 9.471795299684273584e-01
2.550000000000000000e+04 9.473723134402853852e-01
2.560000000000000000e+04 9.491714480234190177e-01
2.570000000000000000e+04 9.346045110696935554e-01
2.580000000000000000e+04 9.300412611955097830e-01
2.590000000000000000e+04 9.522197212097608388e-01
2.600000000000000000e+04 9.482093264970145041e-01
2.610000000000000000e+04 9.404513061497743465e-01
2.620000000000000000e+04 9.463097800486242051e-01
2.630000000000000000e+04 9.345350754352009792e-01
2.640000000000000000e+04 9.428393210196635010e-01
2.650000000000000000e+04 9.582767981322614093e-01
2.660000000000000000e+04 9.470400828385349135e-01
2.670000000000000000e+04 9.438825701829051118e-01
2.680000000000000000e+04 9.492858155226684413e-01
2.690000000000000000e+04 9.430915596700021331e-01
2.700000000000000000e+04 9.409628454219918225e-01
2.710000000000000000e+04 9.483421584236740864e-01
2.720000000000000000e+04 9.512501110489164358e-01
2.730000000000000000e+04 9.475418810707392225e-01
2.740000000000000000e+04 9.458079535288603790e-01
2.750000000000000000e+04 9.426182932479467702e-01
2.760000000000000000e+04 9.467780526065532332e-01
2.770000000000000000e+04 9.451617662640485751e-01
2.780000000000000000e+04 9.411722337695819229e-01
2.790000000000000000e+04 9.379699908452626689e-01
2.800000000000000000e+04 9.458537004589077091e-01
2.810000000000000000e+04 9.514649500358187684e-01
2.820000000000000000e+04 9.544513553865904276e-01
2.830000000000000000e+04 9.545000560502361342e-01
2.840000000000000000e+04 9.435125541525390958e-01
2.850000000000000000e+04 9.469509666623547872e-01
2.860000000000000000e+04 9.482062373325075288e-01
2.870000000000000000e+04 9.438184581556385844e-01
2.880000000000000000e+04 9.447444654467926917e-01
2.890000000000000000e+04 9.456553579135934529e-01
2.900000000000000000e+04 9.524546260053775582e-01
2.910000000000000000e+04 9.457684126456752383e-01
2.920000000000000000e+04 9.470128503363064443e-01
2.930000000000000000e+04 9.498069934583686091e-01
2.940000000000000000e+04 9.476520900699376693e-01
2.950000000000000000e+04 9.364340859287976215e-01
2.960000000000000000e+04 9.465568129403458819e-01
2.970000000000000000e+04 9.412362423948493761e-01
2.980000000000000000e+04 9.452135702789793426e-01
2.990000000000000000e+04 9.527763055997409136e-01
3.000000000000000000e+04 9.335656965988878842e-01
