0.000000000000000000e+00 4.809839999999999671e-01
1.000000000000000000e+02 3.734800000000000342e-01
2.000000000000000000e+02 4.718520000000000492e-01
3.000000000000000000e+02 5.141080000000000094e-01
4.000000000000000000e+02 5.773240000000000594e-01
5.000000000000000000e+02 6.477280000000000815e-01
6.000000000000000000e+02 6.502519999999999412e-01
7.000000000000000000e+02 6.466000000000000636e-01
8.000000000000000000e+02 6.502559999999999452e-01
9.000000000000000000e+02 7.048239999999998950e-01
1.000000000000000000e+03 7.220640000000000391e-01
1.100000000000000000e+03 7.246519999999999628e-01
1.200000000000000000e+03 7.467439999999999634e-01
1.300000000000000000e+03 7.380199999999998983e-01
1.400000000000000000e+03 7.358080000000000176e-01
1.500000000000000000e+03 7.641480000000000494e-01
1.600000000000000000e+03 7.512360000000000149e-01
1.700000000000000000e+03 8.045120000000000049e-01
1.800000000000000000e+03 8.061760000000000037e-01
1.900000000000000000e+03 7.882480000000000597e-01
2.000000000000000000e+03 7.838120000000000642e-01
2.100000000000000000e+03 8.117720000000000491e-01
2.200000000000000000e+03 8.075639999999999485e-01
2.300000000000000000e+03 8.011000000000000343e-01
2.400000000000000000e+03 7.797840000000000327e-01
2.500000000000000000e+03 8.172479999999999745e-01
2.600000000000000000e+03 8.144320000000000448e-01
2.700000000000000000e+03 8.130399999999999849e-01
2.800000000000000000e+03 8.176280000000000214e-01
2.900000000000000000e+03 8.317919999999999758e-01
3.000000000000000000e+03 8.211839999999999140e-01
3.100000000000000000e+03 8.151999999999999247e-01
3.200000000000000000e+03 8.397960000000000980e-01
3.300000000000000000e+03 8.481279999999999930e-01
3.400000000000000000e+03 8.318840000000000678e-01
3.500000000000000000e+03 8.498319999999999208e-01
3.600000000000000000e+03 8.651400000000000201e-01
3.700000000000000000e+03 8.339879999999999516e-01
3.800000000000000000e+03 8.346080000000000165e-01
3.900000000000000000e+03 8.510639999999998206e-01
4.000000000000000000e+03 8.550999999999999712e-01
4.100000000000000000e+03 8.674600000000000088e-01
4.200000000000000000e+03 8.373559999999999892e-01
4.300000000000000000e+03 8.566560000000000841e-01
4.400000000000000000e+03 8.812960000000000793e-01
4.500000000000000000e+03 8.741679999999998341e-01
4.600000000000000000e+03 8.737559999999999771e-01
4.700000000000000000e+03 8.679999999999999938e-01
4.800000000000000000e+03 8.638280000000000403e-01
4.900000000000000000e+03 8.715799999999999104e-01
5.000000000000000000e+03 8.799240000000000395e-01
5.100000000000000000e+03 8.803800000000000514e-01
5.200000000000000000e+03 8.579880000000000839e-01
5.300000000000000000e+03 8.681840000000000668e-01
5.400000000000000000e+03 8.614520000000001065e-01
5.500000000000000000e+03 8.693159999999998666e-01
5.600000000000000000e+03 8.918359999999998511e-01
5.700000000000000000e+03 8.819479999999999542e-01
5.800000000000000000e+03 8.899400000000000643e-01
5.900000000000000000e+03 8.862840000000000718e-01
6.000000000000000000e+03 8.867880000000000207e-01
6.100000000000000000e+03 8.978520000000000945e-01
6.200000000000000000e+03 8.926479999999998860e-01
6.300000000000000000e+03 9.174080000000000013e-01
6.400000000000000000e+03 8.912760000000000682e-01
6.500000000000000000e+03 9.069999999999999174e-01
6.600000000000000000e+03 8.989999999999999103e-01
6.700000000000000000e+03 8.946520000000000028e-01
6.800000000000000000e+03 9.048000000000000487e-01
6.900000000000000000e+03 9.126639999999999198e-01
7.000000000000000000e+03 9.005159999999999831e-01
7.100000000000000000e+03 8.997800000000000242e-01
7.200000000000000000e+03 9.072160000000000224e-01
7.300000000000000000e+03 9.131399999999999517e-01
7.400000000000000000e+03 8.777760000000000007e-01
7.500000000000000000e+03 9.045480000000000187e-01
7.600000000000000000e+03 9.112719999999999709e-01
7.700000000000000000e+03 9.031880000000001019e-01
7.800000000000000000e+03 9.178479999999999972e-01
7.900000000000000000e+03 9.148519999999998875e-01
8.000000000000000000e+03 9.131959999999998967e-01
8.100000000000000000e+03 9.269119999999999582e-01
8.200000000000000000e+03 9.105799999999999450e-01
8.300000000000000000e+03 9.231639999999998736e-01
8.400000000000000000e+03 9.161000000000000254e-01
8.500000000000000000e+03 9.157679999999999154e-01
8.600000000000000000e+03 9.152359999999998275e-01
8.700000000000000000e+03 9.332439999999999625e-01
8.800000000000000000e+03 9.299519999999998898e-01
8.900000000000000000e+03 9.241319999999999535e-01
9.000000000000000000e+03 9.154879999999998574e-01
9.100000000000000000e+03 9.275079999999999991e-01
9.200000000000000000e+03 9.265719999999999512e-01
9.300000000000000000e+03 9.240680000000000005e-01
9.400000000000000000e+03 9.083959999999998702e-01
9.500000000000000000e+03 9.149880000000000235e-01
9.600000000000000000e+03 9.214359999999999218e-01
9.700000000000000000e+03 9.168440000000001033e-01
9.800000000000000000e+03 9.274599999999999511e-01
9.900000000000000000e+03 9.268159999999998622e-01
1.000000000000000000e+04 9.233400000000000496e-01
1.010000000000000000e+04 9.246280000000000054e-01
1.020000000000000000e+04 9.301359999999999628e-01
1.030000000000000000e+04 9.238600000000000145e-01
1.040000000000000000e+04 9.162159999999999194e-01
1.050000000000000000e+04 9.285440000000000360e-01
1.060000000000000000e+04 9.314800000000000857e-01
1.070000000000000000e+04 9.311359999999999637e-01
1.080000000000000000e+04 9.276839999999999531e-01
1.090000000000000000e+04 9.166640000000000343e-01
1.100000000000000000e+04 9.272120000000000362e-01
1.110000000000000000e+04 9.325199999999999045e-01
1.120000000000000000e+04 9.199799999999999089e-01
1.130000000000000000e+04 9.214760000000000728e-01
1.140000000000000000e+04 9.161360000000001724e-01
1.150000000000000000e+04 9.243599999999999595e-01
1.160000000000000000e+04 9.288960000000000550e-01
1.170000000000000000e+04 9.357480000000000242e-01
1.180000000000000000e+04 9.270279999999999632e-01
1.190000000000000000e+04 9.303339999999999943e-01
1.200000000000000000e+04 9.249879999999999214e-01
1.210000000000000000e+04 9.252360000000000584e-01
1.220000000000000000e+04 9.181320000000000592e-01
1.230000000000000000e+04 9.303399999999999448e-01
1.240000000000000000e+04 9.262639999999999763e-01
1.250000000000000000e+04 9.270320000000000782e-01
1.260000000000000000e+04 9.323040000000000216e-01
1.270000000000000000e+04 9.227400000000000047e-01
1.280000000000000000e+04 9.187799999999999301e-01
1.290000000000000000e+04 9.299479999999999968e-01
1.300000000000000000e+04 9.230880000000000196e-01
1.310000000000000000e+04 9.349039999999999573e-01
1.320000000000000000e+04 9.349199999999998623e-01
1.330000000000000000e+04 9.351599999999999913e-01
1.340000000000000000e+04 9.348879999999999413e-01
1.350000000000000000e+04 9.206520000000001369e-01
1.360000000000000000e+04 9.229159999999999586e-01
1.370000000000000000e+04 9.275759999999999561e-01
1.380000000000000000e+04 9.220080000000000497e-01
1.390000000000000000e+04 9.228560000000000096e-01
1.400000000000000000e+04 9.217679999999999207e-01
1.410000000000000000e+04 9.294639999999998459e-01
1.420000000000000000e+04 9.207520000000000149e-01
1.430000000000000000e+04 9.284920000000000950e-01
1.440000000000000000e+04 9.338520000000000154e-01
1.450000000000000000e+04 9.214399999999999258e-01
1.460000000000000000e+04 9.307079999999999798e-01
1.470000000000000000e+04 9.357039999999999802e-01
1.480000000000000000e+04 9.259800000000000253e-01
1.490000000000000000e+04 9.206879999999999509e-01
1.500000000000000000e+04 9.279120000000000701e-01
1.510000000000000000e+04 9.264199999999999102e-01
1.520000000000000000e+04 9.386160000000000059e-01
1.530000000000000000e+04 9.248239999999998684e-01
1.540000000000000000e+04 9.233880000000000976e-01
1.550000000000000000e+04 9.223120000000000207e-01
1.560000000000000000e+04 9.328480000000000105e-01
1.570000000000000000e+04 9.302560000000000828e-01
1.580000000000000000e+04 9.288640000000000230e-01
1.590000000000000000e+04 9.311519999999999797e-01
1.600000000000000000e+04 9.492640000000001077e-01
1.610000000000000000e+04 9.344839999999999813e-01
1.620000000000000000e+04 9.407720000000000526e-01
1.630000000000000000e+04 9.350600000000000023e-01
1.640000000000000000e+04 9.292599999999999749e-01
1.650000000000000000e+04 9.102319999999999300e-01
1.660000000000000000e+04 9.241639999999998745e-01
1.670000000000000000e+04 9.128359999999998697e-01
1.680000000000000000e+04 9.358279999999998822e-01
1.690000000000000000e+04 9.411879999999999136e-01
1.700000000000000000e+04 9.409640000000001336e-01
1.710000000000000000e+04 9.394040000000001278e-01
1.720000000000000000e+04 9.391359999999999708e-01
1.730000000000000000e+04 9.274240000000000261e-01
1.740000000000000000e+04 9.375120000000000120e-01
1.750000000000000000e+04 9.403719999999999857e-01
1.760000000000000000e+04 9.253559999999999564e-01
1.770000000000000000e+04 9.361080000000000512e-01
1.780000000000000000e+04 9.493240000000000567e-01
1.790000000000000000e+04 9.303759999999998698e-01
1.800000000000000000e+04 9.273519999999999541e-01
1.810000000000000000e+04 9.259280000000000843e-01
1.820000000000000000e+04 9.339959999999999374e-01
1.830000000000000000e+04 9.323119999999999186e-01
1.840000000000000000e+04 9.459760000000000391e-01
1.850000000000000000e+04 9.305039999999998868e-01
1.860000000000000000e+04 9.300039999999999418e-01
1.870000000000000000e+04 9.428999999999999604e-01
1.880000000000000000e+04 9.202799999999999869e-01
1.890000000000000000e+04 9.361199999999998411e-01
1.900000000000000000e+04 9.325959999999999805e-01
1.910000000000000000e+04 9.406999999999999806e-01
1.920000000000000000e+04 9.231920000000000126e-01
1.930000000000000000e+04 9.312599999999999767e-01
1.940000000000000000e+04 9.393279999999999408e-01
1.950000000000000000e+04 9.386999999999998678e-01
1.960000000000000000e+04 9.248720000000000274e-01
1.970000000000000000e+04 9.350479999999999903e-01
1.980000000000000000e+04 9.347759999999999403e-01
1.990000000000000000e+04 9.330479999999999885e-01
2.000000000000000000e+04 9.351079999999998282e-01
2.010000000000000000e+04 9.312120000000001507e-01
2.020000000000000000e+04 9.303279999999999328e-01
2.030000000000000000e+04 9.307520000000000238e-01
2.040000000000000000e+04 9.350640000000000063e-01
2.050000000000000000e+04 9.392279999999999518e-01
2.060000000000000000e+04 9.295160000000001199e-01
2.070000000000000000e+04 9.343359999999999443e-01
2.080000000000000000e+04 9.447360000000000202e-01
2.090000000000000000e+04 9.275999999999999801e-01
2.100000000000000000e+04 9.330720000000000125e-01
2.110000000000000000e+04 9.349039999999999573e-01
2.120000000000000000e+04 9.317159999999999886e-01
2.130000000000000000e+04 9.344559999999999533e-01
2.140000000000000000e+04 9.218200000000000838e-01
2.150000000000000000e+04 9.445919999999999872e-01
2.160000000000000000e+04 9.375439999999999330e-01
2.170000000000000000e+04 9.355400000000000382e-01
2.180000000000000000e+04 9.388039999999999718e-01
2.190000000000000000e+04 9.349359999999999893e-01
2.200000000000000000e+04 9.354119999999999102e-01
2.210000000000000000e+04 9.494400000000000617e-01
2.220000000000000000e+04 9.316360000000000197e-01
2.230000000000000000e+04 9.430439999999998824e-01
2.240000000000000000e+04 9.433920000000000083e-01
2.250000000000000000e+04 9.407360000000000166e-01
2.260000000000000000e+04 9.321920000000000206e-01
2.270000000000000000e+04 9.447959999999999692e-01
2.280000000000000000e+04 9.299079999999999568e-01
2.290000000000000000e+04 9.441800000000001303e-01
2.300000000000000000e+04 9.354399999999998272e-01
2.310000000000000000e+04 9.549480000000000190e-01
2.320000000000000000e+04 9.332960000000000145e-01
2.330000000000000000e+04 9.450199999999999712e-01
2.340000000000000000e+04 9.414120000000000266e-01
2.350000000000000000e+04 9.397680000000000478e-01
2.360000000000000000e+04 9.434519999999999573e-01
2.370000000000000000e+04 9.255999999999999783e-01
2.380000000000000000e+04 9.466719999999999580e-01
2.390000000000000000e+04 9.409680000000000266e-01
2.400000000000000000e+04 9.330680000000000085e-01
2.410000000000000000e+04 9.321159999999999446e-01
2.420000000000000000e+04 9.447599999999999332e-01
2.430000000000000000e+04 9.338959999999999484e-01
2.440000000000000000e+04 9.345840000000000813e-01
2.450000000000000000e+04 9.453879999999998951e-01
2.460000000000000000e+04 9.294239999999999169e-01
2.470000000000000000e+04 9.299159999999999648e-01
2.480000000000000000e+04 9.333279999999999355e-01
2.490000000000000000e+04 9.273120000000000251e-01
2.500000000000000000e+04 9.337879999999999514e-01
2.510000000000000000e+04 9.382519999999999749e-01
2.520000000000000000e+04 9.315479999999999317e-01
2.530000000000000000e+04 9.410159999999999636e-01
2.540000000000000000e+04 9.358159999999999812e-01
2.550000000000000000e+04 9.395040000000001168e-01
2.560000000000000000e+04 9.451359999999998651e-01
2.570000000000000000e+04 9.319720000000000226e-01
2.580000000000000000e+04 9.238599999999999035e-01
2.590000000000000000e+04 9.459279999999999911e-01
2.600000000000000000e+04 9.372399999999999620e-01
2.610000000000000000e+04 9.374520000000000630e-01
2.620000000000000000e+04 9.396800000000000708e-01
2.630000000000000000e+04 9.276800000000000601e-01
2.640000000000000000e+04 9.371239999999999570e-01
2.650000000000000000e+04 9.521119999999999584e-01
2.660000000000000000e+04 9.448839999999999462e-01
2.670000000000000000e+04 9.368239999999999901e-01
2.680000000000000000e+04 9.406679999999999486e-01
2.690000000000000000e+04 9.388119999999999798e-01
2.700000000000000000e+04 9.367360000000000131e-01
2.710000000000000000e+04 9.373479999999999590e-01
2.720000000000000000e+04 9.493280000000000607e-01
2.730000000000000000e+04 9.391959999999999198e-01
2.740000000000000000e+04 9.422600000000000975e-01
2.750000000000000000e+04 9.344679999999999653e-01
2.760000000000000000e+04 9.416319999999999135e-01
2.770000000000000000e+04 9.424479999999999524e-01
2.780000000000000000e+04 9.328039999999999665e-01
2.790000000000000000e+04 9.359439999999999982e-01
2.800000000000000000e+04 9.423919999999998964e-01
2.810000000000000000e+04 9.472120000000000539e-01
2.820000000000000000e+04 9.466960000000000930e-01
2.830000000000000000e+04 9.507639999999999425e-01
2.840000000000000000e+04 9.423040000000000305e-01
2.850000000000000000e+04 9.413880000000000026e-01
2.860000000000000000e+04 9.419039999999999635e-01
2.870000000000000000e+04 9.360559999999999992e-01
2.880000000000000000e+04 9.374759999999999760e-01
2.890000000000000000e+04 9.394559999999999578e-01
2.900000000000000000e+04 9.479759999999999298e-01
2.910000000000000000e+04 9.443839999999998902e-01
2.920000000000000000e+04 9.395679999999999588e-01
2.930000000000000000e+04 9.420799999999999175e-01
2.940000000000000000e+04 9.429760000000000364e-01
2.950000000000000000e+04 9.294240000000000279e-01
2.960000000000000000e+04 9.383560000000000789e-01
2.970000000000000000e+04 9.359199999999999742e-01
2.980000000000000000e+04 9.387159999999998838e-01
2.990000000000000000e+04 9.501199999999999646e-01
3.000000000000000000e+04 9.364880000000000981e-01
