0.000000000000000000e+00 4.982190072847922924e-01
1.000000000000000000e+02 3.924894518710676516e-01
2.000000000000000000e+02 4.453902016233113326e-01
3.000000000000000000e+02 4.482236415889158665e-01
4.000000000000000000e+02 4.511785419786663032e-01
5.000000000000000000e+02 4.660602502244380885e-01
6.000000000000000000e+02 4.488462361404840228e-01
7.000000000000000000e+02 4.853251690789199824e-01
8.000000000000000000e+02 4.665465334051127622e-01
9.000000000000000000e+02 4.781371560748237659e-01
1.000000000000000000e+03 5.081076029183883014e-01
1.100000000000000000e+03 5.303767112493544822e-01
1.200000000000000000e+03 5.148816941803840974e-01
1.300000000000000000e+03 5.403317549389110575e-01
1.400000000000000000e+03 5.261525203880381696e-01
1.500000000000000000e+03 4.978200989959501443e-01
1.600000000000000000e+03 5.368588766792656841e-01
1.700000000000000000e+03 5.402515035510611074e-01
1.800000000000000000e+03 5.034873512422892716e-01
1.900000000000000000e+03 5.446365680371850759e-01
2.000000000000000000e+03 5.318368622577871463e-01
2.100000000000000000e+03 5.525915947218460467e-01
2.200000000000000000e+03 5.759708291045086970e-01
2.300000000000000000e+03 5.529224345275506325e-01
2.400000000000000000e+03 5.963986192831363109e-01
2.500000000000000000e+03 5.309633103887176908e-01
2.600000000000000000e+03 6.073071505456695274e-01
2.700000000000000000e+03 5.867674174751913441e-01
2.800000000000000000e+03 6.182322925668939373e-01
2.900000000000000000e+03 5.982072887048865972e-01
3.000000000000000000e+03 5.817364868084285989e-01
3.100000000000000000e+03 6.074797494412577104e-01
3.200000000000000000e+03 5.861072232871936682e-01
3.300000000000000000e+03 5.855627633114656172e-01
3.400000000000000000e+03 6.351585771775929423e-01
3.500000000000000000e+03 5.791976742671668399e-01
3.600000000000000000e+03 6.429659931870977951e-01
3.700000000000000000e+03 6.219898850292626680e-01
3.800000000000000000e+03 6.204833055967233779e-01
3.900000000000000000e+03 6.696468928239365237e-01
4.000000000000000000e+03 6.501054777804502471e-01
4.100000000000000000e+03 6.203793559836139337e-01
4.200000000000000000e+03 6.249675889881580737e-01
4.300000000000000000e+03 6.717061032375942764e-01
4.400000000000000000e+03 6.754384570509792685e-01
4.500000000000000000e+03 7.038328119604393418e-01
4.600000000000000000e+03 6.574694441557465963e-01
4.700000000000000000e+03 6.973564149138011814e-01
4.800000000000000000e+03 7.027554823215047541e-01
4.900000000000000000e+03 6.755615612769646505e-01
5.000000000000000000e+03 7.072070892340498460e-01
5.100000000000000000e+03 7.075758659822884988e-01
5.200000000000000000e+03 6.780561414044561364e-01
5.300000000000000000e+03 7.024659203541310237e-01
5.400000000000000000e+03 7.019227004339385623e-01
5.500000000000000000e+03 7.070349925670222913e-01
5.600000000000000000e+03 7.353962660790629435e-01
5.700000000000000000e+03 7.105342094655054952e-01
5.800000000000000000e+03 7.301088266631149404e-01
5.900000000000000000e+03 7.251747752503773237e-01
6.000000000000000000e+03 7.265476810039295241e-01
6.100000000000000000e+03 7.569603549249291907e-01
6.200000000000000000e+03 7.526372331382401581e-01
6.300000000000000000e+03 7.652739590570780681e-01
6.400000000000000000e+03 7.466917342063099650e-01
6.500000000000000000e+03 7.277457537622729067e-01
6.600000000000000000e+03 7.497289615601225865e-01
6.700000000000000000e+03 7.945858809717640803e-01
6.800000000000000000e+03 7.788776418655840583e-01
6.900000000000000000e+03 7.394109385715142979e-01
7.000000000000000000e+03 7.534842822691395492e-01
7.100000000000000000e+03 7.749671168183822623e-01
7.200000000000000000e+03 7.666566990796443992e-01
7.300000000000000000e+03 7.371050659494617907e-01
7.400000000000000000e+03 7.438377627949214199e-01
7.500000000000000000e+03 7.926523451720732805e-01
7.600000000000000000e+03 7.615203253165614417e-01
7.700000000000000000e+03 7.951497826184183992e-01
7.800000000000000000e+03 7.767972759484561562e-01
7.900000000000000000e+03 7.814061347846665839e-01
8.000000000000000000e+03 7.982427720137368343e-01
8.100000000000000000e+03 7.868093660275878864e-01
8.200000000000000000e+03 7.987248554908419340e-01
8.300000000000000000e+03 7.933777849262583226e-01
8.400000000000000000e+03 7.835218079233849942e-01
8.500000000000000000e+03 8.265650102779087405e-01
8.600000000000000000e+03 8.337311501264241809e-01
8.700000000000000000e+03 8.256168538327404161e-01
8.800000000000000000e+03 8.273923796946108800e-01
8.900000000000000000e+03 8.260580861317057266e-01
9.000000000000000000e+03 8.003718435806772558e-01
9.100000000000000000e+03 8.397634388350990742e-01
9.200000000000000000e+03 8.402445514749504740e-01
9.300000000000000000e+03 8.420269872162040592e-01
9.400000000000000000e+03 8.269153811730357573e-01
9.500000000000000000e+03 8.375246583100806053e-01
9.600000000000000000e+03 8.635360131155629393e-01
9.700000000000000000e+03 8.310657958494437336e-01
9.800000000000000000e+03 8.500743247776688660e-01
9.900000000000000000e+03 8.709856627340863966e-01
1.000000000000000000e+04 8.557194950600953698e-01
1.010000000000000000e+04 8.620033845978987141e-01
1.020000000000000000e+04 8.356021942602558372e-01
1.030000000000000000e+04 8.604203167127884022e-01
1.040000000000000000e+04 8.498824680264587261e-01
1.050000000000000000e+04 8.623442047819823708e-01
1.060000000000000000e+04 8.695419556283068285e-01
1.070000000000000000e+04 8.804559963326806793e-01
1.080000000000000000e+04 8.681199713025362641e-01
1.090000000000000000e+04 8.865535283667854705e-01
1.100000000000000000e+04 8.751277561406426431e-01
1.110000000000000000e+04 8.754542170805987844e-01
1.120000000000000000e+04 8.859120424144225625e-01
1.130000000000000000e+04 8.961248097232183962e-01
1.140000000000000000e+04 8.883966410432642125e-01
1.150000000000000000e+04 8.768749417362261545e-01
1.160000000000000000e+04 8.891154068692832535e-01
1.170000000000000000e+04 9.154211006016523822e-01
1.180000000000000000e+04 9.028486489499356615e-01
1.190000000000000000e+04 9.015637068985324909e-01
1.200000000000000000e+04 9.009925066025689100e-01
1.210000000000000000e+04 9.114215929173451469e-01
1.220000000000000000e+04 9.177081533507280842e-01
1.230000000000000000e+04 9.127685499247116807e-01
1.240000000000000000e+04 9.181029251997601115e-01
1.250000000000000000e+04 9.197458318049120951e-01
1.260000000000000000e+04 9.159549442269705466e-01
1.270000000000000000e+04 9.168909077491220749e-01
1.280000000000000000e+04 9.262161508138848642e-01
1.290000000000000000e+04 9.104051922671932973e-01
1.300000000000000000e+04 9.243525639461405152e-01
1.310000000000000000e+04 9.360800904599154704e-01
1.320000000000000000e+04 9.227974460035121007e-01
1.330000000000000000e+04 9.374260286048217150e-01
1.340000000000000000e+04 9.229292312558923239e-01
1.350000000000000000e+04 9.473071367438398172e-01
1.360000000000000000e+04 9.303514030389261613e-01
1.370000000000000000e+04 9.453594970281665733e-01
1.380000000000000000e+04 9.343569794277069018e-01
1.390000000000000000e+04 9.263456251857802304e-01
1.400000000000000000e+04 9.380588013843365047e-01
1.410000000000000000e+04 9.403955667877509361e-01
1.420000000000000000e+04 9.347864396417449040e-01
1.430000000000000000e+04 9.431770801344245836e-01
1.440000000000000000e+04 9.405032815829957871e-01
1.450000000000000000e+04 9.370881219199340695e-01
1.460000000000000000e+04 9.344810455506828983e-01
1.470000000000000000e+04 9.368836975513957777e-01
1.480000000000000000e+04 9.409444307115579775e-01
1.490000000000000000e+04 9.494949109806006815e-01
1.500000000000000000e+04 9.437487799546506739e-01
1.510000000000000000e+04 9.347356445113788048e-01
1.520000000000000000e+04 9.495442816166543842e-01
1.530000000000000000e+04 9.413681883695579344e-01
1.540000000000000000e+04 9.305206688488624200e-01
1.550000000000000000e+04 9.490995454248444263e-01
1.560000000000000000e+04 9.467085982426206581e-01
1.570000000000000000e+04 9.530226688481948649e-01
1.580000000000000000e+04 9.352413819010053642e-01
1.590000000000000000e+04 9.399080728460871281e-01
1.600000000000000000e+04 9.509897720475296579e-01
1.610000000000000000e+04 9.487104764411933289e-01
1.620000000000000000e+04 9.527809073095423464e-01
1.630000000000000000e+04 9.493379590752546449e-01
1.640000000000000000e+04 9.558292024205691240e-01
1.650000000000000000e+04 9.552086952694656130e-01
1.660000000000000000e+04 9.448543483529880938e-01
1.670000000000000000e+04 9.550246485267273044e-01
1.680000000000000000e+04 9.442471708168688194e-01
1.690000000000000000e+04 9.510318213321360403e-01
1.700000000000000000e+04 9.580299176755781021e-01
1.710000000000000000e+04 9.527094356999351588e-01
1.720000000000000000e+04 9.513963332604511436e-01
1.730000000000000000e+04 9.471712058951999857e-01
1.740000000000000000e+04 9.562523122635318007e-01
1.750000000000000000e+04 9.598341112812373010e-01
1.760000000000000000e+04 9.572727269620086021e-01
1.770000000000000000e+04 9.520712802012586407e-01
1.780000000000000000e+04 9.587292496565624766e-01
1.790000000000000000e+04 9.570263634721269952e-01
1.800000000000000000e+04 9.585182466302331061e-01
1.810000000000000000e+04 9.440054410575861032e-01
1.820000000000000000e+04 9.621900929583151463e-01
1.830000000000000000e+04 9.576347387875725481e-01
1.840000000000000000e+04 9.593646047098421947e-01
1.850000000000000000e+04 9.633857597394336336e-01
1.860000000000000000e+04 9.534212645144943821e-01
1.870000000000000000e+04 9.572918664728647942e-01
1.880000000000000000e+04 9.545905428696594974e-01
1.890000000000000000e+04 9.645251686793843149e-01
1.900000000000000000e+04 9.567671225299555493e-01
1.910000000000000000e+04 9.602924428909633825e-01
1.920000000000000000e+04 9.506024416726657211e-01
1.930000000000000000e+04 9.527034940146550390e-01
1.940000000000000000e+04 9.584164188641954851e-01
1.950000000000000000e+04 9.524527184269609981e-01
1.960000000000000000e+04 9.519751052994444018e-01
1.970000000000000000e+04 9.549327764639536920e-01
1.980000000000000000e+04 9.592578441730730265e-01
1.990000000000000000e+04 9.499836666413037367e-01
2.000000000000000000e+04 9.436608622289572867e-01
2.010000000000000000e+04 9.586206826139573867e-01
2.020000000000000000e+04 9.667470527633136301e-01
2.030000000000000000e+04 9.597078406441148513e-01
2.040000000000000000e+04 9.542482919892243398e-01
2.050000000000000000e+04 9.601933306169079252e-01
2.060000000000000000e+04 9.483144852926690405e-01
2.070000000000000000e+04 9.489397195918261030e-01
2.080000000000000000e+04 9.566032807018223227e-01
2.090000000000000000e+04 9.628059766170032896e-01
2.100000000000000000e+04 9.590804978934190927e-01
2.110000000000000000e+04 9.607723187168565326e-01
2.120000000000000000e+04 9.483325581639137081e-01
2.130000000000000000e+04 9.509546505833279539e-01
2.140000000000000000e+04 9.533524602439878981e-01
2.150000000000000000e+04 9.577168564533360406e-01
2.160000000000000000e+04 9.643461882048887102e-01
2.170000000000000000e+04 9.609574496916570840e-01
2.180000000000000000e+04 9.639276885014839147e-01
2.190000000000000000e+04 9.629161963969878890e-01
2.200000000000000000e+04 9.603001314152892487e-01
2.210000000000000000e+04 9.553715320681597234e-01
2.220000000000000000e+04 9.543094982316158159e-01
2.230000000000000000e+04 9.564728359696645921e-01
2.240000000000000000e+04 9.620431951013503902e-01
2.250000000000000000e+04 9.496091977025155062e-01
2.260000000000000000e+04 9.556558411552372734e-01
2.270000000000000000e+04 9.608991100540980046e-01
2.280000000000000000e+04 9.658386494465061034e-01
2.290000000000000000e+04 9.517524772461627425e-01
2.300000000000000000e+04 9.620650897594968942e-01
2.310000000000000000e+04 9.523001074396767462e-01
2.320000000000000000e+04 9.513565275763884443e-01
2.330000000000000000e+04 9.649959124038335334e-01
2.340000000000000000e+04 9.651013648193184080e-01
2.350000000000000000e+04 9.578851078848368283e-01
2.360000000000000000e+04 9.594964073567986418e-01
2.370000000000000000e+04 9.643229872421115179e-01
2.380000000000000000e+04 9.637931552448620875e-01
2.390000000000000000e+04 9.615882799515036439e-01
2.400000000000000000e+04 9.556643729326237402e-01
2.410000000000000000e+04 9.595693589458273998e-01
2.420000000000000000e+04 9.567524063724986982e-01
2.430000000000000000e+04 9.581717303345596015e-01
2.440000000000000000e+04 9.640042766377665551e-01
2.450000000000000000e+04 9.606847085134834208e-01
2.460000000000000000e+04 9.667378378592441646e-01
2.470000000000000000e+04 9.592064432540501340e-01
2.480000000000000000e+04 9.606054541245042655e-01
2.490000000000000000e+04 9.576118770419604909e-01
2.500000000000000000e+04 9.621118721810646424e-01
2.510000000000000000e+04 9.498629033306031921e-01
2.520000000000000000e+04 9.602134570593292562e-01
2.530000000000000000e+04 9.519953780218803896e-01
2.540000000000000000e+04 9.575067733243113333e-01
2.550000000000000000e+04 9.628703073282915970e-01
2.560000000000000000e+04 9.655510757798039245e-01
2.570000000000000000e+04 9.593941132665257943e-01
2.580000000000000000e+04 9.632433791013520485e-01
2.590000000000000000e+04 9.696230097587490437e-01
2.600000000000000000e+04 9.518859574691815872e-01
2.610000000000000000e+04 9.534480520723565000e-01
2.620000000000000000e+04 9.627471117132475609e-01
2.630000000000000000e+04 9.568459611481582305e-01
2.640000000000000000e+04 9.609512624893250532e-01
2.650000000000000000e+04 9.666795423932921238e-01
2.660000000000000000e+04 9.542555997040454985e-01
2.670000000000000000e+04 9.584649233236531840e-01
2.680000000000000000e+04 9.696061604304408998e-01
2.690000000000000000e+04 9.584424413462035997e-01
2.700000000000000000e+04 9.716593040029193329e-01
2.710000000000000000e+04 9.458643317999355649e-01
2.720000000000000000e+04 9.615010645398870404e-01
2.730000000000000000e+04 9.575750697004464795e-01
2.740000000000000000e+04 9.616047758316252914e-01
2.750000000000000000e+04 9.630433718289187484e-01
2.760000000000000000e+04 9.655282343455320326e-01
2.770000000000000000e+04 9.618027221579339425e-01
2.780000000000000000e+04 9.598562945526789569e-01
2.790000000000000000e+04 9.570840962428154297e-01
2.800000000000000000e+04 9.567065740990670086e-01
2.810000000000000000e+04 9.620091956026578517e-01
2.820000000000000000e+04 9.515359740762772134e-01
2.830000000000000000e+04 9.659242952172737429e-01
2.840000000000000000e+04 9.531215779205182148e-01
2.850000000000000000e+04 9.631819134170424013e-01
2.860000000000000000e+04 9.598627387004432521e-01
2.870000000000000000e+04 9.617130785497514101e-01
2.880000000000000000e+04 9.591051152174652206e-01
2.890000000000000000e+04 9.605294916268559691e-01
2.900000000000000000e+04 9.712364577661294351e-01
2.910000000000000000e+04 9.640592273905566056e-01
2.920000000000000000e+04 9.655785801058502926e-01
2.930000000000000000e+04 9.653636268725827030e-01
2.940000000000000000e+04 9.640691974790869256e-01
2.950000000000000000e+04 9.705358314622966054e-01
2.960000000000000000e+04 9.630982109752119769e-01
2.970000000000000000e+04 9.649997767656229852e-01
2.980000000000000000e+04 9.688588293316758859e-01
2.990000000000000000e+04 9.698943864335598519e-01
3.000000000000000000e+04 9.607573441876333664e-01
