0.000000000000000000e+00 5.029080000000000217e-01
1.000000000000000000e+02 3.356560000000000099e-01
2.000000000000000000e+02 4.258720000000000283e-01
3.000000000000000000e+02 4.341960000000000264e-01
4.000000000000000000e+02 4.475320000000000409e-01
5.000000000000000000e+02 4.558119999999999949e-01
6.000000000000000000e+02 4.357480000000000242e-01
7.000000000000000000e+02 4.799959999999999782e-01
8.000000000000000000e+02 4.604719999999999924e-01
9.000000000000000000e+02 4.631759999999999766e-01
1.000000000000000000e+03 5.221520000000000605e-01
1.100000000000000000e+03 5.335920000000000663e-01
1.200000000000000000e+03 5.181160000000000210e-01
1.300000000000000000e+03 5.298359999999999737e-01
1.400000000000000000e+03 5.372760000000000868e-01
1.500000000000000000e+03 4.868799999999999795e-01
1.600000000000000000e+03 5.183200000000000029e-01
1.700000000000000000e+03 5.342440000000000522e-01
1.800000000000000000e+03 5.262959999999999861e-01
1.900000000000000000e+03 5.713279999999999470e-01
2.000000000000000000e+03 5.321439999999999504e-01
2.100000000000000000e+03 5.489559999999999995e-01
2.200000000000000000e+03 5.954439999999999733e-01
2.300000000000000000e+03 5.674840000000000995e-01
2.400000000000000000e+03 5.816919999999999868e-01
2.500000000000000000e+03 5.326680000000000303e-01
2.600000000000000000e+03 5.904880000000001239e-01
2.700000000000000000e+03 6.063959999999999351e-01
2.800000000000000000e+03 5.932479999999999976e-01
2.900000000000000000e+03 5.921279999999999877e-01
3.000000000000000000e+03 5.889520000000000310e-01
3.100000000000000000e+03 6.217279999999999474e-01
3.200000000000000000e+03 5.887640000000000651e-01
3.300000000000000000e+03 5.994079999999999409e-01
3.400000000000000000e+03 6.057559999999999611e-01
3.500000000000000000e+03 5.886240000000000361e-01
3.600000000000000000e+03 6.301959999999999784e-01
3.700000000000000000e+03 6.246460000000000345e-01
3.800000000000000000e+03 6.117799999999999905e-01
3.900000000000000000e+03 6.440520000000000689e-01
4.000000000000000000e+03 6.416319999999999801e-01
4.100000000000000000e+03 5.981480000000000130e-01
4.200000000000000000e+03 6.268519999999999648e-01
4.300000000000000000e+03 6.700079999999999369e-01
4.400000000000000000e+03 6.634799999999998477e-01
4.500000000000000000e+03 6.907200000000000006e-01
4.600000000000000000e+03 6.451720000000000788e-01
4.700000000000000000e+03 6.867640000000000411e-01
4.800000000000000000e+03 6.883940000000000614e-01
4.900000000000000000e+03 6.685519999999999241e-01
5.000000000000000000e+03 7.001760000000001316e-01
5.100000000000000000e+03 7.040720000000000312e-01
5.200000000000000000e+03 6.582919999999999883e-01
5.300000000000000000e+03 6.926520000000000454e-01
5.400000000000000000e+03 6.968600000000000350e-01
5.500000000000000000e+03 7.015079999999999094e-01
5.600000000000000000e+03 7.235679999999999890e-01
5.700000000000000000e+03 6.866200000000000081e-01
5.800000000000000000e+03 7.229960000000000830e-01
5.900000000000000000e+03 7.064079999999999249e-01
6.000000000000000000e+03 7.117359999999999243e-01
6.100000000000000000e+03 7.422040000000000859e-01
6.200000000000000000e+03 7.476140000000000008e-01
6.300000000000000000e+03 7.465159999999999574e-01
6.400000000000000000e+03 7.366759999999998865e-01
6.500000000000000000e+03 7.323480000000001100e-01
6.600000000000000000e+03 7.355599999999998806e-01
6.700000000000000000e+03 7.836959999999999482e-01
6.800000000000000000e+03 7.672840000000000771e-01
6.900000000000000000e+03 7.321759999999999380e-01
7.000000000000000000e+03 7.481880000000000752e-01
7.100000000000000000e+03 7.640200000000000324e-01
7.200000000000000000e+03 7.616439999999998767e-01
7.300000000000000000e+03 7.112000000000000544e-01
7.400000000000000000e+03 7.424040000000000639e-01
7.500000000000000000e+03 7.810359999999998415e-01
7.600000000000000000e+03 7.500999999999999890e-01
7.700000000000000000e+03 7.807279999999999776e-01
7.800000000000000000e+03 7.753280000000000172e-01
7.900000000000000000e+03 7.752759999999999652e-01
8.000000000000000000e+03 7.716960000000000486e-01
8.100000000000000000e+03 7.724599999999999245e-01
8.200000000000000000e+03 7.801080000000000236e-01
8.300000000000000000e+03 7.873360000000000358e-01
8.400000000000000000e+03 7.769439999999999680e-01
8.500000000000000000e+03 8.233000000000001428e-01
8.600000000000000000e+03 8.232880000000000198e-01
8.700000000000000000e+03 8.081039999999999335e-01
8.800000000000000000e+03 8.142440000000000788e-01
8.900000000000000000e+03 8.141359999999999708e-01
9.000000000000000000e+03 7.929840000000001332e-01
9.100000000000000000e+03 8.331479999999999997e-01
9.200000000000000000e+03 8.242439999999999767e-01
9.300000000000000000e+03 8.322040000000001658e-01
9.400000000000000000e+03 8.160719999999999086e-01
9.500000000000000000e+03 8.217639999999999390e-01
9.600000000000000000e+03 8.644800000000000262e-01
9.700000000000000000e+03 8.191040000000000543e-01
9.800000000000000000e+03 8.394999999999999130e-01
9.900000000000000000e+03 8.576559999999999739e-01
1.000000000000000000e+04 8.415359999999999507e-01
1.010000000000000000e+04 8.502600000000000158e-01
1.020000000000000000e+04 8.393040000000000500e-01
1.030000000000000000e+04 8.545920000000000183e-01
1.040000000000000000e+04 8.491159999999999819e-01
1.050000000000000000e+04 8.500999999999999668e-01
1.060000000000000000e+04 8.628359999999999363e-01
1.070000000000000000e+04 8.697359999999998426e-01
1.080000000000000000e+04 8.583520000000000039e-01
1.090000000000000000e+04 8.712039999999999784e-01
1.100000000000000000e+04 8.654800000000000271e-01
1.110000000000000000e+04 8.600639999999999397e-01
1.120000000000000000e+04 8.777999999999999137e-01
1.130000000000000000e+04 8.951919999999998767e-01
1.140000000000000000e+04 8.741679999999999451e-01
1.150000000000000000e+04 8.724559999999998983e-01
1.160000000000000000e+04 8.808120000000000394e-01
1.170000000000000000e+04 9.145920000000000716e-01
1.180000000000000000e+04 8.988160000000000593e-01
1.190000000000000000e+04 8.919720000000000981e-01
1.200000000000000000e+04 8.927979999999999805e-01
1.210000000000000000e+04 8.982320000000000304e-01
1.220000000000000000e+04 9.157319999999999904e-01
1.230000000000000000e+04 9.089679999999999982e-01
1.240000000000000000e+04 9.131839999999999957e-01
1.250000000000000000e+04 9.078000000000000513e-01
1.260000000000000000e+04 9.138760000000001327e-01
1.270000000000000000e+04 9.093120000000000092e-01
1.280000000000000000e+04 9.232359999999999456e-01
1.290000000000000000e+04 9.047239999999999727e-01
1.300000000000000000e+04 9.162880000000001024e-01
1.310000000000000000e+04 9.337479999999999114e-01
1.320000000000000000e+04 9.127640000000000198e-01
1.330000000000000000e+04 9.337959999999999594e-01
1.340000000000000000e+04 9.161880000000000024e-01
1.350000000000000000e+04 9.398600000000000287e-01
1.360000000000000000e+04 9.281240000000000601e-01
1.370000000000000000e+04 9.392759999999998888e-01
1.380000000000000000e+04 9.256480000000000263e-01
1.390000000000000000e+04 9.192439999999999500e-01
1.400000000000000000e+04 9.320720000000000116e-01
1.410000000000000000e+04 9.355960000000000942e-01
1.420000000000000000e+04 9.279439999999998800e-01
1.430000000000000000e+04 9.360399999999999832e-01
1.440000000000000000e+04 9.290439999999999809e-01
1.450000000000000000e+04 9.328759999999999275e-01
1.460000000000000000e+04 9.348319999999999963e-01
1.470000000000000000e+04 9.306760000000000588e-01
1.480000000000000000e+04 9.351559999999999873e-01
1.490000000000000000e+04 9.465320000000000400e-01
1.500000000000000000e+04 9.360319999999999752e-01
1.510000000000000000e+04 9.256399999999997963e-01
1.520000000000000000e+04 9.439560000000000173e-01
1.530000000000000000e+04 9.331599999999999895e-01
1.540000000000000000e+04 9.208800000000000319e-01
1.550000000000000000e+04 9.410240000000000826e-01
1.560000000000000000e+04 9.435360000000000413e-01
1.570000000000000000e+04 9.507719999999999505e-01
1.580000000000000000e+04 9.283519999999999550e-01
1.590000000000000000e+04 9.373599999999999710e-01
1.600000000000000000e+04 9.436239999999999073e-01
1.610000000000000000e+04 9.419359999999999955e-01
1.620000000000000000e+04 9.477560000000000429e-01
1.630000000000000000e+04 9.408479999999999066e-01
1.640000000000000000e+04 9.481039999999999468e-01
1.650000000000000000e+04 9.476960000000000939e-01
1.660000000000000000e+04 9.394959999999999978e-01
1.670000000000000000e+04 9.504200000000000426e-01
1.680000000000000000e+04 9.358040000000000802e-01
1.690000000000000000e+04 9.400119999999999587e-01
1.700000000000000000e+04 9.536000000000000032e-01
1.710000000000000000e+04 9.495119999999999116e-01
1.720000000000000000e+04 9.478880000000000638e-01
1.730000000000000000e+04 9.407239999999998936e-01
1.740000000000000000e+04 9.528519999999998102e-01
1.750000000000000000e+04 9.511920000000000375e-01
1.760000000000000000e+04 9.509279999999999955e-01
1.770000000000000000e+04 9.456719999999999571e-01
1.780000000000000000e+04 9.538039999999999852e-01
1.790000000000000000e+04 9.545679999999999721e-01
1.800000000000000000e+04 9.515039999999999054e-01
1.810000000000000000e+04 9.379920000000000480e-01
1.820000000000000000e+04 9.570879999999999388e-01
1.830000000000000000e+04 9.552080000000000570e-01
1.840000000000000000e+04 9.545439999999998371e-01
1.850000000000000000e+04 9.593120000000000536e-01
1.860000000000000000e+04 9.521839999999999193e-01
1.870000000000000000e+04 9.530359999999999943e-01
1.880000000000000000e+04 9.490080000000000737e-01
1.890000000000000000e+04 9.566280000000000339e-01
1.900000000000000000e+04 9.518719999999999404e-01
1.910000000000000000e+04 9.553119999999999390e-01
1.920000000000000000e+04 9.479239999999998778e-01
1.930000000000000000e+04 9.469359999999999999e-01
1.940000000000000000e+04 9.526879999999999793e-01
1.950000000000000000e+04 9.490800000000000347e-01
1.960000000000000000e+04 9.462880000000000180e-01
1.970000000000000000e+04 9.530319999999999903e-01
1.980000000000000000e+04 9.555839999999999890e-01
1.990000000000000000e+04 9.425560000000000604e-01
2.000000000000000000e+04 9.388279999999999959e-01
2.010000000000000000e+04 9.520960000000000534e-01
2.020000000000000000e+04 9.628840000000000732e-01
2.030000000000000000e+04 9.552200000000000690e-01
2.040000000000000000e+04 9.503279999999999506e-01
2.050000000000000000e+04 9.527319999999999123e-01
2.060000000000000000e+04 9.479719999999999258e-01
2.070000000000000000e+04 9.424639999999999684e-01
2.080000000000000000e+04 9.501479999999999926e-01
2.090000000000000000e+04 9.572359999999999758e-01
2.100000000000000000e+04 9.512239999999999585e-01
2.110000000000000000e+04 9.550560000000001271e-01
2.120000000000000000e+04 9.430959999999999344e-01
2.130000000000000000e+04 9.462119999999999420e-01
2.140000000000000000e+04 9.490560000000000107e-01
2.150000000000000000e+04 9.557360000000000300e-01
2.160000000000000000e+04 9.607040000000001134e-01
2.170000000000000000e+04 9.549999999999999600e-01
2.180000000000000000e+04 9.577360000000000317e-01
2.190000000000000000e+04 9.578679999999999417e-01
2.200000000000000000e+04 9.504799999999999915e-01
2.210000000000000000e+04 9.493599999999999817e-01
2.220000000000000000e+04 9.458400000000000141e-01
2.230000000000000000e+04 9.509319999999999995e-01
2.240000000000000000e+04 9.581199999999999717e-01
2.250000000000000000e+04 9.508720000000000505e-01
2.260000000000000000e+04 9.491680000000000117e-01
2.270000000000000000e+04 9.570760000000000378e-01
2.280000000000000000e+04 9.620759999999999312e-01
2.290000000000000000e+04 9.454719999999999791e-01
2.300000000000000000e+04 9.557759999999998479e-01
2.310000000000000000e+04 9.469120000000000870e-01
2.320000000000000000e+04 9.465160000000000240e-01
2.330000000000000000e+04 9.606800000000000894e-01
2.340000000000000000e+04 9.594639999999999835e-01
2.350000000000000000e+04 9.537719999999999532e-01
2.360000000000000000e+04 9.524719999999999853e-01
2.370000000000000000e+04 9.583519999999999817e-01
2.380000000000000000e+04 9.577759999999999607e-01
2.390000000000000000e+04 9.557719999999999549e-01
2.400000000000000000e+04 9.516839999999999744e-01
2.410000000000000000e+04 9.557639999999999469e-01
2.420000000000000000e+04 9.522319999999999673e-01
2.430000000000000000e+04 9.554119999999999280e-01
2.440000000000000000e+04 9.615239999999999343e-01
2.450000000000000000e+04 9.544279999999999431e-01
2.460000000000000000e+04 9.657720000000000748e-01
2.470000000000000000e+04 9.548759999999999470e-01
2.480000000000000000e+04 9.566319999999999268e-01
2.490000000000000000e+04 9.546320000000000361e-01
2.500000000000000000e+04 9.561479999999999979e-01
2.510000000000000000e+04 9.471399999999999819e-01
2.520000000000000000e+04 9.517360000000000264e-01
2.530000000000000000e+04 9.436760000000000703e-01
2.540000000000000000e+04 9.540520000000000111e-01
2.550000000000000000e+04 9.593880000000000186e-01
2.560000000000000000e+04 9.584719999999999906e-01
2.570000000000000000e+04 9.546599999999999531e-01
2.580000000000000000e+04 9.602599999999998914e-01
2.590000000000000000e+04 9.659599999999999298e-01
2.600000000000000000e+04 9.492119999999999447e-01
2.610000000000000000e+04 9.471840000000000259e-01
2.620000000000000000e+04 9.550719999999999210e-01
2.630000000000000000e+04 9.527999999999999803e-01
2.640000000000000000e+04 9.579880000000000617e-01
2.650000000000000000e+04 9.614279999999999493e-01
2.660000000000000000e+04 9.507440000000000335e-01
2.670000000000000000e+04 9.532160000000000633e-01
2.680000000000000000e+04 9.659640000000000448e-01
2.690000000000000000e+04 9.534599999999999742e-01
2.700000000000000000e+04 9.687919999999998755e-01
2.710000000000000000e+04 9.416560000000000485e-01
2.720000000000000000e+04 9.568239999999998968e-01
2.730000000000000000e+04 9.508019999999999250e-01
2.740000000000000000e+04 9.577919999999999767e-01
2.750000000000000000e+04 9.597559999999999425e-01
2.760000000000000000e+04 9.635360000000000591e-01
2.770000000000000000e+04 9.577320000000000277e-01
2.780000000000000000e+04 9.545519999999998451e-01
2.790000000000000000e+04 9.499159999999998716e-01
2.800000000000000000e+04 9.480839999999999268e-01
2.810000000000000000e+04 9.582680000000000087e-01
2.820000000000000000e+04 9.432279999999999553e-01
2.830000000000000000e+04 9.602519999999998834e-01
2.840000000000000000e+04 9.514160000000000394e-01
2.850000000000000000e+04 9.580079999999999707e-01
2.860000000000000000e+04 9.565119999999999179e-01
2.870000000000000000e+04 9.568200000000001149e-01
2.880000000000000000e+04 9.562040000000000539e-01
2.890000000000000000e+04 9.543759999999998911e-01
2.900000000000000000e+04 9.682480000000001086e-01
2.910000000000000000e+04 9.600319999999999965e-01
2.920000000000000000e+04 9.613879999999999093e-01
2.930000000000000000e+04 9.595359999999999445e-01
2.940000000000000000e+04 9.596719999999999695e-01
2.950000000000000000e+04 9.665839999999999987e-01
2.960000000000000000e+04 9.615640000000000853e-01
2.970000000000000000e+04 9.603360000000000785e-01
2.980000000000000000e+04 9.639919999999999600e-01
2.990000000000000000e+04 9.647040000000000060e-01
3.000000000000000000e+04 9.576759999999999717e-01
