0.000000000000000000e+00 5.051822430002276265e-01
1.000000000000000000e+02 4.585322068410610519e-01
2.000000000000000000e+02 5.305677602336111853e-01
3.000000000000000000e+02 5.677766700572306480e-01
4.000000000000000000e+02 6.530989295215904322e-01
5.000000000000000000e+02 6.779952516235968618e-01
6.000000000000000000e+02 6.985041917866090522e-01
7.000000000000000000e+02 7.245908268651223283e-01
8.000000000000000000e+02 7.338420768326487931e-01
9.000000000000000000e+02 7.470492693971289011e-01
1.000000000000000000e+03 7.190980938698587899e-01
1.100000000000000000e+03 7.535319181433635105e-01
1.200000000000000000e+03 7.539082282406959212e-01
1.300000000000000000e+03 7.834272935308163044e-01
1.400000000000000000e+03 8.089321600192561634e-01
1.500000000000000000e+03 7.947035173643184347e-01
1.600000000000000000e+03 8.073833389887179468e-01
1.700000000000000000e+03 8.335119128925966292e-01
1.800000000000000000e+03 8.134852403715036040e-01
1.900000000000000000e+03 8.203330640357557879e-01
2.000000000000000000e+03 8.259092980336060208e-01
2.100000000000000000e+03 8.432731638194405077e-01
2.200000000000000000e+03 8.306940818502981383e-01
2.300000000000000000e+03 8.275424264385735640e-01
2.400000000000000000e+03 8.586369729806784257e-01
2.500000000000000000e+03 8.559017400554767008e-01
2.600000000000000000e+03 8.392726520919745470e-01
2.700000000000000000e+03 8.578686527827129593e-01
2.800000000000000000e+03 8.637718204913932274e-01
2.900000000000000000e+03 8.599081018639700424e-01
3.000000000000000000e+03 8.693984364898509343e-01
3.100000000000000000e+03 8.756930278531962486e-01
3.200000000000000000e+03 8.874966195718294593e-01
3.300000000000000000e+03 8.824708922305433134e-01
3.400000000000000000e+03 8.843949747824514374e-01
3.500000000000000000e+03 8.841544751389869283e-01
3.600000000000000000e+03 8.728344160060065304e-01
3.700000000000000000e+03 8.875671979166870340e-01
3.800000000000000000e+03 8.906883833325238697e-01
3.900000000000000000e+03 8.835098837382021619e-01
4.000000000000000000e+03 8.873240561620390210e-01
4.100000000000000000e+03 8.797072124179776687e-01
4.200000000000000000e+03 9.038618806370093406e-01
4.300000000000000000e+03 8.922400592962378418e-01
4.400000000000000000e+03 9.165842243882408313e-01
4.500000000000000000e+03 9.150973056733612276e-01
4.600000000000000000e+03 9.003902992008070427e-01
4.700000000000000000e+03 9.061071382899973381e-01
4.800000000000000000e+03 9.191655421867319653e-01
4.900000000000000000e+03 9.253902539867486787e-01
5.000000000000000000e+03 9.218677429166735049e-01
5.100000000000000000e+03 9.064210098835354668e-01
5.200000000000000000e+03 9.260776256695365527e-01
5.300000000000000000e+03 9.080956813744838207e-01
5.400000000000000000e+03 9.142377084674008225e-01
5.500000000000000000e+03 9.178232468500062691e-01
5.600000000000000000e+03 9.272386300983405105e-01
5.700000000000000000e+03 9.241322038943102779e-01
5.800000000000000000e+03 9.257184033137543233e-01
5.900000000000000000e+03 9.194408674351294275e-01
6.000000000000000000e+03 9.150179854954260117e-01
6.100000000000000000e+03 9.389660017769106970e-01
6.200000000000000000e+03 9.219639454179375804e-01
6.300000000000000000e+03 9.304649686865191782e-01
6.400000000000000000e+03 9.406023405469203791e-01
6.500000000000000000e+03 9.457567677564356901e-01
6.600000000000000000e+03 9.384758704900600934e-01
6.700000000000000000e+03 9.367106167688385998e-01
6.800000000000000000e+03 9.381320209429550028e-01
6.900000000000000000e+03 9.383966055469263878e-01
7.000000000000000000e+03 9.403736896674049772e-01
7.100000000000000000e+03 9.392934086028670304e-01
7.200000000000000000e+03 9.347894153208167189e-01
7.300000000000000000e+03 9.357419249435873221e-01
7.400000000000000000e+03 9.444069087052755496e-01
7.500000000000000000e+03 9.388603516189655274e-01
7.600000000000000000e+03 9.437700961259136712e-01
7.700000000000000000e+03 9.435542964848162573e-01
7.800000000000000000e+03 9.539575268528941443e-01
7.900000000000000000e+03 9.430372455560780409e-01
8.000000000000000000e+03 9.373803651735229669e-01
8.100000000000000000e+03 9.451108934791285776e-01
8.200000000000000000e+03 9.557355190130373268e-01
8.300000000000000000e+03 9.461859021883606280e-01
8.400000000000000000e+03 9.406401024982813386e-01
8.500000000000000000e+03 9.377142585242859152e-01
8.600000000000000000e+03 9.488247397985692944e-01
8.700000000000000000e+03 9.527120034122129599e-01
8.800000000000000000e+03 9.446673877551409193e-01
8.900000000000000000e+03 9.430876386482124341e-01
9.000000000000000000e+03 9.463589144954130949e-01
9.100000000000000000e+03 9.450494425906600382e-01
9.200000000000000000e+03 9.483284979428797667e-01
9.300000000000000000e+03 9.429464335113527662e-01
9.400000000000000000e+03 9.471984552951813185e-01
9.500000000000000000e+03 9.462113249134193049e-01
9.600000000000000000e+03 9.486652307327650968e-01
9.700000000000000000e+03 9.599401079486480359e-01
9.800000000000000000e+03 9.543236397932021164e-01
9.900000000000000000e+03 9.442534981282771911e-01
1.000000000000000000e+04 9.506992656149342302e-01
1.010000000000000000e+04 9.480168345839411481e-01
1.020000000000000000e+04 9.505831995579688831e-01
1.030000000000000000e+04 9.509898286702495041e-01
1.040000000000000000e+04 9.504569682423099630e-01
1.050000000000000000e+04 9.600462683354227256e-01
1.060000000000000000e+04 9.464836921067687481e-01
1.070000000000000000e+04 9.459926592679724910e-01
1.080000000000000000e+04 9.487811689045042574e-01
1.090000000000000000e+04 9.505598021825767407e-01
1.100000000000000000e+04 9.497149344554316475e-01
1.110000000000000000e+04 9.489889430436913020e-01
1.120000000000000000e+04 9.506230803885897807e-01
1.130000000000000000e+04 9.458869608701747644e-01
1.140000000000000000e+04 9.469615740714714125e-01
1.150000000000000000e+04 9.461036096899312353e-01
1.160000000000000000e+04 9.523774260477828602e-01
1.170000000000000000e+04 9.483644652811688003e-01
1.180000000000000000e+04 9.452797321033425959e-01
1.190000000000000000e+04 9.477814567089427600e-01
1.200000000000000000e+04 9.510642419060111319e-01
1.210000000000000000e+04 9.470077926433562165e-01
1.220000000000000000e+04 9.473817456886656219e-01
1.230000000000000000e+04 9.504260269254702909e-01
1.240000000000000000e+04 9.543220767568031393e-01
1.250000000000000000e+04 9.614494899388741356e-01
1.260000000000000000e+04 9.461681658418160668e-01
1.270000000000000000e+04 9.593183432961571722e-01
1.280000000000000000e+04 9.509357389161441354e-01
1.290000000000000000e+04 9.544527106946203432e-01
1.300000000000000000e+04 9.590602155740397539e-01
1.310000000000000000e+04 9.497658456505652103e-01
1.320000000000000000e+04 9.531839629721639007e-01
1.330000000000000000e+04 9.551576424439489621e-01
1.340000000000000000e+04 9.543425097290689774e-01
1.350000000000000000e+04 9.505420413478820052e-01
1.360000000000000000e+04 9.559557391742651289e-01
1.370000000000000000e+04 9.455758753484995172e-01
1.380000000000000000e+04 9.538932046224972705e-01
1.390000000000000000e+04 9.475609154961154301e-01
1.400000000000000000e+04 9.553781128692134805e-01
1.410000000000000000e+04 9.309223675601804304e-01
1.420000000000000000e+04 9.544197016019047020e-01
1.430000000000000000e+04 9.545515902516619189e-01
1.440000000000000000e+04 9.513618450607644883e-01
1.450000000000000000e+04 9.509398049661244023e-01
1.460000000000000000e+04 9.506985179145053255e-01
1.470000000000000000e+04 9.524197304608001957e-01
1.480000000000000000e+04 9.554036810200119412e-01
1.490000000000000000e+04 9.619612971764306408e-01
1.500000000000000000e+04 9.490728082623548501e-01
1.510000000000000000e+04 9.567109168491497728e-01
1.520000000000000000e+04 9.599192509079743640e-01
1.530000000000000000e+04 9.415296804850407097e-01
1.540000000000000000e+04 9.606402360621695280e-01
1.550000000000000000e+04 9.617207240253217160e-01
1.560000000000000000e+04 9.470030850002565392e-01
1.570000000000000000e+04 9.550690326243256312e-01
1.580000000000000000e+04 9.424771213350550125e-01
1.590000000000000000e+04 9.601503970163336454e-01
1.600000000000000000e+04 9.532615825343287996e-01
1.610000000000000000e+04 9.620608122247745753e-01
1.620000000000000000e+04 9.578532054071816626e-01
1.630000000000000000e+04 9.561315544790620624e-01
1.640000000000000000e+04 9.541531493515456042e-01
1.650000000000000000e+04 9.493880927559150695e-01
1.660000000000000000e+04 9.528113318015422051e-01
1.670000000000000000e+04 9.506876890375568490e-01
1.680000000000000000e+04 9.554261312878882251e-01
1.690000000000000000e+04 9.564427164948500204e-01
1.700000000000000000e+04 9.562347143449816400e-01
1.710000000000000000e+04 9.546774143364358256e-01
1.720000000000000000e+04 9.615910195020708207e-01
1.730000000000000000e+04 9.568922568884372648e-01
1.740000000000000000e+04 9.588042589960296125e-01
1.750000000000000000e+04 9.652828067026655301e-01
1.760000000000000000e+04 9.575579266672806789e-01
1.770000000000000000e+04 9.574962855971816955e-01
1.780000000000000000e+04 9.569081496789547669e-01
1.790000000000000000e+04 9.566927662439607127e-01
1.800000000000000000e+04 9.551391218634441849e-01
1.810000000000000000e+04 9.523692622916650752e-01
1.820000000000000000e+04 9.546120250963840981e-01
1.830000000000000000e+04 9.568678057092174782e-01
1.840000000000000000e+04 9.514461937536667913e-01
1.850000000000000000e+04 9.634901224436296374e-01
1.860000000000000000e+04 9.626013316793147201e-01
1.870000000000000000e+04 9.623778444799511167e-01
1.880000000000000000e+04 9.487408659180978088e-01
1.890000000000000000e+04 9.565393067226760637e-01
1.900000000000000000e+04 9.631023166084428100e-01
1.910000000000000000e+04 9.557027319372997098e-01
1.920000000000000000e+04 9.604753450671384973e-01
1.930000000000000000e+04 9.558258513801194400e-01
1.940000000000000000e+04 9.494565642914966075e-01
1.950000000000000000e+04 9.644152294465182518e-01
1.960000000000000000e+04 9.547396013447309038e-01
1.970000000000000000e+04 9.543516787592927209e-01
1.980000000000000000e+04 9.618495425752735528e-01
1.990000000000000000e+04 9.491215720839877301e-01
2.000000000000000000e+04 9.616703355921675245e-01
2.010000000000000000e+04 9.586888601224553552e-01
2.020000000000000000e+04 9.670263705114561237e-01
2.030000000000000000e+04 9.573930577511798878e-01
2.040000000000000000e+04 9.578888634629306731e-01
2.050000000000000000e+04 9.575741177316186015e-01
2.060000000000000000e+04 9.479577632862132841e-01
2.070000000000000000e+04 9.577588375875722981e-01
2.080000000000000000e+04 9.578354524931319558e-01
2.090000000000000000e+04 9.549282333888308161e-01
2.100000000000000000e+04 9.507142738419875894e-01
2.110000000000000000e+04 9.427327200185573464e-01
2.120000000000000000e+04 9.598286202188224259e-01
2.130000000000000000e+04 9.572626038207538990e-01
2.140000000000000000e+04 9.627470424060329268e-01
2.150000000000000000e+04 9.569029766864393105e-01
2.160000000000000000e+04 9.585804861613528294e-01
2.170000000000000000e+04 9.550407708153458852e-01
2.180000000000000000e+04 9.595945966887335921e-01
2.190000000000000000e+04 9.503607322063598595e-01
2.200000000000000000e+04 9.490525586805237390e-01
2.210000000000000000e+04 9.524789594678246818e-01
2.220000000000000000e+04 9.675790135323737440e-01
2.230000000000000000e+04 9.670421185942291720e-01
2.240000000000000000e+04 9.623253749885437580e-01
2.250000000000000000e+04 9.560672900218770698e-01
2.260000000000000000e+04 9.537783094222346270e-01
2.270000000000000000e+04 9.615775082751238934e-01
2.280000000000000000e+04 9.596731084328871120e-01
2.290000000000000000e+04 9.595703099701909933e-01
2.300000000000000000e+04 9.631065534737441869e-01
2.310000000000000000e+04 9.613648075020049255e-01
2.320000000000000000e+04 9.573142357823790638e-01
2.330000000000000000e+04 9.622004941367232611e-01
2.340000000000000000e+04 9.535535691958639815e-01
2.350000000000000000e+04 9.547193325542621123e-01
2.360000000000000000e+04 9.595762000919537682e-01
2.370000000000000000e+04 9.516399398000996435e-01
2.380000000000000000e+04 9.515470879157499340e-01
2.390000000000000000e+04 9.665172202696878934e-01
2.400000000000000000e+04 9.548100244173672868e-01
2.410000000000000000e+04 9.521974866218932965e-01
2.420000000000000000e+04 9.611315792651492496e-01
2.430000000000000000e+04 9.569542517276813376e-01
2.440000000000000000e+04 9.559327316387991047e-01
2.450000000000000000e+04 9.613518157546598886e-01
2.460000000000000000e+04 9.622897169379603932e-01
2.470000000000000000e+04 9.545218832556789934e-01
2.480000000000000000e+04 9.537610215146865578e-01
2.490000000000000000e+04 9.628883591625342353e-01
2.500000000000000000e+04 9.705585359671987655e-01
2.510000000000000000e+04 9.521879089020054421e-01
2.520000000000000000e+04 9.592514608514626229e-01
2.530000000000000000e+04 9.505688045039152323e-01
2.540000000000000000e+04 9.614204950559424034e-01
2.550000000000000000e+04 9.538437982834966355e-01
2.560000000000000000e+04 9.618367045841060836e-01
2.570000000000000000e+04 9.580380535000976305e-01
2.580000000000000000e+04 9.569801037685314871e-01
2.590000000000000000e+04 9.667675365068133519e-01
2.600000000000000000e+04 9.536365457102382592e-01
2.610000000000000000e+04 9.525259196915039084e-01
2.620000000000000000e+04 9.624102957939859593e-01
2.630000000000000000e+04 9.560043546341525644e-01
2.640000000000000000e+04 9.552316562516773857e-01
2.650000000000000000e+04 9.640523343793603317e-01
2.660000000000000000e+04 9.638864255953948357e-01
2.670000000000000000e+04 9.551896635319909734e-01
2.680000000000000000e+04 9.577877422375237204e-01
2.690000000000000000e+04 9.677653548598839084e-01
2.700000000000000000e+04 9.644413441951414923e-01
2.710000000000000000e+04 9.561448115872781539e-01
2.720000000000000000e+04 9.573089761711397472e-01
2.730000000000000000e+04 9.562482797324606265e-01
2.740000000000000000e+04 9.574878175679650827e-01
2.750000000000000000e+04 9.633582172040288105e-01
2.760000000000000000e+04 9.600807536100349759e-01
2.770000000000000000e+04 9.548571095205079517e-01
2.780000000000000000e+04 9.592096441738153789e-01
2.790000000000000000e+04 9.671938253675179675e-01
2.800000000000000000e+04 9.576413150641907013e-01
2.810000000000000000e+04 9.582669418171454456e-01
2.820000000000000000e+04 9.607210405495274497e-01
2.830000000000000000e+04 9.472265839061170256e-01
2.840000000000000000e+04 9.557783832268686997e-01
2.850000000000000000e+04 9.574113862867046354e-01
2.860000000000000000e+04 9.615089334301285540e-01
2.870000000000000000e+04 9.582112597565954903e-01
2.880000000000000000e+04 9.601223510444354403e-01
2.890000000000000000e+04 9.654201431082686247e-01
2.900000000000000000e+04 9.503323331622476333e-01
2.910000000000000000e+04 9.558145844157184268e-01
2.920000000000000000e+04 9.603676815895989538e-01
2.930000000000000000e+04 9.603913157466825723e-01
2.940000000000000000e+04 9.643396625614804041e-01
2.950000000000000000e+04 9.563179755296700169e-01
2.960000000000000000e+04 9.569260256845404378e-01
2.970000000000000000e+04 9.569687586479509456e-01
2.980000000000000000e+04 9.587675411762324185e-01
2.990000000000000000e+04 9.644276228863770672e-01
3.000000000000000000e+04 9.609638638741957450e-01
