0.000000000000000000e+00 5.168680000000001051e-01
1.000000000000000000e+02 4.257800000000000473e-01
2.000000000000000000e+02 5.255199999999999871e-01
3.000000000000000000e+02 5.581720000000000015e-01
4.000000000000000000e+02 6.386359999999999815e-01
5.000000000000000000e+02 6.543879999999998587e-01
6.000000000000000000e+02 7.014679999999999804e-01
7.000000000000000000e+02 6.942120000000000513e-01
8.000000000000000000e+02 7.327279999999999349e-01
9.000000000000000000e+02 7.325040000000000440e-01
1.000000000000000000e+03 7.182720000000000216e-01
1.100000000000000000e+03 7.377480000000000704e-01
1.200000000000000000e+03 7.372520000000000184e-01
1.300000000000000000e+03 7.630719999999999725e-01
1.400000000000000000e+03 7.789919999999999067e-01
1.500000000000000000e+03 7.670239999999999281e-01
1.600000000000000000e+03 7.852559999999999540e-01
1.700000000000000000e+03 8.080799999999999095e-01
1.800000000000000000e+03 7.937160000000000881e-01
1.900000000000000000e+03 7.907239999999999824e-01
2.000000000000000000e+03 8.088079999999999714e-01
2.100000000000000000e+03 8.151479999999999837e-01
2.200000000000000000e+03 8.073399999999999466e-01
2.300000000000000000e+03 7.990200000000000635e-01
2.400000000000000000e+03 8.346919999999999895e-01
2.500000000000000000e+03 8.286240000000000272e-01
2.600000000000000000e+03 8.118639999999999191e-01
2.700000000000000000e+03 8.331960000000000477e-01
2.800000000000000000e+03 8.316799999999999748e-01
2.900000000000000000e+03 8.341879999999999296e-01
3.000000000000000000e+03 8.420599999999999197e-01
3.100000000000000000e+03 8.462879999999999292e-01
3.200000000000000000e+03 8.690599999999999437e-01
3.300000000000000000e+03 8.602959999999999496e-01
3.400000000000000000e+03 8.606639999999998736e-01
3.500000000000000000e+03 8.650760000000000671e-01
3.600000000000000000e+03 8.464279999999998472e-01
3.700000000000000000e+03 8.649759999999999671e-01
3.800000000000000000e+03 8.672639999999999239e-01
3.900000000000000000e+03 8.702119999999999855e-01
4.000000000000000000e+03 8.646719999999998851e-01
4.100000000000000000e+03 8.571119999999998740e-01
4.200000000000000000e+03 8.881159999999999055e-01
4.300000000000000000e+03 8.711640000000000494e-01
4.400000000000000000e+03 8.974160000000001025e-01
4.500000000000000000e+03 9.010720000000000951e-01
4.600000000000000000e+03 8.815440000000001053e-01
4.700000000000000000e+03 8.847519999999999829e-01
4.800000000000000000e+03 8.989960000000000173e-01
4.900000000000000000e+03 9.093000000000001082e-01
5.000000000000000000e+03 9.043680000000000607e-01
5.100000000000000000e+03 8.820919999999999872e-01
5.200000000000000000e+03 9.077560000000000073e-01
5.300000000000000000e+03 8.840520000000000600e-01
5.400000000000000000e+03 8.945639999999999148e-01
5.500000000000000000e+03 8.973559999999998205e-01
5.600000000000000000e+03 9.102959999999999940e-01
5.700000000000000000e+03 9.085119999999998752e-01
5.800000000000000000e+03 9.140599999999998726e-01
5.900000000000000000e+03 8.983719999999999484e-01
6.000000000000000000e+03 9.038719999999998977e-01
6.100000000000000000e+03 9.294960000000000999e-01
6.200000000000000000e+03 9.079759999999998943e-01
6.300000000000000000e+03 9.146999999999998465e-01
6.400000000000000000e+03 9.308839999999999337e-01
6.500000000000000000e+03 9.358039999999998582e-01
6.600000000000000000e+03 9.239600000000001145e-01
6.700000000000000000e+03 9.228320000000000967e-01
6.800000000000000000e+03 9.251639999999998754e-01
6.900000000000000000e+03 9.236839999999999495e-01
7.000000000000000000e+03 9.313120000000000287e-01
7.100000000000000000e+03 9.255199999999998983e-01
7.200000000000000000e+03 9.233679999999998556e-01
7.300000000000000000e+03 9.201399999999999579e-01
7.400000000000000000e+03 9.317439999999999056e-01
7.500000000000000000e+03 9.302400000000000668e-01
7.600000000000000000e+03 9.340920000000000334e-01
7.700000000000000000e+03 9.321960000000000246e-01
7.800000000000000000e+03 9.474759999999999849e-01
7.900000000000000000e+03 9.318720000000000336e-01
8.000000000000000000e+03 9.268040000000000722e-01
8.100000000000000000e+03 9.331119999999999415e-01
8.200000000000000000e+03 9.482599999999999918e-01
8.300000000000000000e+03 9.353679999999998662e-01
8.400000000000000000e+03 9.333759999999999835e-01
8.500000000000000000e+03 9.260040000000000493e-01
8.600000000000000000e+03 9.384600000000000719e-01
8.700000000000000000e+03 9.417560000000001486e-01
8.800000000000000000e+03 9.344079999999999053e-01
8.900000000000000000e+03 9.306440000000000268e-01
9.000000000000000000e+03 9.366640000000001631e-01
9.100000000000000000e+03 9.356160000000000032e-01
9.200000000000000000e+03 9.399159999999999737e-01
9.300000000000000000e+03 9.351520000000000943e-01
9.400000000000000000e+03 9.371720000000001161e-01
9.500000000000000000e+03 9.379719999999999169e-01
9.600000000000000000e+03 9.403039999999999177e-01
9.700000000000000000e+03 9.536519999999999442e-01
9.800000000000000000e+03 9.460239999999998650e-01
9.900000000000000000e+03 9.352559999999999762e-01
1.000000000000000000e+04 9.445959999999999912e-01
1.010000000000000000e+04 9.377759999999999430e-01
1.020000000000000000e+04 9.404200000000000337e-01
1.030000000000000000e+04 9.427879999999999594e-01
1.040000000000000000e+04 9.438159999999999883e-01
1.050000000000000000e+04 9.547640000000000571e-01
1.060000000000000000e+04 9.366999999999999771e-01
1.070000000000000000e+04 9.384919999999999929e-01
1.080000000000000000e+04 9.379560000000000120e-01
1.090000000000000000e+04 9.434679999999999733e-01
1.100000000000000000e+04 9.421800000000000175e-01
1.110000000000000000e+04 9.404799999999998716e-01
1.120000000000000000e+04 9.426360000000000294e-01
1.130000000000000000e+04 9.383399999999998409e-01
1.140000000000000000e+04 9.354319999999999302e-01
1.150000000000000000e+04 9.378280000000001060e-01
1.160000000000000000e+04 9.461680000000000090e-01
1.170000000000000000e+04 9.413080000000000336e-01
1.180000000000000000e+04 9.383599999999999719e-01
1.190000000000000000e+04 9.388480000000000159e-01
1.200000000000000000e+04 9.472639999999998839e-01
1.210000000000000000e+04 9.370199999999999640e-01
1.220000000000000000e+04 9.397560000000000358e-01
1.230000000000000000e+04 9.444919999999999982e-01
1.240000000000000000e+04 9.496880000000000877e-01
1.250000000000000000e+04 9.562479999999999869e-01
1.260000000000000000e+04 9.440199999999998592e-01
1.270000000000000000e+04 9.543200000000000571e-01
1.280000000000000000e+04 9.422880000000001255e-01
1.290000000000000000e+04 9.459400000000000031e-01
1.300000000000000000e+04 9.519119999999999804e-01
1.310000000000000000e+04 9.393960000000001198e-01
1.320000000000000000e+04 9.476240000000000219e-01
1.330000000000000000e+04 9.528520000000000323e-01
1.340000000000000000e+04 9.481880000000000308e-01
1.350000000000000000e+04 9.431039999999999424e-01
1.360000000000000000e+04 9.482399999999999718e-01
1.370000000000000000e+04 9.345880000000000853e-01
1.380000000000000000e+04 9.453039999999999221e-01
1.390000000000000000e+04 9.400039999999999507e-01
1.400000000000000000e+04 9.484919999999998907e-01
1.410000000000000000e+04 9.248720000000000274e-01
1.420000000000000000e+04 9.463879999999998960e-01
1.430000000000000000e+04 9.443360000000000642e-01
1.440000000000000000e+04 9.421000000000000485e-01
1.450000000000000000e+04 9.432160000000000544e-01
1.460000000000000000e+04 9.428720000000000434e-01
1.470000000000000000e+04 9.482960000000000278e-01
1.480000000000000000e+04 9.471040000000000569e-01
1.490000000000000000e+04 9.567760000000000709e-01
1.500000000000000000e+04 9.390519999999997758e-01
1.510000000000000000e+04 9.510240000000000915e-01
1.520000000000000000e+04 9.511800000000000255e-01
1.530000000000000000e+04 9.363239999999999341e-01
1.540000000000000000e+04 9.517199999999998994e-01
1.550000000000000000e+04 9.539479999999999071e-01
1.560000000000000000e+04 9.428159999999999874e-01
1.570000000000000000e+04 9.531400000000000983e-01
1.580000000000000000e+04 9.354360000000001563e-01
1.590000000000000000e+04 9.558159999999999989e-01
1.600000000000000000e+04 9.467759999999999510e-01
1.610000000000000000e+04 9.554359999999999520e-01
1.620000000000000000e+04 9.490879999999998207e-01
1.630000000000000000e+04 9.466679999999999540e-01
1.640000000000000000e+04 9.474279999999999369e-01
1.650000000000000000e+04 9.446240000000000192e-01
1.660000000000000000e+04 9.463760000000001060e-01
1.670000000000000000e+04 9.418799999999999395e-01
1.680000000000000000e+04 9.466959999999998709e-01
1.690000000000000000e+04 9.518519999999999204e-01
1.700000000000000000e+04 9.468159999999999910e-01
1.710000000000000000e+04 9.516160000000000174e-01
1.720000000000000000e+04 9.564280000000000559e-01
1.730000000000000000e+04 9.495199999999999196e-01
1.740000000000000000e+04 9.499880000000000546e-01
1.750000000000000000e+04 9.629440000000000222e-01
1.760000000000000000e+04 9.497280000000001277e-01
1.770000000000000000e+04 9.526879999999998683e-01
1.780000000000000000e+04 9.492439999999999767e-01
1.790000000000000000e+04 9.469039999999999679e-01
1.800000000000000000e+04 9.467519999999999269e-01
1.810000000000000000e+04 9.440360000000000973e-01
1.820000000000000000e+04 9.475240000000000329e-01
1.830000000000000000e+04 9.515080000000000204e-01
1.840000000000000000e+04 9.464000000000001300e-01
1.850000000000000000e+04 9.589120000000000976e-01
1.860000000000000000e+04 9.576799999999999757e-01
1.870000000000000000e+04 9.572880000000000278e-01
1.880000000000000000e+04 9.460760000000000280e-01
1.890000000000000000e+04 9.496439999999999326e-01
1.900000000000000000e+04 9.569759999999999378e-01
1.910000000000000000e+04 9.477159999999998918e-01
1.920000000000000000e+04 9.544519999999999671e-01
1.930000000000000000e+04 9.507359999999999145e-01
1.940000000000000000e+04 9.422200000000000575e-01
1.950000000000000000e+04 9.562119999999998399e-01
1.960000000000000000e+04 9.490959999999999397e-01
1.970000000000000000e+04 9.468120000000000980e-01
1.980000000000000000e+04 9.551000000000000600e-01
1.990000000000000000e+04 9.422520000000000895e-01
2.000000000000000000e+04 9.529599999999998072e-01
2.010000000000000000e+04 9.518999999999998574e-01
2.020000000000000000e+04 9.602319999999998634e-01
2.030000000000000000e+04 9.457919999999998550e-01
2.040000000000000000e+04 9.509600000000000275e-01
2.050000000000000000e+04 9.511520000000001085e-01
2.060000000000000000e+04 9.434879999999999933e-01
2.070000000000000000e+04 9.526159999999999073e-01
2.080000000000000000e+04 9.527039999999998843e-01
2.090000000000000000e+04 9.461079999999999490e-01
2.100000000000000000e+04 9.395799999999999708e-01
2.110000000000000000e+04 9.337199999999999944e-01
2.120000000000000000e+04 9.517520000000000424e-01
2.130000000000000000e+04 9.497320000000000206e-01
2.140000000000000000e+04 9.562720000000000109e-01
2.150000000000000000e+04 9.500319999999999876e-01
2.160000000000000000e+04 9.501080000000000636e-01
2.170000000000000000e+04 9.510920000000000485e-01
2.180000000000000000e+04 9.536799999999999722e-01
2.190000000000000000e+04 9.383000000000000229e-01
2.200000000000000000e+04 9.421520000000001005e-01
2.210000000000000000e+04 9.461280000000000800e-01
2.220000000000000000e+04 9.616160000000000263e-01
2.230000000000000000e+04 9.617160000000000153e-01
2.240000000000000000e+04 9.562559999999999949e-01
2.250000000000000000e+04 9.496320000000000316e-01
2.260000000000000000e+04 9.486239999999999117e-01
2.270000000000000000e+04 9.565799999999999859e-01
2.280000000000000000e+04 9.541240000000000832e-01
2.290000000000000000e+04 9.485599999999999588e-01
2.300000000000000000e+04 9.574719999999999898e-01
2.310000000000000000e+04 9.564559999999999729e-01
2.320000000000000000e+04 9.501239999999999686e-01
2.330000000000000000e+04 9.551760000000000250e-01
2.340000000000000000e+04 9.461959999999999260e-01
2.350000000000000000e+04 9.529520000000000213e-01
2.360000000000000000e+04 9.516999999999999904e-01
2.370000000000000000e+04 9.469120000000000870e-01
2.380000000000000000e+04 9.424679999999998614e-01
2.390000000000000000e+04 9.617799999999999683e-01
2.400000000000000000e+04 9.473000000000000309e-01
2.410000000000000000e+04 9.434160000000000323e-01
2.420000000000000000e+04 9.564200000000000479e-01
2.430000000000000000e+04 9.497159999999998936e-01
2.440000000000000000e+04 9.504679999999998685e-01
2.450000000000000000e+04 9.532559999999998812e-01
2.460000000000000000e+04 9.583800000000000097e-01
2.470000000000000000e+04 9.508479999999999155e-01
2.480000000000000000e+04 9.494199999999999307e-01
2.490000000000000000e+04 9.560839999999999339e-01
2.500000000000000000e+04 9.649159999999998849e-01
2.510000000000000000e+04 9.478800000000000558e-01
2.520000000000000000e+04 9.530960000000000543e-01
2.530000000000000000e+04 9.446959999999999802e-01
2.540000000000000000e+04 9.503240000000000576e-01
2.550000000000000000e+04 9.466679999999998429e-01
2.560000000000000000e+04 9.576839999999999797e-01
2.570000000000000000e+04 9.524479999999998503e-01
2.580000000000000000e+04 9.495680000000000787e-01
2.590000000000000000e+04 9.645080000000000320e-01
2.600000000000000000e+04 9.462760000000000060e-01
2.610000000000000000e+04 9.472679999999999989e-01
2.620000000000000000e+04 9.550079999999999680e-01
2.630000000000000000e+04 9.483879999999998978e-01
2.640000000000000000e+04 9.481760000000000188e-01
2.650000000000000000e+04 9.597040000000000015e-01
2.660000000000000000e+04 9.590720000000000356e-01
2.670000000000000000e+04 9.470159999999999689e-01
2.680000000000000000e+04 9.500599999999999046e-01
2.690000000000000000e+04 9.612479999999999913e-01
2.700000000000000000e+04 9.590399999999998926e-01
2.710000000000000000e+04 9.501080000000000636e-01
2.720000000000000000e+04 9.531799999999999162e-01
2.730000000000000000e+04 9.505720000000000836e-01
2.740000000000000000e+04 9.516879999999999784e-01
2.750000000000000000e+04 9.590520000000000156e-01
2.760000000000000000e+04 9.506920000000000925e-01
2.770000000000000000e+04 9.473599999999999799e-01
2.780000000000000000e+04 9.531999999999999362e-01
2.790000000000000000e+04 9.641960000000000530e-01
2.800000000000000000e+04 9.515559999999999574e-01
2.810000000000000000e+04 9.552519999999999900e-01
2.820000000000000000e+04 9.557039999999999980e-01
2.830000000000000000e+04 9.403000000000001357e-01
2.840000000000000000e+04 9.476199999999999068e-01
2.850000000000000000e+04 9.542760000000000131e-01
2.860000000000000000e+04 9.533840000000000092e-01
2.870000000000000000e+04 9.556359999999999300e-01
2.880000000000000000e+04 9.544800000000001061e-01
2.890000000000000000e+04 9.632400000000000961e-01
2.900000000000000000e+04 9.423120000000000385e-01
2.910000000000000000e+04 9.505559999999999565e-01
2.920000000000000000e+04 9.531639999999999002e-01
2.930000000000000000e+04 9.556959999999999900e-01
2.940000000000000000e+04 9.579320000000001167e-01
2.950000000000000000e+04 9.516680000000000694e-01
2.960000000000000000e+04 9.551240000000000840e-01
2.970000000000000000e+04 9.506719999999999615e-01
2.980000000000000000e+04 9.523840000000001194e-01
2.990000000000000000e+04 9.587719999999999576e-01
3.000000000000000000e+04 9.562720000000000109e-01
