0.000000000000000000e+00 5.124716553287982368e-01
1.000000000000000000e+02 5.022675736961451642e-01
2.000000000000000000e+02 5.011337868480725266e-01
3.000000000000000000e+02 5.011337868480725266e-01
4.000000000000000000e+02 5.000000000000000000e-01
5.000000000000000000e+02 5.034013605442176909e-01
6.000000000000000000e+02 5.011337868480725266e-01
7.000000000000000000e+02 5.011337868480725266e-01
8.000000000000000000e+02 5.022675736961451642e-01
9.000000000000000000e+02 5.000000000000000000e-01
1.000000000000000000e+03 5.090702947845805459e-01
1.100000000000000000e+03 5.000000000000000000e-01
1.200000000000000000e+03 5.000000000000000000e-01
1.300000000000000000e+03 5.000000000000000000e-01
1.400000000000000000e+03 5.011337868480725266e-01
1.500000000000000000e+03 5.011337868480725266e-01
1.600000000000000000e+03 5.102040816326530726e-01
1.700000000000000000e+03 5.102040816326530726e-01
1.800000000000000000e+03 5.090702947845805459e-01
1.900000000000000000e+03 5.079365079365079083e-01
2.000000000000000000e+03 5.034013605442176909e-01
2.100000000000000000e+03 5.124716553287982368e-01
2.200000000000000000e+03 5.181405895691609809e-01
2.300000000000000000e+03 5.147392290249432900e-01
2.400000000000000000e+03 5.215419501133786717e-01
2.500000000000000000e+03 5.181405895691609809e-01
2.600000000000000000e+03 5.113378684807255992e-01
2.700000000000000000e+03 5.419501133786848168e-01
2.800000000000000000e+03 5.136054421768707634e-01
2.900000000000000000e+03 5.090702947845805459e-01
3.000000000000000000e+03 5.419501133786848168e-01
3.100000000000000000e+03 5.430839002267573434e-01
3.200000000000000000e+03 5.192743764172335075e-01
3.300000000000000000e+03 5.442176870748299811e-01
3.400000000000000000e+03 5.362811791383219617e-01
3.500000000000000000e+03 5.374149659863945994e-01
3.600000000000000000e+03 5.374149659863945994e-01
3.700000000000000000e+03 5.430839002267573434e-01
3.800000000000000000e+03 5.578231292517006334e-01
3.900000000000000000e+03 5.487528344671201985e-01
4.000000000000000000e+03 5.476190476190476719e-01
4.100000000000000000e+03 5.419501133786848168e-01
4.200000000000000000e+03 5.578231292517006334e-01
4.300000000000000000e+03 5.623582766439909619e-01
4.400000000000000000e+03 5.555555555555555802e-01
4.500000000000000000e+03 5.600907029478457977e-01
4.600000000000000000e+03 5.748299319727890877e-01
4.700000000000000000e+03 5.600907029478457977e-01
4.800000000000000000e+03 5.759637188208617253e-01
4.900000000000000000e+03 5.725623582766440345e-01
5.000000000000000000e+03 5.759637188208617253e-01
5.100000000000000000e+03 6.167800453514739045e-01
5.200000000000000000e+03 5.918367346938775420e-01
5.300000000000000000e+03 5.839002267573696336e-01
5.400000000000000000e+03 6.213151927437641220e-01
5.500000000000000000e+03 5.975056689342403970e-01
5.600000000000000000e+03 6.099773242630385228e-01
5.700000000000000000e+03 6.213151927437641220e-01
5.800000000000000000e+03 6.043083900226757788e-01
5.900000000000000000e+03 6.088435374149659962e-01
6.000000000000000000e+03 6.156462585034013779e-01
6.100000000000000000e+03 6.451247165532879579e-01
6.200000000000000000e+03 6.360544217687075230e-01
6.300000000000000000e+03 6.235827664399092862e-01
6.400000000000000000e+03 6.315192743764171945e-01
6.500000000000000000e+03 6.303854875283446679e-01
6.600000000000000000e+03 6.133786848072562137e-01
6.700000000000000000e+03 6.417233560090702671e-01
6.800000000000000000e+03 6.303854875283446679e-01
6.900000000000000000e+03 6.689342403628117939e-01
7.000000000000000000e+03 6.655328798185941030e-01
7.100000000000000000e+03 6.247165532879818128e-01
7.200000000000000000e+03 6.689342403628117939e-01
7.300000000000000000e+03 6.326530612244898322e-01
7.400000000000000000e+03 6.519274376417233396e-01
7.500000000000000000e+03 6.734693877551020114e-01
7.600000000000000000e+03 6.643990929705215764e-01
7.700000000000000000e+03 6.643990929705215764e-01
7.800000000000000000e+03 6.643990929705215764e-01
7.900000000000000000e+03 6.712018140589569581e-01
8.000000000000000000e+03 6.859410430839002482e-01
8.100000000000000000e+03 6.700680272108843205e-01
8.200000000000000000e+03 6.757369614512471756e-01
8.300000000000000000e+03 7.154195011337868282e-01
8.400000000000000000e+03 6.972789115646258473e-01
8.500000000000000000e+03 6.916099773242629922e-01
8.600000000000000000e+03 6.995464852607710116e-01
8.700000000000000000e+03 7.040816326530612290e-01
8.800000000000000000e+03 7.097505668934240841e-01
8.900000000000000000e+03 7.063492063492063933e-01
9.000000000000000000e+03 7.233560090702947365e-01
9.100000000000000000e+03 7.131519274376417750e-01
9.200000000000000000e+03 7.063492063492063933e-01
9.300000000000000000e+03 7.176870748299319924e-01
9.400000000000000000e+03 7.335600907029478090e-01
9.500000000000000000e+03 7.290249433106575916e-01
9.600000000000000000e+03 7.188208616780045190e-01
9.700000000000000000e+03 7.414965986394558284e-01
9.800000000000000000e+03 7.335600907029478090e-01
9.900000000000000000e+03 7.494331065759637367e-01
1.000000000000000000e+04 7.709750566893424084e-01
1.010000000000000000e+04 7.392290249433106641e-01
1.020000000000000000e+04 7.380952380952381375e-01
1.030000000000000000e+04 7.539682539682539542e-01
1.040000000000000000e+04 7.596371882086168092e-01
1.050000000000000000e+04 7.517006802721087899e-01
1.060000000000000000e+04 7.471655328798185725e-01
1.070000000000000000e+04 7.823129251700680076e-01
1.080000000000000000e+04 7.630385487528345001e-01
1.090000000000000000e+04 7.766439909297052635e-01
1.100000000000000000e+04 7.664399092970521910e-01
1.110000000000000000e+04 7.664399092970521910e-01
1.120000000000000000e+04 7.913832199546485535e-01
1.130000000000000000e+04 7.766439909297052635e-01
1.140000000000000000e+04 7.732426303854875727e-01
1.150000000000000000e+04 7.959183673469387710e-01
1.160000000000000000e+04 8.015873015873016261e-01
1.170000000000000000e+04 8.095238095238095344e-01
1.180000000000000000e+04 7.947845804988662444e-01
1.190000000000000000e+04 7.925170068027210801e-01
1.200000000000000000e+04 8.061224489795918435e-01
1.210000000000000000e+04 7.981859410430839352e-01
1.220000000000000000e+04 7.993197278911564618e-01
1.230000000000000000e+04 8.117913832199546986e-01
1.240000000000000000e+04 8.106575963718820610e-01
1.250000000000000000e+04 8.083900226757370078e-01
1.260000000000000000e+04 8.219954648526076602e-01
1.270000000000000000e+04 8.151927437641723895e-01
1.280000000000000000e+04 8.299319727891156795e-01
1.290000000000000000e+04 8.265306122448979886e-01
1.300000000000000000e+04 8.367346938775510612e-01
1.310000000000000000e+04 8.401360544217687520e-01
1.320000000000000000e+04 8.480725623582766604e-01
1.330000000000000000e+04 8.265306122448979886e-01
1.340000000000000000e+04 8.378684807256235878e-01
1.350000000000000000e+04 8.401360544217687520e-01
1.360000000000000000e+04 8.367346938775510612e-01
1.370000000000000000e+04 8.514739229024943512e-01
1.380000000000000000e+04 8.458049886621314961e-01
1.390000000000000000e+04 8.616780045351474238e-01
1.400000000000000000e+04 8.571428571428570953e-01
1.410000000000000000e+04 8.616780045351474238e-01
1.420000000000000000e+04 8.594104308390022595e-01
1.430000000000000000e+04 8.492063492063491870e-01
1.440000000000000000e+04 8.718820861678004963e-01
1.450000000000000000e+04 8.730158730158730229e-01
1.460000000000000000e+04 8.639455782312924770e-01
1.470000000000000000e+04 8.798185941043084046e-01
1.480000000000000000e+04 8.628117913832199504e-01
1.490000000000000000e+04 8.820861678004535689e-01
1.500000000000000000e+04 8.707482993197278587e-01
1.510000000000000000e+04 8.775510204081632404e-01
1.520000000000000000e+04 8.798185941043084046e-01
1.530000000000000000e+04 8.843537414965986221e-01
1.540000000000000000e+04 8.911564625850340038e-01
1.550000000000000000e+04 8.900226757369614772e-01
1.560000000000000000e+04 8.730158730158730229e-01
1.570000000000000000e+04 8.798185941043084046e-01
1.580000000000000000e+04 8.945578231292516946e-01
1.590000000000000000e+04 8.809523809523809312e-01
1.600000000000000000e+04 8.900226757369614772e-01
1.610000000000000000e+04 9.002267573696145497e-01
1.620000000000000000e+04 9.013605442176870763e-01
1.630000000000000000e+04 9.070294784580499314e-01
1.640000000000000000e+04 8.866213151927437863e-01
1.650000000000000000e+04 9.070294784580499314e-01
1.660000000000000000e+04 8.820861678004535689e-01
1.670000000000000000e+04 9.002267573696145497e-01
1.680000000000000000e+04 8.922902494331065304e-01
1.690000000000000000e+04 8.945578231292516946e-01
1.700000000000000000e+04 9.024943310657596030e-01
1.710000000000000000e+04 8.979591836734693855e-01
1.720000000000000000e+04 8.820861678004535689e-01
1.730000000000000000e+04 9.115646258503401489e-01
1.740000000000000000e+04 9.172335600907028930e-01
1.750000000000000000e+04 9.013605442176870763e-01
1.760000000000000000e+04 8.866213151927437863e-01
1.770000000000000000e+04 9.070294784580499314e-01
1.780000000000000000e+04 9.013605442176870763e-01
1.790000000000000000e+04 9.036281179138322406e-01
1.800000000000000000e+04 8.945578231292516946e-01
1.810000000000000000e+04 8.888888888888888395e-01
1.820000000000000000e+04 9.115646258503401489e-01
1.830000000000000000e+04 9.206349206349205838e-01
1.840000000000000000e+04 9.047619047619047672e-01
1.850000000000000000e+04 9.058956916099772938e-01
1.860000000000000000e+04 9.058956916099772938e-01
1.870000000000000000e+04 9.104308390022676223e-01
1.880000000000000000e+04 9.115646258503401489e-01
1.890000000000000000e+04 9.183673469387755306e-01
1.900000000000000000e+04 9.126984126984126755e-01
1.910000000000000000e+04 9.138321995464853131e-01
1.920000000000000000e+04 9.092970521541949847e-01
1.930000000000000000e+04 9.206349206349205838e-01
1.940000000000000000e+04 9.047619047619047672e-01
1.950000000000000000e+04 9.002267573696145497e-01
1.960000000000000000e+04 9.217687074829932214e-01
1.970000000000000000e+04 9.138321995464853131e-01
1.980000000000000000e+04 9.229024943310657481e-01
1.990000000000000000e+04 9.206349206349205838e-01
2.000000000000000000e+04 9.240362811791382747e-01
2.010000000000000000e+04 9.126984126984126755e-01
2.020000000000000000e+04 9.172335600907028930e-01
2.030000000000000000e+04 9.149659863945578397e-01
2.040000000000000000e+04 9.251700680272109123e-01
2.050000000000000000e+04 9.172335600907028930e-01
2.060000000000000000e+04 9.126984126984126755e-01
2.070000000000000000e+04 9.138321995464853131e-01
2.080000000000000000e+04 9.092970521541949847e-01
2.090000000000000000e+04 9.274376417233559655e-01
2.100000000000000000e+04 9.229024943310657481e-01
2.110000000000000000e+04 9.195011337868480572e-01
2.120000000000000000e+04 9.149659863945578397e-01
2.130000000000000000e+04 9.058956916099772938e-01
2.140000000000000000e+04 9.160997732426303664e-01
2.150000000000000000e+04 9.081632653061224580e-01
2.160000000000000000e+04 9.092970521541949847e-01
2.170000000000000000e+04 9.115646258503401489e-01
2.180000000000000000e+04 9.319727891156462940e-01
2.190000000000000000e+04 9.172335600907028930e-01
2.200000000000000000e+04 9.229024943310657481e-01
2.210000000000000000e+04 9.081632653061224580e-01
2.220000000000000000e+04 9.092970521541949847e-01
2.230000000000000000e+04 9.206349206349205838e-01
2.240000000000000000e+04 9.251700680272109123e-01
2.250000000000000000e+04 9.172335600907028930e-01
2.260000000000000000e+04 9.126984126984126755e-01
2.270000000000000000e+04 9.183673469387755306e-01
2.280000000000000000e+04 9.115646258503401489e-01
2.290000000000000000e+04 9.229024943310657481e-01
2.300000000000000000e+04 9.274376417233559655e-01
2.310000000000000000e+04 9.217687074829932214e-01
2.320000000000000000e+04 9.183673469387755306e-01
2.330000000000000000e+04 9.126984126984126755e-01
2.340000000000000000e+04 9.319727891156462940e-01
2.350000000000000000e+04 9.172335600907028930e-01
2.360000000000000000e+04 9.195011337868480572e-01
2.370000000000000000e+04 9.081632653061224580e-01
2.380000000000000000e+04 9.160997732426303664e-01
2.390000000000000000e+04 9.319727891156462940e-01
2.400000000000000000e+04 9.160997732426303664e-01
2.410000000000000000e+04 9.115646258503401489e-01
2.420000000000000000e+04 9.115646258503401489e-01
2.430000000000000000e+04 9.229024943310657481e-01
2.440000000000000000e+04 9.229024943310657481e-01
2.450000000000000000e+04 9.183673469387755306e-01
2.460000000000000000e+04 9.263038548752834389e-01
2.470000000000000000e+04 9.195011337868480572e-01
2.480000000000000000e+04 9.092970521541949847e-01
2.490000000000000000e+04 9.217687074829932214e-01
2.500000000000000000e+04 9.229024943310657481e-01
2.510000000000000000e+04 9.138321995464853131e-01
2.520000000000000000e+04 9.149659863945578397e-01
2.530000000000000000e+04 9.183673469387755306e-01
2.540000000000000000e+04 9.149659863945578397e-01
2.550000000000000000e+04 9.263038548752834389e-01
2.560000000000000000e+04 9.138321995464853131e-01
2.570000000000000000e+04 9.229024943310657481e-01
2.580000000000000000e+04 9.297052154195011298e-01
2.590000000000000000e+04 9.092970521541949847e-01
2.600000000000000000e+04 9.195011337868480572e-01
2.610000000000000000e+04 9.126984126984126755e-01
2.620000000000000000e+04 9.070294784580499314e-01
2.630000000000000000e+04 9.160997732426303664e-01
2.640000000000000000e+04 9.206349206349205838e-01
2.650000000000000000e+04 9.160997732426303664e-01
2.660000000000000000e+04 9.160997732426303664e-01
2.670000000000000000e+04 9.206349206349205838e-01
2.680000000000000000e+04 9.217687074829932214e-01
2.690000000000000000e+04 9.229024943310657481e-01
2.700000000000000000e+04 9.195011337868480572e-01
2.710000000000000000e+04 9.126984126984126755e-01
2.720000000000000000e+04 9.138321995464853131e-01
2.730000000000000000e+04 9.126984126984126755e-01
2.740000000000000000e+04 9.149659863945578397e-01
2.750000000000000000e+04 9.149659863945578397e-01
2.760000000000000000e+04 9.172335600907028930e-01
2.770000000000000000e+04 9.115646258503401489e-01
2.780000000000000000e+04 9.229024943310657481e-01
2.790000000000000000e+04 9.206349206349205838e-01
2.800000000000000000e+04 9.047619047619047672e-01
2.810000000000000000e+04 9.070294784580499314e-01
2.820000000000000000e+04 9.138321995464853131e-01
2.830000000000000000e+04 9.195011337868480572e-01
2.840000000000000000e+04 9.206349206349205838e-01
2.850000000000000000e+04 9.036281179138322406e-01
2.860000000000000000e+04 8.990929705215419121e-01
2.870000000000000000e+04 9.217687074829932214e-01
2.880000000000000000e+04 9.195011337868480572e-01
2.890000000000000000e+04 9.206349206349205838e-01
2.900000000000000000e+04 9.160997732426303664e-01
2.910000000000000000e+04 9.104308390022676223e-01
2.920000000000000000e+04 9.172335600907028930e-01
2.930000000000000000e+04 9.217687074829932214e-01
2.940000000000000000e+04 9.126984126984126755e-01
2.950000000000000000e+04 9.092970521541949847e-01
2.960000000000000000e+04 9.251700680272109123e-01
2.970000000000000000e+04 9.149659863945578397e-01
2.980000000000000000e+04 9.251700680272109123e-01
2.990000000000000000e+04 9.115646258503401489e-01
3.000000000000000000e+04 9.115646258503401489e-01
