0.000000000000000000e+00 4.720389365717680419e-01
1.000000000000000000e+02 3.927669162106905976e-01
2.000000000000000000e+02 3.973569856175513948e-01
3.000000000000000000e+02 3.947394754906922709e-01
4.000000000000000000e+02 4.010628923546619151e-01
5.000000000000000000e+02 4.209733828790584442e-01
6.000000000000000000e+02 4.131591366048134040e-01
7.000000000000000000e+02 4.157494049648411405e-01
8.000000000000000000e+02 4.076443437597399022e-01
9.000000000000000000e+02 4.123318246675607979e-01
1.000000000000000000e+03 4.288056009428792281e-01
1.100000000000000000e+03 4.253571473156333438e-01
1.200000000000000000e+03 4.202212803367204597e-01
1.300000000000000000e+03 4.282863220629054002e-01
1.400000000000000000e+03 4.326405470387296170e-01
1.500000000000000000e+03 4.245578933258019605e-01
1.600000000000000000e+03 4.410913806743647636e-01
1.700000000000000000e+03 4.316687250434255718e-01
1.800000000000000000e+03 4.348811856116417962e-01
1.900000000000000000e+03 4.533099806415238353e-01
2.000000000000000000e+03 4.268589182356104517e-01
2.100000000000000000e+03 4.482189067585876652e-01
2.200000000000000000e+03 4.662167484757775981e-01
2.300000000000000000e+03 4.443117226179089108e-01
2.400000000000000000e+03 4.597287461002251274e-01
2.500000000000000000e+03 4.642787352459402106e-01
2.600000000000000000e+03 4.631258753140547468e-01
2.700000000000000000e+03 4.864202030334180415e-01
2.800000000000000000e+03 4.674032177417923872e-01
2.900000000000000000e+03 4.658382665500702124e-01
3.000000000000000000e+03 4.833742073050227850e-01
3.100000000000000000e+03 4.985414285140250534e-01
3.200000000000000000e+03 4.714712700859017835e-01
3.300000000000000000e+03 5.017847754201194554e-01
3.400000000000000000e+03 5.006535824453786088e-01
3.500000000000000000e+03 5.150330946738184146e-01
3.600000000000000000e+03 4.969168481985975494e-01
3.700000000000000000e+03 5.315534263326638920e-01
3.800000000000000000e+03 5.275588659806622616e-01
3.900000000000000000e+03 5.187498324011914352e-01
4.000000000000000000e+03 5.268649123762088049e-01
4.100000000000000000e+03 5.382188627111614831e-01
4.200000000000000000e+03 5.390170940584048109e-01
4.300000000000000000e+03 5.595201427093848823e-01
4.400000000000000000e+03 5.741060143908542912e-01
4.500000000000000000e+03 5.622835101061556262e-01
4.600000000000000000e+03 5.701636118077653137e-01
4.700000000000000000e+03 5.601325224393793878e-01
4.800000000000000000e+03 5.851289954898490908e-01
4.900000000000000000e+03 5.880841019012326143e-01
5.000000000000000000e+03 5.955426985851431931e-01
5.100000000000000000e+03 6.274745896536815248e-01
5.200000000000000000e+03 6.019399596441969980e-01
5.300000000000000000e+03 6.120645311047308024e-01
5.400000000000000000e+03 6.634596951149525079e-01
5.500000000000000000e+03 6.344556682331390363e-01
5.600000000000000000e+03 6.334394551825087705e-01
5.700000000000000000e+03 6.499075554170539171e-01
5.800000000000000000e+03 6.267672098379261092e-01
5.900000000000000000e+03 6.501624337048043101e-01
6.000000000000000000e+03 6.674794142641577999e-01
6.100000000000000000e+03 6.860775635639039249e-01
6.200000000000000000e+03 6.750088730520963365e-01
6.300000000000000000e+03 6.766792955577201063e-01
6.400000000000000000e+03 6.967196408330661450e-01
6.500000000000000000e+03 6.944929771651952022e-01
6.600000000000000000e+03 6.798828242330913207e-01
6.700000000000000000e+03 6.872862889435791267e-01
6.800000000000000000e+03 6.965871956592635250e-01
6.900000000000000000e+03 7.414127082744808028e-01
7.000000000000000000e+03 7.278534147381123809e-01
7.100000000000000000e+03 6.871171170548525664e-01
7.200000000000000000e+03 7.270838968259271118e-01
7.300000000000000000e+03 7.120209892817995767e-01
7.400000000000000000e+03 7.198925288848437853e-01
7.500000000000000000e+03 7.508861759313496531e-01
7.600000000000000000e+03 7.317986336568198524e-01
7.700000000000000000e+03 7.268360183135408326e-01
7.800000000000000000e+03 7.367932719817743559e-01
7.900000000000000000e+03 7.437490089612894817e-01
8.000000000000000000e+03 7.551260436273986576e-01
8.100000000000000000e+03 7.470697817621874126e-01
8.200000000000000000e+03 7.323414420102936084e-01
8.300000000000000000e+03 7.852974301176784966e-01
8.400000000000000000e+03 7.686830773297165242e-01
8.500000000000000000e+03 7.751024078032555664e-01
8.600000000000000000e+03 7.690739265682665637e-01
8.700000000000000000e+03 7.694003776984565945e-01
8.800000000000000000e+03 7.764150672916014795e-01
8.900000000000000000e+03 7.884452435868825049e-01
9.000000000000000000e+03 7.976306586348923533e-01
9.100000000000000000e+03 7.951969330330564967e-01
9.200000000000000000e+03 7.844155328128160631e-01
9.300000000000000000e+03 8.027047161916759377e-01
9.400000000000000000e+03 7.981140957537884439e-01
9.500000000000000000e+03 7.985009922461590026e-01
9.600000000000000000e+03 7.942287427350024354e-01
9.700000000000000000e+03 8.025168459065431525e-01
9.800000000000000000e+03 8.031021733505998572e-01
9.900000000000000000e+03 8.298052407762415150e-01
1.000000000000000000e+04 8.335384419043765369e-01
1.010000000000000000e+04 8.216824924059594748e-01
1.020000000000000000e+04 8.216272098161074844e-01
1.030000000000000000e+04 8.382946219193371240e-01
1.040000000000000000e+04 8.412186228821864065e-01
1.050000000000000000e+04 8.290860928958265763e-01
1.060000000000000000e+04 8.258686773013804716e-01
1.070000000000000000e+04 8.464320435724383973e-01
1.080000000000000000e+04 8.423229188025948000e-01
1.090000000000000000e+04 8.478047703915256861e-01
1.100000000000000000e+04 8.504903324408663590e-01
1.110000000000000000e+04 8.471200935611131744e-01
1.120000000000000000e+04 8.700549138007547256e-01
1.130000000000000000e+04 8.652672397175295016e-01
1.140000000000000000e+04 8.604310005665090078e-01
1.150000000000000000e+04 8.703640488632431449e-01
1.160000000000000000e+04 8.777386037260558327e-01
1.170000000000000000e+04 8.825619118308500877e-01
1.180000000000000000e+04 8.784648423021261809e-01
1.190000000000000000e+04 8.651670326547162837e-01
1.200000000000000000e+04 8.841111225988187439e-01
1.210000000000000000e+04 8.830851341380659969e-01
1.220000000000000000e+04 8.840811294820423161e-01
1.230000000000000000e+04 8.906344093077067647e-01
1.240000000000000000e+04 8.879541595605896509e-01
1.250000000000000000e+04 8.888709027054917389e-01
1.260000000000000000e+04 9.059798622618322472e-01
1.270000000000000000e+04 8.957043654258947107e-01
1.280000000000000000e+04 9.020325494531329369e-01
1.290000000000000000e+04 9.092384954808586661e-01
1.300000000000000000e+04 9.012153712288797358e-01
1.310000000000000000e+04 9.155659946280778616e-01
1.320000000000000000e+04 9.206019973393992917e-01
1.330000000000000000e+04 9.055503143061771620e-01
1.340000000000000000e+04 9.162011706708165226e-01
1.350000000000000000e+04 9.183065288994258779e-01
1.360000000000000000e+04 9.170655327516328281e-01
1.370000000000000000e+04 9.226072226126822429e-01
1.380000000000000000e+04 9.156988213640084862e-01
1.390000000000000000e+04 9.314482471961522680e-01
1.400000000000000000e+04 9.360885821951664409e-01
1.410000000000000000e+04 9.343151486203628009e-01
1.420000000000000000e+04 9.206152058257128790e-01
1.430000000000000000e+04 9.188332006096985305e-01
1.440000000000000000e+04 9.421413144873584944e-01
1.450000000000000000e+04 9.402821497069387968e-01
1.460000000000000000e+04 9.402355585360343548e-01
1.470000000000000000e+04 9.418765094447394404e-01
1.480000000000000000e+04 9.277874087811426307e-01
1.490000000000000000e+04 9.442559697992652934e-01
1.500000000000000000e+04 9.385495732439643746e-01
1.510000000000000000e+04 9.477429280067547479e-01
1.520000000000000000e+04 9.418182555241607634e-01
1.530000000000000000e+04 9.446641037126914942e-01
1.540000000000000000e+04 9.532985036900307740e-01
1.550000000000000000e+04 9.555531087403793533e-01
1.560000000000000000e+04 9.453440430215869217e-01
1.570000000000000000e+04 9.409475976239538575e-01
1.580000000000000000e+04 9.606763647589854349e-01
1.590000000000000000e+04 9.470058641245145958e-01
1.600000000000000000e+04 9.489854275441322873e-01
1.610000000000000000e+04 9.545745323097620805e-01
1.620000000000000000e+04 9.512643130336115860e-01
1.630000000000000000e+04 9.635772684308943070e-01
1.640000000000000000e+04 9.489880774634935623e-01
1.650000000000000000e+04 9.668604412353362099e-01
1.660000000000000000e+04 9.458252561100952693e-01
1.670000000000000000e+04 9.599618138750547480e-01
1.680000000000000000e+04 9.560870568856406626e-01
1.690000000000000000e+04 9.608703066771235868e-01
1.700000000000000000e+04 9.561100134617119828e-01
1.710000000000000000e+04 9.594168818556242373e-01
1.720000000000000000e+04 9.547320160899170904e-01
1.730000000000000000e+04 9.611529960861933120e-01
1.740000000000000000e+04 9.632040661281848770e-01
1.750000000000000000e+04 9.598309758872290987e-01
1.760000000000000000e+04 9.577078833715690909e-01
1.770000000000000000e+04 9.623415380350099912e-01
1.780000000000000000e+04 9.576584968580440504e-01
1.790000000000000000e+04 9.598859485833253213e-01
1.800000000000000000e+04 9.582064969302017676e-01
1.810000000000000000e+04 9.536626205737944728e-01
1.820000000000000000e+04 9.614643934577298268e-01
1.830000000000000000e+04 9.699769512096441115e-01
1.840000000000000000e+04 9.637765033419212202e-01
1.850000000000000000e+04 9.624401075095276870e-01
1.860000000000000000e+04 9.607100213455364024e-01
1.870000000000000000e+04 9.645547909937866038e-01
1.880000000000000000e+04 9.613071732474490760e-01
1.890000000000000000e+04 9.689738171307196168e-01
1.900000000000000000e+04 9.655647847528580074e-01
1.910000000000000000e+04 9.652689876945206304e-01
1.920000000000000000e+04 9.633015811839946707e-01
1.930000000000000000e+04 9.684496135099918135e-01
1.940000000000000000e+04 9.622493544605396076e-01
1.950000000000000000e+04 9.626563506541896409e-01
1.960000000000000000e+04 9.683892217453399232e-01
1.970000000000000000e+04 9.636466818153945901e-01
1.980000000000000000e+04 9.702818665502448425e-01
1.990000000000000000e+04 9.689596922481972241e-01
2.000000000000000000e+04 9.690807038536596307e-01
2.010000000000000000e+04 9.623428684914729914e-01
2.020000000000000000e+04 9.649658109564941411e-01
2.030000000000000000e+04 9.682779988640543012e-01
2.040000000000000000e+04 9.733130783157609711e-01
2.050000000000000000e+04 9.701513027619549367e-01
2.060000000000000000e+04 9.672066511304557856e-01
2.070000000000000000e+04 9.693361352558205191e-01
2.080000000000000000e+04 9.562401129173725423e-01
2.090000000000000000e+04 9.706232557416647477e-01
2.100000000000000000e+04 9.747492237161955453e-01
2.110000000000000000e+04 9.711395577589418959e-01
2.120000000000000000e+04 9.670107400540481901e-01
2.130000000000000000e+04 9.559254088116604375e-01
2.140000000000000000e+04 9.643298648409468488e-01
2.150000000000000000e+04 9.639241175281606511e-01
2.160000000000000000e+04 9.613912964085040702e-01
2.170000000000000000e+04 9.673876338221223392e-01
2.180000000000000000e+04 9.726565708738524885e-01
2.190000000000000000e+04 9.676125859969414433e-01
2.200000000000000000e+04 9.722956557139720291e-01
2.210000000000000000e+04 9.639067140199236716e-01
2.220000000000000000e+04 9.642617304130151057e-01
2.230000000000000000e+04 9.706301475865473094e-01
2.240000000000000000e+04 9.713557057355058921e-01
2.250000000000000000e+04 9.686195313637222526e-01
2.260000000000000000e+04 9.680339204466253955e-01
2.270000000000000000e+04 9.676213466194995005e-01
2.280000000000000000e+04 9.628413663290373847e-01
2.290000000000000000e+04 9.706614864022026223e-01
2.300000000000000000e+04 9.699361660784378003e-01
2.310000000000000000e+04 9.712493972896147909e-01
2.320000000000000000e+04 9.695511997214116828e-01
2.330000000000000000e+04 9.680554358930005820e-01
2.340000000000000000e+04 9.725516740497061052e-01
2.350000000000000000e+04 9.666343712555779399e-01
2.360000000000000000e+04 9.721692678681006505e-01
2.370000000000000000e+04 9.601169836846114025e-01
2.380000000000000000e+04 9.667787577947438704e-01
2.390000000000000000e+04 9.761726269663496547e-01
2.400000000000000000e+04 9.687493661228120390e-01
2.410000000000000000e+04 9.726546415724852679e-01
2.420000000000000000e+04 9.693060607765993097e-01
2.430000000000000000e+04 9.693264486889131559e-01
2.440000000000000000e+04 9.710278403613157305e-01
2.450000000000000000e+04 9.674443241283418038e-01
2.460000000000000000e+04 9.717901567070106328e-01
2.470000000000000000e+04 9.682452739643739870e-01
2.480000000000000000e+04 9.660444339527508584e-01
2.490000000000000000e+04 9.681078544472905278e-01
2.500000000000000000e+04 9.727688509631319258e-01
2.510000000000000000e+04 9.674673164172538087e-01
2.520000000000000000e+04 9.627021469554257749e-01
2.530000000000000000e+04 9.708509004000864806e-01
2.540000000000000000e+04 9.716025477609342431e-01
2.550000000000000000e+04 9.752083799603959990e-01
2.560000000000000000e+04 9.646508839132820201e-01
2.570000000000000000e+04 9.682247540512987083e-01
2.580000000000000000e+04 9.725113323096423734e-01
2.590000000000000000e+04 9.653427320727466787e-01
2.600000000000000000e+04 9.697441761203043908e-01
2.610000000000000000e+04 9.707463868248583649e-01
2.620000000000000000e+04 9.646154064284666596e-01
2.630000000000000000e+04 9.695254474738078665e-01
2.640000000000000000e+04 9.737815675772758528e-01
2.650000000000000000e+04 9.725348618526428179e-01
2.660000000000000000e+04 9.671489334396360382e-01
2.670000000000000000e+04 9.724305928076453220e-01
2.680000000000000000e+04 9.753015651001945008e-01
2.690000000000000000e+04 9.669420667939716552e-01
2.700000000000000000e+04 9.686526829203361277e-01
2.710000000000000000e+04 9.710064620706929661e-01
2.720000000000000000e+04 9.681914664600821396e-01
2.730000000000000000e+04 9.684718138434716961e-01
2.740000000000000000e+04 9.720581159059571430e-01
2.750000000000000000e+04 9.733185681540656997e-01
2.760000000000000000e+04 9.669582726753731539e-01
2.770000000000000000e+04 9.628409457929156812e-01
2.780000000000000000e+04 9.740090051883749656e-01
2.790000000000000000e+04 9.738492395685315328e-01
2.800000000000000000e+04 9.660650295808268506e-01
2.810000000000000000e+04 9.690538704116585800e-01
2.820000000000000000e+04 9.647675574983662905e-01
2.830000000000000000e+04 9.729367523429509612e-01
2.840000000000000000e+04 9.749546286464965128e-01
2.850000000000000000e+04 9.624514999576496699e-01
2.860000000000000000e+04 9.659491838116782692e-01
2.870000000000000000e+04 9.761032578186403796e-01
2.880000000000000000e+04 9.699993382904363859e-01
2.890000000000000000e+04 9.736210786984967891e-01
2.900000000000000000e+04 9.729716855377458229e-01
2.910000000000000000e+04 9.681881789673465466e-01
2.920000000000000000e+04 9.699166720623028093e-01
2.930000000000000000e+04 9.730343790694003792e-01
2.940000000000000000e+04 9.691171395228137531e-01
2.950000000000000000e+04 9.661449782878439585e-01
2.960000000000000000e+04 9.722699758969379769e-01
2.970000000000000000e+04 9.641026907470110485e-01
2.980000000000000000e+04 9.748394898810380793e-01
2.990000000000000000e+04 9.664416745804893516e-01
3.000000000000000000e+04 9.662795710451841380e-01
