0.000000000000000000e+00 4.829572040456394100e-01
1.000000000000000000e+02 3.258056056889875873e-01
2.000000000000000000e+02 3.444449586334912272e-01
3.000000000000000000e+02 3.447534720615381687e-01
4.000000000000000000e+02 3.586802823926245054e-01
5.000000000000000000e+02 4.034275841856016509e-01
6.000000000000000000e+02 3.881201762640051900e-01
7.000000000000000000e+02 3.884081221301823872e-01
8.000000000000000000e+02 3.796411988831813744e-01
9.000000000000000000e+02 3.880738992497981821e-01
1.000000000000000000e+03 4.266226520842653080e-01
1.100000000000000000e+03 4.128578113029036101e-01
1.200000000000000000e+03 4.012474226274032052e-01
1.300000000000000000e+03 4.123641898180284704e-01
1.400000000000000000e+03 4.259747738853666976e-01
1.500000000000000000e+03 4.113872306292131187e-01
1.600000000000000000e+03 4.453082820429759003e-01
1.700000000000000000e+03 4.250235241488885540e-01
1.800000000000000000e+03 4.334562245155053617e-01
1.900000000000000000e+03 4.578802042358893765e-01
2.000000000000000000e+03 4.091145150426005461e-01
2.100000000000000000e+03 4.597672780374433277e-01
2.200000000000000000e+03 4.799183467793770030e-01
2.300000000000000000e+03 4.499925442588221802e-01
2.400000000000000000e+03 4.822836163944035359e-01
2.500000000000000000e+03 4.795532725561880150e-01
2.600000000000000000e+03 4.685804782986512929e-01
2.700000000000000000e+03 5.146929520107362821e-01
2.800000000000000000e+03 4.760053681336480214e-01
2.900000000000000000e+03 4.728019703724271605e-01
3.000000000000000000e+03 5.118649122536391705e-01
3.100000000000000000e+03 5.285760562728493150e-01
3.200000000000000000e+03 4.826332649461901880e-01
3.300000000000000000e+03 5.308024948452547687e-01
3.400000000000000000e+03 5.110884867930542974e-01
3.500000000000000000e+03 5.357489934749408711e-01
3.600000000000000000e+03 5.153151207572976844e-01
3.700000000000000000e+03 5.501205773314616909e-01
3.800000000000000000e+03 5.578745481563751607e-01
3.900000000000000000e+03 5.407006339950946039e-01
4.000000000000000000e+03 5.499200436032312123e-01
4.100000000000000000e+03 5.409834379708042817e-01
4.200000000000000000e+03 5.678549575536941951e-01
4.300000000000000000e+03 5.742051922809940923e-01
4.400000000000000000e+03 5.778147993891434853e-01
4.500000000000000000e+03 5.724826589743984284e-01
4.600000000000000000e+03 5.819745887773098980e-01
4.700000000000000000e+03 5.681274777484689453e-01
4.800000000000000000e+03 5.929679505967164754e-01
4.900000000000000000e+03 5.866331415408189143e-01
5.000000000000000000e+03 6.027941032800119281e-01
5.100000000000000000e+03 6.401293699641610324e-01
5.200000000000000000e+03 6.131395869005198396e-01
5.300000000000000000e+03 6.151397822923576619e-01
5.400000000000000000e+03 6.614990667468800822e-01
5.500000000000000000e+03 6.335888852895654733e-01
5.600000000000000000e+03 6.390958499802037451e-01
5.700000000000000000e+03 6.575141016346069955e-01
5.800000000000000000e+03 6.340670811030383325e-01
5.900000000000000000e+03 6.434870244394053085e-01
6.000000000000000000e+03 6.486649081401267836e-01
6.100000000000000000e+03 6.812130747990805535e-01
6.200000000000000000e+03 6.726775366231148023e-01
6.300000000000000000e+03 6.730888878605107983e-01
6.400000000000000000e+03 6.908695450969503105e-01
6.500000000000000000e+03 6.808222911235544128e-01
6.600000000000000000e+03 6.658233966300050044e-01
6.700000000000000000e+03 6.919776224926856845e-01
6.800000000000000000e+03 6.835012160570955730e-01
6.900000000000000000e+03 7.286624400327024187e-01
7.000000000000000000e+03 7.201526113090739312e-01
7.100000000000000000e+03 6.755775628467561855e-01
7.200000000000000000e+03 7.238290629933001874e-01
7.300000000000000000e+03 6.959651585501924753e-01
7.400000000000000000e+03 7.118433163136759223e-01
7.500000000000000000e+03 7.403653827366170059e-01
7.600000000000000000e+03 7.295674127549734989e-01
7.700000000000000000e+03 7.245643533301453498e-01
7.800000000000000000e+03 7.267702243406810592e-01
7.900000000000000000e+03 7.339174520904355736e-01
8.000000000000000000e+03 7.485307047989263607e-01
8.100000000000000000e+03 7.313207974043736126e-01
8.200000000000000000e+03 7.347915734699019819e-01
8.300000000000000000e+03 7.800659190357928097e-01
8.400000000000000000e+03 7.606809919735091352e-01
8.500000000000000000e+03 7.634061939212570813e-01
8.600000000000000000e+03 7.697615705390244978e-01
8.700000000000000000e+03 7.637969775967832220e-01
8.800000000000000000e+03 7.775772440495472004e-01
8.900000000000000000e+03 7.756696026861236160e-01
9.000000000000000000e+03 7.873365521567660119e-01
9.100000000000000000e+03 7.856705796453123947e-01
9.200000000000000000e+03 7.738288058987766727e-01
9.300000000000000000e+03 7.867452347530092815e-01
9.400000000000000000e+03 7.938616111599591241e-01
9.500000000000000000e+03 7.964531239555534547e-01
9.600000000000000000e+03 7.926686925715107357e-01
9.700000000000000000e+03 8.002838323538031817e-01
9.800000000000000000e+03 8.007825957291457852e-01
9.900000000000000000e+03 8.233812043335854147e-01
1.000000000000000000e+04 8.345648161002874321e-01
1.010000000000000000e+04 8.140640988065672712e-01
1.020000000000000000e+04 8.178742396429470318e-01
1.030000000000000000e+04 8.285745137057091148e-01
1.040000000000000000e+04 8.323280937469470508e-01
1.050000000000000000e+04 8.200646849820805162e-01
1.060000000000000000e+04 8.196019148400101040e-01
1.070000000000000000e+04 8.477640489302297189e-01
1.080000000000000000e+04 8.365701533825924407e-01
1.090000000000000000e+04 8.478411772872413987e-01
1.100000000000000000e+04 8.425913071199757631e-01
1.110000000000000000e+04 8.432031920856022378e-01
1.120000000000000000e+04 8.634262472940801292e-01
1.130000000000000000e+04 8.559550804448763373e-01
1.140000000000000000e+04 8.526231354219692138e-01
1.150000000000000000e+04 8.648042739393565492e-01
1.160000000000000000e+04 8.731187108252219664e-01
1.170000000000000000e+04 8.753554331785623477e-01
1.180000000000000000e+04 8.685321445282572217e-01
1.190000000000000000e+04 8.604285251515572108e-01
1.200000000000000000e+04 8.739362714095464391e-01
1.210000000000000000e+04 8.747486901034033924e-01
1.220000000000000000e+04 8.728153392876425443e-01
1.230000000000000000e+04 8.843383158251962861e-01
1.240000000000000000e+04 8.789341889439070687e-01
1.250000000000000000e+04 8.843485996061313248e-01
1.260000000000000000e+04 8.961595220098621528e-01
1.270000000000000000e+04 8.856700654562655872e-01
1.280000000000000000e+04 8.954859343586263343e-01
1.290000000000000000e+04 8.974244270648544797e-01
1.300000000000000000e+04 8.977432242738365709e-01
1.310000000000000000e+04 9.060370935978321327e-01
1.320000000000000000e+04 9.112612543127607267e-01
1.330000000000000000e+04 8.984065281441374617e-01
1.340000000000000000e+04 9.098883695579516040e-01
1.350000000000000000e+04 9.104642612903059984e-01
1.360000000000000000e+04 9.086903090790359183e-01
1.370000000000000000e+04 9.148965708732473834e-01
1.380000000000000000e+04 9.084743496794032147e-01
1.390000000000000000e+04 9.257202503072279320e-01
1.400000000000000000e+04 9.283683238979644203e-01
1.410000000000000000e+04 9.263989798489312699e-01
1.420000000000000000e+04 9.161511921473048936e-01
1.430000000000000000e+04 9.156164355386902098e-01
1.440000000000000000e+04 9.345488762398383997e-01
1.450000000000000000e+04 9.328880456188521908e-01
1.460000000000000000e+04 9.319162283205042474e-01
1.470000000000000000e+04 9.351607612054647634e-01
1.480000000000000000e+04 9.235606563108992306e-01
1.490000000000000000e+04 9.384772805569695509e-01
1.500000000000000000e+04 9.325692484098704327e-01
1.510000000000000000e+04 9.412744689712619905e-01
1.520000000000000000e+04 9.367136121266346205e-01
1.530000000000000000e+04 9.413721648901434147e-01
1.540000000000000000e+04 9.459690149680431981e-01
1.550000000000000000e+04 9.488021966156077180e-01
1.560000000000000000e+04 9.382150441431295063e-01
1.570000000000000000e+04 9.366107743172853439e-01
1.580000000000000000e+04 9.536304317645425410e-01
1.590000000000000000e+04 9.410430839002267289e-01
1.600000000000000000e+04 9.454291164689608840e-01
1.610000000000000000e+04 9.495169193905831362e-01
1.620000000000000000e+04 9.493883721288968180e-01
1.630000000000000000e+04 9.581861467187027248e-01
1.640000000000000000e+04 9.449200693126835748e-01
1.650000000000000000e+04 9.599292475871679109e-01
1.660000000000000000e+04 9.433723602819813481e-01
1.670000000000000000e+04 9.544685599107366469e-01
1.680000000000000000e+04 9.508486690216526593e-01
1.690000000000000000e+04 9.539338033021220742e-01
1.700000000000000000e+04 9.527203171518041636e-01
1.710000000000000000e+04 9.536818506692170683e-01
1.720000000000000000e+04 9.474961564368755695e-01
1.730000000000000000e+04 9.558054514322736894e-01
1.740000000000000000e+04 9.592196667026599011e-01
1.750000000000000000e+04 9.532499318699513280e-01
1.760000000000000000e+04 9.512857297113855859e-01
1.770000000000000000e+04 9.577439441385020569e-01
1.780000000000000000e+04 9.533270602269630078e-01
1.790000000000000000e+04 9.550393097526236330e-01
1.800000000000000000e+04 9.529054252086321952e-01
1.810000000000000000e+04 9.479280752361413098e-01
1.820000000000000000e+04 9.559597081462970491e-01
1.830000000000000000e+04 9.651482664116289856e-01
1.840000000000000000e+04 9.581450115949630142e-01
1.850000000000000000e+04 9.571474848442780292e-01
1.860000000000000000e+04 9.563196404790185179e-01
1.870000000000000000e+04 9.605051393195221943e-01
1.880000000000000000e+04 9.580781670188861510e-01
1.890000000000000000e+04 9.639861991659853802e-01
1.900000000000000000e+04 9.610964567232789246e-01
1.910000000000000000e+04 9.602737542484869326e-01
1.920000000000000000e+04 9.599395313681028385e-01
1.930000000000000000e+04 9.646289354744165268e-01
1.940000000000000000e+04 9.576565320005552273e-01
1.950000000000000000e+04 9.576153968768156277e-01
1.960000000000000000e+04 9.636674019570035110e-01
1.970000000000000000e+04 9.586951938749801450e-01
1.980000000000000000e+04 9.651225569592916109e-01
1.990000000000000000e+04 9.642021585656180838e-01
2.000000000000000000e+04 9.663360431096096326e-01
2.010000000000000000e+04 9.577593698099042818e-01
2.020000000000000000e+04 9.608136527475690247e-01
2.030000000000000000e+04 9.648963137787238686e-01
2.040000000000000000e+04 9.686139005866897245e-01
2.050000000000000000e+04 9.644129760747836011e-01
2.060000000000000000e+04 9.627521454537975032e-01
2.070000000000000000e+04 9.638885032471038450e-01
2.080000000000000000e+04 9.548130665720557797e-01
2.090000000000000000e+04 9.677552048786256522e-01
2.100000000000000000e+04 9.705318257310483476e-01
2.110000000000000000e+04 9.661406512718466733e-01
2.120000000000000000e+04 9.631840642530632435e-01
2.130000000000000000e+04 9.590191329744294224e-01
2.140000000000000000e+04 9.613741188085211942e-01
2.150000000000000000e+04 9.619808618836802605e-01
2.160000000000000000e+04 9.586437749703056177e-01
2.170000000000000000e+04 9.634720101192403297e-01
2.180000000000000000e+04 9.693286233616651426e-01
2.190000000000000000e+04 9.655596176490249816e-01
2.200000000000000000e+04 9.684545019821988454e-01
2.210000000000000000e+04 9.595256091854731384e-01
2.220000000000000000e+04 9.609319162283205262e-01
2.230000000000000000e+04 9.673849887649693668e-01
2.240000000000000000e+04 9.680637183066725937e-01
2.250000000000000000e+04 9.646340773648839351e-01
2.260000000000000000e+04 9.641764491132810422e-01
2.270000000000000000e+04 9.643615571701092959e-01
2.280000000000000000e+04 9.604742879767174113e-01
2.290000000000000000e+04 9.669427861847686989e-01
2.300000000000000000e+04 9.673181441888923926e-01
2.310000000000000000e+04 9.674878265743183103e-01
2.320000000000000000e+04 9.661766445051186425e-01
2.330000000000000000e+04 9.646597868172213097e-01
2.340000000000000000e+04 9.698479542988776014e-01
2.350000000000000000e+04 9.643152801559021770e-01
2.360000000000000000e+04 9.680842858685423380e-01
2.370000000000000000e+04 9.588597343699384323e-01
2.380000000000000000e+04 9.647986178598423335e-01
2.390000000000000000e+04 9.723880481897975159e-01
2.400000000000000000e+04 9.643821247319790402e-01
2.410000000000000000e+04 9.687167383960386680e-01
2.420000000000000000e+04 9.669839213085082985e-01
2.430000000000000000e+04 9.668656578277570190e-01
2.440000000000000000e+04 9.683722317347196462e-01
2.450000000000000000e+04 9.655493338680899429e-01
2.460000000000000000e+04 9.691949342095114162e-01
2.470000000000000000e+04 9.648654624359191967e-01
2.480000000000000000e+04 9.628858346059512296e-01
2.490000000000000000e+04 9.661252256004442263e-01
2.500000000000000000e+04 9.690098261526832735e-01
2.510000000000000000e+04 9.648757462168541243e-01
2.520000000000000000e+04 9.616106457700237531e-01
2.530000000000000000e+04 9.683413803919149743e-01
2.540000000000000000e+04 9.670507658845852728e-01
2.550000000000000000e+04 9.706500892117995161e-01
2.560000000000000000e+04 9.635234290239149679e-01
2.570000000000000000e+04 9.669067929514966186e-01
2.580000000000000000e+04 9.698685218607473457e-01
2.590000000000000000e+04 9.616466390032959444e-01
2.600000000000000000e+04 9.663411850000771519e-01
2.610000000000000000e+04 9.670507658845851617e-01
2.620000000000000000e+04 9.614563890560002823e-01
2.630000000000000000e+04 9.672821509556203123e-01
2.640000000000000000e+04 9.707529270211486816e-01
2.650000000000000000e+04 9.687990086435178672e-01
2.660000000000000000e+04 9.649683002452681402e-01
2.670000000000000000e+04 9.688504275481923944e-01
2.680000000000000000e+04 9.706346635403972911e-01
2.690000000000000000e+04 9.659761107768882749e-01
2.700000000000000000e+04 9.670147726513129705e-01
2.710000000000000000e+04 9.675598130408625819e-01
2.720000000000000000e+04 9.663823201238167515e-01
2.730000000000000000e+04 9.657858608295926128e-01
2.740000000000000000e+04 9.684030830775243182e-01
2.750000000000000000e+04 9.701924609601966232e-01
2.760000000000000000e+04 9.651071312878892750e-01
2.770000000000000000e+04 9.610039026948647978e-01
2.780000000000000000e+04 9.701667515078593595e-01
2.790000000000000000e+04 9.699970691224335528e-01
2.800000000000000000e+04 9.627675711251998392e-01
2.810000000000000000e+04 9.657190162535157496e-01
2.820000000000000000e+04 9.627264360014602396e-01
2.830000000000000000e+04 9.701307582745871683e-01
2.840000000000000000e+04 9.717041767576267697e-01
2.850000000000000000e+04 9.609524837901903815e-01
2.860000000000000000e+04 9.625824630683716965e-01
2.870000000000000000e+04 9.718790010335199847e-01
2.880000000000000000e+04 9.675083941361881656e-01
2.890000000000000000e+04 9.699456502177589146e-01
2.900000000000000000e+04 9.691537990857718166e-01
2.910000000000000000e+04 9.667833875802778199e-01
2.920000000000000000e+04 9.671690293653363302e-01
2.930000000000000000e+04 9.700433461366405608e-01
2.940000000000000000e+04 9.658372797342671401e-01
2.950000000000000000e+04 9.653745095921966168e-01
2.960000000000000000e+04 9.704444135931016291e-01
2.970000000000000000e+04 9.620528483502244210e-01
2.980000000000000000e+04 9.712619741774261017e-01
2.990000000000000000e+04 9.645106719936652473e-01
3.000000000000000000e+04 9.639039289185060699e-01
