0.000000000000000000e+00 4.872500452855474395e-01
1.000000000000000000e+02 4.060430068550274774e-01
2.000000000000000000e+02 4.248619170490170460e-01
3.000000000000000000e+02 4.486655233809983545e-01
4.000000000000000000e+02 4.502276017527687690e-01
5.000000000000000000e+02 4.454150292501810604e-01
6.000000000000000000e+02 4.320919607409600127e-01
7.000000000000000000e+02 4.641572226053768957e-01
8.000000000000000000e+02 4.547222339044610928e-01
9.000000000000000000e+02 4.564943913858031110e-01
1.000000000000000000e+03 4.635748006390497666e-01
1.100000000000000000e+03 4.343695530264126692e-01
1.200000000000000000e+03 4.501091817315610033e-01
1.300000000000000000e+03 4.575200821623612857e-01
1.400000000000000000e+03 4.623820841243460045e-01
1.500000000000000000e+03 4.491785647302363182e-01
1.600000000000000000e+03 4.624108902812522626e-01
1.700000000000000000e+03 4.642673264641293263e-01
1.800000000000000000e+03 4.854585456993510961e-01
1.900000000000000000e+03 4.646934387411928991e-01
2.000000000000000000e+03 4.768261862031361042e-01
2.100000000000000000e+03 4.746288045983211301e-01
2.200000000000000000e+03 4.794297160939542390e-01
2.300000000000000000e+03 4.735722994650828355e-01
2.400000000000000000e+03 4.685396070053134965e-01
2.500000000000000000e+03 4.907525934546343449e-01
2.600000000000000000e+03 4.830387330759954856e-01
2.700000000000000000e+03 4.887826294212274103e-01
2.800000000000000000e+03 4.874515552113592998e-01
2.900000000000000000e+03 4.920387663936201528e-01
3.000000000000000000e+03 5.074564115277789833e-01
3.100000000000000000e+03 4.762072219772869319e-01
3.200000000000000000e+03 4.887802441337805726e-01
3.300000000000000000e+03 5.141345942931693225e-01
3.400000000000000000e+03 5.157374141848085625e-01
3.500000000000000000e+03 5.107923141279072654e-01
3.600000000000000000e+03 5.148951107942045802e-01
3.700000000000000000e+03 5.252713698527808894e-01
3.800000000000000000e+03 5.258291743666645424e-01
3.900000000000000000e+03 4.945698296031431074e-01
4.000000000000000000e+03 5.251601177413169896e-01
4.100000000000000000e+03 5.350903371293116439e-01
4.200000000000000000e+03 5.560753646172302833e-01
4.300000000000000000e+03 5.275568107515711258e-01
4.400000000000000000e+03 5.301735309121942130e-01
4.500000000000000000e+03 5.442939957815935426e-01
4.600000000000000000e+03 5.268135961283872959e-01
4.700000000000000000e+03 5.733258977386792576e-01
4.800000000000000000e+03 5.800149688108779955e-01
4.900000000000000000e+03 5.478950399354837186e-01
5.000000000000000000e+03 5.684881651535846903e-01
5.100000000000000000e+03 5.614836478542244436e-01
5.200000000000000000e+03 5.847549575303951919e-01
5.300000000000000000e+03 6.242018132165975119e-01
5.400000000000000000e+03 6.045759158017565138e-01
5.500000000000000000e+03 5.885360915522424019e-01
5.600000000000000000e+03 5.908562693397763077e-01
5.700000000000000000e+03 6.460354241957099175e-01
5.800000000000000000e+03 6.199816276248831803e-01
5.900000000000000000e+03 5.872838352739238044e-01
6.000000000000000000e+03 6.344042801341259752e-01
6.100000000000000000e+03 6.041985701320307101e-01
6.200000000000000000e+03 6.341220027673185600e-01
6.300000000000000000e+03 6.505718034620124879e-01
6.400000000000000000e+03 6.570314297187638264e-01
6.500000000000000000e+03 6.319529802640949656e-01
6.600000000000000000e+03 6.415779293365364566e-01
6.700000000000000000e+03 6.192409636535021189e-01
6.800000000000000000e+03 6.469888892314611395e-01
6.900000000000000000e+03 6.811035876838531511e-01
7.000000000000000000e+03 6.519961419463857766e-01
7.100000000000000000e+03 6.454053501516965330e-01
7.200000000000000000e+03 6.591160264698643356e-01
7.300000000000000000e+03 6.880973331278161798e-01
7.400000000000000000e+03 6.922567803087718019e-01
7.500000000000000000e+03 6.972657538143374190e-01
7.600000000000000000e+03 7.030356084102217240e-01
7.700000000000000000e+03 6.855648615753460184e-01
7.800000000000000000e+03 7.108870053318090410e-01
7.900000000000000000e+03 6.960237549873704577e-01
8.000000000000000000e+03 6.925971089793978575e-01
8.100000000000000000e+03 6.806602915060564474e-01
8.200000000000000000e+03 6.916818037337884029e-01
8.300000000000000000e+03 7.132494327671463630e-01
8.400000000000000000e+03 7.081787293458868815e-01
8.500000000000000000e+03 7.538514748571635282e-01
8.600000000000000000e+03 7.557519443260425351e-01
8.700000000000000000e+03 7.512517807650676005e-01
8.800000000000000000e+03 7.343674155445107932e-01
8.900000000000000000e+03 7.432166557081867353e-01
9.000000000000000000e+03 7.483309417681518472e-01
9.100000000000000000e+03 7.287260047609527280e-01
9.200000000000000000e+03 7.679795671108688992e-01
9.300000000000000000e+03 7.479547078086794532e-01
9.400000000000000000e+03 7.529755138480989096e-01
9.500000000000000000e+03 7.431099845245435764e-01
9.600000000000000000e+03 7.369698751433441108e-01
9.700000000000000000e+03 7.364996252520390474e-01
9.800000000000000000e+03 7.458335158137088250e-01
9.900000000000000000e+03 7.587162306366405096e-01
1.000000000000000000e+04 7.639339319115882043e-01
1.010000000000000000e+04 7.457115809205784318e-01
1.020000000000000000e+04 7.811333109594951196e-01
1.030000000000000000e+04 7.745127638437714346e-01
1.040000000000000000e+04 7.683533337643595473e-01
1.050000000000000000e+04 7.533966605223748614e-01
1.060000000000000000e+04 7.596153547230741765e-01
1.070000000000000000e+04 7.887494986329470770e-01
1.080000000000000000e+04 7.530554356704515229e-01
1.090000000000000000e+04 7.825738942310946911e-01
1.100000000000000000e+04 7.697330677106353214e-01
1.110000000000000000e+04 8.033137134724358530e-01
1.120000000000000000e+04 7.778779888436624379e-01
1.130000000000000000e+04 7.945493737781503807e-01
1.140000000000000000e+04 7.959679925747493723e-01
1.150000000000000000e+04 7.906613194925484756e-01
1.160000000000000000e+04 7.875150297688142675e-01
1.170000000000000000e+04 7.849442154548103012e-01
1.180000000000000000e+04 7.958210638292542161e-01
1.190000000000000000e+04 7.692531767234080942e-01
1.200000000000000000e+04 7.765795718216406129e-01
1.210000000000000000e+04 7.863915721529604053e-01
1.220000000000000000e+04 7.998118317822623391e-01
1.230000000000000000e+04 7.652465027812540566e-01
1.240000000000000000e+04 8.063694031668721118e-01
1.250000000000000000e+04 7.967688775711483373e-01
1.260000000000000000e+04 8.052012619838274654e-01
1.270000000000000000e+04 8.000039337794558891e-01
1.280000000000000000e+04 8.023659238360076884e-01
1.290000000000000000e+04 7.905330372123318128e-01
1.300000000000000000e+04 8.068805422010713047e-01
1.310000000000000000e+04 8.090938607521559467e-01
1.320000000000000000e+04 8.181558435640301497e-01
1.330000000000000000e+04 8.204348793876772294e-01
1.340000000000000000e+04 8.288296304136969495e-01
1.350000000000000000e+04 8.154162227613173108e-01
1.360000000000000000e+04 7.786519665001909729e-01
1.370000000000000000e+04 8.227247089018057125e-01
1.380000000000000000e+04 8.057789976975591184e-01
1.390000000000000000e+04 8.125120038038169401e-01
1.400000000000000000e+04 8.036619563427609414e-01
1.410000000000000000e+04 8.340515960957435304e-01
1.420000000000000000e+04 8.252441479486172238e-01
1.430000000000000000e+04 8.135531595146694439e-01
1.440000000000000000e+04 8.458403722862393170e-01
1.450000000000000000e+04 8.275787654812137850e-01
1.460000000000000000e+04 8.413814989816303935e-01
1.470000000000000000e+04 8.392312230639388249e-01
1.480000000000000000e+04 8.645018754586584198e-01
1.490000000000000000e+04 8.370722998913987523e-01
1.500000000000000000e+04 8.787253256789031575e-01
1.510000000000000000e+04 8.523726392032942023e-01
1.520000000000000000e+04 8.411596080064570602e-01
1.530000000000000000e+04 8.548908113532005526e-01
1.540000000000000000e+04 8.519272629143945785e-01
1.550000000000000000e+04 8.601422505504474625e-01
1.560000000000000000e+04 8.437014511894695978e-01
1.570000000000000000e+04 8.695994836360785296e-01
1.580000000000000000e+04 8.727044690319960552e-01
1.590000000000000000e+04 8.809189136520230168e-01
1.600000000000000000e+04 8.695263528589911584e-01
1.610000000000000000e+04 8.605203612627970733e-01
1.620000000000000000e+04 9.048008413206266587e-01
1.630000000000000000e+04 8.891149131849204190e-01
1.640000000000000000e+04 8.869887073036650804e-01
1.650000000000000000e+04 8.896211020394773072e-01
1.660000000000000000e+04 8.879479548918338683e-01
1.670000000000000000e+04 8.986924005806709026e-01
1.680000000000000000e+04 8.873124271125882867e-01
1.690000000000000000e+04 8.953266370162155097e-01
1.700000000000000000e+04 8.993465043373836121e-01
1.710000000000000000e+04 8.896693438321199299e-01
1.720000000000000000e+04 8.954247460727127184e-01
1.730000000000000000e+04 9.163038195544979114e-01
1.740000000000000000e+04 9.125732062723433957e-01
1.750000000000000000e+04 9.048365849386275084e-01
1.760000000000000000e+04 9.093120247279548041e-01
1.770000000000000000e+04 8.974095724567512367e-01
1.780000000000000000e+04 8.975722167329021062e-01
1.790000000000000000e+04 9.092075929034983961e-01
1.800000000000000000e+04 9.248849490911190685e-01
1.810000000000000000e+04 9.149529751417595502e-01
1.820000000000000000e+04 9.174303556022364026e-01
1.830000000000000000e+04 9.285690619435800208e-01
1.840000000000000000e+04 9.234118712049143030e-01
1.850000000000000000e+04 9.155568820461411628e-01
1.860000000000000000e+04 9.377272303349499794e-01
1.870000000000000000e+04 9.173551890453377489e-01
1.880000000000000000e+04 9.147130823281456324e-01
1.890000000000000000e+04 9.338028360653394255e-01
1.900000000000000000e+04 9.285221942175956311e-01
1.910000000000000000e+04 9.295593361025780155e-01
1.920000000000000000e+04 9.232357350419814201e-01
1.930000000000000000e+04 9.383068168091817096e-01
1.940000000000000000e+04 9.381834906979873434e-01
1.950000000000000000e+04 9.351130299251024791e-01
1.960000000000000000e+04 9.381020396886493584e-01
1.970000000000000000e+04 9.368263505226985810e-01
1.980000000000000000e+04 9.324438146443441155e-01
1.990000000000000000e+04 9.364467801683666881e-01
2.000000000000000000e+04 9.436079807812164377e-01
2.010000000000000000e+04 9.467246537469922174e-01
2.020000000000000000e+04 9.431086269598473182e-01
2.030000000000000000e+04 9.528020501550935606e-01
2.040000000000000000e+04 9.447054224840987224e-01
2.050000000000000000e+04 9.391145689889414117e-01
2.060000000000000000e+04 9.436765184338580248e-01
2.070000000000000000e+04 9.506116658511029049e-01
2.080000000000000000e+04 9.383979778774436120e-01
2.090000000000000000e+04 9.459119698201311488e-01
2.100000000000000000e+04 9.454047476134370687e-01
2.110000000000000000e+04 9.537793547655077919e-01
2.120000000000000000e+04 9.497123244553506982e-01
2.130000000000000000e+04 9.488628801126693935e-01
2.140000000000000000e+04 9.391269766056895563e-01
2.150000000000000000e+04 9.557979175423193530e-01
2.160000000000000000e+04 9.542934603767319057e-01
2.170000000000000000e+04 9.551724419497098495e-01
2.180000000000000000e+04 9.539640894080544387e-01
2.190000000000000000e+04 9.541739376850215670e-01
2.200000000000000000e+04 9.535450764102512133e-01
2.210000000000000000e+04 9.551955125176125883e-01
2.220000000000000000e+04 9.526406491128667220e-01
2.230000000000000000e+04 9.544901845981692556e-01
2.240000000000000000e+04 9.481322992996882304e-01
2.250000000000000000e+04 9.516162337411795402e-01
2.260000000000000000e+04 9.597897788850350276e-01
2.270000000000000000e+04 9.472494169744691828e-01
2.280000000000000000e+04 9.581674637671205863e-01
2.290000000000000000e+04 9.515820329115378673e-01
2.300000000000000000e+04 9.586333978540565459e-01
2.310000000000000000e+04 9.552595015961777847e-01
2.320000000000000000e+04 9.474032312069959882e-01
2.330000000000000000e+04 9.462373167959128306e-01
2.340000000000000000e+04 9.562040120711482460e-01
2.350000000000000000e+04 9.499464603179715860e-01
2.360000000000000000e+04 9.506020990210053423e-01
2.370000000000000000e+04 9.590095863564399581e-01
2.380000000000000000e+04 9.618896830304390910e-01
2.390000000000000000e+04 9.542395515302471987e-01
2.400000000000000000e+04 9.513092504166866803e-01
2.410000000000000000e+04 9.647289888778399769e-01
2.420000000000000000e+04 9.545451215667845046e-01
2.430000000000000000e+04 9.642941642522522283e-01
2.440000000000000000e+04 9.620200037796994286e-01
2.450000000000000000e+04 9.591781482298266104e-01
2.460000000000000000e+04 9.590856789026138696e-01
2.470000000000000000e+04 9.572917181177416079e-01
2.480000000000000000e+04 9.540503431915328125e-01
2.490000000000000000e+04 9.569420230981504627e-01
2.500000000000000000e+04 9.575548403872503611e-01
2.510000000000000000e+04 9.658863230311677261e-01
2.520000000000000000e+04 9.533626995226689438e-01
2.530000000000000000e+04 9.538542831047508441e-01
2.540000000000000000e+04 9.561160377744784000e-01
2.550000000000000000e+04 9.524361884672615242e-01
2.560000000000000000e+04 9.479347753066971194e-01
2.570000000000000000e+04 9.537287598471494432e-01
2.580000000000000000e+04 9.573267782386707392e-01
2.590000000000000000e+04 9.468602992986466793e-01
2.600000000000000000e+04 9.587361193448914465e-01
2.610000000000000000e+04 9.648650661757475211e-01
2.620000000000000000e+04 9.550908497139587450e-01
2.630000000000000000e+04 9.635451385485263032e-01
2.640000000000000000e+04 9.634277570048590533e-01
2.650000000000000000e+04 9.514373653554173416e-01
2.660000000000000000e+04 9.597601038039454968e-01
2.670000000000000000e+04 9.589965947807065350e-01
2.680000000000000000e+04 9.605587351029042376e-01
2.690000000000000000e+04 9.547726639722986519e-01
2.700000000000000000e+04 9.560339302901820213e-01
2.710000000000000000e+04 9.592256650978954191e-01
2.720000000000000000e+04 9.576868040613290001e-01
2.730000000000000000e+04 9.529413784546300059e-01
2.740000000000000000e+04 9.565877095917268980e-01
2.750000000000000000e+04 9.608258616300787702e-01
2.760000000000000000e+04 9.568357759129815232e-01
2.770000000000000000e+04 9.568769640884234873e-01
2.780000000000000000e+04 9.563263134466164495e-01
2.790000000000000000e+04 9.610383202884645870e-01
2.800000000000000000e+04 9.576274760446052969e-01
2.810000000000000000e+04 9.581277815968208822e-01
2.820000000000000000e+04 9.561237522337440176e-01
2.830000000000000000e+04 9.604949651382233000e-01
2.840000000000000000e+04 9.621136063460041798e-01
2.850000000000000000e+04 9.622515958360855493e-01
2.860000000000000000e+04 9.605621964674604385e-01
2.870000000000000000e+04 9.643353688699893844e-01
2.880000000000000000e+04 9.640188118751684687e-01
2.890000000000000000e+04 9.464218066424957554e-01
2.900000000000000000e+04 9.663618440015712130e-01
2.910000000000000000e+04 9.643448823397203773e-01
2.920000000000000000e+04 9.511977097778292478e-01
2.930000000000000000e+04 9.589789399385582058e-01
2.940000000000000000e+04 9.537515030593143317e-01
2.950000000000000000e+04 9.596873950809133857e-01
2.960000000000000000e+04 9.513530865535531067e-01
2.970000000000000000e+04 9.572084676418265436e-01
2.980000000000000000e+04 9.638409467448062484e-01
2.990000000000000000e+04 9.608217465638859700e-01
3.000000000000000000e+04 9.545994977992613428e-01
