0.000000000000000000e+00 4.861959999999999615e-01
1.000000000000000000e+02 3.590840000000000143e-01
2.000000000000000000e+02 3.814319999999999933e-01
3.000000000000000000e+02 4.332479999999999665e-01
4.000000000000000000e+02 4.328400000000000025e-01
5.000000000000000000e+02 4.376320000000000210e-01
6.000000000000000000e+02 4.116000000000000214e-01
7.000000000000000000e+02 4.512720000000000065e-01
8.000000000000000000e+02 4.490199999999999747e-01
9.000000000000000000e+02 4.523119999999999918e-01
1.000000000000000000e+03 4.647279999999999744e-01
1.100000000000000000e+03 4.245840000000000169e-01
1.200000000000000000e+03 4.404359999999999942e-01
1.300000000000000000e+03 4.406960000000000321e-01
1.400000000000000000e+03 4.538679999999999382e-01
1.500000000000000000e+03 4.494360000000000577e-01
1.600000000000000000e+03 4.657299999999999773e-01
1.700000000000000000e+03 4.560279999999999889e-01
1.800000000000000000e+03 4.917240000000000499e-01
1.900000000000000000e+03 4.613240000000000118e-01
2.000000000000000000e+03 4.691239999999999855e-01
2.100000000000000000e+03 4.756679999999999797e-01
2.200000000000000000e+03 4.720079999999999831e-01
2.300000000000000000e+03 4.880999999999999783e-01
2.400000000000000000e+03 4.843479999999998897e-01
2.500000000000000000e+03 5.025760000000000227e-01
2.600000000000000000e+03 4.954479999999999995e-01
2.700000000000000000e+03 4.863760000000000305e-01
2.800000000000000000e+03 5.034879999999999356e-01
2.900000000000000000e+03 5.125680000000000236e-01
3.000000000000000000e+03 5.241800000000000903e-01
3.100000000000000000e+03 4.813320000000000376e-01
3.200000000000000000e+03 4.875960000000000294e-01
3.300000000000000000e+03 5.220799999999999885e-01
3.400000000000000000e+03 5.398560000000000025e-01
3.500000000000000000e+03 5.174279999999999990e-01
3.600000000000000000e+03 5.202719999999999567e-01
3.700000000000000000e+03 5.441320000000000601e-01
3.800000000000000000e+03 5.364440000000000319e-01
3.900000000000000000e+03 5.016159999999999508e-01
4.000000000000000000e+03 5.426079999999999792e-01
4.100000000000000000e+03 5.398799999999999155e-01
4.200000000000000000e+03 5.539479999999999960e-01
4.300000000000000000e+03 5.178159999999999430e-01
4.400000000000000000e+03 5.349760000000000071e-01
4.500000000000000000e+03 5.595360000000000333e-01
4.600000000000000000e+03 5.285119999999999818e-01
4.700000000000000000e+03 5.655439999999999356e-01
4.800000000000000000e+03 5.765120000000000244e-01
4.900000000000000000e+03 5.670359999999999845e-01
5.000000000000000000e+03 5.647320000000000118e-01
5.100000000000000000e+03 5.742240000000000677e-01
5.200000000000000000e+03 5.869240000000000013e-01
5.300000000000000000e+03 6.004560000000001008e-01
5.400000000000000000e+03 5.960079999999999822e-01
5.500000000000000000e+03 5.783079999999999332e-01
5.600000000000000000e+03 5.946240000000000414e-01
5.700000000000000000e+03 6.492640000000000633e-01
5.800000000000000000e+03 6.181159999999999988e-01
5.900000000000000000e+03 6.033960000000000434e-01
6.000000000000000000e+03 6.318239999999999412e-01
6.100000000000000000e+03 6.049400000000000333e-01
6.200000000000000000e+03 6.333840000000000581e-01
6.300000000000000000e+03 6.486599999999999033e-01
6.400000000000000000e+03 6.400479999999999503e-01
6.500000000000000000e+03 5.991599999999999149e-01
6.600000000000000000e+03 6.230399999999999272e-01
6.700000000000000000e+03 6.132800000000000473e-01
6.800000000000000000e+03 6.265439999999999898e-01
6.900000000000000000e+03 6.621599999999998598e-01
7.000000000000000000e+03 6.421040000000000081e-01
7.100000000000000000e+03 6.379159999999999275e-01
7.200000000000000000e+03 6.415440000000000031e-01
7.300000000000000000e+03 6.642599999999998506e-01
7.400000000000000000e+03 6.669199999999999573e-01
7.500000000000000000e+03 6.716079999999999828e-01
7.600000000000000000e+03 6.919119999999998605e-01
7.700000000000000000e+03 6.640880000000000116e-01
7.800000000000000000e+03 6.953239999999998311e-01
7.900000000000000000e+03 6.597720000000000251e-01
8.000000000000000000e+03 6.694440000000000390e-01
8.100000000000000000e+03 6.505240000000001022e-01
8.200000000000000000e+03 6.682639999999999691e-01
8.300000000000000000e+03 6.936080000000000023e-01
8.400000000000000000e+03 6.941319999999999713e-01
8.500000000000000000e+03 7.229719999999999480e-01
8.600000000000000000e+03 7.255479999999999707e-01
8.700000000000000000e+03 7.234760000000000080e-01
8.800000000000000000e+03 7.137479999999999380e-01
8.900000000000000000e+03 7.117120000000000113e-01
9.000000000000000000e+03 7.133239999999999581e-01
9.100000000000000000e+03 7.080720000000000347e-01
9.200000000000000000e+03 7.414920000000000400e-01
9.300000000000000000e+03 7.273519999999999985e-01
9.400000000000000000e+03 7.323360000000000980e-01
9.500000000000000000e+03 7.068039999999999878e-01
9.600000000000000000e+03 7.201960000000000583e-01
9.700000000000000000e+03 7.187000000000001165e-01
9.800000000000000000e+03 7.243760000000001309e-01
9.900000000000000000e+03 7.297560000000000713e-01
1.000000000000000000e+04 7.471360000000000223e-01
1.010000000000000000e+04 7.187840000000000895e-01
1.020000000000000000e+04 7.469440000000000524e-01
1.030000000000000000e+04 7.382480000000000153e-01
1.040000000000000000e+04 7.320999999999999730e-01
1.050000000000000000e+04 7.256280000000000507e-01
1.060000000000000000e+04 7.247839999999999838e-01
1.070000000000000000e+04 7.599560000000000759e-01
1.080000000000000000e+04 7.241999999999998439e-01
1.090000000000000000e+04 7.465760000000001284e-01
1.100000000000000000e+04 7.483720000000001482e-01
1.110000000000000000e+04 7.689120000000000399e-01
1.120000000000000000e+04 7.446480000000000876e-01
1.130000000000000000e+04 7.726840000000000375e-01
1.140000000000000000e+04 7.614760000000000417e-01
1.150000000000000000e+04 7.619039999999999146e-01
1.160000000000000000e+04 7.597199999999999509e-01
1.170000000000000000e+04 7.568080000000001473e-01
1.180000000000000000e+04 7.733240000000000114e-01
1.190000000000000000e+04 7.492399999999999061e-01
1.200000000000000000e+04 7.438440000000000607e-01
1.210000000000000000e+04 7.596359999999999779e-01
1.220000000000000000e+04 7.777399999999999869e-01
1.230000000000000000e+04 7.402800000000000491e-01
1.240000000000000000e+04 7.797959999999999336e-01
1.250000000000000000e+04 7.618840000000000057e-01
1.260000000000000000e+04 7.691879999999999828e-01
1.270000000000000000e+04 7.750639999999999752e-01
1.280000000000000000e+04 7.772000000000000020e-01
1.290000000000000000e+04 7.579799999999998761e-01
1.300000000000000000e+04 7.798439999999999817e-01
1.310000000000000000e+04 7.814519999999999245e-01
1.320000000000000000e+04 7.956639999999999269e-01
1.330000000000000000e+04 8.014520000000000532e-01
1.340000000000000000e+04 8.015520000000000422e-01
1.350000000000000000e+04 7.765159999999999840e-01
1.360000000000000000e+04 7.457920000000000105e-01
1.370000000000000000e+04 7.920599999999999863e-01
1.380000000000000000e+04 7.834039999999999893e-01
1.390000000000000000e+04 7.810200000000000475e-01
1.400000000000000000e+04 7.796159999999999757e-01
1.410000000000000000e+04 8.080240000000000755e-01
1.420000000000000000e+04 7.961399999999999588e-01
1.430000000000000000e+04 7.938759999999999151e-01
1.440000000000000000e+04 8.119119999999999671e-01
1.450000000000000000e+04 8.057719999999999327e-01
1.460000000000000000e+04 8.143359999999999488e-01
1.470000000000000000e+04 8.127479999999998039e-01
1.480000000000000000e+04 8.380360000000000031e-01
1.490000000000000000e+04 8.110399999999999832e-01
1.500000000000000000e+04 8.594960000000000377e-01
1.510000000000000000e+04 8.245639999999999636e-01
1.520000000000000000e+04 8.179520000000000124e-01
1.530000000000000000e+04 8.320319999999999938e-01
1.540000000000000000e+04 8.417080000000000117e-01
1.550000000000000000e+04 8.483039999999999470e-01
1.560000000000000000e+04 8.295860000000001566e-01
1.570000000000000000e+04 8.482839999999999270e-01
1.580000000000000000e+04 8.517859999999999321e-01
1.590000000000000000e+04 8.580280000000000129e-01
1.600000000000000000e+04 8.490759999999999419e-01
1.610000000000000000e+04 8.347919999999998675e-01
1.620000000000000000e+04 8.893400000000000194e-01
1.630000000000000000e+04 8.725920000000000343e-01
1.640000000000000000e+04 8.721360000000000223e-01
1.650000000000000000e+04 8.683800000000000407e-01
1.660000000000000000e+04 8.659160000000000190e-01
1.670000000000000000e+04 8.840919999999998780e-01
1.680000000000000000e+04 8.658760000000000900e-01
1.690000000000000000e+04 8.752759999999999430e-01
1.700000000000000000e+04 8.810799999999999743e-01
1.710000000000000000e+04 8.651360000000000161e-01
1.720000000000000000e+04 8.782920000000000726e-01
1.730000000000000000e+04 9.010879999999998891e-01
1.740000000000000000e+04 8.976439999999998864e-01
1.750000000000000000e+04 8.868479999999998586e-01
1.760000000000000000e+04 8.923400000000000221e-01
1.770000000000000000e+04 8.832599999999999341e-01
1.780000000000000000e+04 8.812360000000000193e-01
1.790000000000000000e+04 8.923879999999999590e-01
1.800000000000000000e+04 9.100839999999998930e-01
1.810000000000000000e+04 9.020559999999999690e-01
1.820000000000000000e+04 9.040319999999999467e-01
1.830000000000000000e+04 9.211200000000000498e-01
1.840000000000000000e+04 9.120960000000000178e-01
1.850000000000000000e+04 8.994599999999999262e-01
1.860000000000000000e+04 9.291960000000000219e-01
1.870000000000000000e+04 9.029360000000000719e-01
1.880000000000000000e+04 9.015679999999999250e-01
1.890000000000000000e+04 9.216560000000000308e-01
1.900000000000000000e+04 9.143999999999999906e-01
1.910000000000000000e+04 9.177640000000000242e-01
1.920000000000000000e+04 9.145680000000000476e-01
1.930000000000000000e+04 9.258919999999999373e-01
1.940000000000000000e+04 9.267239999999999922e-01
1.950000000000000000e+04 9.264440000000000452e-01
1.960000000000000000e+04 9.288800000000000390e-01
1.970000000000000000e+04 9.274880000000000901e-01
1.980000000000000000e+04 9.209479999999999889e-01
1.990000000000000000e+04 9.281760000000001121e-01
2.000000000000000000e+04 9.346599999999999353e-01
2.010000000000000000e+04 9.370240000000000791e-01
2.020000000000000000e+04 9.336799999999999544e-01
2.030000000000000000e+04 9.480760000000001408e-01
2.040000000000000000e+04 9.352680000000000993e-01
2.050000000000000000e+04 9.245000000000000995e-01
2.060000000000000000e+04 9.334719999999999684e-01
2.070000000000000000e+04 9.441159999999999553e-01
2.080000000000000000e+04 9.284840000000000870e-01
2.090000000000000000e+04 9.361239999999998451e-01
2.100000000000000000e+04 9.370919999999999250e-01
2.110000000000000000e+04 9.443479999999999652e-01
2.120000000000000000e+04 9.441399999999999793e-01
2.130000000000000000e+04 9.435960000000001013e-01
2.140000000000000000e+04 9.316720000000000557e-01
2.150000000000000000e+04 9.489040000000000807e-01
2.160000000000000000e+04 9.467439999999999189e-01
2.170000000000000000e+04 9.473399999999999599e-01
2.180000000000000000e+04 9.454799999999998761e-01
2.190000000000000000e+04 9.449440000000000062e-01
2.200000000000000000e+04 9.441039999999999432e-01
2.210000000000000000e+04 9.471720000000000139e-01
2.220000000000000000e+04 9.449959999999999471e-01
2.230000000000000000e+04 9.469879999999999409e-01
2.240000000000000000e+04 9.415760000000000796e-01
2.250000000000000000e+04 9.465920000000001000e-01
2.260000000000000000e+04 9.503119999999998235e-01
2.270000000000000000e+04 9.394880000000001008e-01
2.280000000000000000e+04 9.528519999999999213e-01
2.290000000000000000e+04 9.439919999999999423e-01
2.300000000000000000e+04 9.548320000000000141e-01
2.310000000000000000e+04 9.494439999999999547e-01
2.320000000000000000e+04 9.426480000000000414e-01
2.330000000000000000e+04 9.395280000000001408e-01
2.340000000000000000e+04 9.492439999999999767e-01
2.350000000000000000e+04 9.415160000000000196e-01
2.360000000000000000e+04 9.428399999999999004e-01
2.370000000000000000e+04 9.546159999999999091e-01
2.380000000000000000e+04 9.557399999999999229e-01
2.390000000000000000e+04 9.491199999999999637e-01
2.400000000000000000e+04 9.458039999999998670e-01
2.410000000000000000e+04 9.582519999999999927e-01
2.420000000000000000e+04 9.477999999999998648e-01
2.430000000000000000e+04 9.582319999999999727e-01
2.440000000000000000e+04 9.540919999999999401e-01
2.450000000000000000e+04 9.514559999999998574e-01
2.460000000000000000e+04 9.543400000000000771e-01
2.470000000000000000e+04 9.490440000000001097e-01
2.480000000000000000e+04 9.486160000000000148e-01
2.490000000000000000e+04 9.505439999999998335e-01
2.500000000000000000e+04 9.550799999999999290e-01
2.510000000000000000e+04 9.620720000000000383e-01
2.520000000000000000e+04 9.460800000000000320e-01
2.530000000000000000e+04 9.461759999999999060e-01
2.540000000000000000e+04 9.490720000000000267e-01
2.550000000000000000e+04 9.481439999999998758e-01
2.560000000000000000e+04 9.435760000000000813e-01
2.570000000000000000e+04 9.487999999999999767e-01
2.580000000000000000e+04 9.537000000000001032e-01
2.590000000000000000e+04 9.384639999999999649e-01
2.600000000000000000e+04 9.534880000000001132e-01
2.610000000000000000e+04 9.615919999999998913e-01
2.620000000000000000e+04 9.516319999999999224e-01
2.630000000000000000e+04 9.579919999999999547e-01
2.640000000000000000e+04 9.568360000000000198e-01
2.650000000000000000e+04 9.453080000000000371e-01
2.660000000000000000e+04 9.528840000000000643e-01
2.670000000000000000e+04 9.552000000000000490e-01
2.680000000000000000e+04 9.557479999999999309e-01
2.690000000000000000e+04 9.504840000000001066e-01
2.700000000000000000e+04 9.500680000000000236e-01
2.710000000000000000e+04 9.564360000000000639e-01
2.720000000000000000e+04 9.515280000000000404e-01
2.730000000000000000e+04 9.474919999999998899e-01
2.740000000000000000e+04 9.497999999999999776e-01
2.750000000000000000e+04 9.536320000000000352e-01
2.760000000000000000e+04 9.513599999999999834e-01
2.770000000000000000e+04 9.546439999999999371e-01
2.780000000000000000e+04 9.528759999999999453e-01
2.790000000000000000e+04 9.584719999999999906e-01
2.800000000000000000e+04 9.507520000000000415e-01
2.810000000000000000e+04 9.514799999999999924e-01
2.820000000000000000e+04 9.488879999999999537e-01
2.830000000000000000e+04 9.581679999999999087e-01
2.840000000000000000e+04 9.600279999999999925e-01
2.850000000000000000e+04 9.580319999999999947e-01
2.860000000000000000e+04 9.550279999999999880e-01
2.870000000000000000e+04 9.591640000000000166e-01
2.880000000000000000e+04 9.595040000000000235e-01
2.890000000000000000e+04 9.428799999999999404e-01
2.900000000000000000e+04 9.611639999999999073e-01
2.910000000000000000e+04 9.646759999999999780e-01
2.920000000000000000e+04 9.430119999999999614e-01
2.930000000000000000e+04 9.563960000000000239e-01
2.940000000000000000e+04 9.485079999999999067e-01
2.950000000000000000e+04 9.561319999999998709e-01
2.960000000000000000e+04 9.493039999999999257e-01
2.970000000000000000e+04 9.516319999999999224e-01
2.980000000000000000e+04 9.594319999999999515e-01
2.990000000000000000e+04 9.573399999999998577e-01
3.000000000000000000e+04 9.493240000000000567e-01
