0.000000000000000000e+00 4.768563666511015375e-01
1.000000000000000000e+02 3.412564453047005064e-01
2.000000000000000000e+02 3.568820567223371931e-01
3.000000000000000000e+02 3.613583990472345464e-01
4.000000000000000000e+02 3.909007639788046884e-01
5.000000000000000000e+02 4.064418149682461623e-01
6.000000000000000000e+02 3.998115869788896326e-01
7.000000000000000000e+02 4.057042021530332110e-01
8.000000000000000000e+02 4.197649716007093579e-01
9.000000000000000000e+02 4.276892236356700794e-01
1.000000000000000000e+03 4.348602255455811805e-01
1.100000000000000000e+03 4.365883097659353229e-01
1.200000000000000000e+03 4.274655138849485780e-01
1.300000000000000000e+03 4.550227123109408245e-01
1.400000000000000000e+03 4.595465155187097306e-01
1.500000000000000000e+03 4.591699577291302736e-01
1.600000000000000000e+03 4.646186445150863320e-01
1.700000000000000000e+03 4.549546961307222581e-01
1.800000000000000000e+03 4.480051257599778625e-01
1.900000000000000000e+03 4.849257291705076911e-01
2.000000000000000000e+03 4.843920153718903610e-01
2.100000000000000000e+03 4.858884024555817915e-01
2.200000000000000000e+03 5.176813710760762577e-01
2.300000000000000000e+03 5.112609832433174795e-01
2.400000000000000000e+03 5.043644248665622998e-01
2.500000000000000000e+03 5.077802240045272697e-01
2.600000000000000000e+03 5.099088707587702274e-01
2.700000000000000000e+03 5.332708742737656271e-01
2.800000000000000000e+03 5.333714180262005833e-01
2.900000000000000000e+03 5.188091632166349498e-01
3.000000000000000000e+03 5.677654335713866462e-01
3.100000000000000000e+03 5.247062503577379911e-01
3.200000000000000000e+03 5.692218327328120164e-01
3.300000000000000000e+03 5.672425861233931776e-01
3.400000000000000000e+03 5.489971721589035347e-01
3.500000000000000000e+03 5.789266305439730864e-01
3.600000000000000000e+03 5.968998912505868448e-01
3.700000000000000000e+03 6.040120344184783940e-01
3.800000000000000000e+03 6.158929487778737055e-01
3.900000000000000000e+03 6.361036180698385056e-01
4.000000000000000000e+03 6.272787904825805061e-01
4.100000000000000000e+03 6.402026820002026941e-01
4.200000000000000000e+03 6.529866846566545480e-01
4.300000000000000000e+03 6.917871520151753773e-01
4.400000000000000000e+03 6.354019354046867019e-01
4.500000000000000000e+03 6.671139976345457079e-01
4.600000000000000000e+03 6.736371497345229331e-01
4.700000000000000000e+03 6.608690395676946050e-01
4.800000000000000000e+03 6.736139976823249942e-01
4.900000000000000000e+03 6.853862602001672411e-01
5.000000000000000000e+03 6.268217558571173020e-01
5.100000000000000000e+03 6.820328583376008558e-01
5.200000000000000000e+03 6.770012881364833035e-01
5.300000000000000000e+03 6.947753781980332555e-01
5.400000000000000000e+03 6.913195986087352640e-01
5.500000000000000000e+03 7.071856496514247192e-01
5.600000000000000000e+03 7.140741856564484236e-01
5.700000000000000000e+03 7.206289453921812527e-01
5.800000000000000000e+03 7.518180754158050316e-01
5.900000000000000000e+03 7.110191712474501768e-01
6.000000000000000000e+03 7.064209166659534134e-01
6.100000000000000000e+03 7.305381860029546148e-01
6.200000000000000000e+03 7.414256657181907961e-01
6.300000000000000000e+03 7.573758640636546469e-01
6.400000000000000000e+03 7.474599486915360913e-01
6.500000000000000000e+03 7.530855591585607911e-01
6.600000000000000000e+03 7.429787963094163228e-01
6.700000000000000000e+03 7.446681267105074165e-01
6.800000000000000000e+03 7.701674563217296710e-01
6.900000000000000000e+03 7.740965843373477373e-01
7.000000000000000000e+03 7.757321363009859194e-01
7.100000000000000000e+03 7.529254748533427133e-01
7.200000000000000000e+03 7.759652652809356788e-01
7.300000000000000000e+03 7.868023989445959154e-01
7.400000000000000000e+03 7.951718258488552626e-01
7.500000000000000000e+03 7.757808334556316465e-01
7.600000000000000000e+03 7.813407724283696343e-01
7.700000000000000000e+03 7.758600647760309776e-01
7.800000000000000000e+03 7.964698412022592766e-01
7.900000000000000000e+03 8.060251447416042492e-01
8.000000000000000000e+03 7.971931429883998277e-01
8.100000000000000000e+03 8.027372961006959962e-01
8.200000000000000000e+03 8.014118905595299935e-01
8.300000000000000000e+03 8.205416536065918143e-01
8.400000000000000000e+03 8.147646714026556269e-01
8.500000000000000000e+03 8.283028882644128954e-01
8.600000000000000000e+03 7.922332900853321647e-01
8.700000000000000000e+03 7.970185658048836164e-01
8.800000000000000000e+03 8.249874368676146652e-01
8.900000000000000000e+03 8.025872967392346791e-01
9.000000000000000000e+03 7.896051474611278653e-01
9.100000000000000000e+03 8.262271048388472039e-01
9.200000000000000000e+03 8.228523501723480349e-01
9.300000000000000000e+03 8.039320763652896273e-01
9.400000000000000000e+03 8.117652694080612630e-01
9.500000000000000000e+03 8.144503992086115085e-01
9.600000000000000000e+03 8.248774069458046920e-01
9.700000000000000000e+03 8.167799468667138463e-01
9.800000000000000000e+03 8.338245320152963824e-01
9.900000000000000000e+03 8.373702181117181897e-01
1.000000000000000000e+04 8.273544360732463243e-01
1.010000000000000000e+04 8.417949812761644779e-01
1.020000000000000000e+04 8.309391898352975758e-01
1.030000000000000000e+04 8.460334916111258430e-01
1.040000000000000000e+04 8.271483812639580657e-01
1.050000000000000000e+04 8.484182318505262277e-01
1.060000000000000000e+04 8.446193772018757429e-01
1.070000000000000000e+04 8.588681203709895851e-01
1.080000000000000000e+04 8.512907640882173554e-01
1.090000000000000000e+04 8.503317105454435421e-01
1.100000000000000000e+04 8.542693845031718025e-01
1.110000000000000000e+04 8.696978120131081402e-01
1.120000000000000000e+04 8.508297644720950181e-01
1.130000000000000000e+04 8.597738730568499355e-01
1.140000000000000000e+04 8.557909079066938762e-01
1.150000000000000000e+04 8.507941790414537131e-01
1.160000000000000000e+04 8.563074090710800501e-01
1.170000000000000000e+04 8.694355581702106761e-01
1.180000000000000000e+04 8.646252410464985161e-01
1.190000000000000000e+04 8.666141149804131860e-01
1.200000000000000000e+04 8.605616866809744359e-01
1.210000000000000000e+04 8.723026722541367128e-01
1.220000000000000000e+04 8.657822632273397545e-01
1.230000000000000000e+04 8.747566284870604836e-01
1.240000000000000000e+04 8.698185542325959085e-01
1.250000000000000000e+04 8.736671919798503216e-01
1.260000000000000000e+04 8.799252364107227331e-01
1.270000000000000000e+04 8.734209171111460002e-01
1.280000000000000000e+04 8.683299136134023932e-01
1.290000000000000000e+04 8.722803318869861711e-01
1.300000000000000000e+04 8.659215818082041105e-01
1.310000000000000000e+04 8.687080573120571358e-01
1.320000000000000000e+04 8.853134380727551989e-01
1.330000000000000000e+04 8.704029844116168979e-01
1.340000000000000000e+04 8.651279688279895907e-01
1.350000000000000000e+04 8.850939747728676643e-01
1.360000000000000000e+04 8.938214372204696945e-01
1.370000000000000000e+04 8.812183440891456776e-01
1.380000000000000000e+04 8.905083558850811487e-01
1.390000000000000000e+04 8.789003156304718845e-01
1.400000000000000000e+04 8.689869315876890266e-01
1.410000000000000000e+04 8.812152295318609330e-01
1.420000000000000000e+04 8.671723165359257468e-01
1.430000000000000000e+04 8.961776962783620792e-01
1.440000000000000000e+04 8.976277003072474781e-01
1.450000000000000000e+04 8.942106418215488572e-01
1.460000000000000000e+04 8.890283297444030453e-01
1.470000000000000000e+04 8.898782231773847418e-01
1.480000000000000000e+04 8.844053061495045220e-01
1.490000000000000000e+04 9.068145714863323770e-01
1.500000000000000000e+04 8.913619734002823369e-01
1.510000000000000000e+04 8.913880293341824856e-01
1.520000000000000000e+04 8.987291357054488783e-01
1.530000000000000000e+04 8.959300518641859501e-01
1.540000000000000000e+04 8.883973474608863885e-01
1.550000000000000000e+04 8.817137319545005347e-01
1.560000000000000000e+04 9.101832359634690617e-01
1.570000000000000000e+04 9.111746814583659981e-01
1.580000000000000000e+04 9.093893908891738098e-01
1.590000000000000000e+04 9.001162931336178508e-01
1.600000000000000000e+04 9.007316536471861035e-01
1.610000000000000000e+04 9.189078557960498328e-01
1.620000000000000000e+04 9.015696313723466915e-01
1.630000000000000000e+04 9.028614845269455902e-01
1.640000000000000000e+04 9.131755545953881281e-01
1.650000000000000000e+04 9.091041312646166439e-01
1.660000000000000000e+04 9.212008361489151254e-01
1.670000000000000000e+04 9.093556974729942732e-01
1.680000000000000000e+04 9.199400090674503261e-01
1.690000000000000000e+04 9.034141389855780968e-01
1.700000000000000000e+04 9.080587992452076040e-01
1.710000000000000000e+04 9.258172463360961890e-01
1.720000000000000000e+04 9.199081758323013336e-01
1.730000000000000000e+04 9.260538607067514416e-01
1.740000000000000000e+04 9.151438506274899298e-01
1.750000000000000000e+04 9.215856587586502835e-01
1.760000000000000000e+04 9.034101838212131863e-01
1.770000000000000000e+04 9.342179420775338361e-01
1.780000000000000000e+04 9.241714123798077107e-01
1.790000000000000000e+04 9.113091677312279426e-01
1.800000000000000000e+04 9.356875347813734534e-01
1.810000000000000000e+04 9.212573721221565259e-01
1.820000000000000000e+04 9.306262609879030201e-01
1.830000000000000000e+04 9.184116708833115483e-01
1.840000000000000000e+04 9.227235728590301722e-01
1.850000000000000000e+04 9.165075521405037229e-01
1.860000000000000000e+04 9.279515474152937315e-01
1.870000000000000000e+04 9.312798539502538109e-01
1.880000000000000000e+04 9.172265518058708711e-01
1.890000000000000000e+04 9.207736207869263723e-01
1.900000000000000000e+04 9.314411230199400871e-01
1.910000000000000000e+04 9.186740522508579643e-01
1.920000000000000000e+04 9.360622917040237745e-01
1.930000000000000000e+04 9.252103519072453208e-01
1.940000000000000000e+04 9.279160463737444742e-01
1.950000000000000000e+04 9.256505831311521160e-01
1.960000000000000000e+04 9.216083434780528716e-01
1.970000000000000000e+04 9.377368049804422068e-01
1.980000000000000000e+04 9.260129657199739350e-01
1.990000000000000000e+04 9.316474421899165748e-01
2.000000000000000000e+04 9.323711346947058942e-01
2.010000000000000000e+04 9.300583700939398790e-01
2.020000000000000000e+04 9.436142109316379978e-01
2.030000000000000000e+04 9.306260959077055084e-01
2.040000000000000000e+04 9.373792976720696224e-01
2.050000000000000000e+04 9.356565413149304788e-01
2.060000000000000000e+04 9.251457711220217872e-01
2.070000000000000000e+04 9.218927760230487545e-01
2.080000000000000000e+04 9.232975275770414214e-01
2.090000000000000000e+04 9.293484011138053447e-01
2.100000000000000000e+04 9.366333909424748860e-01
2.110000000000000000e+04 9.257804071852308025e-01
2.120000000000000000e+04 9.296061816801415301e-01
2.130000000000000000e+04 9.254552877296878810e-01
2.140000000000000000e+04 9.329334662064872052e-01
2.150000000000000000e+04 9.284075146946006996e-01
2.160000000000000000e+04 9.266124880486293902e-01
2.170000000000000000e+04 9.300281709723379198e-01
2.180000000000000000e+04 9.333366346061123808e-01
2.190000000000000000e+04 9.326922753957046508e-01
2.200000000000000000e+04 9.233604269050497138e-01
2.210000000000000000e+04 9.243932033584372210e-01
2.220000000000000000e+04 9.302445373050759470e-01
2.230000000000000000e+04 9.391183997264259675e-01
2.240000000000000000e+04 9.214549799258229257e-01
2.250000000000000000e+04 9.277158013999443620e-01
2.260000000000000000e+04 9.335375242279901897e-01
2.270000000000000000e+04 9.272471378351710980e-01
2.280000000000000000e+04 9.275492063660480957e-01
2.290000000000000000e+04 9.356060002038780743e-01
2.300000000000000000e+04 9.373573010217161050e-01
2.310000000000000000e+04 9.338810680784348506e-01
2.320000000000000000e+04 9.228825850258212116e-01
2.330000000000000000e+04 9.274883460858437401e-01
2.340000000000000000e+04 9.285235598694406844e-01
2.350000000000000000e+04 9.301685468649322219e-01
2.360000000000000000e+04 9.345352025057159784e-01
2.370000000000000000e+04 9.217242793960364056e-01
2.380000000000000000e+04 9.286084068815358972e-01
2.390000000000000000e+04 9.233178025603481220e-01
2.400000000000000000e+04 9.258691221304781171e-01
2.410000000000000000e+04 9.257606417002385291e-01
2.420000000000000000e+04 9.371062253436767131e-01
2.430000000000000000e+04 9.221575667246685315e-01
2.440000000000000000e+04 9.384461066478525515e-01
2.450000000000000000e+04 9.294347048134611322e-01
2.460000000000000000e+04 9.237992390788668517e-01
2.470000000000000000e+04 9.389427354073844878e-01
2.480000000000000000e+04 9.317623253457045784e-01
2.490000000000000000e+04 9.428084260203197786e-01
2.500000000000000000e+04 9.271518436907222327e-01
2.510000000000000000e+04 9.308968785916279520e-01
2.520000000000000000e+04 9.352549032615080637e-01
2.530000000000000000e+04 9.336769785623084683e-01
2.540000000000000000e+04 9.428444844688697035e-01
2.550000000000000000e+04 9.410767711140154423e-01
2.560000000000000000e+04 9.301571629138359887e-01
2.570000000000000000e+04 9.328403356203615049e-01
2.580000000000000000e+04 9.329612888872307330e-01
2.590000000000000000e+04 9.348002080250397139e-01
2.600000000000000000e+04 9.270949783996967897e-01
2.610000000000000000e+04 9.361331039553864031e-01
2.620000000000000000e+04 9.451269896644146629e-01
2.630000000000000000e+04 9.333151066737371826e-01
2.640000000000000000e+04 9.453976861410570143e-01
2.650000000000000000e+04 9.392661984747063819e-01
2.660000000000000000e+04 9.369117888301157215e-01
2.670000000000000000e+04 9.405541800798029595e-01
2.680000000000000000e+04 9.381858002180555323e-01
2.690000000000000000e+04 9.319299662284998842e-01
2.700000000000000000e+04 9.364836796770092953e-01
2.710000000000000000e+04 9.409001115095566581e-01
2.720000000000000000e+04 9.423813454267633283e-01
2.730000000000000000e+04 9.320219231385156178e-01
2.740000000000000000e+04 9.263663961424131177e-01
2.750000000000000000e+04 9.344691869887745694e-01
2.760000000000000000e+04 9.277103839015068409e-01
2.770000000000000000e+04 9.406259615655148121e-01
2.780000000000000000e+04 9.339062907983551876e-01
2.790000000000000000e+04 9.321989858897210546e-01
2.800000000000000000e+04 9.314418444921509499e-01
2.810000000000000000e+04 9.447218512984738581e-01
2.820000000000000000e+04 9.320183511197011050e-01
2.830000000000000000e+04 9.316449295112475548e-01
2.840000000000000000e+04 9.419133070558975973e-01
2.850000000000000000e+04 9.334560633467883228e-01
2.860000000000000000e+04 9.293448045797332302e-01
2.870000000000000000e+04 9.325374510827411090e-01
2.880000000000000000e+04 9.315993137773067589e-01
2.890000000000000000e+04 9.362005943322982970e-01
2.900000000000000000e+04 9.473221745641432490e-01
2.910000000000000000e+04 9.415098417447609336e-01
2.920000000000000000e+04 9.301213131002536993e-01
2.930000000000000000e+04 9.305269875557324877e-01
2.940000000000000000e+04 9.338207903107766938e-01
2.950000000000000000e+04 9.320131453820008627e-01
2.960000000000000000e+04 9.398355649828624703e-01
2.970000000000000000e+04 9.263048471479451429e-01
2.980000000000000000e+04 9.336962441616771802e-01
2.990000000000000000e+04 9.313897059269525824e-01
3.000000000000000000e+04 9.367096273527486527e-01
