0.000000000000000000e+00 4.615119999999999778e-01
1.000000000000000000e+02 1.963440000000000185e-01
2.000000000000000000e+02 2.410920000000000285e-01
3.000000000000000000e+02 2.571839999999999682e-01
4.000000000000000000e+02 3.331560000000000077e-01
5.000000000000000000e+02 3.702879999999999505e-01
6.000000000000000000e+02 3.609279999999999156e-01
7.000000000000000000e+02 3.705120000000000635e-01
8.000000000000000000e+02 3.889880000000000004e-01
9.000000000000000000e+02 4.115759999999999974e-01
1.000000000000000000e+03 4.182640000000000247e-01
1.100000000000000000e+03 4.223959999999999937e-01
1.200000000000000000e+03 4.120280000000000054e-01
1.300000000000000000e+03 4.463319999999999510e-01
1.400000000000000000e+03 4.562959999999999794e-01
1.500000000000000000e+03 4.554880000000000040e-01
1.600000000000000000e+03 4.691359999999999419e-01
1.700000000000000000e+03 4.508880000000000110e-01
1.800000000000000000e+03 4.388600000000000279e-01
1.900000000000000000e+03 5.029359999999999387e-01
2.000000000000000000e+03 4.907639999999999780e-01
2.100000000000000000e+03 4.989520000000000621e-01
2.200000000000000000e+03 5.355039999999999800e-01
2.300000000000000000e+03 5.240359999999999463e-01
2.400000000000000000e+03 5.104960000000000608e-01
2.500000000000000000e+03 5.139799999999999924e-01
2.600000000000000000e+03 5.214800000000000546e-01
2.700000000000000000e+03 5.505240000000000133e-01
2.800000000000000000e+03 5.254240000000000022e-01
2.900000000000000000e+03 5.346440000000000081e-01
3.000000000000000000e+03 5.859559999999999214e-01
3.100000000000000000e+03 5.388959999999999306e-01
3.200000000000000000e+03 5.761240000000000805e-01
3.300000000000000000e+03 5.790880000000000472e-01
3.400000000000000000e+03 5.656599999999999406e-01
3.500000000000000000e+03 5.822559999999999958e-01
3.600000000000000000e+03 6.063639999999999031e-01
3.700000000000000000e+03 6.165239999999999609e-01
3.800000000000000000e+03 6.274960000000000537e-01
3.900000000000000000e+03 6.291879999999999695e-01
4.000000000000000000e+03 6.376119999999999566e-01
4.100000000000000000e+03 6.208679999999999755e-01
4.200000000000000000e+03 6.559399999999999675e-01
4.300000000000000000e+03 6.767199999999998772e-01
4.400000000000000000e+03 6.311879999999999713e-01
4.500000000000000000e+03 6.593519999999999381e-01
4.600000000000000000e+03 6.650080000000000435e-01
4.700000000000000000e+03 6.473839999999999595e-01
4.800000000000000000e+03 6.725919999999999677e-01
4.900000000000000000e+03 6.809359999999999857e-01
5.000000000000000000e+03 6.218239999999999323e-01
5.100000000000000000e+03 6.754519999999999413e-01
5.200000000000000000e+03 6.755600000000001604e-01
5.300000000000000000e+03 6.921680000000001165e-01
5.400000000000000000e+03 6.783919999999999950e-01
5.500000000000000000e+03 6.898360000000000047e-01
5.600000000000000000e+03 6.959119999999999751e-01
5.700000000000000000e+03 6.939279999999998783e-01
5.800000000000000000e+03 7.330559999999999299e-01
5.900000000000000000e+03 7.017759999999999554e-01
6.000000000000000000e+03 6.969920000000000559e-01
6.100000000000000000e+03 7.129200000000001092e-01
6.200000000000000000e+03 7.038279999999998982e-01
6.300000000000000000e+03 7.182119999999999616e-01
6.400000000000000000e+03 7.182159999999999656e-01
6.500000000000000000e+03 7.191799999999999304e-01
6.600000000000000000e+03 7.195039999999999214e-01
6.700000000000000000e+03 7.169199999999998907e-01
6.800000000000000000e+03 7.404999999999999361e-01
6.900000000000000000e+03 7.387839999999999963e-01
7.000000000000000000e+03 7.340119999999998868e-01
7.100000000000000000e+03 7.206839999999999913e-01
7.200000000000000000e+03 7.382600000000000273e-01
7.300000000000000000e+03 7.525260000000000282e-01
7.400000000000000000e+03 7.613559999999999217e-01
7.500000000000000000e+03 7.444520000000000026e-01
7.600000000000000000e+03 7.476599999999999913e-01
7.700000000000000000e+03 7.524399999999999977e-01
7.800000000000000000e+03 7.532879999999999576e-01
7.900000000000000000e+03 7.765560000000000240e-01
8.000000000000000000e+03 7.585999999999999410e-01
8.100000000000000000e+03 7.681240000000000290e-01
8.200000000000000000e+03 7.729920000000000124e-01
8.300000000000000000e+03 7.939680000000000071e-01
8.400000000000000000e+03 7.812879999999999825e-01
8.500000000000000000e+03 7.946999999999999620e-01
8.600000000000000000e+03 7.508920000000000039e-01
8.700000000000000000e+03 7.575119999999999632e-01
8.800000000000000000e+03 7.883959999999999857e-01
8.900000000000000000e+03 7.584999999999999520e-01
9.000000000000000000e+03 7.451400000000000245e-01
9.100000000000000000e+03 7.969200000000000728e-01
9.200000000000000000e+03 7.853239999999999110e-01
9.300000000000000000e+03 7.707279999999998576e-01
9.400000000000000000e+03 7.726880000000001525e-01
9.500000000000000000e+03 7.830599999999998673e-01
9.600000000000000000e+03 7.892559999999999576e-01
9.700000000000000000e+03 7.828239999999999643e-01
9.800000000000000000e+03 7.918159999999999643e-01
9.900000000000000000e+03 8.018440000000000012e-01
1.000000000000000000e+04 7.963279999999999248e-01
1.010000000000000000e+04 8.059319999999999817e-01
1.020000000000000000e+04 7.958199999999999719e-01
1.030000000000000000e+04 8.186880000000000823e-01
1.040000000000000000e+04 7.908800000000000274e-01
1.050000000000000000e+04 8.115679999999999561e-01
1.060000000000000000e+04 8.098159999999999803e-01
1.070000000000000000e+04 8.273399999999999643e-01
1.080000000000000000e+04 8.206280000000000241e-01
1.090000000000000000e+04 8.217679999999999430e-01
1.100000000000000000e+04 8.187399999999999123e-01
1.110000000000000000e+04 8.417239999999999167e-01
1.120000000000000000e+04 8.129680000000001350e-01
1.130000000000000000e+04 8.274639999999999773e-01
1.140000000000000000e+04 8.214920000000001110e-01
1.150000000000000000e+04 8.196840000000000792e-01
1.160000000000000000e+04 8.312440000000000939e-01
1.170000000000000000e+04 8.490959999999999619e-01
1.180000000000000000e+04 8.371519999999998962e-01
1.190000000000000000e+04 8.387039999999998940e-01
1.200000000000000000e+04 8.323120000000000518e-01
1.210000000000000000e+04 8.502159999999999718e-01
1.220000000000000000e+04 8.402320000000000899e-01
1.230000000000000000e+04 8.503640000000001198e-01
1.240000000000000000e+04 8.453719999999999013e-01
1.250000000000000000e+04 8.443319999999999714e-01
1.260000000000000000e+04 8.549039999999999973e-01
1.270000000000000000e+04 8.448080000000000034e-01
1.280000000000000000e+04 8.438440000000000385e-01
1.290000000000000000e+04 8.486399999999999499e-01
1.300000000000000000e+04 8.459679999999999422e-01
1.310000000000000000e+04 8.470079999999999831e-01
1.320000000000000000e+04 8.586040000000000338e-01
1.330000000000000000e+04 8.474360000000000781e-01
1.340000000000000000e+04 8.367080000000000073e-01
1.350000000000000000e+04 8.574680000000000080e-01
1.360000000000000000e+04 8.691339999999998511e-01
1.370000000000000000e+04 8.533600000000001184e-01
1.380000000000000000e+04 8.672799999999998288e-01
1.390000000000000000e+04 8.534360000000000834e-01
1.400000000000000000e+04 8.447959999999999914e-01
1.410000000000000000e+04 8.610160000000000036e-01
1.420000000000000000e+04 8.448200000000000154e-01
1.430000000000000000e+04 8.785479999999998846e-01
1.440000000000000000e+04 8.770959999999999868e-01
1.450000000000000000e+04 8.755720000000000169e-01
1.460000000000000000e+04 8.661280000000000090e-01
1.470000000000000000e+04 8.761279999999999069e-01
1.480000000000000000e+04 8.689559999999999507e-01
1.490000000000000000e+04 8.878399999999998515e-01
1.500000000000000000e+04 8.705359999999999765e-01
1.510000000000000000e+04 8.647479999999999611e-01
1.520000000000000000e+04 8.840959999999998820e-01
1.530000000000000000e+04 8.785199999999999676e-01
1.540000000000000000e+04 8.654920000000000391e-01
1.550000000000000000e+04 8.612079999999998625e-01
1.560000000000000000e+04 8.906560000000001143e-01
1.570000000000000000e+04 8.977959999999999274e-01
1.580000000000000000e+04 8.925920000000000520e-01
1.590000000000000000e+04 8.828239999999998311e-01
1.600000000000000000e+04 8.891839999999999744e-01
1.610000000000000000e+04 9.016240000000002031e-01
1.620000000000000000e+04 8.856959999999998168e-01
1.630000000000000000e+04 8.791080000000000005e-01
1.640000000000000000e+04 8.928639999999999910e-01
1.650000000000000000e+04 8.868800000000001127e-01
1.660000000000000000e+04 9.021919999999998829e-01
1.670000000000000000e+04 8.842240000000000100e-01
1.680000000000000000e+04 9.052759999999999696e-01
1.690000000000000000e+04 8.883999999999999675e-01
1.700000000000000000e+04 8.954079999999999817e-01
1.710000000000000000e+04 9.114039999999999919e-01
1.720000000000000000e+04 8.998159999999999492e-01
1.730000000000000000e+04 9.108319999999999750e-01
1.740000000000000000e+04 8.956600000000000117e-01
1.750000000000000000e+04 9.055479999999999086e-01
1.760000000000000000e+04 8.844799999999999329e-01
1.770000000000000000e+04 9.198120000000000740e-01
1.780000000000000000e+04 9.101519999999999611e-01
1.790000000000000000e+04 8.959319999999999506e-01
1.800000000000000000e+04 9.259119999999998463e-01
1.810000000000000000e+04 9.088399999999998702e-01
1.820000000000000000e+04 9.150479999999999725e-01
1.830000000000000000e+04 8.970719999999998695e-01
1.840000000000000000e+04 9.041000000000000147e-01
1.850000000000000000e+04 9.051640000000000796e-01
1.860000000000000000e+04 9.131499999999999062e-01
1.870000000000000000e+04 9.194760000000000710e-01
1.880000000000000000e+04 9.020439999999998459e-01
1.890000000000000000e+04 9.063519999999999355e-01
1.900000000000000000e+04 9.171879999999998923e-01
1.910000000000000000e+04 9.004519999999998081e-01
1.920000000000000000e+04 9.237880000000000535e-01
1.930000000000000000e+04 9.057079999999999576e-01
1.940000000000000000e+04 9.112760000000000860e-01
1.950000000000000000e+04 9.078559999999999963e-01
1.960000000000000000e+04 9.030240000000000489e-01
1.970000000000000000e+04 9.237119999999998665e-01
1.980000000000000000e+04 9.101080000000000281e-01
1.990000000000000000e+04 9.173720000000000763e-01
2.000000000000000000e+04 9.194200000000000150e-01
2.010000000000000000e+04 9.200959999999999139e-01
2.020000000000000000e+04 9.315799999999998526e-01
2.030000000000000000e+04 9.168319999999999803e-01
2.040000000000000000e+04 9.236560000000000326e-01
2.050000000000000000e+04 9.243439999999998324e-01
2.060000000000000000e+04 9.091160000000000352e-01
2.070000000000000000e+04 9.029279999999999529e-01
2.080000000000000000e+04 9.080040000000001443e-01
2.090000000000000000e+04 9.177440000000000042e-01
2.100000000000000000e+04 9.217800000000000438e-01
2.110000000000000000e+04 9.077439999999999953e-01
2.120000000000000000e+04 9.134559999999999347e-01
2.130000000000000000e+04 9.105800000000000560e-01
2.140000000000000000e+04 9.202080000000000259e-01
2.150000000000000000e+04 9.133919999999999817e-01
2.160000000000000000e+04 9.124359999999999138e-01
2.170000000000000000e+04 9.143080000000000096e-01
2.180000000000000000e+04 9.168839999999999213e-01
2.190000000000000000e+04 9.176359999999998962e-01
2.200000000000000000e+04 9.075720000000000454e-01
2.210000000000000000e+04 9.094599999999999351e-01
2.220000000000000000e+04 9.113679999999999559e-01
2.230000000000000000e+04 9.293679999999998609e-01
2.240000000000000000e+04 9.062639999999999585e-01
2.250000000000000000e+04 9.087199999999998612e-01
2.260000000000000000e+04 9.198560000000000070e-01
2.270000000000000000e+04 9.138399999999999856e-01
2.280000000000000000e+04 9.106039999999999690e-01
2.290000000000000000e+04 9.218480000000000008e-01
2.300000000000000000e+04 9.250040000000000484e-01
2.310000000000000000e+04 9.181439999999998491e-01
2.320000000000000000e+04 9.102639999999999620e-01
2.330000000000000000e+04 9.138999999999999346e-01
2.340000000000000000e+04 9.123879999999999768e-01
2.350000000000000000e+04 9.173919999999999852e-01
2.360000000000000000e+04 9.214320000000000288e-01
2.370000000000000000e+04 9.061519999999998465e-01
2.380000000000000000e+04 9.144640000000000546e-01
2.390000000000000000e+04 9.089479999999998672e-01
2.400000000000000000e+04 9.090480000000000782e-01
2.410000000000000000e+04 9.122879999999999878e-01
2.420000000000000000e+04 9.226399999999999046e-01
2.430000000000000000e+04 9.095159999999999911e-01
2.440000000000000000e+04 9.239999999999999325e-01
2.450000000000000000e+04 9.161519999999999664e-01
2.460000000000000000e+04 9.062159999999999105e-01
2.470000000000000000e+04 9.259119999999999573e-01
2.480000000000000000e+04 9.174080000000000013e-01
2.490000000000000000e+04 9.336079999999998824e-01
2.500000000000000000e+04 9.132079999999999087e-01
2.510000000000000000e+04 9.174599999999999422e-01
2.520000000000000000e+04 9.223959999999999937e-01
2.530000000000000000e+04 9.186959999999999571e-01
2.540000000000000000e+04 9.326999999999999735e-01
2.550000000000000000e+04 9.255120000000001124e-01
2.560000000000000000e+04 9.168559999999998933e-01
2.570000000000000000e+04 9.173439999999999372e-01
2.580000000000000000e+04 9.205799999999999539e-01
2.590000000000000000e+04 9.221999999999999087e-01
2.600000000000000000e+04 9.125479999999999148e-01
2.610000000000000000e+04 9.231719999999999926e-01
2.620000000000000000e+04 9.365559999999999441e-01
2.630000000000000000e+04 9.225199999999998957e-01
2.640000000000000000e+04 9.331960000000000255e-01
2.650000000000000000e+04 9.253759999999999764e-01
2.660000000000000000e+04 9.219799999999999107e-01
2.670000000000000000e+04 9.277200000000001001e-01
2.680000000000000000e+04 9.251800000000000024e-01
2.690000000000000000e+04 9.179559999999999942e-01
2.700000000000000000e+04 9.202879999999998839e-01
2.710000000000000000e+04 9.267279999999999962e-01
2.720000000000000000e+04 9.318199999999999816e-01
2.730000000000000000e+04 9.175200000000000022e-01
2.740000000000000000e+04 9.133759999999999657e-01
2.750000000000000000e+04 9.193959999999999910e-01
2.760000000000000000e+04 9.118079999999999519e-01
2.770000000000000000e+04 9.285959999999999770e-01
2.780000000000000000e+04 9.231879999999998976e-01
2.790000000000000000e+04 9.130439999999999667e-01
2.800000000000000000e+04 9.170440000000000813e-01
2.810000000000000000e+04 9.322960000000000136e-01
2.820000000000000000e+04 9.205639999999999379e-01
2.830000000000000000e+04 9.172239999999999283e-01
2.840000000000000000e+04 9.320119999999999516e-01
2.850000000000000000e+04 9.202600000000000779e-01
2.860000000000000000e+04 9.156000000000000805e-01
2.870000000000000000e+04 9.170000000000000373e-01
2.880000000000000000e+04 9.187039999999999651e-01
2.890000000000000000e+04 9.227679999999999216e-01
2.900000000000000000e+04 9.349560000000001203e-01
2.910000000000000000e+04 9.284919999999999840e-01
2.920000000000000000e+04 9.130319999999999547e-01
2.930000000000000000e+04 9.137040000000000717e-01
2.940000000000000000e+04 9.197600000000000220e-01
2.950000000000000000e+04 9.187440000000000051e-01
2.960000000000000000e+04 9.251599999999999824e-01
2.970000000000000000e+04 9.117480000000000029e-01
2.980000000000000000e+04 9.202159999999999229e-01
2.990000000000000000e+04 9.195479999999999210e-01
3.000000000000000000e+04 9.232799999999998786e-01
