0.000000000000000000e+00 5.166573151654584306e-01
1.000000000000000000e+02 4.157905190690586172e-01
2.000000000000000000e+02 4.652218296228910477e-01
3.000000000000000000e+02 5.294492379447899300e-01
4.000000000000000000e+02 6.103897401311304538e-01
5.000000000000000000e+02 6.589758638729705797e-01
6.000000000000000000e+02 6.382086379347486904e-01
7.000000000000000000e+02 6.900351468815513201e-01
8.000000000000000000e+02 6.946039956019561812e-01
9.000000000000000000e+02 7.195479780598532660e-01
1.000000000000000000e+03 7.605528560863092924e-01
1.100000000000000000e+03 7.714012631602731318e-01
1.200000000000000000e+03 7.694704613001530635e-01
1.300000000000000000e+03 7.645124335031661111e-01
1.400000000000000000e+03 8.003580438148631959e-01
1.500000000000000000e+03 8.096197432641147884e-01
1.600000000000000000e+03 8.117484877327578729e-01
1.700000000000000000e+03 8.159894882444909125e-01
1.800000000000000000e+03 8.369551895351151627e-01
1.900000000000000000e+03 7.936498514080314592e-01
2.000000000000000000e+03 8.353156762548606951e-01
2.100000000000000000e+03 8.246848296218877161e-01
2.200000000000000000e+03 8.296211081283287880e-01
2.300000000000000000e+03 8.162409668989136780e-01
2.400000000000000000e+03 8.707654130806683490e-01
2.500000000000000000e+03 8.622085646377625201e-01
2.600000000000000000e+03 8.637122624737479937e-01
2.700000000000000000e+03 8.515393658906168506e-01
2.800000000000000000e+03 8.574791056554407209e-01
2.900000000000000000e+03 8.523459779501076916e-01
3.000000000000000000e+03 8.763887488227932732e-01
3.100000000000000000e+03 8.689871489112088732e-01
3.200000000000000000e+03 8.570456893227995643e-01
3.300000000000000000e+03 8.746613913575340682e-01
3.400000000000000000e+03 8.641483985708162674e-01
3.500000000000000000e+03 8.705674770873075285e-01
3.600000000000000000e+03 8.599417982872530342e-01
3.700000000000000000e+03 8.689759641088597997e-01
3.800000000000000000e+03 8.848809234106929100e-01
3.900000000000000000e+03 8.689659045562123652e-01
4.000000000000000000e+03 8.571724207202026102e-01
4.100000000000000000e+03 8.957099631435669895e-01
4.200000000000000000e+03 8.734767061966042245e-01
4.300000000000000000e+03 8.850949168632049613e-01
4.400000000000000000e+03 8.731165860968408410e-01
4.500000000000000000e+03 8.989742582172386420e-01
4.600000000000000000e+03 8.929400388089135943e-01
4.700000000000000000e+03 8.939587365217044335e-01
4.800000000000000000e+03 8.921430581553964068e-01
4.900000000000000000e+03 9.140574990117882326e-01
5.000000000000000000e+03 8.731291302430856938e-01
5.100000000000000000e+03 8.769215065583629842e-01
5.200000000000000000e+03 9.087260005900534843e-01
5.300000000000000000e+03 8.887438628790231832e-01
5.400000000000000000e+03 8.950402966925601334e-01
5.500000000000000000e+03 9.009398068863502251e-01
5.600000000000000000e+03 9.143827531865169611e-01
5.700000000000000000e+03 9.067777021242739988e-01
5.800000000000000000e+03 9.049646895109171307e-01
5.900000000000000000e+03 9.183929098281472525e-01
6.000000000000000000e+03 8.926720370327380083e-01
6.100000000000000000e+03 8.904143185081301315e-01
6.200000000000000000e+03 9.147690206754343079e-01
6.300000000000000000e+03 9.025557928729848189e-01
6.400000000000000000e+03 9.075820666521481339e-01
6.500000000000000000e+03 8.997600950525911356e-01
6.600000000000000000e+03 9.172700274010308075e-01
6.700000000000000000e+03 9.008404843866365530e-01
6.800000000000000000e+03 9.089320902781473643e-01
6.900000000000000000e+03 9.217437293529797682e-01
7.000000000000000000e+03 9.166058137229964320e-01
7.100000000000000000e+03 9.133851120921689937e-01
7.200000000000000000e+03 9.086585601202449292e-01
7.300000000000000000e+03 9.061498768990472463e-01
7.400000000000000000e+03 9.096356225719919308e-01
7.500000000000000000e+03 9.110431505474206881e-01
7.600000000000000000e+03 9.061805170289100042e-01
7.700000000000000000e+03 9.070011013449086335e-01
7.800000000000000000e+03 9.126521154845361750e-01
7.900000000000000000e+03 9.281475100590650396e-01
8.000000000000000000e+03 9.110894610786508530e-01
8.100000000000000000e+03 9.096213787265284845e-01
8.200000000000000000e+03 9.274085474347210090e-01
8.300000000000000000e+03 9.251548937320495103e-01
8.400000000000000000e+03 9.151878733616027883e-01
8.500000000000000000e+03 9.217451709016177830e-01
8.600000000000000000e+03 9.148485463057149936e-01
8.700000000000000000e+03 9.251276727963165802e-01
8.800000000000000000e+03 9.196749841433468076e-01
8.900000000000000000e+03 9.234264191205852068e-01
9.000000000000000000e+03 9.217209238620995837e-01
9.100000000000000000e+03 9.040975581233577918e-01
9.200000000000000000e+03 9.189559549851579190e-01
9.300000000000000000e+03 9.173695455658499309e-01
9.400000000000000000e+03 9.290055599370163897e-01
9.500000000000000000e+03 9.352666766694232026e-01
9.600000000000000000e+03 9.225189513887315229e-01
9.700000000000000000e+03 9.235240591070441596e-01
9.800000000000000000e+03 9.245775496518331416e-01
9.900000000000000000e+03 9.212058566331836618e-01
1.000000000000000000e+04 9.301530761704279726e-01
1.010000000000000000e+04 9.320986406661200263e-01
1.020000000000000000e+04 9.259776929791352362e-01
1.030000000000000000e+04 9.201680095065124521e-01
1.040000000000000000e+04 9.267494172021990551e-01
1.050000000000000000e+04 9.264149441380689076e-01
1.060000000000000000e+04 9.367351040997675682e-01
1.070000000000000000e+04 9.364495162441877074e-01
1.080000000000000000e+04 9.347664981744112644e-01
1.090000000000000000e+04 9.382646152405120787e-01
1.100000000000000000e+04 9.293534339189827298e-01
1.110000000000000000e+04 9.375697733172120296e-01
1.120000000000000000e+04 9.331453771467169700e-01
1.130000000000000000e+04 9.312989408744566378e-01
1.140000000000000000e+04 9.356581223077484744e-01
1.150000000000000000e+04 9.385239314739595162e-01
1.160000000000000000e+04 9.447916653774738327e-01
1.170000000000000000e+04 9.218277397897067793e-01
1.180000000000000000e+04 9.307715448378940382e-01
1.190000000000000000e+04 9.335849370768355415e-01
1.200000000000000000e+04 9.309861490571712528e-01
1.210000000000000000e+04 9.404121062711066070e-01
1.220000000000000000e+04 9.252897753374708101e-01
1.230000000000000000e+04 9.471682750385829186e-01
1.240000000000000000e+04 9.327665632507056159e-01
1.250000000000000000e+04 9.423036628297001283e-01
1.260000000000000000e+04 9.429377637878716412e-01
1.270000000000000000e+04 9.440724401305279345e-01
1.280000000000000000e+04 9.336044988906366804e-01
1.290000000000000000e+04 9.288097668211120483e-01
1.300000000000000000e+04 9.326955777685306259e-01
1.310000000000000000e+04 9.453282983223637581e-01
1.320000000000000000e+04 9.479852570971862846e-01
1.330000000000000000e+04 9.454467700966135979e-01
1.340000000000000000e+04 9.324661233882198808e-01
1.350000000000000000e+04 9.474971351333228986e-01
1.360000000000000000e+04 9.393776838427018161e-01
1.370000000000000000e+04 9.410983813196611703e-01
1.380000000000000000e+04 9.375360653945228329e-01
1.390000000000000000e+04 9.388192722933639267e-01
1.400000000000000000e+04 9.337655738641571501e-01
1.410000000000000000e+04 9.478976668111116499e-01
1.420000000000000000e+04 9.354428119091148242e-01
1.430000000000000000e+04 9.409525754873493408e-01
1.440000000000000000e+04 9.399910237420592285e-01
1.450000000000000000e+04 9.449246227989499536e-01
1.460000000000000000e+04 9.479892168389582041e-01
1.470000000000000000e+04 9.348439457993880097e-01
1.480000000000000000e+04 9.422858921106007646e-01
1.490000000000000000e+04 9.325545203785519099e-01
1.500000000000000000e+04 9.307002132951421869e-01
1.510000000000000000e+04 9.469684739747392666e-01
1.520000000000000000e+04 9.443861571183133075e-01
1.530000000000000000e+04 9.416491314742525542e-01
1.540000000000000000e+04 9.354341913298583888e-01
1.550000000000000000e+04 9.365876704199437297e-01
1.560000000000000000e+04 9.488377628530294539e-01
1.570000000000000000e+04 9.430716749637710894e-01
1.580000000000000000e+04 9.307296560628914861e-01
1.590000000000000000e+04 9.382303861216376717e-01
1.600000000000000000e+04 9.487003974257768313e-01
1.610000000000000000e+04 9.496884713613318318e-01
1.620000000000000000e+04 9.405466746285296997e-01
1.630000000000000000e+04 9.419701003257212601e-01
1.640000000000000000e+04 9.427034616791443167e-01
1.650000000000000000e+04 9.355234876827834833e-01
1.660000000000000000e+04 9.462487752964352516e-01
1.670000000000000000e+04 9.507567311782003650e-01
1.680000000000000000e+04 9.419980480303316028e-01
1.690000000000000000e+04 9.362003135962566613e-01
1.700000000000000000e+04 9.446502845691766570e-01
1.710000000000000000e+04 9.390188386798207221e-01
1.720000000000000000e+04 9.476964034260283443e-01
1.730000000000000000e+04 9.525951924357883849e-01
1.740000000000000000e+04 9.375921615371846096e-01
1.750000000000000000e+04 9.436427080823350799e-01
1.760000000000000000e+04 9.446746814917211799e-01
1.770000000000000000e+04 9.404954537564942374e-01
1.780000000000000000e+04 9.369387574850340794e-01
1.790000000000000000e+04 9.395272990961924808e-01
1.800000000000000000e+04 9.443675554178644349e-01
1.810000000000000000e+04 9.451376329819889399e-01
1.820000000000000000e+04 9.453874918789255677e-01
1.830000000000000000e+04 9.562049652893900298e-01
1.840000000000000000e+04 9.528592991561251058e-01
1.850000000000000000e+04 9.437904214444405859e-01
1.860000000000000000e+04 9.519957873259092818e-01
1.870000000000000000e+04 9.420789706579462131e-01
1.880000000000000000e+04 9.475653741441422140e-01
1.890000000000000000e+04 9.379825193966294661e-01
1.900000000000000000e+04 9.436875006855446335e-01
1.910000000000000000e+04 9.321466038055561398e-01
1.920000000000000000e+04 9.503319697409846611e-01
1.930000000000000000e+04 9.538139233053284372e-01
1.940000000000000000e+04 9.489740904214123418e-01
1.950000000000000000e+04 9.457652007195563870e-01
1.960000000000000000e+04 9.506888162627382677e-01
1.970000000000000000e+04 9.483452120696655996e-01
1.980000000000000000e+04 9.389967952228962522e-01
1.990000000000000000e+04 9.533420185283796311e-01
2.000000000000000000e+04 9.532728628102574708e-01
2.010000000000000000e+04 9.440184808302989339e-01
2.020000000000000000e+04 9.415734466058051089e-01
2.030000000000000000e+04 9.595014460935602507e-01
2.040000000000000000e+04 9.539555878501124742e-01
2.050000000000000000e+04 9.494881797616319119e-01
2.060000000000000000e+04 9.289125325656408805e-01
2.070000000000000000e+04 9.387619384257605004e-01
2.080000000000000000e+04 9.424683856763471645e-01
2.090000000000000000e+04 9.476962996571504094e-01
2.100000000000000000e+04 9.411261119836845657e-01
2.110000000000000000e+04 9.497538232373299305e-01
2.120000000000000000e+04 9.448329271683284514e-01
2.130000000000000000e+04 9.508251862799631526e-01
2.140000000000000000e+04 9.497915113731703052e-01
2.150000000000000000e+04 9.519280712621266405e-01
2.160000000000000000e+04 9.507163742268530671e-01
2.170000000000000000e+04 9.399182266683254738e-01
2.180000000000000000e+04 9.431960685455833548e-01
2.190000000000000000e+04 9.492984779556372654e-01
2.200000000000000000e+04 9.452823553063584017e-01
2.210000000000000000e+04 9.458176693148740988e-01
2.220000000000000000e+04 9.512914670831377206e-01
2.230000000000000000e+04 9.629560917991529800e-01
2.240000000000000000e+04 9.436517981838157265e-01
2.250000000000000000e+04 9.401323777966184014e-01
2.260000000000000000e+04 9.396904561916792353e-01
2.270000000000000000e+04 9.465952652673768064e-01
2.280000000000000000e+04 9.559450170816017334e-01
2.290000000000000000e+04 9.496145325896040434e-01
2.300000000000000000e+04 9.413597956320374216e-01
2.310000000000000000e+04 9.414324206531652361e-01
2.320000000000000000e+04 9.578882769408851861e-01
2.330000000000000000e+04 9.415349407778992319e-01
2.340000000000000000e+04 9.498757708927600962e-01
2.350000000000000000e+04 9.448259275948136526e-01
2.360000000000000000e+04 9.512172319217035987e-01
2.370000000000000000e+04 9.412040493609955538e-01
2.380000000000000000e+04 9.467898667562588688e-01
2.390000000000000000e+04 9.519838333766206251e-01
2.400000000000000000e+04 9.506709157569310786e-01
2.410000000000000000e+04 9.492903314033663831e-01
2.420000000000000000e+04 9.499947524151063361e-01
2.430000000000000000e+04 9.425380430198296855e-01
2.440000000000000000e+04 9.412321157514885739e-01
2.450000000000000000e+04 9.541113047545641823e-01
2.460000000000000000e+04 9.579437992873989227e-01
2.470000000000000000e+04 9.562265514247771936e-01
2.480000000000000000e+04 9.546312525074057698e-01
2.490000000000000000e+04 9.599359960404250103e-01
2.500000000000000000e+04 9.521707334826259306e-01
2.510000000000000000e+04 9.489330621257644482e-01
2.520000000000000000e+04 9.502614824152232353e-01
2.530000000000000000e+04 9.434899617240102287e-01
2.540000000000000000e+04 9.555570342730050903e-01
2.550000000000000000e+04 9.518913087084869273e-01
2.560000000000000000e+04 9.542311342830525067e-01
2.570000000000000000e+04 9.408498047332659597e-01
2.580000000000000000e+04 9.533171603832172325e-01
2.590000000000000000e+04 9.371558879249267671e-01
2.600000000000000000e+04 9.352157877439639666e-01
2.610000000000000000e+04 9.448494223692406324e-01
2.620000000000000000e+04 9.511268832291869257e-01
2.630000000000000000e+04 9.537554410433789487e-01
2.640000000000000000e+04 9.528823505059268451e-01
2.650000000000000000e+04 9.457822018067376657e-01
2.660000000000000000e+04 9.500656208823261561e-01
2.670000000000000000e+04 9.461972781217736772e-01
2.680000000000000000e+04 9.492377204678814628e-01
2.690000000000000000e+04 9.425731253027391787e-01
2.700000000000000000e+04 9.507959479790721868e-01
2.710000000000000000e+04 9.536629485490475400e-01
2.720000000000000000e+04 9.496840825053350921e-01
2.730000000000000000e+04 9.498924425646200209e-01
2.740000000000000000e+04 9.497550174520312805e-01
2.750000000000000000e+04 9.538890299999500666e-01
2.760000000000000000e+04 9.410955308659506580e-01
2.770000000000000000e+04 9.513131976880933038e-01
2.780000000000000000e+04 9.529450494417751605e-01
2.790000000000000000e+04 9.424102075488614005e-01
2.800000000000000000e+04 9.480309102530461995e-01
2.810000000000000000e+04 9.507852223956251292e-01
2.820000000000000000e+04 9.309137390240616039e-01
2.830000000000000000e+04 9.564310003030673801e-01
2.840000000000000000e+04 9.536034534086638148e-01
2.850000000000000000e+04 9.557302859410908846e-01
2.860000000000000000e+04 9.494716518934875893e-01
2.870000000000000000e+04 9.577713087671798631e-01
2.880000000000000000e+04 9.496407174716766653e-01
2.890000000000000000e+04 9.522358571853377640e-01
2.900000000000000000e+04 9.438616032932133360e-01
2.910000000000000000e+04 9.473656215987497076e-01
2.920000000000000000e+04 9.550658821710069635e-01
2.930000000000000000e+04 9.498945372176278434e-01
2.940000000000000000e+04 9.565366440070595111e-01
2.950000000000000000e+04 9.477713435106176476e-01
2.960000000000000000e+04 9.532644192681963835e-01
2.970000000000000000e+04 9.452459046409900090e-01
2.980000000000000000e+04 9.358311233808405127e-01
2.990000000000000000e+04 9.437952914418371586e-01
3.000000000000000000e+04 9.542560558365896783e-01
