0.000000000000000000e+00 5.185400000000000009e-01
1.000000000000000000e+02 3.947379999999999778e-01
2.000000000000000000e+02 4.850200000000000067e-01
3.000000000000000000e+02 5.549799999999999178e-01
4.000000000000000000e+02 6.158759999999999790e-01
5.000000000000000000e+02 6.762839999999999963e-01
6.000000000000000000e+02 6.501600000000000712e-01
7.000000000000000000e+02 7.089880000000000626e-01
8.000000000000000000e+02 7.030719999999999192e-01
9.000000000000000000e+02 7.150279999999999969e-01
1.000000000000000000e+03 7.604239999999999888e-01
1.100000000000000000e+03 7.577439999999999731e-01
1.200000000000000000e+03 7.609639999999999738e-01
1.300000000000000000e+03 7.682519999999999349e-01
1.400000000000000000e+03 7.947239999999999860e-01
1.500000000000000000e+03 7.908959999999999324e-01
1.600000000000000000e+03 8.013240000000000363e-01
1.700000000000000000e+03 8.090319999999999734e-01
1.800000000000000000e+03 8.236559999999999437e-01
1.900000000000000000e+03 7.859039999999999360e-01
2.000000000000000000e+03 8.318280000000000118e-01
2.100000000000000000e+03 8.019319999999998672e-01
2.200000000000000000e+03 8.103919999999998902e-01
2.300000000000000000e+03 8.126960000000000850e-01
2.400000000000000000e+03 8.543920000000000403e-01
2.500000000000000000e+03 8.437759999999999705e-01
2.600000000000000000e+03 8.404600000000000959e-01
2.700000000000000000e+03 8.376440000000000552e-01
2.800000000000000000e+03 8.401560000000000139e-01
2.900000000000000000e+03 8.408319999999998018e-01
3.000000000000000000e+03 8.623739999999998629e-01
3.100000000000000000e+03 8.496320000000001649e-01
3.200000000000000000e+03 8.481479999999999020e-01
3.300000000000000000e+03 8.612680000000000335e-01
3.400000000000000000e+03 8.572800000000000420e-01
3.500000000000000000e+03 8.542679999999999163e-01
3.600000000000000000e+03 8.456679999999999753e-01
3.700000000000000000e+03 8.631119999999999903e-01
3.800000000000000000e+03 8.678879999999999928e-01
3.900000000000000000e+03 8.590440000000000298e-01
4.000000000000000000e+03 8.489799999999999569e-01
4.100000000000000000e+03 8.851200000000001289e-01
4.200000000000000000e+03 8.657200000000000450e-01
4.300000000000000000e+03 8.665080000000000560e-01
4.400000000000000000e+03 8.579759999999999609e-01
4.500000000000000000e+03 8.825239999999999752e-01
4.600000000000000000e+03 8.850679999999999659e-01
4.700000000000000000e+03 8.796839999999999105e-01
4.800000000000000000e+03 8.763559999999999128e-01
4.900000000000000000e+03 8.952399999999999247e-01
5.000000000000000000e+03 8.650039999999999951e-01
5.100000000000000000e+03 8.720000000000001084e-01
5.200000000000000000e+03 8.949480000000000768e-01
5.300000000000000000e+03 8.739119999999998001e-01
5.400000000000000000e+03 8.830000000000000071e-01
5.500000000000000000e+03 8.864880000000001647e-01
5.600000000000000000e+03 9.025360000000001159e-01
5.700000000000000000e+03 8.935359999999999969e-01
5.800000000000000000e+03 8.939759999999999929e-01
5.900000000000000000e+03 9.056040000000000756e-01
6.000000000000000000e+03 8.875720000000000276e-01
6.100000000000000000e+03 8.800359999999999294e-01
6.200000000000000000e+03 9.015480000000001271e-01
6.300000000000000000e+03 8.909599999999998632e-01
6.400000000000000000e+03 9.010199999999999321e-01
6.500000000000000000e+03 8.909000000000000252e-01
6.600000000000000000e+03 9.100960000000000161e-01
6.700000000000000000e+03 8.932240000000000180e-01
6.800000000000000000e+03 9.020719999999999850e-01
6.900000000000000000e+03 9.147359999999998825e-01
7.000000000000000000e+03 9.085800000000001653e-01
7.100000000000000000e+03 9.015760000000000440e-01
7.200000000000000000e+03 9.059319999999998485e-01
7.300000000000000000e+03 8.969239999999999435e-01
7.400000000000000000e+03 9.042839999999999767e-01
7.500000000000000000e+03 9.041319999999999357e-01
7.600000000000000000e+03 8.939359999999999529e-01
7.700000000000000000e+03 8.990160000000000373e-01
7.800000000000000000e+03 9.008319999999998551e-01
7.900000000000000000e+03 9.216800000000000548e-01
8.000000000000000000e+03 9.019679999999999920e-01
8.100000000000000000e+03 9.005279999999999951e-01
8.200000000000000000e+03 9.169360000000000843e-01
8.300000000000000000e+03 9.229920000000000346e-01
8.400000000000000000e+03 9.072200000000000264e-01
8.500000000000000000e+03 9.151439999999999575e-01
8.600000000000000000e+03 9.074159999999998893e-01
8.700000000000000000e+03 9.171679999999999833e-01
8.800000000000000000e+03 9.086119999999999752e-01
8.900000000000000000e+03 9.161359999999999504e-01
9.000000000000000000e+03 9.139679999999998916e-01
9.100000000000000000e+03 8.958239999999999537e-01
9.200000000000000000e+03 9.100919999999999010e-01
9.300000000000000000e+03 9.097680000000000211e-01
9.400000000000000000e+03 9.174960000000000893e-01
9.500000000000000000e+03 9.261359999999999593e-01
9.600000000000000000e+03 9.166519999999999113e-01
9.700000000000000000e+03 9.165919999999998513e-01
9.800000000000000000e+03 9.153840000000000865e-01
9.900000000000000000e+03 9.173040000000000083e-01
1.000000000000000000e+04 9.194519999999999360e-01
1.010000000000000000e+04 9.268720000000001402e-01
1.020000000000000000e+04 9.172800000000000953e-01
1.030000000000000000e+04 9.152679999999999705e-01
1.040000000000000000e+04 9.172079999999999123e-01
1.050000000000000000e+04 9.191320000000000601e-01
1.060000000000000000e+04 9.285799999999999610e-01
1.070000000000000000e+04 9.296079999999999899e-01
1.080000000000000000e+04 9.240520000000000955e-01
1.090000000000000000e+04 9.331799999999997874e-01
1.100000000000000000e+04 9.300679999999998948e-01
1.110000000000000000e+04 9.279200000000000781e-01
1.120000000000000000e+04 9.251399999999998514e-01
1.130000000000000000e+04 9.198800000000000310e-01
1.140000000000000000e+04 9.316200000000000037e-01
1.150000000000000000e+04 9.346399999999999153e-01
1.160000000000000000e+04 9.357799999999999452e-01
1.170000000000000000e+04 9.183440000000000492e-01
1.180000000000000000e+04 9.208479999999998888e-01
1.190000000000000000e+04 9.289680000000000160e-01
1.200000000000000000e+04 9.221840000000000037e-01
1.210000000000000000e+04 9.324639999999999596e-01
1.220000000000000000e+04 9.171599999999999753e-01
1.230000000000000000e+04 9.399120000000000807e-01
1.240000000000000000e+04 9.251919999999999034e-01
1.250000000000000000e+04 9.354240000000001443e-01
1.260000000000000000e+04 9.375400000000000400e-01
1.270000000000000000e+04 9.369439999999999991e-01
1.280000000000000000e+04 9.274440000000000461e-01
1.290000000000000000e+04 9.291719999999999979e-01
1.300000000000000000e+04 9.302040000000000308e-01
1.310000000000000000e+04 9.421399999999999775e-01
1.320000000000000000e+04 9.394079999999999098e-01
1.330000000000000000e+04 9.351800000000000113e-01
1.340000000000000000e+04 9.216879999999999518e-01
1.350000000000000000e+04 9.417039999999999855e-01
1.360000000000000000e+04 9.314599999999999547e-01
1.370000000000000000e+04 9.389000000000000679e-01
1.380000000000000000e+04 9.280920000000000281e-01
1.390000000000000000e+04 9.304359999999999298e-01
1.400000000000000000e+04 9.263320000000000443e-01
1.410000000000000000e+04 9.396039999999999948e-01
1.420000000000000000e+04 9.280199999999999561e-01
1.430000000000000000e+04 9.293039999999999079e-01
1.440000000000000000e+04 9.353799999999999892e-01
1.450000000000000000e+04 9.399080000000000767e-01
1.460000000000000000e+04 9.378119999999999790e-01
1.470000000000000000e+04 9.291919999999999069e-01
1.480000000000000000e+04 9.345280000000002474e-01
1.490000000000000000e+04 9.295560000000000489e-01
1.500000000000000000e+04 9.254919999999999813e-01
1.510000000000000000e+04 9.388360000000000039e-01
1.520000000000000000e+04 9.380840000000000289e-01
1.530000000000000000e+04 9.347800000000000553e-01
1.540000000000000000e+04 9.306039999999999868e-01
1.550000000000000000e+04 9.324799999999999756e-01
1.560000000000000000e+04 9.416999999999999815e-01
1.570000000000000000e+04 9.412360000000000726e-01
1.580000000000000000e+04 9.251039999999999264e-01
1.590000000000000000e+04 9.317519999999999136e-01
1.600000000000000000e+04 9.447479999999999212e-01
1.610000000000000000e+04 9.473840000000000039e-01
1.620000000000000000e+04 9.315199999999999037e-01
1.630000000000000000e+04 9.363280000000000491e-01
1.640000000000000000e+04 9.373719999999999830e-01
1.650000000000000000e+04 9.290760000000000129e-01
1.660000000000000000e+04 9.375640000000001750e-01
1.670000000000000000e+04 9.431479999999999864e-01
1.680000000000000000e+04 9.294079999999999009e-01
1.690000000000000000e+04 9.270479999999999832e-01
1.700000000000000000e+04 9.379640000000000200e-01
1.710000000000000000e+04 9.317640000000000366e-01
1.720000000000000000e+04 9.400240000000001928e-01
1.730000000000000000e+04 9.411520000000000996e-01
1.740000000000000000e+04 9.320839999999999126e-01
1.750000000000000000e+04 9.388519999999999088e-01
1.760000000000000000e+04 9.345879999999998633e-01
1.770000000000000000e+04 9.378680000000000350e-01
1.780000000000000000e+04 9.278040000000000731e-01
1.790000000000000000e+04 9.338479999999999004e-01
1.800000000000000000e+04 9.397320000000000118e-01
1.810000000000000000e+04 9.410000000000000586e-01
1.820000000000000000e+04 9.396720000000000628e-01
1.830000000000000000e+04 9.503839999999998955e-01
1.840000000000000000e+04 9.504719999999999835e-01
1.850000000000000000e+04 9.366839999999998501e-01
1.860000000000000000e+04 9.436880000000000823e-01
1.870000000000000000e+04 9.371120000000000561e-01
1.880000000000000000e+04 9.379560000000000120e-01
1.890000000000000000e+04 9.268520000000000092e-01
1.900000000000000000e+04 9.401559999999999917e-01
1.910000000000000000e+04 9.251959999999999074e-01
1.920000000000000000e+04 9.421960000000000335e-01
1.930000000000000000e+04 9.474920000000001119e-01
1.940000000000000000e+04 9.426999999999999824e-01
1.950000000000000000e+04 9.433080000000000354e-01
1.960000000000000000e+04 9.440920000000000423e-01
1.970000000000000000e+04 9.438400000000000123e-01
1.980000000000000000e+04 9.380399999999999849e-01
1.990000000000000000e+04 9.470600000000000129e-01
2.000000000000000000e+04 9.474040000000000239e-01
2.010000000000000000e+04 9.377880000000000660e-01
2.020000000000000000e+04 9.369279999999998720e-01
2.030000000000000000e+04 9.549199999999999910e-01
2.040000000000000000e+04 9.499360000000000026e-01
2.050000000000000000e+04 9.422200000000000575e-01
2.060000000000000000e+04 9.237679999999998115e-01
2.070000000000000000e+04 9.371519999999999850e-01
2.080000000000000000e+04 9.362719999999999931e-01
2.090000000000000000e+04 9.427319999999999034e-01
2.100000000000000000e+04 9.357720000000000482e-01
2.110000000000000000e+04 9.451159999999999561e-01
2.120000000000000000e+04 9.402139999999999942e-01
2.130000000000000000e+04 9.448799999999999422e-01
2.140000000000000000e+04 9.447280000000000122e-01
2.150000000000000000e+04 9.481359999999999788e-01
2.160000000000000000e+04 9.448519999999999142e-01
2.170000000000000000e+04 9.346840000000000703e-01
2.180000000000000000e+04 9.400999999999999357e-01
2.190000000000000000e+04 9.460439999999999960e-01
2.200000000000000000e+04 9.388879999999999448e-01
2.210000000000000000e+04 9.417680000000000495e-01
2.220000000000000000e+04 9.472519999999998719e-01
2.230000000000000000e+04 9.579360000000000097e-01
2.240000000000000000e+04 9.480720000000000258e-01
2.250000000000000000e+04 9.349839999999999263e-01
2.260000000000000000e+04 9.356759999999998412e-01
2.270000000000000000e+04 9.437560000000000393e-01
2.280000000000000000e+04 9.526639999999999553e-01
2.290000000000000000e+04 9.417679999999999385e-01
2.300000000000000000e+04 9.373079999999998080e-01
2.310000000000000000e+04 9.368079999999999741e-01
2.320000000000000000e+04 9.545640000000000791e-01
2.330000000000000000e+04 9.378079999999998639e-01
2.340000000000000000e+04 9.432559999999999834e-01
2.350000000000000000e+04 9.421320000000000805e-01
2.360000000000000000e+04 9.448680000000000412e-01
2.370000000000000000e+04 9.374719999999999720e-01
2.380000000000000000e+04 9.419839999999999325e-01
2.390000000000000000e+04 9.461039999999999450e-01
2.400000000000000000e+04 9.430720000000000214e-01
2.410000000000000000e+04 9.447520000000000362e-01
2.420000000000000000e+04 9.498199999999998866e-01
2.430000000000000000e+04 9.408320000000001126e-01
2.440000000000000000e+04 9.380039999999999489e-01
2.450000000000000000e+04 9.507439999999999225e-01
2.460000000000000000e+04 9.525719999999999743e-01
2.470000000000000000e+04 9.560799999999999299e-01
2.480000000000000000e+04 9.514799999999999924e-01
2.490000000000000000e+04 9.564080000000001469e-01
2.500000000000000000e+04 9.468680000000000430e-01
2.510000000000000000e+04 9.445640000000000702e-01
2.520000000000000000e+04 9.448639999999999262e-01
2.530000000000000000e+04 9.408760000000000456e-01
2.540000000000000000e+04 9.501759999999999096e-01
2.550000000000000000e+04 9.475039999999999019e-01
2.560000000000000000e+04 9.541239999999999721e-01
2.570000000000000000e+04 9.345919999999999783e-01
2.580000000000000000e+04 9.489039999999999697e-01
2.590000000000000000e+04 9.356359999999999122e-01
2.600000000000000000e+04 9.319759999999999156e-01
2.610000000000000000e+04 9.370239999999998570e-01
2.620000000000000000e+04 9.488359999999999017e-01
2.630000000000000000e+04 9.495279999999999276e-01
2.640000000000000000e+04 9.504600000000000826e-01
2.650000000000000000e+04 9.428559999999999164e-01
2.660000000000000000e+04 9.448600000000000332e-01
2.670000000000000000e+04 9.389639999999999098e-01
2.680000000000000000e+04 9.422320000000001805e-01
2.690000000000000000e+04 9.342920000000000114e-01
2.700000000000000000e+04 9.449319999999999942e-01
2.710000000000000000e+04 9.478840000000000598e-01
2.720000000000000000e+04 9.452639999999998821e-01
2.730000000000000000e+04 9.462159999999999460e-01
2.740000000000000000e+04 9.467160000000000020e-01
2.750000000000000000e+04 9.467799999999999550e-01
2.760000000000000000e+04 9.329280000000000905e-01
2.770000000000000000e+04 9.463719999999999910e-01
2.780000000000000000e+04 9.514120000000000354e-01
2.790000000000000000e+04 9.339199999999999724e-01
2.800000000000000000e+04 9.441720000000000113e-01
2.810000000000000000e+04 9.458800000000000541e-01
2.820000000000000000e+04 9.297279999999999989e-01
2.830000000000000000e+04 9.499600000000000266e-01
2.840000000000000000e+04 9.506400000000000405e-01
2.850000000000000000e+04 9.511720000000000175e-01
2.860000000000000000e+04 9.470160000000000800e-01
2.870000000000000000e+04 9.531600000000000072e-01
2.880000000000000000e+04 9.476679999999999549e-01
2.890000000000000000e+04 9.455959999999999921e-01
2.900000000000000000e+04 9.389640000000001319e-01
2.910000000000000000e+04 9.435480000000000533e-01
2.920000000000000000e+04 9.515639999999998544e-01
2.930000000000000000e+04 9.445639999999998482e-01
2.940000000000000000e+04 9.528680000000000483e-01
2.950000000000000000e+04 9.420560000000000045e-01
2.960000000000000000e+04 9.536120000000001262e-01
2.970000000000000000e+04 9.364160000000001371e-01
2.980000000000000000e+04 9.346679999999998323e-01
2.990000000000000000e+04 9.356119999999998882e-01
3.000000000000000000e+04 9.458919999999999551e-01
