0.000000000000000000e+00 4.744023464407127744e-01
1.000000000000000000e+02 4.569043539617785865e-01
2.000000000000000000e+02 5.175359505782419767e-01
3.000000000000000000e+02 5.882859083127427446e-01
4.000000000000000000e+02 6.182431050294224795e-01
5.000000000000000000e+02 6.481118410389806739e-01
6.000000000000000000e+02 6.974008138636420551e-01
7.000000000000000000e+02 7.011225891500139085e-01
8.000000000000000000e+02 7.553816379145386062e-01
9.000000000000000000e+02 7.208323034449568567e-01
1.000000000000000000e+03 7.274292189281225118e-01
1.100000000000000000e+03 7.737495536449378042e-01
1.200000000000000000e+03 7.936683106283672906e-01
1.300000000000000000e+03 7.681601368608295122e-01
1.400000000000000000e+03 7.864647040076311324e-01
1.500000000000000000e+03 7.977871644454950228e-01
1.600000000000000000e+03 8.211208980271672564e-01
1.700000000000000000e+03 7.979155767446128866e-01
1.800000000000000000e+03 8.268832348086456729e-01
1.900000000000000000e+03 8.159779898333804349e-01
2.000000000000000000e+03 8.166829136949084189e-01
2.100000000000000000e+03 8.626499427697496003e-01
2.200000000000000000e+03 8.218958485997249763e-01
2.300000000000000000e+03 8.519795677552335356e-01
2.400000000000000000e+03 8.412837309298095700e-01
2.500000000000000000e+03 8.639061026975325408e-01
2.600000000000000000e+03 8.633700728929497581e-01
2.700000000000000000e+03 8.636830307599210332e-01
2.800000000000000000e+03 8.767248393859962130e-01
2.900000000000000000e+03 8.443789325273235447e-01
3.000000000000000000e+03 8.608979483745307082e-01
3.100000000000000000e+03 8.785840643410109951e-01
3.200000000000000000e+03 8.724436690910251091e-01
3.300000000000000000e+03 8.701405995998604537e-01
3.400000000000000000e+03 8.777039827375100467e-01
3.500000000000000000e+03 8.932283258743662913e-01
3.600000000000000000e+03 8.861254279280275092e-01
3.700000000000000000e+03 8.797136584415181648e-01
3.800000000000000000e+03 8.719425739961657040e-01
3.900000000000000000e+03 8.973756420724914307e-01
4.000000000000000000e+03 8.834355589650495499e-01
4.100000000000000000e+03 8.979293338973122207e-01
4.200000000000000000e+03 8.913278167264075957e-01
4.300000000000000000e+03 9.105462874224907743e-01
4.400000000000000000e+03 9.074908472763217882e-01
4.500000000000000000e+03 8.898727799076965317e-01
4.600000000000000000e+03 8.957019974252307115e-01
4.700000000000000000e+03 9.071253665555305545e-01
4.800000000000000000e+03 8.978480153748570336e-01
4.900000000000000000e+03 8.999368466801355160e-01
5.000000000000000000e+03 9.148566003972873339e-01
5.100000000000000000e+03 9.034150400518421442e-01
5.200000000000000000e+03 9.033139313737447162e-01
5.300000000000000000e+03 9.025803534056940913e-01
5.400000000000000000e+03 9.096606504790134551e-01
5.500000000000000000e+03 9.189745354267544464e-01
5.600000000000000000e+03 9.030978021450297710e-01
5.700000000000000000e+03 9.001604765271024045e-01
5.800000000000000000e+03 9.107167843387941053e-01
5.900000000000000000e+03 9.145943973551721173e-01
6.000000000000000000e+03 9.129256224316825152e-01
6.100000000000000000e+03 9.086698903548455775e-01
6.200000000000000000e+03 9.247640609922547217e-01
6.300000000000000000e+03 9.176673908925043754e-01
6.400000000000000000e+03 9.099301078548105437e-01
6.500000000000000000e+03 9.198952101553458105e-01
6.600000000000000000e+03 9.259549958106282341e-01
6.700000000000000000e+03 9.261674450881342002e-01
6.800000000000000000e+03 9.284273835088312499e-01
6.900000000000000000e+03 9.214714912462396157e-01
7.000000000000000000e+03 9.045408974470838803e-01
7.100000000000000000e+03 9.221606175799377247e-01
7.200000000000000000e+03 9.200602209767190232e-01
7.300000000000000000e+03 9.294260832342758905e-01
7.400000000000000000e+03 9.239797198456707328e-01
7.500000000000000000e+03 9.359711034390167939e-01
7.600000000000000000e+03 9.321629383868234031e-01
7.700000000000000000e+03 9.155807486820484176e-01
7.800000000000000000e+03 9.198292047498217716e-01
7.900000000000000000e+03 9.185308833108705162e-01
8.000000000000000000e+03 9.229453549340556062e-01
8.100000000000000000e+03 9.255875626591839600e-01
8.200000000000000000e+03 9.332714323422606206e-01
8.300000000000000000e+03 9.125631499251442014e-01
8.400000000000000000e+03 9.348722962818829529e-01
8.500000000000000000e+03 9.242925103817445365e-01
8.600000000000000000e+03 9.367356462049567511e-01
8.700000000000000000e+03 9.384203748861971173e-01
8.800000000000000000e+03 9.298280380728000116e-01
8.900000000000000000e+03 9.294379500033710384e-01
9.000000000000000000e+03 9.353351087554238052e-01
9.100000000000000000e+03 9.220117939172692845e-01
9.200000000000000000e+03 9.239479059433717278e-01
9.300000000000000000e+03 9.241401385989520545e-01
9.400000000000000000e+03 9.417518417849382040e-01
9.500000000000000000e+03 9.259352878153797040e-01
9.600000000000000000e+03 9.362726872874518325e-01
9.700000000000000000e+03 9.369021709533478237e-01
9.800000000000000000e+03 9.312897288108692440e-01
9.900000000000000000e+03 9.376745495224823035e-01
1.000000000000000000e+04 9.314795943164462244e-01
1.010000000000000000e+04 9.303745937590319759e-01
1.020000000000000000e+04 9.302820385503022260e-01
1.030000000000000000e+04 9.281493197527811434e-01
1.040000000000000000e+04 9.357095259782178820e-01
1.050000000000000000e+04 9.270652133133940875e-01
1.060000000000000000e+04 9.432587464943652522e-01
1.070000000000000000e+04 9.338326502571795418e-01
1.080000000000000000e+04 9.302387200259338851e-01
1.090000000000000000e+04 9.379632512482702911e-01
1.100000000000000000e+04 9.417182155720729142e-01
1.110000000000000000e+04 9.319000143631492872e-01
1.120000000000000000e+04 9.350810785436806105e-01
1.130000000000000000e+04 9.428156690956401853e-01
1.140000000000000000e+04 9.294517990397579421e-01
1.150000000000000000e+04 9.458282002025675261e-01
1.160000000000000000e+04 9.378522658790882094e-01
1.170000000000000000e+04 9.296024993549606430e-01
1.180000000000000000e+04 9.467176222789682738e-01
1.190000000000000000e+04 9.319303574191806216e-01
1.200000000000000000e+04 9.402843357169841099e-01
1.210000000000000000e+04 9.495854478779081065e-01
1.220000000000000000e+04 9.346760409837805428e-01
1.230000000000000000e+04 9.384715307551479979e-01
1.240000000000000000e+04 9.327459712109398282e-01
1.250000000000000000e+04 9.294396093686708715e-01
1.260000000000000000e+04 9.350591586004792788e-01
1.270000000000000000e+04 9.412920468240872918e-01
1.280000000000000000e+04 9.413598655401802517e-01
1.290000000000000000e+04 9.442024866282845430e-01
1.300000000000000000e+04 9.353718321501083288e-01
1.310000000000000000e+04 9.452645277016848979e-01
1.320000000000000000e+04 9.352501568322767467e-01
1.330000000000000000e+04 9.250136125799124365e-01
1.340000000000000000e+04 9.454932622668549280e-01
1.350000000000000000e+04 9.373753615478798151e-01
1.360000000000000000e+04 9.467041619934477570e-01
1.370000000000000000e+04 9.437349443165243823e-01
1.380000000000000000e+04 9.470995005621432039e-01
1.390000000000000000e+04 9.346488716546446085e-01
1.400000000000000000e+04 9.362887429229358460e-01
1.410000000000000000e+04 9.350325535399326427e-01
1.420000000000000000e+04 9.386813253097987531e-01
1.430000000000000000e+04 9.374642905285650585e-01
1.440000000000000000e+04 9.367866372493962590e-01
1.450000000000000000e+04 9.376382764548953919e-01
1.460000000000000000e+04 9.424079734204988679e-01
1.470000000000000000e+04 9.340409380589849153e-01
1.480000000000000000e+04 9.441515219299920769e-01
1.490000000000000000e+04 9.359062958012701605e-01
1.500000000000000000e+04 9.381249613421063227e-01
1.510000000000000000e+04 9.380509356268691423e-01
1.520000000000000000e+04 9.362978100472661991e-01
1.530000000000000000e+04 9.296131445422858297e-01
1.540000000000000000e+04 9.368895294272465701e-01
1.550000000000000000e+04 9.393492398056711989e-01
1.560000000000000000e+04 9.432769864708734353e-01
1.570000000000000000e+04 9.363086198100403212e-01
1.580000000000000000e+04 9.286487300696909530e-01
1.590000000000000000e+04 9.445711650042662999e-01
1.600000000000000000e+04 9.411983252745242945e-01
1.610000000000000000e+04 9.522762063134648791e-01
1.620000000000000000e+04 9.374105583217233750e-01
1.630000000000000000e+04 9.275865727309391406e-01
1.640000000000000000e+04 9.352056477205945573e-01
1.650000000000000000e+04 9.292135438903805777e-01
1.660000000000000000e+04 9.438333261114618677e-01
1.670000000000000000e+04 9.336014534667517184e-01
1.680000000000000000e+04 9.496163819660523586e-01
1.690000000000000000e+04 9.257841897054462921e-01
1.700000000000000000e+04 9.434785566549763747e-01
1.710000000000000000e+04 9.380265805123790823e-01
1.720000000000000000e+04 9.316083458173467502e-01
1.730000000000000000e+04 9.483301400422888827e-01
1.740000000000000000e+04 9.338624205116231591e-01
1.750000000000000000e+04 9.408193059524687651e-01
1.760000000000000000e+04 9.393553389898192663e-01
1.770000000000000000e+04 9.330446077975715902e-01
1.780000000000000000e+04 9.389002988540364747e-01
1.790000000000000000e+04 9.425445261885614379e-01
1.800000000000000000e+04 9.354873212512143654e-01
1.810000000000000000e+04 9.530197112747824661e-01
1.820000000000000000e+04 9.414143721871668369e-01
1.830000000000000000e+04 9.421771062132493491e-01
1.840000000000000000e+04 9.512223627155180772e-01
1.850000000000000000e+04 9.433612096853235540e-01
1.860000000000000000e+04 9.422023628276590124e-01
1.870000000000000000e+04 9.461848338848695139e-01
1.880000000000000000e+04 9.333753694200592754e-01
1.890000000000000000e+04 9.513578543292003920e-01
1.900000000000000000e+04 9.359768045895047184e-01
1.910000000000000000e+04 9.456723745222477273e-01
1.920000000000000000e+04 9.406221428983070343e-01
1.930000000000000000e+04 9.539570135430777142e-01
1.940000000000000000e+04 9.409689521839260662e-01
1.950000000000000000e+04 9.388439127161634090e-01
1.960000000000000000e+04 9.401701745833647150e-01
1.970000000000000000e+04 9.325475691335707307e-01
1.980000000000000000e+04 9.437968499431268476e-01
1.990000000000000000e+04 9.393540537079437813e-01
2.000000000000000000e+04 9.370607516481694876e-01
2.010000000000000000e+04 9.425951424074944240e-01
2.020000000000000000e+04 9.357970190517942433e-01
2.030000000000000000e+04 9.419020474231367679e-01
2.040000000000000000e+04 9.372790214366009121e-01
2.050000000000000000e+04 9.456886993265025687e-01
2.060000000000000000e+04 9.506983135234774451e-01
2.070000000000000000e+04 9.435217027148397051e-01
2.080000000000000000e+04 9.385722535165346159e-01
2.090000000000000000e+04 9.476150508513639936e-01
2.100000000000000000e+04 9.579129159131961613e-01
2.110000000000000000e+04 9.458902633514335578e-01
2.120000000000000000e+04 9.410119046820435429e-01
2.130000000000000000e+04 9.578728436650925104e-01
2.140000000000000000e+04 9.446332891509131580e-01
2.150000000000000000e+04 9.528298212433762293e-01
2.160000000000000000e+04 9.391762600258354299e-01
2.170000000000000000e+04 9.352353911193278524e-01
2.180000000000000000e+04 9.327102900735303459e-01
2.190000000000000000e+04 9.419551162272008504e-01
2.200000000000000000e+04 9.379851380897874513e-01
2.210000000000000000e+04 9.419886323809321116e-01
2.220000000000000000e+04 9.453471674049276352e-01
2.230000000000000000e+04 9.475091389868695035e-01
2.240000000000000000e+04 9.488411504240931160e-01
2.250000000000000000e+04 9.352859686872518896e-01
2.260000000000000000e+04 9.431389454760872315e-01
2.270000000000000000e+04 9.418592925977149477e-01
2.280000000000000000e+04 9.291288704120285180e-01
2.290000000000000000e+04 9.472607999696095460e-01
2.300000000000000000e+04 9.516081469332660081e-01
2.310000000000000000e+04 9.434110846293407571e-01
2.320000000000000000e+04 9.472412592680780064e-01
2.330000000000000000e+04 9.459409693557130350e-01
2.340000000000000000e+04 9.461226764340701090e-01
2.350000000000000000e+04 9.478109912883414534e-01
2.360000000000000000e+04 9.475708708933503477e-01
2.370000000000000000e+04 9.558797439679296293e-01
2.380000000000000000e+04 9.529795943287857618e-01
2.390000000000000000e+04 9.569473497304401555e-01
2.400000000000000000e+04 9.412491853986577617e-01
2.410000000000000000e+04 9.384052078757337823e-01
2.420000000000000000e+04 9.472572494512241370e-01
2.430000000000000000e+04 9.568434930586413589e-01
2.440000000000000000e+04 9.469830200627316064e-01
2.450000000000000000e+04 9.371831557465536422e-01
2.460000000000000000e+04 9.467153252022961762e-01
2.470000000000000000e+04 9.342704178826043426e-01
2.480000000000000000e+04 9.476492021174672820e-01
2.490000000000000000e+04 9.470108069530355221e-01
2.500000000000000000e+04 9.545801018844529695e-01
2.510000000000000000e+04 9.447390856839137374e-01
2.520000000000000000e+04 9.450119818586789622e-01
2.530000000000000000e+04 9.488414398198727895e-01
2.540000000000000000e+04 9.432939572125184080e-01
2.550000000000000000e+04 9.528884209565808838e-01
2.560000000000000000e+04 9.547041186412232872e-01
2.570000000000000000e+04 9.437405237860575502e-01
2.580000000000000000e+04 9.440632909479792501e-01
2.590000000000000000e+04 9.479455025881704522e-01
2.600000000000000000e+04 9.315076172293275114e-01
2.610000000000000000e+04 9.460653796940514670e-01
2.620000000000000000e+04 9.570524041766595991e-01
2.630000000000000000e+04 9.470826419368638671e-01
2.640000000000000000e+04 9.385284964481859227e-01
2.650000000000000000e+04 9.501813272626891127e-01
2.660000000000000000e+04 9.478882723285158018e-01
2.670000000000000000e+04 9.442900352176242240e-01
2.680000000000000000e+04 9.435944790173691477e-01
2.690000000000000000e+04 9.383308078806330554e-01
2.700000000000000000e+04 9.327820568544961111e-01
2.710000000000000000e+04 9.455514517953577114e-01
2.720000000000000000e+04 9.509432240869772901e-01
2.730000000000000000e+04 9.450016519927786351e-01
2.740000000000000000e+04 9.368911384312357260e-01
2.750000000000000000e+04 9.360930630183191825e-01
2.760000000000000000e+04 9.575511817778202817e-01
2.770000000000000000e+04 9.404635415938307208e-01
2.780000000000000000e+04 9.545077189759285652e-01
2.790000000000000000e+04 9.565255080936005960e-01
2.800000000000000000e+04 9.434709801067797663e-01
2.810000000000000000e+04 9.492782561908885697e-01
2.820000000000000000e+04 9.430569300068797345e-01
2.830000000000000000e+04 9.407506717021831832e-01
2.840000000000000000e+04 9.489735124123439558e-01
2.850000000000000000e+04 9.452045832105140377e-01
2.860000000000000000e+04 9.487156167719473787e-01
2.870000000000000000e+04 9.427794021025885929e-01
2.880000000000000000e+04 9.526566620264322882e-01
2.890000000000000000e+04 9.541391243057320004e-01
2.900000000000000000e+04 9.419765635050261210e-01
2.910000000000000000e+04 9.456669301663842564e-01
2.920000000000000000e+04 9.449443635983769685e-01
2.930000000000000000e+04 9.434411098022877917e-01
2.940000000000000000e+04 9.554732511179415688e-01
2.950000000000000000e+04 9.490719412149409839e-01
2.960000000000000000e+04 9.441995406404133373e-01
2.970000000000000000e+04 9.538219404100266585e-01
2.980000000000000000e+04 9.497778941105762263e-01
2.990000000000000000e+04 9.490351996491920294e-01
3.000000000000000000e+04 9.541404835493871861e-01
