0.000000000000000000e+00 4.840439999999999743e-01
1.000000000000000000e+02 4.413760000000000461e-01
2.000000000000000000e+02 5.127039999999999376e-01
3.000000000000000000e+02 5.933119999999999505e-01
4.000000000000000000e+02 6.214719999999999134e-01
5.000000000000000000e+02 6.422440000000000371e-01
6.000000000000000000e+02 6.765280000000000182e-01
7.000000000000000000e+02 6.771199999999999442e-01
8.000000000000000000e+02 7.442839999999999456e-01
9.000000000000000000e+02 7.073439999999999728e-01
1.000000000000000000e+03 7.066479999999999428e-01
1.100000000000000000e+03 7.495519999999999960e-01
1.200000000000000000e+03 7.749959999999999072e-01
1.300000000000000000e+03 7.383399999999999963e-01
1.400000000000000000e+03 7.537639999999999896e-01
1.500000000000000000e+03 7.758640000000001091e-01
1.600000000000000000e+03 7.961119999999999308e-01
1.700000000000000000e+03 7.653360000000000163e-01
1.800000000000000000e+03 7.937520000000000131e-01
1.900000000000000000e+03 7.947240000000000970e-01
2.000000000000000000e+03 7.978679999999999106e-01
2.100000000000000000e+03 8.319879999999999498e-01
2.200000000000000000e+03 7.932639999999999691e-01
2.300000000000000000e+03 8.313839999999999009e-01
2.400000000000000000e+03 8.122679999999999900e-01
2.500000000000000000e+03 8.415479999999999627e-01
2.600000000000000000e+03 8.395520000000000760e-01
2.700000000000000000e+03 8.423039999999999417e-01
2.800000000000000000e+03 8.528040000000001175e-01
2.900000000000000000e+03 8.141080000000000538e-01
3.000000000000000000e+03 8.482359999999999900e-01
3.100000000000000000e+03 8.554239999999999622e-01
3.200000000000000000e+03 8.568199999999999150e-01
3.300000000000000000e+03 8.524719999999998965e-01
3.400000000000000000e+03 8.609240000000000226e-01
3.500000000000000000e+03 8.744840000000000391e-01
3.600000000000000000e+03 8.682600000000000318e-01
3.700000000000000000e+03 8.575359999999999649e-01
3.800000000000000000e+03 8.514760000000001217e-01
3.900000000000000000e+03 8.805079999999999574e-01
4.000000000000000000e+03 8.626719999999998834e-01
4.100000000000000000e+03 8.850919999999999899e-01
4.200000000000000000e+03 8.721360000000001333e-01
4.300000000000000000e+03 8.994360000000000133e-01
4.400000000000000000e+03 8.963999999999999746e-01
4.500000000000000000e+03 8.785679999999999046e-01
4.600000000000000000e+03 8.750480000000000480e-01
4.700000000000000000e+03 8.984360000000000124e-01
4.800000000000000000e+03 8.808759999999999923e-01
4.900000000000000000e+03 8.972440000000000415e-01
5.000000000000000000e+03 9.039919999999999067e-01
5.100000000000000000e+03 8.900680000000000813e-01
5.200000000000000000e+03 8.911080000000000112e-01
5.300000000000000000e+03 8.902799999999999603e-01
5.400000000000000000e+03 8.943919999999998538e-01
5.500000000000000000e+03 9.052479999999999416e-01
5.600000000000000000e+03 8.872279999999999056e-01
5.700000000000000000e+03 8.853440000000000198e-01
5.800000000000000000e+03 8.945279999999999898e-01
5.900000000000000000e+03 9.047360000000000957e-01
6.000000000000000000e+03 8.996319999999999872e-01
6.100000000000000000e+03 9.022040000000000060e-01
6.200000000000000000e+03 9.155559999999998144e-01
6.300000000000000000e+03 9.108720000000000150e-01
6.400000000000000000e+03 8.958639999999999937e-01
6.500000000000000000e+03 9.101839999999998820e-01
6.600000000000000000e+03 9.169879999999999143e-01
6.700000000000000000e+03 9.161600000000000854e-01
6.800000000000000000e+03 9.163239999999999164e-01
6.900000000000000000e+03 9.075239999999999974e-01
7.000000000000000000e+03 8.930800000000000960e-01
7.100000000000000000e+03 9.093759999999999621e-01
7.200000000000000000e+03 9.101399999999999491e-01
7.300000000000000000e+03 9.191040000000000321e-01
7.400000000000000000e+03 9.123360000000000358e-01
7.500000000000000000e+03 9.324399999999999356e-01
7.600000000000000000e+03 9.222719999999999807e-01
7.700000000000000000e+03 9.001120000000000232e-01
7.800000000000000000e+03 9.088279999999999692e-01
7.900000000000000000e+03 9.103320000000000300e-01
8.000000000000000000e+03 9.118600000000000039e-01
8.100000000000000000e+03 9.150039999999999285e-01
8.200000000000000000e+03 9.268160000000000842e-01
8.300000000000000000e+03 9.018800000000001260e-01
8.400000000000000000e+03 9.238879999999999315e-01
8.500000000000000000e+03 9.176480000000001302e-01
8.600000000000000000e+03 9.312200000000000477e-01
8.700000000000000000e+03 9.322599999999999776e-01
8.800000000000000000e+03 9.195360000000000200e-01
8.900000000000000000e+03 9.189959999999999241e-01
9.000000000000000000e+03 9.266240000000001142e-01
9.100000000000000000e+03 9.143439999999999346e-01
9.200000000000000000e+03 9.123519999999999408e-01
9.300000000000000000e+03 9.143280000000000296e-01
9.400000000000000000e+03 9.312320000000000597e-01
9.500000000000000000e+03 9.172799999999999843e-01
9.600000000000000000e+03 9.326840000000000686e-01
9.700000000000000000e+03 9.317440000000000166e-01
9.800000000000000000e+03 9.211079999999999268e-01
9.900000000000000000e+03 9.293440000000000589e-01
1.000000000000000000e+04 9.242599999999999705e-01
1.010000000000000000e+04 9.210759999999998948e-01
1.020000000000000000e+04 9.246559999999999224e-01
1.030000000000000000e+04 9.183599999999999541e-01
1.040000000000000000e+04 9.297559999999999159e-01
1.050000000000000000e+04 9.204039999999998889e-01
1.060000000000000000e+04 9.372119999999999340e-01
1.070000000000000000e+04 9.288080000000000780e-01
1.080000000000000000e+04 9.193359999999999310e-01
1.090000000000000000e+04 9.321959999999999136e-01
1.100000000000000000e+04 9.366239999999999011e-01
1.110000000000000000e+04 9.232839999999999936e-01
1.120000000000000000e+04 9.248879999999999324e-01
1.130000000000000000e+04 9.379880000000000440e-01
1.140000000000000000e+04 9.194879999999999720e-01
1.150000000000000000e+04 9.393039999999999168e-01
1.160000000000000000e+04 9.285120000000000040e-01
1.170000000000000000e+04 9.216680000000000428e-01
1.180000000000000000e+04 9.404120000000001367e-01
1.190000000000000000e+04 9.293080000000001339e-01
1.200000000000000000e+04 9.363000000000001322e-01
1.210000000000000000e+04 9.414199999999999235e-01
1.220000000000000000e+04 9.254479999999999373e-01
1.230000000000000000e+04 9.302719999999999878e-01
1.240000000000000000e+04 9.273119999999999141e-01
1.250000000000000000e+04 9.236880000000000646e-01
1.260000000000000000e+04 9.300640000000000018e-01
1.270000000000000000e+04 9.362280000000000602e-01
1.280000000000000000e+04 9.316640000000000477e-01
1.290000000000000000e+04 9.371760000000000090e-01
1.300000000000000000e+04 9.253599999999999604e-01
1.310000000000000000e+04 9.385639999999999539e-01
1.320000000000000000e+04 9.272359999999999491e-01
1.330000000000000000e+04 9.184320000000001372e-01
1.340000000000000000e+04 9.370560000000000000e-01
1.350000000000000000e+04 9.319800000000000306e-01
1.360000000000000000e+04 9.407200000000000006e-01
1.370000000000000000e+04 9.357480000000000242e-01
1.380000000000000000e+04 9.394600000000000728e-01
1.390000000000000000e+04 9.282799999999999940e-01
1.400000000000000000e+04 9.271719999999998851e-01
1.410000000000000000e+04 9.271159999999999402e-01
1.420000000000000000e+04 9.326320000000000165e-01
1.430000000000000000e+04 9.322199999999999376e-01
1.440000000000000000e+04 9.344559999999999533e-01
1.450000000000000000e+04 9.333799999999999875e-01
1.460000000000000000e+04 9.322119999999999296e-01
1.470000000000000000e+04 9.294200000000000239e-01
1.480000000000000000e+04 9.414279999999999315e-01
1.490000000000000000e+04 9.261839999999998962e-01
1.500000000000000000e+04 9.339199999999999724e-01
1.510000000000000000e+04 9.293200000000000349e-01
1.520000000000000000e+04 9.305399999999999228e-01
1.530000000000000000e+04 9.216439999999999078e-01
1.540000000000000000e+04 9.299800000000000288e-01
1.550000000000000000e+04 9.342840000000001144e-01
1.560000000000000000e+04 9.367039999999999811e-01
1.570000000000000000e+04 9.282239999999999380e-01
1.580000000000000000e+04 9.225119999999999987e-01
1.590000000000000000e+04 9.355959999999998722e-01
1.600000000000000000e+04 9.327999999999999625e-01
1.610000000000000000e+04 9.490279999999999827e-01
1.620000000000000000e+04 9.293399999999998329e-01
1.630000000000000000e+04 9.215359999999999108e-01
1.640000000000000000e+04 9.278719999999999191e-01
1.650000000000000000e+04 9.215240000000001208e-01
1.660000000000000000e+04 9.375239999999999130e-01
1.670000000000000000e+04 9.262440000000000673e-01
1.680000000000000000e+04 9.441039999999998322e-01
1.690000000000000000e+04 9.175919999999999632e-01
1.700000000000000000e+04 9.398240000000001038e-01
1.710000000000000000e+04 9.287399999999998990e-01
1.720000000000000000e+04 9.231159999999999366e-01
1.730000000000000000e+04 9.415639999999999565e-01
1.740000000000000000e+04 9.244639999999999525e-01
1.750000000000000000e+04 9.362279999999999491e-01
1.760000000000000000e+04 9.347640000000000393e-01
1.770000000000000000e+04 9.252800000000001024e-01
1.780000000000000000e+04 9.351080000000000503e-01
1.790000000000000000e+04 9.362239999999998341e-01
1.800000000000000000e+04 9.245839999999999614e-01
1.810000000000000000e+04 9.473159999999999359e-01
1.820000000000000000e+04 9.331839999999999025e-01
1.830000000000000000e+04 9.331599999999999895e-01
1.840000000000000000e+04 9.458639999999998160e-01
1.850000000000000000e+04 9.344519999999998383e-01
1.860000000000000000e+04 9.378400000000000070e-01
1.870000000000000000e+04 9.385439999999999339e-01
1.880000000000000000e+04 9.275679999999999481e-01
1.890000000000000000e+04 9.468199999999999950e-01
1.900000000000000000e+04 9.272519999999999651e-01
1.910000000000000000e+04 9.396799999999999597e-01
1.920000000000000000e+04 9.331599999999998785e-01
1.930000000000000000e+04 9.504879999999999995e-01
1.940000000000000000e+04 9.345560000000000533e-01
1.950000000000000000e+04 9.353439999999998422e-01
1.960000000000000000e+04 9.332160000000000455e-01
1.970000000000000000e+04 9.245840000000000725e-01
1.980000000000000000e+04 9.306080000000001018e-01
1.990000000000000000e+04 9.325160000000000116e-01
2.000000000000000000e+04 9.274039999999998951e-01
2.010000000000000000e+04 9.369359999999999911e-01
2.020000000000000000e+04 9.282280000000000530e-01
2.030000000000000000e+04 9.375800000000000800e-01
2.040000000000000000e+04 9.359680000000000222e-01
2.050000000000000000e+04 9.370600000000000041e-01
2.060000000000000000e+04 9.448599999999999222e-01
2.070000000000000000e+04 9.342599999999999794e-01
2.080000000000000000e+04 9.334080000000000155e-01
2.090000000000000000e+04 9.429160000000000874e-01
2.100000000000000000e+04 9.531319999999999792e-01
2.110000000000000000e+04 9.375759999999999650e-01
2.120000000000000000e+04 9.358480000000000132e-01
2.130000000000000000e+04 9.520760000000000334e-01
2.140000000000000000e+04 9.400440000000001017e-01
2.150000000000000000e+04 9.471119999999999539e-01
2.160000000000000000e+04 9.326439999999999175e-01
2.170000000000000000e+04 9.246520000000000294e-01
2.180000000000000000e+04 9.250559999999999894e-01
2.190000000000000000e+04 9.363280000000000491e-01
2.200000000000000000e+04 9.335480000000000445e-01
2.210000000000000000e+04 9.337199999999999944e-01
2.220000000000000000e+04 9.406559999999999366e-01
2.230000000000000000e+04 9.404439999999999467e-01
2.240000000000000000e+04 9.421360000000000845e-01
2.250000000000000000e+04 9.283599999999999630e-01
2.260000000000000000e+04 9.371359999999999690e-01
2.270000000000000000e+04 9.324999999999999956e-01
2.280000000000000000e+04 9.243519999999999515e-01
2.290000000000000000e+04 9.419319999999999915e-01
2.300000000000000000e+04 9.478400000000000158e-01
2.310000000000000000e+04 9.380399999999999849e-01
2.320000000000000000e+04 9.408919999999999506e-01
2.330000000000000000e+04 9.383319999999999439e-01
2.340000000000000000e+04 9.430479999999999974e-01
2.350000000000000000e+04 9.407600000000000406e-01
2.360000000000000000e+04 9.386400000000000299e-01
2.370000000000000000e+04 9.533719999999998862e-01
2.380000000000000000e+04 9.474000000000000199e-01
2.390000000000000000e+04 9.510440000000000005e-01
2.400000000000000000e+04 9.353239999999998222e-01
2.410000000000000000e+04 9.325280000000000236e-01
2.420000000000000000e+04 9.397640000000000438e-01
2.430000000000000000e+04 9.514199999999999324e-01
2.440000000000000000e+04 9.423040000000000305e-01
2.450000000000000000e+04 9.275160000000000071e-01
2.460000000000000000e+04 9.382479999999999709e-01
2.470000000000000000e+04 9.267880000000000562e-01
2.480000000000000000e+04 9.380039999999999489e-01
2.490000000000000000e+04 9.396399999999999197e-01
2.500000000000000000e+04 9.517880000000000784e-01
2.510000000000000000e+04 9.400279999999999747e-01
2.520000000000000000e+04 9.390439999999999898e-01
2.530000000000000000e+04 9.451160000000000672e-01
2.540000000000000000e+04 9.358720000000000372e-01
2.550000000000000000e+04 9.433920000000000083e-01
2.560000000000000000e+04 9.472679999999999989e-01
2.570000000000000000e+04 9.369560000000000111e-01
2.580000000000000000e+04 9.382559999999999789e-01
2.590000000000000000e+04 9.401319999999999677e-01
2.600000000000000000e+04 9.253959999999999964e-01
2.610000000000000000e+04 9.367999999999999661e-01
2.620000000000000000e+04 9.515759999999998664e-01
2.630000000000000000e+04 9.402679999999998817e-01
2.640000000000000000e+04 9.338800000000000434e-01
2.650000000000000000e+04 9.461760000000000170e-01
2.660000000000000000e+04 9.393360000000001708e-01
2.670000000000000000e+04 9.407040000000000957e-01
2.680000000000000000e+04 9.427200000000000024e-01
2.690000000000000000e+04 9.296839999999999549e-01
2.700000000000000000e+04 9.319600000000000106e-01
2.710000000000000000e+04 9.380079999999999529e-01
2.720000000000000000e+04 9.454079999999999151e-01
2.730000000000000000e+04 9.368079999999998630e-01
2.740000000000000000e+04 9.288920000000000510e-01
2.750000000000000000e+04 9.340000000000000524e-01
2.760000000000000000e+04 9.520520000000000094e-01
2.770000000000000000e+04 9.356160000000000032e-01
2.780000000000000000e+04 9.514719999999999844e-01
2.790000000000000000e+04 9.483520000000000838e-01
2.800000000000000000e+04 9.390319999999999778e-01
2.810000000000000000e+04 9.433120000000000394e-01
2.820000000000000000e+04 9.384160000000000279e-01
2.830000000000000000e+04 9.341160000000000574e-01
2.840000000000000000e+04 9.435039999999998983e-01
2.850000000000000000e+04 9.392720000000001068e-01
2.860000000000000000e+04 9.421680000000001165e-01
2.870000000000000000e+04 9.327039999999999775e-01
2.880000000000000000e+04 9.440159999999997442e-01
2.890000000000000000e+04 9.505439999999999445e-01
2.900000000000000000e+04 9.356920000000000792e-01
2.910000000000000000e+04 9.373119999999999230e-01
2.920000000000000000e+04 9.400040000000000617e-01
2.930000000000000000e+04 9.323239999999999306e-01
2.940000000000000000e+04 9.492720000000000047e-01
2.950000000000000000e+04 9.431279999999999664e-01
2.960000000000000000e+04 9.368440000000000101e-01
2.970000000000000000e+04 9.518640000000001544e-01
2.980000000000000000e+04 9.445239999999999192e-01
2.990000000000000000e+04 9.419080000000000785e-01
3.000000000000000000e+04 9.461279999999999690e-01
