0.000000000000000000e+00 4.925988224941177940e-01
1.000000000000000000e+02 3.952628340975027355e-01
2.000000000000000000e+02 4.272972559611692422e-01
3.000000000000000000e+02 4.922186249993297791e-01
4.000000000000000000e+02 5.200649597924140721e-01
5.000000000000000000e+02 5.678772061862579212e-01
6.000000000000000000e+02 6.360954396314062453e-01
7.000000000000000000e+02 6.280166953349350933e-01
8.000000000000000000e+02 6.458602857083979298e-01
9.000000000000000000e+02 7.098665692675708572e-01
1.000000000000000000e+03 7.242451334648416506e-01
1.100000000000000000e+03 7.533934197734161176e-01
1.200000000000000000e+03 7.242758574790475468e-01
1.300000000000000000e+03 7.421230582793342245e-01
1.400000000000000000e+03 8.058912469901011733e-01
1.500000000000000000e+03 8.121486913009664521e-01
1.600000000000000000e+03 8.094170084783225416e-01
1.700000000000000000e+03 8.032409685466098681e-01
1.800000000000000000e+03 7.875767675567824089e-01
1.900000000000000000e+03 8.101061504056454865e-01
2.000000000000000000e+03 8.159175112927443685e-01
2.100000000000000000e+03 8.338001973628446084e-01
2.200000000000000000e+03 8.180920853355341249e-01
2.300000000000000000e+03 8.274660480350265468e-01
2.400000000000000000e+03 8.285231678015669843e-01
2.500000000000000000e+03 8.205323975901674949e-01
2.600000000000000000e+03 8.126670979055439226e-01
2.700000000000000000e+03 8.255489237219304499e-01
2.800000000000000000e+03 8.526592502218820480e-01
2.900000000000000000e+03 8.478283860089078638e-01
3.000000000000000000e+03 8.601171006146917097e-01
3.100000000000000000e+03 8.315875504785241734e-01
3.200000000000000000e+03 8.469647826381501154e-01
3.300000000000000000e+03 8.174257531883657446e-01
3.400000000000000000e+03 8.741295060382483495e-01
3.500000000000000000e+03 8.628631075678949713e-01
3.600000000000000000e+03 8.430505796515234129e-01
3.700000000000000000e+03 8.565085279992807887e-01
3.800000000000000000e+03 8.603099989809319670e-01
3.900000000000000000e+03 8.668531369756099503e-01
4.000000000000000000e+03 8.608274065498393579e-01
4.100000000000000000e+03 8.693041451982614909e-01
4.200000000000000000e+03 8.425147484391996011e-01
4.300000000000000000e+03 8.653027772546512120e-01
4.400000000000000000e+03 8.598600483049800847e-01
4.500000000000000000e+03 8.569051339557106628e-01
4.600000000000000000e+03 8.786955870313598593e-01
4.700000000000000000e+03 8.657877199879686625e-01
4.800000000000000000e+03 8.948370477932217071e-01
4.900000000000000000e+03 8.681869894234497398e-01
5.000000000000000000e+03 8.902259536956877994e-01
5.100000000000000000e+03 8.964071563165045831e-01
5.200000000000000000e+03 8.679213547984452326e-01
5.300000000000000000e+03 8.883691968609509493e-01
5.400000000000000000e+03 8.755537105523238939e-01
5.500000000000000000e+03 8.977515376839908523e-01
5.600000000000000000e+03 8.842602606277607524e-01
5.700000000000000000e+03 8.920798229400399570e-01
5.800000000000000000e+03 8.909228777891342599e-01
5.900000000000000000e+03 9.068232921945493796e-01
6.000000000000000000e+03 8.948443950548358172e-01
6.100000000000000000e+03 9.118777421412818107e-01
6.200000000000000000e+03 9.023555176476737438e-01
6.300000000000000000e+03 9.104957646110186653e-01
6.400000000000000000e+03 8.867472605129844698e-01
6.500000000000000000e+03 8.951203716124174203e-01
6.600000000000000000e+03 8.912216487547179877e-01
6.700000000000000000e+03 9.117385284904883092e-01
6.800000000000000000e+03 8.869819279856685501e-01
6.900000000000000000e+03 9.024629546888336407e-01
7.000000000000000000e+03 9.012014869062706657e-01
7.100000000000000000e+03 8.982384469926530945e-01
7.200000000000000000e+03 9.014439710888635382e-01
7.300000000000000000e+03 9.107850595211975930e-01
7.400000000000000000e+03 9.023536188001980429e-01
7.500000000000000000e+03 9.125963886185404217e-01
7.600000000000000000e+03 8.932977605084486683e-01
7.700000000000000000e+03 8.807547949816099120e-01
7.800000000000000000e+03 9.033769576633767784e-01
7.900000000000000000e+03 9.077118304895983592e-01
8.000000000000000000e+03 9.069790433967392929e-01
8.100000000000000000e+03 9.170033115173764626e-01
8.200000000000000000e+03 9.077832001686366725e-01
8.300000000000000000e+03 9.188109606874038660e-01
8.400000000000000000e+03 9.160056597676622392e-01
8.500000000000000000e+03 9.010108512981038764e-01
8.600000000000000000e+03 9.092261970889062850e-01
8.700000000000000000e+03 9.082461905915886202e-01
8.800000000000000000e+03 9.118222891974743227e-01
8.900000000000000000e+03 9.163342666159457472e-01
9.000000000000000000e+03 9.264783093717368079e-01
9.100000000000000000e+03 9.234634989146138784e-01
9.200000000000000000e+03 9.269799259099309463e-01
9.300000000000000000e+03 9.177702773007108128e-01
9.400000000000000000e+03 9.201225155565925240e-01
9.500000000000000000e+03 9.229115314391587166e-01
9.600000000000000000e+03 9.179902327216936664e-01
9.700000000000000000e+03 9.196244926702766831e-01
9.800000000000000000e+03 9.216276482521496005e-01
9.900000000000000000e+03 9.340107840258307093e-01
1.000000000000000000e+04 9.290113783824748284e-01
1.010000000000000000e+04 9.122881305837261534e-01
1.020000000000000000e+04 9.274512795764515705e-01
1.030000000000000000e+04 9.158784714989400833e-01
1.040000000000000000e+04 9.184471485220924158e-01
1.050000000000000000e+04 9.180047589985218526e-01
1.060000000000000000e+04 9.151090073305409023e-01
1.070000000000000000e+04 9.096614159156108936e-01
1.080000000000000000e+04 9.245508531013442166e-01
1.090000000000000000e+04 9.256210156310707982e-01
1.100000000000000000e+04 9.304630109724785214e-01
1.110000000000000000e+04 9.180540739362956781e-01
1.120000000000000000e+04 9.227627535108269274e-01
1.130000000000000000e+04 9.310201897851927422e-01
1.140000000000000000e+04 9.276908587336443190e-01
1.150000000000000000e+04 9.142776013099687127e-01
1.160000000000000000e+04 9.245984330276099117e-01
1.170000000000000000e+04 9.389657247062287437e-01
1.180000000000000000e+04 9.222566710084010300e-01
1.190000000000000000e+04 9.310738750617091330e-01
1.200000000000000000e+04 9.266009903164726946e-01
1.210000000000000000e+04 9.257254169270952016e-01
1.220000000000000000e+04 9.363827288287456252e-01
1.230000000000000000e+04 9.306616641977061288e-01
1.240000000000000000e+04 9.363914849290079223e-01
1.250000000000000000e+04 9.370634269257170912e-01
1.260000000000000000e+04 9.433684263402895009e-01
1.270000000000000000e+04 9.309826259291138495e-01
1.280000000000000000e+04 9.270471556780566225e-01
1.290000000000000000e+04 9.210313153725289137e-01
1.300000000000000000e+04 9.314482354996590496e-01
1.310000000000000000e+04 9.435683765178156657e-01
1.320000000000000000e+04 9.352592338518925796e-01
1.330000000000000000e+04 9.192061049364115277e-01
1.340000000000000000e+04 9.294375352375957577e-01
1.350000000000000000e+04 9.389606368454677110e-01
1.360000000000000000e+04 9.331559444111001689e-01
1.370000000000000000e+04 9.312269868789468941e-01
1.380000000000000000e+04 9.298113355453644369e-01
1.390000000000000000e+04 9.230844224284451283e-01
1.400000000000000000e+04 9.334742161554099305e-01
1.410000000000000000e+04 9.277213293851834797e-01
1.420000000000000000e+04 9.289660849027615575e-01
1.430000000000000000e+04 9.468025760219751508e-01
1.440000000000000000e+04 9.439790819768687502e-01
1.450000000000000000e+04 9.365306562279576141e-01
1.460000000000000000e+04 9.414779426120346573e-01
1.470000000000000000e+04 9.294796020651142632e-01
1.480000000000000000e+04 9.325648826892044552e-01
1.490000000000000000e+04 9.408440131768396331e-01
1.500000000000000000e+04 9.403526349066801959e-01
1.510000000000000000e+04 9.372837373103415359e-01
1.520000000000000000e+04 9.389196846965792709e-01
1.530000000000000000e+04 9.425482195087127035e-01
1.540000000000000000e+04 9.348783123301396270e-01
1.550000000000000000e+04 9.366117881503462916e-01
1.560000000000000000e+04 9.461471055068904068e-01
1.570000000000000000e+04 9.351148934377647715e-01
1.580000000000000000e+04 9.354655323220683050e-01
1.590000000000000000e+04 9.363465185103830857e-01
1.600000000000000000e+04 9.450293912328965318e-01
1.610000000000000000e+04 9.363301832281739623e-01
1.620000000000000000e+04 9.337698049697615854e-01
1.630000000000000000e+04 9.319250594216971217e-01
1.640000000000000000e+04 9.405163076124259947e-01
1.650000000000000000e+04 9.508967063033747502e-01
1.660000000000000000e+04 9.429950857795060815e-01
1.670000000000000000e+04 9.320686409913948589e-01
1.680000000000000000e+04 9.385860105051222479e-01
1.690000000000000000e+04 9.359200784190380151e-01
1.700000000000000000e+04 9.167727661586908550e-01
1.710000000000000000e+04 9.445296347155693883e-01
1.720000000000000000e+04 9.463908038118287180e-01
1.730000000000000000e+04 9.361084784618044496e-01
1.740000000000000000e+04 9.373189870470787222e-01
1.750000000000000000e+04 9.518893493865864253e-01
1.760000000000000000e+04 9.411180473756146636e-01
1.770000000000000000e+04 9.345838365119277791e-01
1.780000000000000000e+04 9.428215248879393551e-01
1.790000000000000000e+04 9.531076645130287517e-01
1.800000000000000000e+04 9.499288194626368531e-01
1.810000000000000000e+04 9.505246032889612673e-01
1.820000000000000000e+04 9.480481186235560909e-01
1.830000000000000000e+04 9.495095475795325424e-01
1.840000000000000000e+04 9.432664752444031020e-01
1.850000000000000000e+04 9.393090628805575992e-01
1.860000000000000000e+04 9.333991720538803438e-01
1.870000000000000000e+04 9.361576333582493081e-01
1.880000000000000000e+04 9.484272028772041674e-01
1.890000000000000000e+04 9.418410927441068781e-01
1.900000000000000000e+04 9.498284331361475097e-01
1.910000000000000000e+04 9.506573797671389325e-01
1.920000000000000000e+04 9.328181843293501530e-01
1.930000000000000000e+04 9.373280264404164619e-01
1.940000000000000000e+04 9.492889773320196678e-01
1.950000000000000000e+04 9.371030572882597109e-01
1.960000000000000000e+04 9.418013051117410939e-01
1.970000000000000000e+04 9.465710301775247526e-01
1.980000000000000000e+04 9.451062641002410114e-01
1.990000000000000000e+04 9.340764497728184512e-01
2.000000000000000000e+04 9.492042976825086908e-01
2.010000000000000000e+04 9.381340533573737650e-01
2.020000000000000000e+04 9.504080726943080482e-01
2.030000000000000000e+04 9.327404118659515797e-01
2.040000000000000000e+04 9.352161495288034976e-01
2.050000000000000000e+04 9.490813739235008928e-01
2.060000000000000000e+04 9.516631533329278358e-01
2.070000000000000000e+04 9.407862491968285168e-01
2.080000000000000000e+04 9.443188330385077212e-01
2.090000000000000000e+04 9.436819712702115837e-01
2.100000000000000000e+04 9.434412005085326403e-01
2.110000000000000000e+04 9.404208359489527602e-01
2.120000000000000000e+04 9.477033699046080173e-01
2.130000000000000000e+04 9.440616819136398163e-01
2.140000000000000000e+04 9.548863365518029944e-01
2.150000000000000000e+04 9.348347508580556742e-01
2.160000000000000000e+04 9.528248491543624965e-01
2.170000000000000000e+04 9.424834397500215788e-01
2.180000000000000000e+04 9.340220564268735259e-01
2.190000000000000000e+04 9.384658602750826084e-01
2.200000000000000000e+04 9.416729674941493045e-01
2.210000000000000000e+04 9.583171295149098823e-01
2.220000000000000000e+04 9.473672408473265971e-01
2.230000000000000000e+04 9.453925232605001616e-01
2.240000000000000000e+04 9.531982737460757971e-01
2.250000000000000000e+04 9.334476753949727534e-01
2.260000000000000000e+04 9.450598073889586725e-01
2.270000000000000000e+04 9.455517778822806196e-01
2.280000000000000000e+04 9.431954102902407877e-01
2.290000000000000000e+04 9.497038492395211140e-01
2.300000000000000000e+04 9.370518633474217429e-01
2.310000000000000000e+04 9.492459551816050389e-01
2.320000000000000000e+04 9.470870660622244808e-01
2.330000000000000000e+04 9.460602610424937442e-01
2.340000000000000000e+04 9.361261224373229606e-01
2.350000000000000000e+04 9.516583571937411445e-01
2.360000000000000000e+04 9.432897253842406071e-01
2.370000000000000000e+04 9.471197360288847733e-01
2.380000000000000000e+04 9.487327529824288730e-01
2.390000000000000000e+04 9.550618180038078497e-01
2.400000000000000000e+04 9.418645332322899133e-01
2.410000000000000000e+04 9.545647758670536831e-01
2.420000000000000000e+04 9.412779708650145238e-01
2.430000000000000000e+04 9.448450432238295615e-01
2.440000000000000000e+04 9.483048332742407549e-01
2.450000000000000000e+04 9.491737660332417725e-01
2.460000000000000000e+04 9.548023242386626253e-01
2.470000000000000000e+04 9.408419602173023755e-01
2.480000000000000000e+04 9.503104369047441491e-01
2.490000000000000000e+04 9.364642814642131219e-01
2.500000000000000000e+04 9.489643597542595232e-01
2.510000000000000000e+04 9.557507904010058564e-01
2.520000000000000000e+04 9.532848887020338724e-01
2.530000000000000000e+04 9.422579331420805060e-01
2.540000000000000000e+04 9.511121602697267807e-01
2.550000000000000000e+04 9.577994661910518293e-01
2.560000000000000000e+04 9.427112021299053346e-01
2.570000000000000000e+04 9.501465431196802758e-01
2.580000000000000000e+04 9.414346710176844102e-01
2.590000000000000000e+04 9.444163157847893508e-01
2.600000000000000000e+04 9.499575203093139075e-01
2.610000000000000000e+04 9.516202370218097562e-01
2.620000000000000000e+04 9.545109021098346913e-01
2.630000000000000000e+04 9.478211410219368194e-01
2.640000000000000000e+04 9.465121754768542894e-01
2.650000000000000000e+04 9.502900839355036267e-01
2.660000000000000000e+04 9.530510349949989912e-01
2.670000000000000000e+04 9.539839678959771696e-01
2.680000000000000000e+04 9.463542008638252678e-01
2.690000000000000000e+04 9.598128718641651957e-01
2.700000000000000000e+04 9.453338529163587411e-01
2.710000000000000000e+04 9.579165081314100494e-01
2.720000000000000000e+04 9.444321400727470062e-01
2.730000000000000000e+04 9.522187680871093685e-01
2.740000000000000000e+04 9.472663985160364453e-01
2.750000000000000000e+04 9.392572521179320955e-01
2.760000000000000000e+04 9.461936970042663653e-01
2.770000000000000000e+04 9.440741965432905003e-01
2.780000000000000000e+04 9.466157653291863427e-01
2.790000000000000000e+04 9.534226846231534935e-01
2.800000000000000000e+04 9.509915335440095596e-01
2.810000000000000000e+04 9.489079993923510425e-01
2.820000000000000000e+04 9.440819989103428345e-01
2.830000000000000000e+04 9.461615946741681604e-01
2.840000000000000000e+04 9.535235693154322512e-01
2.850000000000000000e+04 9.519799319736842458e-01
2.860000000000000000e+04 9.496078508018692688e-01
2.870000000000000000e+04 9.515461210043733020e-01
2.880000000000000000e+04 9.524612236901348616e-01
2.890000000000000000e+04 9.483311971547498942e-01
2.900000000000000000e+04 9.429551954293021732e-01
2.910000000000000000e+04 9.436203504824497434e-01
2.920000000000000000e+04 9.512970185703366610e-01
2.930000000000000000e+04 9.553742694075695319e-01
2.940000000000000000e+04 9.538839218561558919e-01
2.950000000000000000e+04 9.564066949321218258e-01
2.960000000000000000e+04 9.598701661825472797e-01
2.970000000000000000e+04 9.420948996610054582e-01
2.980000000000000000e+04 9.527119202174736401e-01
2.990000000000000000e+04 9.526962374382437204e-01
3.000000000000000000e+04 9.480005010626688655e-01
