0.000000000000000000e+00 4.890880000000000227e-01
1.000000000000000000e+02 3.290680000000000271e-01
2.000000000000000000e+02 4.019760000000000000e-01
3.000000000000000000e+02 4.945880000000000276e-01
4.000000000000000000e+02 5.402280000000000415e-01
5.000000000000000000e+02 5.741160000000000707e-01
6.000000000000000000e+02 6.342480000000000340e-01
7.000000000000000000e+02 6.237479999999999691e-01
8.000000000000000000e+02 6.588519999999998822e-01
9.000000000000000000e+02 6.972280000000000699e-01
1.000000000000000000e+03 6.993679999999999897e-01
1.100000000000000000e+03 7.259719999999998397e-01
1.200000000000000000e+03 7.108039999999999914e-01
1.300000000000000000e+03 7.201520000000000143e-01
1.400000000000000000e+03 7.504319999999999879e-01
1.500000000000000000e+03 7.826959999999999473e-01
1.600000000000000000e+03 7.701840000000000908e-01
1.700000000000000000e+03 7.573080000000000922e-01
1.800000000000000000e+03 7.553539999999999699e-01
1.900000000000000000e+03 7.644360000000000044e-01
2.000000000000000000e+03 7.679840000000000000e-01
2.100000000000000000e+03 7.884760000000000657e-01
2.200000000000000000e+03 7.735199999999999854e-01
2.300000000000000000e+03 7.878239999999999688e-01
2.400000000000000000e+03 7.902880000000001015e-01
2.500000000000000000e+03 7.785439999999999028e-01
2.600000000000000000e+03 7.661479999999999402e-01
2.700000000000000000e+03 7.954640000000000599e-01
2.800000000000000000e+03 8.171760000000000135e-01
2.900000000000000000e+03 8.048559999999999048e-01
3.000000000000000000e+03 8.232479999999999798e-01
3.100000000000000000e+03 7.945879999999999610e-01
3.200000000000000000e+03 7.996760000000000534e-01
3.300000000000000000e+03 7.908239999999999714e-01
3.400000000000000000e+03 8.338879999999999626e-01
3.500000000000000000e+03 8.263840000000000074e-01
3.600000000000000000e+03 8.148879999999999457e-01
3.700000000000000000e+03 8.221920000000000339e-01
3.800000000000000000e+03 8.262080000000000535e-01
3.900000000000000000e+03 8.328560000000000407e-01
4.000000000000000000e+03 8.243840000000000057e-01
4.100000000000000000e+03 8.337839999999999696e-01
4.200000000000000000e+03 8.076200000000000045e-01
4.300000000000000000e+03 8.377040000000001152e-01
4.400000000000000000e+03 8.273280000000000634e-01
4.500000000000000000e+03 8.240879999999999317e-01
4.600000000000000000e+03 8.443199999999999594e-01
4.700000000000000000e+03 8.408759999999999568e-01
4.800000000000000000e+03 8.688040000000000207e-01
4.900000000000000000e+03 8.408959999999999768e-01
5.000000000000000000e+03 8.613999999999999435e-01
5.100000000000000000e+03 8.649879999999998681e-01
5.200000000000000000e+03 8.382119999999999571e-01
5.300000000000000000e+03 8.611399999999999055e-01
5.400000000000000000e+03 8.376160000000000272e-01
5.500000000000000000e+03 8.698639999999999706e-01
5.600000000000000000e+03 8.562559999999999061e-01
5.700000000000000000e+03 8.668119999999999159e-01
5.800000000000000000e+03 8.614119999999999555e-01
5.900000000000000000e+03 8.851999999999999869e-01
6.000000000000000000e+03 8.726880000000000193e-01
6.100000000000000000e+03 8.911520000000000552e-01
6.200000000000000000e+03 8.760400000000000409e-01
6.300000000000000000e+03 8.861360000000000348e-01
6.400000000000000000e+03 8.639600000000000612e-01
6.500000000000000000e+03 8.764040000000001829e-01
6.600000000000000000e+03 8.606920000000000126e-01
6.700000000000000000e+03 8.881160000000000165e-01
6.800000000000000000e+03 8.615079999999999405e-01
6.900000000000000000e+03 8.809240000000000403e-01
7.000000000000000000e+03 8.710800000000000765e-01
7.100000000000000000e+03 8.755279999999999729e-01
7.200000000000000000e+03 8.848120000000000429e-01
7.300000000000000000e+03 8.855919999999999348e-01
7.400000000000000000e+03 8.778359999999998386e-01
7.500000000000000000e+03 8.932879999999998599e-01
7.600000000000000000e+03 8.655279999999999641e-01
7.700000000000000000e+03 8.564680000000000071e-01
7.800000000000000000e+03 8.872439999999999216e-01
7.900000000000000000e+03 8.925599999999999090e-01
8.000000000000000000e+03 8.854199999999999848e-01
8.100000000000000000e+03 8.973359999999999115e-01
8.200000000000000000e+03 8.893840000000000634e-01
8.300000000000000000e+03 8.991119999999999113e-01
8.400000000000000000e+03 8.979639999999999844e-01
8.500000000000000000e+03 8.798960000000000115e-01
8.600000000000000000e+03 8.943599999999999328e-01
8.700000000000000000e+03 8.892519999999999314e-01
8.800000000000000000e+03 8.940960000000000019e-01
8.900000000000000000e+03 8.992559999999999443e-01
9.000000000000000000e+03 9.129639999999999977e-01
9.100000000000000000e+03 9.087319999999999842e-01
9.200000000000000000e+03 9.059199999999998365e-01
9.300000000000000000e+03 9.053919999999999746e-01
9.400000000000000000e+03 9.040159999999999307e-01
9.500000000000000000e+03 9.009119999999999351e-01
9.600000000000000000e+03 9.060759999999998815e-01
9.700000000000000000e+03 9.013120000000000021e-01
9.800000000000000000e+03 9.022639999999999549e-01
9.900000000000000000e+03 9.180880000000000152e-01
1.000000000000000000e+04 9.123559999999999448e-01
1.010000000000000000e+04 9.023999999999999799e-01
1.020000000000000000e+04 9.091360000000000552e-01
1.030000000000000000e+04 8.999039999999999262e-01
1.040000000000000000e+04 8.986759999999999193e-01
1.050000000000000000e+04 9.028880000000001349e-01
1.060000000000000000e+04 8.997399999999999842e-01
1.070000000000000000e+04 8.930399999999998339e-01
1.080000000000000000e+04 9.073640000000000594e-01
1.090000000000000000e+04 9.185720000000000551e-01
1.100000000000000000e+04 9.125960000000000738e-01
1.110000000000000000e+04 9.033679999999999488e-01
1.120000000000000000e+04 9.096319999999999961e-01
1.130000000000000000e+04 9.144719999999999516e-01
1.140000000000000000e+04 9.068720000000000114e-01
1.150000000000000000e+04 8.897519999999999873e-01
1.160000000000000000e+04 9.067879999999999274e-01
1.170000000000000000e+04 9.279519999999999991e-01
1.180000000000000000e+04 9.101319999999999411e-01
1.190000000000000000e+04 9.179880000000000262e-01
1.200000000000000000e+04 9.096719999999999251e-01
1.210000000000000000e+04 9.159399999999998654e-01
1.220000000000000000e+04 9.253679999999999684e-01
1.230000000000000000e+04 9.134760000000000657e-01
1.240000000000000000e+04 9.189720000000001221e-01
1.250000000000000000e+04 9.274759999999999671e-01
1.260000000000000000e+04 9.293319999999999359e-01
1.270000000000000000e+04 9.203400000000000469e-01
1.280000000000000000e+04 9.130479999999999707e-01
1.290000000000000000e+04 9.054239999999997845e-01
1.300000000000000000e+04 9.223319999999999297e-01
1.310000000000000000e+04 9.327540000000000830e-01
1.320000000000000000e+04 9.265959999999999752e-01
1.330000000000000000e+04 9.027920000000000389e-01
1.340000000000000000e+04 9.178359999999999852e-01
1.350000000000000000e+04 9.261719999999998842e-01
1.360000000000000000e+04 9.179599999999999982e-01
1.370000000000000000e+04 9.161519999999999664e-01
1.380000000000000000e+04 9.233480000000000576e-01
1.390000000000000000e+04 9.133719999999999617e-01
1.400000000000000000e+04 9.233199999999999186e-01
1.410000000000000000e+04 9.153400000000000425e-01
1.420000000000000000e+04 9.192199999999999260e-01
1.430000000000000000e+04 9.361520000000000952e-01
1.440000000000000000e+04 9.362800000000000011e-01
1.450000000000000000e+04 9.294000000000000039e-01
1.460000000000000000e+04 9.329839999999999245e-01
1.470000000000000000e+04 9.148360000000000936e-01
1.480000000000000000e+04 9.249359999999999804e-01
1.490000000000000000e+04 9.327959999999999585e-01
1.500000000000000000e+04 9.284960000000000990e-01
1.510000000000000000e+04 9.294040000000000079e-01
1.520000000000000000e+04 9.294359999999999289e-01
1.530000000000000000e+04 9.270959999999999201e-01
1.540000000000000000e+04 9.210399999999998588e-01
1.550000000000000000e+04 9.287999999999998479e-01
1.560000000000000000e+04 9.332119999999999305e-01
1.570000000000000000e+04 9.193199999999999150e-01
1.580000000000000000e+04 9.278559999999999031e-01
1.590000000000000000e+04 9.197280000000001010e-01
1.600000000000000000e+04 9.348399999999998933e-01
1.610000000000000000e+04 9.248160000000000824e-01
1.620000000000000000e+04 9.169040000000001633e-01
1.630000000000000000e+04 9.207520000000001259e-01
1.640000000000000000e+04 9.370399999999998730e-01
1.650000000000000000e+04 9.447759999999999492e-01
1.660000000000000000e+04 9.380159999999999609e-01
1.670000000000000000e+04 9.229319999999998636e-01
1.680000000000000000e+04 9.286280000000000090e-01
1.690000000000000000e+04 9.276480000000000281e-01
1.700000000000000000e+04 9.050639999999998686e-01
1.710000000000000000e+04 9.313560000000000727e-01
1.720000000000000000e+04 9.349879999999999303e-01
1.730000000000000000e+04 9.270919999999999161e-01
1.740000000000000000e+04 9.278480000000000061e-01
1.750000000000000000e+04 9.460439999999998850e-01
1.760000000000000000e+04 9.324519999999999476e-01
1.770000000000000000e+04 9.218239999999999768e-01
1.780000000000000000e+04 9.317880000000000607e-01
1.790000000000000000e+04 9.431239999999999624e-01
1.800000000000000000e+04 9.348719999999998143e-01
1.810000000000000000e+04 9.411599999999999966e-01
1.820000000000000000e+04 9.388720000000000399e-01
1.830000000000000000e+04 9.404679999999999707e-01
1.840000000000000000e+04 9.342799999999999994e-01
1.850000000000000000e+04 9.270080000000001652e-01
1.860000000000000000e+04 9.225519999999998166e-01
1.870000000000000000e+04 9.285360000000000280e-01
1.880000000000000000e+04 9.385120000000000129e-01
1.890000000000000000e+04 9.350879999999999193e-01
1.900000000000000000e+04 9.396319999999999117e-01
1.910000000000000000e+04 9.381080000000000529e-01
1.920000000000000000e+04 9.233600000000001806e-01
1.930000000000000000e+04 9.267800000000001592e-01
1.940000000000000000e+04 9.400920000000000387e-01
1.950000000000000000e+04 9.257240000000001023e-01
1.960000000000000000e+04 9.297799999999999399e-01
1.970000000000000000e+04 9.340279999999998584e-01
1.980000000000000000e+04 9.339519999999998934e-01
1.990000000000000000e+04 9.237359999999998905e-01
2.000000000000000000e+04 9.375120000000000120e-01
2.010000000000000000e+04 9.260079999999999423e-01
2.020000000000000000e+04 9.394759999999999778e-01
2.030000000000000000e+04 9.287879999999999470e-01
2.040000000000000000e+04 9.261279999999999513e-01
2.050000000000000000e+04 9.390519999999999978e-01
2.060000000000000000e+04 9.396799999999998487e-01
2.070000000000000000e+04 9.328919999999999435e-01
2.080000000000000000e+04 9.362960000000000171e-01
2.090000000000000000e+04 9.389319999999999888e-01
2.100000000000000000e+04 9.336400000000000254e-01
2.110000000000000000e+04 9.268479999999998942e-01
2.120000000000000000e+04 9.371879999999999100e-01
2.130000000000000000e+04 9.335719999999998464e-01
2.140000000000000000e+04 9.438320000000000043e-01
2.150000000000000000e+04 9.249760000000000204e-01
2.160000000000000000e+04 9.445839999999999792e-01
2.170000000000000000e+04 9.344520000000000604e-01
2.180000000000000000e+04 9.253079999999999083e-01
2.190000000000000000e+04 9.282439999999999580e-01
2.200000000000000000e+04 9.355119999999998992e-01
2.210000000000000000e+04 9.499279999999998836e-01
2.220000000000000000e+04 9.384639999999999649e-01
2.230000000000000000e+04 9.380360000000000920e-01
2.240000000000000000e+04 9.452800000000000091e-01
2.250000000000000000e+04 9.335839999999998584e-01
2.260000000000000000e+04 9.407639999999999336e-01
2.270000000000000000e+04 9.384879999999999889e-01
2.280000000000000000e+04 9.326119999999998855e-01
2.290000000000000000e+04 9.438719999999998223e-01
2.300000000000000000e+04 9.244680000000000675e-01
2.310000000000000000e+04 9.433119999999999283e-01
2.320000000000000000e+04 9.347680000000000433e-01
2.330000000000000000e+04 9.383919999999998929e-01
2.340000000000000000e+04 9.298999999999999488e-01
2.350000000000000000e+04 9.481999999999999318e-01
2.360000000000000000e+04 9.393279999999999408e-01
2.370000000000000000e+04 9.433960000000000123e-01
2.380000000000000000e+04 9.397760000000000558e-01
2.390000000000000000e+04 9.501239999999999686e-01
2.400000000000000000e+04 9.352920000000000122e-01
2.410000000000000000e+04 9.472519999999998719e-01
2.420000000000000000e+04 9.375679999999999570e-01
2.430000000000000000e+04 9.359600000000000142e-01
2.440000000000000000e+04 9.434120000000000283e-01
2.450000000000000000e+04 9.432000000000000384e-01
2.460000000000000000e+04 9.478999999999998538e-01
2.470000000000000000e+04 9.344759999999999733e-01
2.480000000000000000e+04 9.402960000000001317e-01
2.490000000000000000e+04 9.279319999999998680e-01
2.500000000000000000e+04 9.428959999999999564e-01
2.510000000000000000e+04 9.460399999999998810e-01
2.520000000000000000e+04 9.471279999999999699e-01
2.530000000000000000e+04 9.323959999999998915e-01
2.540000000000000000e+04 9.469439999999998969e-01
2.550000000000000000e+04 9.539480000000000182e-01
2.560000000000000000e+04 9.307959999999998457e-01
2.570000000000000000e+04 9.414679999999999715e-01
2.580000000000000000e+04 9.432800000000000074e-01
2.590000000000000000e+04 9.362399999999999611e-01
2.600000000000000000e+04 9.410840000000000316e-01
2.610000000000000000e+04 9.418720000000000425e-01
2.620000000000000000e+04 9.475199999999999179e-01
2.630000000000000000e+04 9.372360000000000690e-01
2.640000000000000000e+04 9.360120000000000662e-01
2.650000000000000000e+04 9.402240000000000597e-01
2.660000000000000000e+04 9.475559999999999539e-01
2.670000000000000000e+04 9.462039999999999340e-01
2.680000000000000000e+04 9.408399999999998986e-01
2.690000000000000000e+04 9.514359999999999484e-01
2.700000000000000000e+04 9.395679999999999588e-01
2.710000000000000000e+04 9.515359999999999374e-01
2.720000000000000000e+04 9.325520000000000476e-01
2.730000000000000000e+04 9.497959999999999736e-01
2.740000000000000000e+04 9.389639999999997988e-01
2.750000000000000000e+04 9.302319999999998368e-01
2.760000000000000000e+04 9.379719999999999169e-01
2.770000000000000000e+04 9.355720000000000702e-01
2.780000000000000000e+04 9.371159999999999490e-01
2.790000000000000000e+04 9.450800000000000312e-01
2.800000000000000000e+04 9.456839999999999691e-01
2.810000000000000000e+04 9.395879999999999788e-01
2.820000000000000000e+04 9.336280000000000134e-01
2.830000000000000000e+04 9.367039999999998701e-01
2.840000000000000000e+04 9.423719999999999875e-01
2.850000000000000000e+04 9.406319999999999126e-01
2.860000000000000000e+04 9.459079999999999711e-01
2.870000000000000000e+04 9.429199999999999804e-01
2.880000000000000000e+04 9.472399999999999709e-01
2.890000000000000000e+04 9.381639999999999979e-01
2.900000000000000000e+04 9.274600000000000621e-01
2.910000000000000000e+04 9.301840000000000108e-01
2.920000000000000000e+04 9.464439999999998410e-01
2.930000000000000000e+04 9.481559999999999988e-01
2.940000000000000000e+04 9.471359999999999779e-01
2.950000000000000000e+04 9.470519999999998939e-01
2.960000000000000000e+04 9.492879999999999097e-01
2.970000000000000000e+04 9.402399999999999647e-01
2.980000000000000000e+04 9.456559999999999411e-01
2.990000000000000000e+04 9.417079999999999895e-01
3.000000000000000000e+04 9.425800000000000844e-01
