0.000000000000000000e+00 4.855337114132344256e-01
1.000000000000000000e+02 4.008877792571692300e-01
2.000000000000000000e+02 4.336462468537564119e-01
3.000000000000000000e+02 4.728834319911986439e-01
4.000000000000000000e+02 4.983386121681475656e-01
5.000000000000000000e+02 5.318282292053669869e-01
6.000000000000000000e+02 5.866651547224226437e-01
7.000000000000000000e+02 5.931803343629008518e-01
8.000000000000000000e+02 6.235111927287276812e-01
9.000000000000000000e+02 6.549308030982179396e-01
1.000000000000000000e+03 6.314449789579609229e-01
1.100000000000000000e+03 6.643951121566249451e-01
1.200000000000000000e+03 6.435878935555271463e-01
1.300000000000000000e+03 6.561570777393489484e-01
1.400000000000000000e+03 6.887679639529119546e-01
1.500000000000000000e+03 7.205339762132895176e-01
1.600000000000000000e+03 6.812761198983059430e-01
1.700000000000000000e+03 6.981950431526272594e-01
1.800000000000000000e+03 7.415626616493238288e-01
1.900000000000000000e+03 7.164921592518543880e-01
2.000000000000000000e+03 7.587386401614605314e-01
2.100000000000000000e+03 7.217302545452399798e-01
2.200000000000000000e+03 7.368819636231646042e-01
2.300000000000000000e+03 7.520810933154222777e-01
2.400000000000000000e+03 7.479684180286224615e-01
2.500000000000000000e+03 7.458243128575270386e-01
2.600000000000000000e+03 7.375740792582857752e-01
2.700000000000000000e+03 7.391232978532228381e-01
2.800000000000000000e+03 7.680416091535531287e-01
2.900000000000000000e+03 7.678051381401871378e-01
3.000000000000000000e+03 7.569675231347106070e-01
3.100000000000000000e+03 7.601908663982078762e-01
3.200000000000000000e+03 7.737645752172027658e-01
3.300000000000000000e+03 7.672449966905362517e-01
3.400000000000000000e+03 7.840720680590465008e-01
3.500000000000000000e+03 7.946105711522444270e-01
3.600000000000000000e+03 7.733112494735880915e-01
3.700000000000000000e+03 7.986667031876844014e-01
3.800000000000000000e+03 7.844515447911146744e-01
3.900000000000000000e+03 8.072232946153448108e-01
4.000000000000000000e+03 8.109938652996477870e-01
4.100000000000000000e+03 7.912747415910748039e-01
4.200000000000000000e+03 8.159670549166092579e-01
4.300000000000000000e+03 8.484146523976943133e-01
4.400000000000000000e+03 8.305053629898542233e-01
4.500000000000000000e+03 8.288649663084943775e-01
4.600000000000000000e+03 8.356075801671116743e-01
4.700000000000000000e+03 8.304820808407924471e-01
4.800000000000000000e+03 8.279751225624434330e-01
4.900000000000000000e+03 8.328025839114501228e-01
5.000000000000000000e+03 8.366811922101908827e-01
5.100000000000000000e+03 8.247739219011523959e-01
5.200000000000000000e+03 8.228364044812314093e-01
5.300000000000000000e+03 8.386966904508210696e-01
5.400000000000000000e+03 8.144988280751863652e-01
5.500000000000000000e+03 8.227883833443007111e-01
5.600000000000000000e+03 8.514133872027298544e-01
5.700000000000000000e+03 8.300474366016169503e-01
5.800000000000000000e+03 8.396197561121953035e-01
5.900000000000000000e+03 8.548725437927899851e-01
6.000000000000000000e+03 8.646626609133909458e-01
6.100000000000000000e+03 8.559819385033033967e-01
6.200000000000000000e+03 8.629873610864352562e-01
6.300000000000000000e+03 8.611906938556587177e-01
6.400000000000000000e+03 8.433241675781639746e-01
6.500000000000000000e+03 8.601590494955395627e-01
6.600000000000000000e+03 8.593143832547287531e-01
6.700000000000000000e+03 8.635308240866743645e-01
6.800000000000000000e+03 8.599674570069604229e-01
6.900000000000000000e+03 8.768361557816160001e-01
7.000000000000000000e+03 8.715506643195580772e-01
7.100000000000000000e+03 8.560207264437169616e-01
7.200000000000000000e+03 8.677246908834533867e-01
7.300000000000000000e+03 8.589403068921729334e-01
7.400000000000000000e+03 8.582506351707948067e-01
7.500000000000000000e+03 8.845242388631106012e-01
7.600000000000000000e+03 8.634635470250350275e-01
7.700000000000000000e+03 8.914824443461897285e-01
7.800000000000000000e+03 8.784927324574909324e-01
7.900000000000000000e+03 8.965660291457621112e-01
8.000000000000000000e+03 8.906224068908619174e-01
8.100000000000000000e+03 8.918152321974995855e-01
8.200000000000000000e+03 8.796795283914348174e-01
8.300000000000000000e+03 9.016687912265211047e-01
8.400000000000000000e+03 9.201460881067637931e-01
8.500000000000000000e+03 9.131708690427620123e-01
8.600000000000000000e+03 8.826128928834838794e-01
8.700000000000000000e+03 9.075527482816756475e-01
8.800000000000000000e+03 8.957766366774606581e-01
8.900000000000000000e+03 8.927489201167100319e-01
9.000000000000000000e+03 8.955010600010469002e-01
9.100000000000000000e+03 8.966285244635543439e-01
9.200000000000000000e+03 9.068118071338168162e-01
9.300000000000000000e+03 8.893665097836254141e-01
9.400000000000000000e+03 9.054118887423570072e-01
9.500000000000000000e+03 8.817094600528826431e-01
9.600000000000000000e+03 9.137208071672475729e-01
9.700000000000000000e+03 8.860937230107973628e-01
9.800000000000000000e+03 9.029109556853556207e-01
9.900000000000000000e+03 8.902548862425415654e-01
1.000000000000000000e+04 8.912646882941366311e-01
1.010000000000000000e+04 8.919292546244675934e-01
1.020000000000000000e+04 8.918554886523513137e-01
1.030000000000000000e+04 9.103688277127839346e-01
1.040000000000000000e+04 9.131661342191611519e-01
1.050000000000000000e+04 9.080383682190474870e-01
1.060000000000000000e+04 8.978937470007920529e-01
1.070000000000000000e+04 9.244652561144345304e-01
1.080000000000000000e+04 9.083448260896465065e-01
1.090000000000000000e+04 9.158406200763242744e-01
1.100000000000000000e+04 9.093181056462578127e-01
1.110000000000000000e+04 9.150283306838014052e-01
1.120000000000000000e+04 9.008905715132300429e-01
1.130000000000000000e+04 9.034758699815756966e-01
1.140000000000000000e+04 9.034871298761499858e-01
1.150000000000000000e+04 9.177119763461702995e-01
1.160000000000000000e+04 9.069533876792462701e-01
1.170000000000000000e+04 9.111564721499093578e-01
1.180000000000000000e+04 9.046521832115115291e-01
1.190000000000000000e+04 9.129488484869148213e-01
1.200000000000000000e+04 9.103051606944028151e-01
1.210000000000000000e+04 9.100058539989099859e-01
1.220000000000000000e+04 9.014815687362260910e-01
1.230000000000000000e+04 8.915350611139614134e-01
1.240000000000000000e+04 9.221707938221428424e-01
1.250000000000000000e+04 9.209801699292992083e-01
1.260000000000000000e+04 9.016431005577015823e-01
1.270000000000000000e+04 9.230393858870846735e-01
1.280000000000000000e+04 9.105946060727706515e-01
1.290000000000000000e+04 9.139572411664722562e-01
1.300000000000000000e+04 9.192233097672573017e-01
1.310000000000000000e+04 9.145321434272384309e-01
1.320000000000000000e+04 9.182483256272343519e-01
1.330000000000000000e+04 9.171983215699990311e-01
1.340000000000000000e+04 8.965224265394493575e-01
1.350000000000000000e+04 9.334629241160902202e-01
1.360000000000000000e+04 9.254927312993257438e-01
1.370000000000000000e+04 9.153360896310005490e-01
1.380000000000000000e+04 9.206233764628485305e-01
1.390000000000000000e+04 9.239205926229357990e-01
1.400000000000000000e+04 9.166186551482060629e-01
1.410000000000000000e+04 9.181692089163089321e-01
1.420000000000000000e+04 9.293391503349611726e-01
1.430000000000000000e+04 9.148065918798773399e-01
1.440000000000000000e+04 9.117785603300917474e-01
1.450000000000000000e+04 9.067043592805066332e-01
1.460000000000000000e+04 9.133178524566566425e-01
1.470000000000000000e+04 9.264869178971155694e-01
1.480000000000000000e+04 9.072240153090290748e-01
1.490000000000000000e+04 9.055561633752946538e-01
1.500000000000000000e+04 9.197894527909821205e-01
1.510000000000000000e+04 9.140775350389567233e-01
1.520000000000000000e+04 8.977698743422504180e-01
1.530000000000000000e+04 9.138021617209610703e-01
1.540000000000000000e+04 9.119834564368605179e-01
1.550000000000000000e+04 9.146701123092209063e-01
1.560000000000000000e+04 8.975517504649637157e-01
1.570000000000000000e+04 9.093715577683431084e-01
1.580000000000000000e+04 9.174896001556211989e-01
1.590000000000000000e+04 9.231038922461078933e-01
1.600000000000000000e+04 9.153842644277634388e-01
1.610000000000000000e+04 9.216944453725863795e-01
1.620000000000000000e+04 9.226232992794958232e-01
1.630000000000000000e+04 9.198190890542107256e-01
1.640000000000000000e+04 9.199983326621363755e-01
1.650000000000000000e+04 9.186765406065298123e-01
1.660000000000000000e+04 9.270157058583488041e-01
1.670000000000000000e+04 9.230926734295500369e-01
1.680000000000000000e+04 9.314219738234479351e-01
1.690000000000000000e+04 9.166235261624651187e-01
1.700000000000000000e+04 9.122376536400919056e-01
1.710000000000000000e+04 9.150121908799533355e-01
1.720000000000000000e+04 9.229935609054911172e-01
1.730000000000000000e+04 9.229907364382213819e-01
1.740000000000000000e+04 9.120887965511484952e-01
1.750000000000000000e+04 9.313119188620080369e-01
1.760000000000000000e+04 9.272300185767630154e-01
1.770000000000000000e+04 9.247628839913395460e-01
1.780000000000000000e+04 9.086719172933304112e-01
1.790000000000000000e+04 9.249626708092285599e-01
1.800000000000000000e+04 9.220156776654693243e-01
1.810000000000000000e+04 9.223123573373019912e-01
1.820000000000000000e+04 9.219244848742366161e-01
1.830000000000000000e+04 9.218430746830954536e-01
1.840000000000000000e+04 9.275969880892036556e-01
1.850000000000000000e+04 9.212438311606452324e-01
1.860000000000000000e+04 9.107057206359434609e-01
1.870000000000000000e+04 9.202128451429673062e-01
1.880000000000000000e+04 9.182028278943740185e-01
1.890000000000000000e+04 9.083461183343749523e-01
1.900000000000000000e+04 9.382936829974906079e-01
1.910000000000000000e+04 9.204190972443395680e-01
1.920000000000000000e+04 9.304281477216733709e-01
1.930000000000000000e+04 9.195551175654026466e-01
1.940000000000000000e+04 9.309051772491648835e-01
1.950000000000000000e+04 9.247806447222112203e-01
1.960000000000000000e+04 9.234325470927676749e-01
1.970000000000000000e+04 9.342614654328997847e-01
1.980000000000000000e+04 9.259904411367402277e-01
1.990000000000000000e+04 9.068169572677382551e-01
2.000000000000000000e+04 9.197705273382246194e-01
2.010000000000000000e+04 9.334308612101813729e-01
2.020000000000000000e+04 9.265425301902602273e-01
2.030000000000000000e+04 9.270295993761297204e-01
2.040000000000000000e+04 9.264792884348276303e-01
2.050000000000000000e+04 9.268106383653192948e-01
2.060000000000000000e+04 9.322716756028046614e-01
2.070000000000000000e+04 9.305365333677056983e-01
2.080000000000000000e+04 9.269578218979761530e-01
2.090000000000000000e+04 9.251779204884562624e-01
2.100000000000000000e+04 9.369901041508095219e-01
2.110000000000000000e+04 9.211547969931614954e-01
2.120000000000000000e+04 9.298706671266703250e-01
2.130000000000000000e+04 9.343273426966155482e-01
2.140000000000000000e+04 9.311823049631613447e-01
2.150000000000000000e+04 9.191313059294472509e-01
2.160000000000000000e+04 9.212530201514030903e-01
2.170000000000000000e+04 9.299268771793027799e-01
2.180000000000000000e+04 9.071923394059950851e-01
2.190000000000000000e+04 9.286217637613780607e-01
2.200000000000000000e+04 9.179234528273703120e-01
2.210000000000000000e+04 9.192369477260391442e-01
2.220000000000000000e+04 9.283164729606950827e-01
2.230000000000000000e+04 9.140395506503175005e-01
2.240000000000000000e+04 9.065131327458807453e-01
2.250000000000000000e+04 9.211122307497063844e-01
2.260000000000000000e+04 9.220938296967809977e-01
2.270000000000000000e+04 9.127007558111241980e-01
2.280000000000000000e+04 9.226273625804484180e-01
2.290000000000000000e+04 9.255713663983283768e-01
2.300000000000000000e+04 9.333098872881757657e-01
2.310000000000000000e+04 9.163155847334791826e-01
2.320000000000000000e+04 9.308215684725309469e-01
2.330000000000000000e+04 9.185817669514201311e-01
2.340000000000000000e+04 9.031053342878319068e-01
2.350000000000000000e+04 9.228229371659608660e-01
2.360000000000000000e+04 9.226675977993675781e-01
2.370000000000000000e+04 9.279353710840154701e-01
2.380000000000000000e+04 9.255521699286481940e-01
2.390000000000000000e+04 9.155579201657336741e-01
2.400000000000000000e+04 9.074759118307400563e-01
2.410000000000000000e+04 9.314414758953606377e-01
2.420000000000000000e+04 9.371455951345752933e-01
2.430000000000000000e+04 9.371027739729250738e-01
2.440000000000000000e+04 9.334376593156317181e-01
2.450000000000000000e+04 9.316116517435437672e-01
2.460000000000000000e+04 9.361471301096973008e-01
2.470000000000000000e+04 9.209369464180616749e-01
2.480000000000000000e+04 9.133122161846030096e-01
2.490000000000000000e+04 9.212659990378277985e-01
2.500000000000000000e+04 9.160186279873080428e-01
2.510000000000000000e+04 9.182582608123619483e-01
2.520000000000000000e+04 9.326140942095089148e-01
2.530000000000000000e+04 9.256866719239745800e-01
2.540000000000000000e+04 9.249478670936680524e-01
2.550000000000000000e+04 9.295895792924520062e-01
2.560000000000000000e+04 9.283834668620635222e-01
2.570000000000000000e+04 9.280761639912461503e-01
2.580000000000000000e+04 9.280268432735212514e-01
2.590000000000000000e+04 9.203354887842166709e-01
2.600000000000000000e+04 9.181826907184664766e-01
2.610000000000000000e+04 9.345144043464892469e-01
2.620000000000000000e+04 9.069319015834647058e-01
2.630000000000000000e+04 9.209732593747154139e-01
2.640000000000000000e+04 9.223127093795321363e-01
2.650000000000000000e+04 9.297166671333727539e-01
2.660000000000000000e+04 9.268014471615783068e-01
2.670000000000000000e+04 9.312211140019057698e-01
2.680000000000000000e+04 9.141740945932723683e-01
2.690000000000000000e+04 9.425466691912801620e-01
2.700000000000000000e+04 9.199034585427359190e-01
2.710000000000000000e+04 9.287430427276610612e-01
2.720000000000000000e+04 9.292123962491326550e-01
2.730000000000000000e+04 9.129352135972264026e-01
2.740000000000000000e+04 9.275550651358964727e-01
2.750000000000000000e+04 9.233189912423713785e-01
2.760000000000000000e+04 9.290879656193195002e-01
2.770000000000000000e+04 9.326844777794368602e-01
2.780000000000000000e+04 9.345333607735650805e-01
2.790000000000000000e+04 9.100729847032215103e-01
2.800000000000000000e+04 9.323769379093351795e-01
2.810000000000000000e+04 9.146436799933723716e-01
2.820000000000000000e+04 9.232975725970817837e-01
2.830000000000000000e+04 9.084700476206016839e-01
2.840000000000000000e+04 9.240621456883713059e-01
2.850000000000000000e+04 9.347563391925748366e-01
2.860000000000000000e+04 9.391041925064482765e-01
2.870000000000000000e+04 9.196150752761010905e-01
2.880000000000000000e+04 9.171315517306452003e-01
2.890000000000000000e+04 9.268636715775983026e-01
2.900000000000000000e+04 9.274676183998578072e-01
2.910000000000000000e+04 9.294458124675288868e-01
2.920000000000000000e+04 9.316482473498937100e-01
2.930000000000000000e+04 9.190434819307183867e-01
2.940000000000000000e+04 9.166037387889462984e-01
2.950000000000000000e+04 9.274511649931740376e-01
2.960000000000000000e+04 9.277318115742640980e-01
2.970000000000000000e+04 9.104571799229778106e-01
2.980000000000000000e+04 9.254977352340650887e-01
2.990000000000000000e+04 9.264535545555793172e-01
3.000000000000000000e+04 9.314931287428163120e-01
