0.000000000000000000e+00 4.921730490409506054e-01
1.000000000000000000e+02 3.821296432002164178e-01
2.000000000000000000e+02 4.132609927984259302e-01
3.000000000000000000e+02 4.105521082051409865e-01
4.000000000000000000e+02 4.278814609442808670e-01
5.000000000000000000e+02 4.457240196644146613e-01
6.000000000000000000e+02 4.541413925041509758e-01
7.000000000000000000e+02 4.350549867040745533e-01
8.000000000000000000e+02 4.663511698049193077e-01
9.000000000000000000e+02 5.087610277642118373e-01
1.000000000000000000e+03 5.145597877063072811e-01
1.100000000000000000e+03 5.423184848911881684e-01
1.200000000000000000e+03 5.640283415138853673e-01
1.300000000000000000e+03 5.165917567749078732e-01
1.400000000000000000e+03 5.545778976227198065e-01
1.500000000000000000e+03 5.924237839328431177e-01
1.600000000000000000e+03 5.768525834985956946e-01
1.700000000000000000e+03 5.813850612183810718e-01
1.800000000000000000e+03 6.088981222719401787e-01
1.900000000000000000e+03 5.576392595206494107e-01
2.000000000000000000e+03 6.049005847069187647e-01
2.100000000000000000e+03 5.944241066804624163e-01
2.200000000000000000e+03 5.983845716181368513e-01
2.300000000000000000e+03 6.341897728576617599e-01
2.400000000000000000e+03 6.676042035531490892e-01
2.500000000000000000e+03 6.094683944364160944e-01
2.600000000000000000e+03 6.375391225318506327e-01
2.700000000000000000e+03 6.568601733913993490e-01
2.800000000000000000e+03 6.422867283835305141e-01
2.900000000000000000e+03 6.853661789380275371e-01
3.000000000000000000e+03 6.026385384942121171e-01
3.100000000000000000e+03 6.904018848794429841e-01
3.200000000000000000e+03 6.731060867798168701e-01
3.300000000000000000e+03 6.785599143253763232e-01
3.400000000000000000e+03 6.499403548802291652e-01
3.500000000000000000e+03 6.766625365301875972e-01
3.600000000000000000e+03 6.873697788147070664e-01
3.700000000000000000e+03 6.760362744814634173e-01
3.800000000000000000e+03 7.004029231808950318e-01
3.900000000000000000e+03 6.673663442060884243e-01
4.000000000000000000e+03 6.930158329090501113e-01
4.100000000000000000e+03 6.713595382105337350e-01
4.200000000000000000e+03 7.036910451834769153e-01
4.300000000000000000e+03 6.740843967339695819e-01
4.400000000000000000e+03 6.990743375645545044e-01
4.500000000000000000e+03 7.182080580155035809e-01
4.600000000000000000e+03 7.395738682155206245e-01
4.700000000000000000e+03 6.817508006717248881e-01
4.800000000000000000e+03 6.958850193166318254e-01
4.900000000000000000e+03 6.717068059762248966e-01
5.000000000000000000e+03 7.277985625675805759e-01
5.100000000000000000e+03 7.178544696848695450e-01
5.200000000000000000e+03 7.045008387256570526e-01
5.300000000000000000e+03 7.213784606936815003e-01
5.400000000000000000e+03 7.116875393173889286e-01
5.500000000000000000e+03 7.447272395744317652e-01
5.600000000000000000e+03 7.015088822453601214e-01
5.700000000000000000e+03 7.258625487253225206e-01
5.800000000000000000e+03 7.418195842234522885e-01
5.900000000000000000e+03 7.098733842664117777e-01
6.000000000000000000e+03 7.503333487359588050e-01
6.100000000000000000e+03 7.139154136954521945e-01
6.200000000000000000e+03 7.309926895891807330e-01
6.300000000000000000e+03 7.308977920337931256e-01
6.400000000000000000e+03 7.014018512230681957e-01
6.500000000000000000e+03 7.192488730249513296e-01
6.600000000000000000e+03 7.121104266259915549e-01
6.700000000000000000e+03 7.401749129279835415e-01
6.800000000000000000e+03 7.090626683719158940e-01
6.900000000000000000e+03 7.159513609585204108e-01
7.000000000000000000e+03 7.423143793126196766e-01
7.100000000000000000e+03 7.307393131706101386e-01
7.200000000000000000e+03 7.212918662818773585e-01
7.300000000000000000e+03 7.356200526350918922e-01
7.400000000000000000e+03 6.928446465114272979e-01
7.500000000000000000e+03 7.332387072403119266e-01
7.600000000000000000e+03 7.565226144795322849e-01
7.700000000000000000e+03 7.325478155418201354e-01
7.800000000000000000e+03 7.371246810730378574e-01
7.900000000000000000e+03 7.538641607978696646e-01
8.000000000000000000e+03 7.379373514781388810e-01
8.100000000000000000e+03 7.299007351505342189e-01
8.200000000000000000e+03 7.794111847878383292e-01
8.300000000000000000e+03 7.291554864274432113e-01
8.400000000000000000e+03 7.037539746449865685e-01
8.500000000000000000e+03 7.277916555206442872e-01
8.600000000000000000e+03 7.423936356849896168e-01
8.700000000000000000e+03 7.182660306372650183e-01
8.800000000000000000e+03 7.474500147215423773e-01
8.900000000000000000e+03 7.246482291923027619e-01
9.000000000000000000e+03 7.398288968938446786e-01
9.100000000000000000e+03 7.357277647452225011e-01
9.200000000000000000e+03 7.733436892564963250e-01
9.300000000000000000e+03 7.421016558051577450e-01
9.400000000000000000e+03 7.107824171360667131e-01
9.500000000000000000e+03 7.450320466974491573e-01
9.600000000000000000e+03 7.555776799156390666e-01
9.700000000000000000e+03 7.640800036481883994e-01
9.800000000000000000e+03 7.345463094179898178e-01
9.900000000000000000e+03 7.549928654672303230e-01
1.000000000000000000e+04 7.420377350281308626e-01
1.010000000000000000e+04 7.561869894693291627e-01
1.020000000000000000e+04 7.651742996893746707e-01
1.030000000000000000e+04 7.622878513307702608e-01
1.040000000000000000e+04 7.557759190441466490e-01
1.050000000000000000e+04 7.445367894061041270e-01
1.060000000000000000e+04 7.648340108599773757e-01
1.070000000000000000e+04 7.751550370671527190e-01
1.080000000000000000e+04 7.381361936244270616e-01
1.090000000000000000e+04 7.724844035140450149e-01
1.100000000000000000e+04 7.675645607255102698e-01
1.110000000000000000e+04 7.825623373173909991e-01
1.120000000000000000e+04 7.709961928771081885e-01
1.130000000000000000e+04 7.828172837532689776e-01
1.140000000000000000e+04 7.814460177712441169e-01
1.150000000000000000e+04 7.818920783734616409e-01
1.160000000000000000e+04 7.650564883450036158e-01
1.170000000000000000e+04 7.405576362948074198e-01
1.180000000000000000e+04 7.715938594263115347e-01
1.190000000000000000e+04 8.044302998038550534e-01
1.200000000000000000e+04 7.727031035049369834e-01
1.210000000000000000e+04 7.574162765782839202e-01
1.220000000000000000e+04 7.820148518844145524e-01
1.230000000000000000e+04 7.888265695704836933e-01
1.240000000000000000e+04 7.697424468214304483e-01
1.250000000000000000e+04 7.857276557303297659e-01
1.260000000000000000e+04 8.040851727812953209e-01
1.270000000000000000e+04 8.020311704068519010e-01
1.280000000000000000e+04 7.899190366112899264e-01
1.290000000000000000e+04 7.841396062997143535e-01
1.300000000000000000e+04 8.108879471885976908e-01
1.310000000000000000e+04 7.915324939138107530e-01
1.320000000000000000e+04 8.337016182651282303e-01
1.330000000000000000e+04 7.927552131451400808e-01
1.340000000000000000e+04 7.820531527039205066e-01
1.350000000000000000e+04 8.194580449526795984e-01
1.360000000000000000e+04 8.064450111729795090e-01
1.370000000000000000e+04 7.821064759921785292e-01
1.380000000000000000e+04 8.159782130968551428e-01
1.390000000000000000e+04 8.083590759468275433e-01
1.400000000000000000e+04 8.019645944069464516e-01
1.410000000000000000e+04 8.035177166159906958e-01
1.420000000000000000e+04 8.117192366852665764e-01
1.430000000000000000e+04 8.309305405549064494e-01
1.440000000000000000e+04 7.992550785346721476e-01
1.450000000000000000e+04 8.018178307378509562e-01
1.460000000000000000e+04 8.192304092441099472e-01
1.470000000000000000e+04 8.212811360500134050e-01
1.480000000000000000e+04 8.162914269599755857e-01
1.490000000000000000e+04 8.116874060799410540e-01
1.500000000000000000e+04 8.179770226247642384e-01
1.510000000000000000e+04 8.321116475447982719e-01
1.520000000000000000e+04 8.597924757461535838e-01
1.530000000000000000e+04 8.069250765236928302e-01
1.540000000000000000e+04 8.485255438543757300e-01
1.550000000000000000e+04 8.165376819535052899e-01
1.560000000000000000e+04 8.001098684610594702e-01
1.570000000000000000e+04 8.228427017410631095e-01
1.580000000000000000e+04 8.454535090841646117e-01
1.590000000000000000e+04 8.221649039365117595e-01
1.600000000000000000e+04 8.300724313090095396e-01
1.610000000000000000e+04 8.043125641882875598e-01
1.620000000000000000e+04 8.178535327975001712e-01
1.630000000000000000e+04 8.275491772885645858e-01
1.640000000000000000e+04 8.338078329782330211e-01
1.650000000000000000e+04 8.135618752114839314e-01
1.660000000000000000e+04 8.498456234196187786e-01
1.670000000000000000e+04 8.762010565296203257e-01
1.680000000000000000e+04 8.293625859148723301e-01
1.690000000000000000e+04 8.398801870737645503e-01
1.700000000000000000e+04 8.353304682315720875e-01
1.710000000000000000e+04 8.119072356154640735e-01
1.720000000000000000e+04 8.215103938648913307e-01
1.730000000000000000e+04 8.476078229275629816e-01
1.740000000000000000e+04 8.006424323355143535e-01
1.750000000000000000e+04 8.421749420058509683e-01
1.760000000000000000e+04 8.197985846103625907e-01
1.770000000000000000e+04 8.271202044134932096e-01
1.780000000000000000e+04 8.334282058834019402e-01
1.790000000000000000e+04 8.341512390979750613e-01
1.800000000000000000e+04 8.618712128724639321e-01
1.810000000000000000e+04 8.383080093557695456e-01
1.820000000000000000e+04 8.199651824332908623e-01
1.830000000000000000e+04 8.648466122568592152e-01
1.840000000000000000e+04 8.231494127073074596e-01
1.850000000000000000e+04 8.441089286495815358e-01
1.860000000000000000e+04 8.371652907620851236e-01
1.870000000000000000e+04 8.302356822627661170e-01
1.880000000000000000e+04 8.358012776854535364e-01
1.890000000000000000e+04 8.456602689650947191e-01
1.900000000000000000e+04 8.399346754590301112e-01
1.910000000000000000e+04 8.336825036720737492e-01
1.920000000000000000e+04 8.457628365665332826e-01
1.930000000000000000e+04 8.557885211708241568e-01
1.940000000000000000e+04 8.291911217916034804e-01
1.950000000000000000e+04 8.393373685838837472e-01
1.960000000000000000e+04 8.381497344631074764e-01
1.970000000000000000e+04 8.385225556986835027e-01
1.980000000000000000e+04 8.098367642334023397e-01
1.990000000000000000e+04 8.585347894647487044e-01
2.000000000000000000e+04 8.303067945364059899e-01
2.010000000000000000e+04 8.242379617737720654e-01
2.020000000000000000e+04 8.558238888114566567e-01
2.030000000000000000e+04 8.474789323734669422e-01
2.040000000000000000e+04 8.451921674950789720e-01
2.050000000000000000e+04 8.501362829827538992e-01
2.060000000000000000e+04 8.425088755534456686e-01
2.070000000000000000e+04 8.378749696508466238e-01
2.080000000000000000e+04 8.386629616513786578e-01
2.090000000000000000e+04 8.432237147101627750e-01
2.100000000000000000e+04 8.557420448447692340e-01
2.110000000000000000e+04 8.434868786083237202e-01
2.120000000000000000e+04 8.213936974716256056e-01
2.130000000000000000e+04 8.406369440742207377e-01
2.140000000000000000e+04 8.565085732613744174e-01
2.150000000000000000e+04 8.554200862484740986e-01
2.160000000000000000e+04 8.390196708961833449e-01
2.170000000000000000e+04 8.626275595917562988e-01
2.180000000000000000e+04 8.436065897875895114e-01
2.190000000000000000e+04 8.670166530433823793e-01
2.200000000000000000e+04 8.469661687189244947e-01
2.210000000000000000e+04 8.537672844995689569e-01
2.220000000000000000e+04 8.246903144025061749e-01
2.230000000000000000e+04 8.381110577031600783e-01
2.240000000000000000e+04 8.575073551080606427e-01
2.250000000000000000e+04 8.556611122324784269e-01
2.260000000000000000e+04 8.520787848199304904e-01
2.270000000000000000e+04 8.392343110583535548e-01
2.280000000000000000e+04 8.666893453869262132e-01
2.290000000000000000e+04 8.674417492772846794e-01
2.300000000000000000e+04 8.481675744079461010e-01
2.310000000000000000e+04 8.564273130739379347e-01
2.320000000000000000e+04 8.189305512293931777e-01
2.330000000000000000e+04 8.381302853416098264e-01
2.340000000000000000e+04 8.475950253032641379e-01
2.350000000000000000e+04 8.731290198517415169e-01
2.360000000000000000e+04 8.687378295662503414e-01
2.370000000000000000e+04 8.440957871678621549e-01
2.380000000000000000e+04 8.502541671439639570e-01
2.390000000000000000e+04 8.497818742244255263e-01
2.400000000000000000e+04 8.324922211533093419e-01
2.410000000000000000e+04 8.487734130776015684e-01
2.420000000000000000e+04 8.597685857010251009e-01
2.430000000000000000e+04 8.666954298212077301e-01
2.440000000000000000e+04 8.057824521974699117e-01
2.450000000000000000e+04 8.328158268536917097e-01
2.460000000000000000e+04 8.244633707259372279e-01
2.470000000000000000e+04 8.687475870156033952e-01
2.480000000000000000e+04 8.523491286953277513e-01
2.490000000000000000e+04 8.513933418378089035e-01
2.500000000000000000e+04 8.435519088328249371e-01
2.510000000000000000e+04 8.252033680807349114e-01
2.520000000000000000e+04 8.418532771765131484e-01
2.530000000000000000e+04 8.503892761297049407e-01
2.540000000000000000e+04 8.463580909171655176e-01
2.550000000000000000e+04 8.638406800999354207e-01
2.560000000000000000e+04 8.295132062668627571e-01
2.570000000000000000e+04 8.604884357249656945e-01
2.580000000000000000e+04 8.611100773214852566e-01
2.590000000000000000e+04 8.712281375616862666e-01
2.600000000000000000e+04 8.625334780996369854e-01
2.610000000000000000e+04 8.663306900553067180e-01
2.620000000000000000e+04 8.712836131136804108e-01
2.630000000000000000e+04 8.681615239968505371e-01
2.640000000000000000e+04 8.636508260980018115e-01
2.650000000000000000e+04 8.708055080355019406e-01
2.660000000000000000e+04 8.497178494609141097e-01
2.670000000000000000e+04 8.676183601634362974e-01
2.680000000000000000e+04 8.620153339479774690e-01
2.690000000000000000e+04 8.478146507999705372e-01
2.700000000000000000e+04 8.455359130558712799e-01
2.710000000000000000e+04 8.326475935322440458e-01
2.720000000000000000e+04 8.533223786895738350e-01
2.730000000000000000e+04 8.567138317982770923e-01
2.740000000000000000e+04 8.411564549576150407e-01
2.750000000000000000e+04 8.443982335993689414e-01
2.760000000000000000e+04 8.512848818309632914e-01
2.770000000000000000e+04 8.700596080458528059e-01
2.780000000000000000e+04 8.723826494740092308e-01
2.790000000000000000e+04 8.547186340094877766e-01
2.800000000000000000e+04 8.516829277160499201e-01
2.810000000000000000e+04 8.618634350829503799e-01
2.820000000000000000e+04 8.355601051337291363e-01
2.830000000000000000e+04 8.510830215089058015e-01
2.840000000000000000e+04 8.584222063507720435e-01
2.850000000000000000e+04 8.730249393136942926e-01
2.860000000000000000e+04 8.535103390210209140e-01
2.870000000000000000e+04 8.443224447782197162e-01
2.880000000000000000e+04 8.703288547093999128e-01
2.890000000000000000e+04 8.555531709395294282e-01
2.900000000000000000e+04 8.589017118785027272e-01
2.910000000000000000e+04 8.466651294537022032e-01
2.920000000000000000e+04 8.528231359946953916e-01
2.930000000000000000e+04 8.716147124948794289e-01
2.940000000000000000e+04 8.611293116584233243e-01
2.950000000000000000e+04 8.351749537615470453e-01
2.960000000000000000e+04 8.629880200896951070e-01
2.970000000000000000e+04 8.561214471026448170e-01
2.980000000000000000e+04 8.534933202166891109e-01
2.990000000000000000e+04 8.686908908261571360e-01
3.000000000000000000e+04 8.469988917331359168e-01
