0.000000000000000000e+00 4.918560000000000154e-01
1.000000000000000000e+02 3.018359999999999932e-01
2.000000000000000000e+02 3.592400000000000038e-01
3.000000000000000000e+02 3.724920000000000453e-01
4.000000000000000000e+02 3.897399999999999753e-01
5.000000000000000000e+02 4.098600000000000021e-01
6.000000000000000000e+02 4.289599999999999524e-01
7.000000000000000000e+02 4.111080000000000290e-01
8.000000000000000000e+02 4.354440000000000532e-01
9.000000000000000000e+02 4.852960000000000051e-01
1.000000000000000000e+03 4.998879999999999990e-01
1.100000000000000000e+03 5.134399999999998965e-01
1.200000000000000000e+03 5.434680000000000621e-01
1.300000000000000000e+03 4.892080000000000317e-01
1.400000000000000000e+03 5.428039999999999532e-01
1.500000000000000000e+03 5.593000000000000194e-01
1.600000000000000000e+03 5.610260000000000247e-01
1.700000000000000000e+03 5.446600000000000330e-01
1.800000000000000000e+03 5.994359999999999689e-01
1.900000000000000000e+03 5.508759999999999213e-01
2.000000000000000000e+03 5.668919999999999515e-01
2.100000000000000000e+03 5.950720000000000454e-01
2.200000000000000000e+03 5.725080000000000169e-01
2.300000000000000000e+03 6.075839999999999019e-01
2.400000000000000000e+03 6.470120000000000315e-01
2.500000000000000000e+03 5.722920000000000229e-01
2.600000000000000000e+03 6.302720000000000544e-01
2.700000000000000000e+03 6.320319999999999272e-01
2.800000000000000000e+03 6.124119999999999564e-01
2.900000000000000000e+03 6.654880000000000795e-01
3.000000000000000000e+03 5.828919999999999657e-01
3.100000000000000000e+03 6.603839999999999710e-01
3.200000000000000000e+03 6.384440000000000115e-01
3.300000000000000000e+03 6.550599999999999756e-01
3.400000000000000000e+03 6.276200000000000667e-01
3.500000000000000000e+03 6.602359999999999340e-01
3.600000000000000000e+03 6.607279999999999820e-01
3.700000000000000000e+03 6.458319999999999617e-01
3.800000000000000000e+03 6.821120000000000516e-01
3.900000000000000000e+03 6.331040000000000001e-01
4.000000000000000000e+03 6.585399999999999032e-01
4.100000000000000000e+03 6.331839999999999691e-01
4.200000000000000000e+03 6.819079999999999586e-01
4.300000000000000000e+03 6.348679999999999879e-01
4.400000000000000000e+03 6.608800000000000230e-01
4.500000000000000000e+03 6.914160000000000306e-01
4.600000000000000000e+03 7.104560000000000874e-01
4.700000000000000000e+03 6.460559999999999636e-01
4.800000000000000000e+03 6.682200000000000362e-01
4.900000000000000000e+03 6.587999999999999412e-01
5.000000000000000000e+03 6.973759999999999959e-01
5.100000000000000000e+03 6.835680000000000645e-01
5.200000000000000000e+03 6.765559999999999352e-01
5.300000000000000000e+03 6.898680000000001478e-01
5.400000000000000000e+03 6.819640000000000146e-01
5.500000000000000000e+03 7.084199999999999386e-01
5.600000000000000000e+03 6.566359999999999975e-01
5.700000000000000000e+03 7.000960000000000516e-01
5.800000000000000000e+03 7.079400000000000137e-01
5.900000000000000000e+03 6.874239999999999240e-01
6.000000000000000000e+03 7.179279999999998996e-01
6.100000000000000000e+03 6.762999999999999012e-01
6.200000000000000000e+03 6.999559999999999116e-01
6.300000000000000000e+03 7.035280000000001532e-01
6.400000000000000000e+03 6.789880000000000360e-01
6.500000000000000000e+03 7.001280000000000836e-01
6.600000000000000000e+03 6.777079999999999771e-01
6.700000000000000000e+03 7.083760000000000057e-01
6.800000000000000000e+03 6.758199999999999763e-01
6.900000000000000000e+03 6.946159999999999002e-01
7.000000000000000000e+03 7.126240000000000352e-01
7.100000000000000000e+03 7.055960000000000010e-01
7.200000000000000000e+03 6.989079999999999737e-01
7.300000000000000000e+03 7.154760000000001119e-01
7.400000000000000000e+03 6.695400000000000240e-01
7.500000000000000000e+03 7.181240000000000956e-01
7.600000000000000000e+03 7.330000000000000959e-01
7.700000000000000000e+03 7.072680000000000078e-01
7.800000000000000000e+03 7.131159999999999721e-01
7.900000000000000000e+03 7.342040000000000788e-01
8.000000000000000000e+03 7.170440000000000147e-01
8.100000000000000000e+03 7.117040000000000033e-01
8.200000000000000000e+03 7.598080000000000389e-01
8.300000000000000000e+03 7.113000000000000433e-01
8.400000000000000000e+03 6.975959999999998828e-01
8.500000000000000000e+03 7.044399999999999551e-01
8.600000000000000000e+03 7.200519999999999143e-01
8.700000000000000000e+03 7.020399999999999974e-01
8.800000000000000000e+03 7.363480000000000025e-01
8.900000000000000000e+03 7.024880000000000013e-01
9.000000000000000000e+03 7.233840000000000270e-01
9.100000000000000000e+03 7.241560000000000219e-01
9.200000000000000000e+03 7.528839999999999977e-01
9.300000000000000000e+03 7.194479999999999764e-01
9.400000000000000000e+03 6.990199999999999747e-01
9.500000000000000000e+03 7.302680000000000282e-01
9.600000000000000000e+03 7.292719999999999203e-01
9.700000000000000000e+03 7.436599999999999877e-01
9.800000000000000000e+03 7.161360000000001058e-01
9.900000000000000000e+03 7.480240000000000222e-01
1.000000000000000000e+04 7.301839999999999442e-01
1.010000000000000000e+04 7.559560000000000723e-01
1.020000000000000000e+04 7.600959999999999939e-01
1.030000000000000000e+04 7.468200000000000394e-01
1.040000000000000000e+04 7.411799999999999500e-01
1.050000000000000000e+04 7.397800000000001042e-01
1.060000000000000000e+04 7.581959999999999811e-01
1.070000000000000000e+04 7.668319999999999581e-01
1.080000000000000000e+04 7.326760000000001050e-01
1.090000000000000000e+04 7.594359999999999999e-01
1.100000000000000000e+04 7.614520000000000177e-01
1.110000000000000000e+04 7.767599999999998950e-01
1.120000000000000000e+04 7.610199999999999187e-01
1.130000000000000000e+04 7.707239999999999647e-01
1.140000000000000000e+04 7.749880000000000102e-01
1.150000000000000000e+04 7.662919999999999732e-01
1.160000000000000000e+04 7.612479999999999247e-01
1.170000000000000000e+04 7.294800000000000173e-01
1.180000000000000000e+04 7.709000000000000297e-01
1.190000000000000000e+04 7.983320000000000416e-01
1.200000000000000000e+04 7.654039999999999733e-01
1.210000000000000000e+04 7.606720000000000148e-01
1.220000000000000000e+04 7.772360000000000380e-01
1.230000000000000000e+04 7.898519999999999985e-01
1.240000000000000000e+04 7.648519999999999763e-01
1.250000000000000000e+04 7.869200000000000639e-01
1.260000000000000000e+04 8.065120000000000067e-01
1.270000000000000000e+04 8.023519999999999541e-01
1.280000000000000000e+04 7.827960000000000473e-01
1.290000000000000000e+04 7.888119999999999576e-01
1.300000000000000000e+04 8.033719999999999750e-01
1.310000000000000000e+04 7.903359999999999275e-01
1.320000000000000000e+04 8.319639999999999258e-01
1.330000000000000000e+04 7.902360000000000495e-01
1.340000000000000000e+04 7.856080000000000840e-01
1.350000000000000000e+04 8.281919999999999282e-01
1.360000000000000000e+04 8.003279999999999283e-01
1.370000000000000000e+04 7.852559999999999540e-01
1.380000000000000000e+04 8.198999999999999622e-01
1.390000000000000000e+04 8.041319999999999579e-01
1.400000000000000000e+04 7.970880000000000187e-01
1.410000000000000000e+04 8.160479999999998846e-01
1.420000000000000000e+04 8.209999999999999520e-01
1.430000000000000000e+04 8.279960000000000653e-01
1.440000000000000000e+04 8.007240000000001023e-01
1.450000000000000000e+04 8.037099999999999245e-01
1.460000000000000000e+04 8.326519999999999477e-01
1.470000000000000000e+04 8.399280000000000079e-01
1.480000000000000000e+04 8.202599999999999891e-01
1.490000000000000000e+04 8.177840000000000664e-01
1.500000000000000000e+04 8.173080000000000345e-01
1.510000000000000000e+04 8.500720000000000498e-01
1.520000000000000000e+04 8.483439999999997649e-01
1.530000000000000000e+04 8.124919999999999920e-01
1.540000000000000000e+04 8.516759999999999886e-01
1.550000000000000000e+04 8.212239999999999540e-01
1.560000000000000000e+04 8.079559999999998965e-01
1.570000000000000000e+04 8.340600000000000236e-01
1.580000000000000000e+04 8.441359999999999975e-01
1.590000000000000000e+04 8.268640000000000434e-01
1.600000000000000000e+04 8.401039999999999619e-01
1.610000000000000000e+04 8.115320000000001421e-01
1.620000000000000000e+04 8.262639999999998874e-01
1.630000000000000000e+04 8.285200000000000342e-01
1.640000000000000000e+04 8.371840000000000392e-01
1.650000000000000000e+04 8.168079999999999785e-01
1.660000000000000000e+04 8.474919999999999121e-01
1.670000000000000000e+04 8.685920000000000307e-01
1.680000000000000000e+04 8.381279999999999841e-01
1.690000000000000000e+04 8.382079999999999531e-01
1.700000000000000000e+04 8.311119999999999619e-01
1.710000000000000000e+04 8.201799999999999091e-01
1.720000000000000000e+04 8.224399999999999489e-01
1.730000000000000000e+04 8.502600000000000158e-01
1.740000000000000000e+04 8.120439999999999880e-01
1.750000000000000000e+04 8.502560000000000118e-01
1.760000000000000000e+04 8.340680000000000316e-01
1.770000000000000000e+04 8.364159999999998263e-01
1.780000000000000000e+04 8.431999999999999496e-01
1.790000000000000000e+04 8.439360000000000195e-01
1.800000000000000000e+04 8.656599999999998740e-01
1.810000000000000000e+04 8.473799999999999111e-01
1.820000000000000000e+04 8.221119999999999539e-01
1.830000000000000000e+04 8.569919999999999760e-01
1.840000000000000000e+04 8.249879999999999436e-01
1.850000000000000000e+04 8.427239999999999176e-01
1.860000000000000000e+04 8.391279999999999850e-01
1.870000000000000000e+04 8.387280000000000291e-01
1.880000000000000000e+04 8.429439999999998046e-01
1.890000000000000000e+04 8.432800000000000296e-01
1.900000000000000000e+04 8.494200000000000639e-01
1.910000000000000000e+04 8.374200000000000532e-01
1.920000000000000000e+04 8.485160000000000480e-01
1.930000000000000000e+04 8.551039999999999752e-01
1.940000000000000000e+04 8.340560000000000196e-01
1.950000000000000000e+04 8.404199999999999449e-01
1.960000000000000000e+04 8.346799999999998665e-01
1.970000000000000000e+04 8.506319999999998327e-01
1.980000000000000000e+04 8.370639999999998082e-01
1.990000000000000000e+04 8.558879999999999821e-01
2.000000000000000000e+04 8.301839999999999220e-01
2.010000000000000000e+04 8.246400000000000396e-01
2.020000000000000000e+04 8.584760000000001279e-01
2.030000000000000000e+04 8.552959999999999452e-01
2.040000000000000000e+04 8.472119999999999651e-01
2.050000000000000000e+04 8.549080000000001123e-01
2.060000000000000000e+04 8.510239999999997806e-01
2.070000000000000000e+04 8.377160000000000162e-01
2.080000000000000000e+04 8.334760000000001057e-01
2.090000000000000000e+04 8.388999999999999790e-01
2.100000000000000000e+04 8.528959999999998765e-01
2.110000000000000000e+04 8.446359999999999424e-01
2.120000000000000000e+04 8.326620000000000132e-01
2.130000000000000000e+04 8.487839999999999829e-01
2.140000000000000000e+04 8.578880000000000949e-01
2.150000000000000000e+04 8.527399999999999425e-01
2.160000000000000000e+04 8.409119999999999928e-01
2.170000000000000000e+04 8.665400000000000880e-01
2.180000000000000000e+04 8.463560000000001082e-01
2.190000000000000000e+04 8.644119999999998472e-01
2.200000000000000000e+04 8.458519999999998262e-01
2.210000000000000000e+04 8.528279999999999195e-01
2.220000000000000000e+04 8.303640000000001020e-01
2.230000000000000000e+04 8.428320000000000256e-01
2.240000000000000000e+04 8.520639999999999326e-01
2.250000000000000000e+04 8.471679999999999211e-01
2.260000000000000000e+04 8.529440000000000355e-01
2.270000000000000000e+04 8.583400000000001029e-01
2.280000000000000000e+04 8.633720000000000283e-01
2.290000000000000000e+04 8.573919999999999320e-01
2.300000000000000000e+04 8.524960000000000315e-01
2.310000000000000000e+04 8.553399999999999892e-01
2.320000000000000000e+04 8.139879999999999338e-01
2.330000000000000000e+04 8.368440000000000323e-01
2.340000000000000000e+04 8.513640000000000096e-01
2.350000000000000000e+04 8.612440000000001206e-01
2.360000000000000000e+04 8.629400000000000404e-01
2.370000000000000000e+04 8.560159999999998881e-01
2.380000000000000000e+04 8.564680000000000071e-01
2.390000000000000000e+04 8.531759999999999344e-01
2.400000000000000000e+04 8.465640000000000942e-01
2.410000000000000000e+04 8.523840000000000305e-01
2.420000000000000000e+04 8.592919999999999447e-01
2.430000000000000000e+04 8.673920000000000519e-01
2.440000000000000000e+04 8.234160000000000368e-01
2.450000000000000000e+04 8.400159999999999849e-01
2.460000000000000000e+04 8.325520000000000698e-01
2.470000000000000000e+04 8.648759999999999781e-01
2.480000000000000000e+04 8.567839999999998790e-01
2.490000000000000000e+04 8.505519999999999747e-01
2.500000000000000000e+04 8.485640000000000960e-01
2.510000000000000000e+04 8.281840000000000312e-01
2.520000000000000000e+04 8.462599999999999012e-01
2.530000000000000000e+04 8.524120000000000585e-01
2.540000000000000000e+04 8.419520000000000337e-01
2.550000000000000000e+04 8.702279999999998905e-01
2.560000000000000000e+04 8.356759999999998634e-01
2.570000000000000000e+04 8.581639999999999269e-01
2.580000000000000000e+04 8.596399999999999597e-01
2.590000000000000000e+04 8.724800000000000333e-01
2.600000000000000000e+04 8.609600000000000586e-01
2.610000000000000000e+04 8.649160000000000181e-01
2.620000000000000000e+04 8.669679999999999609e-01
2.630000000000000000e+04 8.638599999999999612e-01
2.640000000000000000e+04 8.703800000000000425e-01
2.650000000000000000e+04 8.662719999999999310e-01
2.660000000000000000e+04 8.535479999999997514e-01
2.670000000000000000e+04 8.698679999999999746e-01
2.680000000000000000e+04 8.641760000000001662e-01
2.690000000000000000e+04 8.537559999999999594e-01
2.700000000000000000e+04 8.572239999999998750e-01
2.710000000000000000e+04 8.434800000000001186e-01
2.720000000000000000e+04 8.530679999999999374e-01
2.730000000000000000e+04 8.528239999999999155e-01
2.740000000000000000e+04 8.460639999999999272e-01
2.750000000000000000e+04 8.485559999999999770e-01
2.760000000000000000e+04 8.484680000000000000e-01
2.770000000000000000e+04 8.727359999999999562e-01
2.780000000000000000e+04 8.679280000000000328e-01
2.790000000000000000e+04 8.546759999999999913e-01
2.800000000000000000e+04 8.508599999999999497e-01
2.810000000000000000e+04 8.644760000000000222e-01
2.820000000000000000e+04 8.423080000000000567e-01
2.830000000000000000e+04 8.442279999999999784e-01
2.840000000000000000e+04 8.654880000000001461e-01
2.850000000000000000e+04 8.752159999999999940e-01
2.860000000000000000e+04 8.485439999999998539e-01
2.870000000000000000e+04 8.472840000000000371e-01
2.880000000000000000e+04 8.687480000000000757e-01
2.890000000000000000e+04 8.585879999999999068e-01
2.900000000000000000e+04 8.695399999999998686e-01
2.910000000000000000e+04 8.507680000000000797e-01
2.920000000000000000e+04 8.491159999999999819e-01
2.930000000000000000e+04 8.735160000000001812e-01
2.940000000000000000e+04 8.655839999999999090e-01
2.950000000000000000e+04 8.472799999999999221e-01
2.960000000000000000e+04 8.580479999999999219e-01
2.970000000000000000e+04 8.577799999999999869e-01
2.980000000000000000e+04 8.601240000000001107e-01
2.990000000000000000e+04 8.657399999999999540e-01
3.000000000000000000e+04 8.482959999999999390e-01
