0
1
2
3
4
5
6
7
8
9
10
11
12
14
15
16
17
18
19
21
22
23
25
26
28
29
30
31
32
33
34
37
38
39
40
41
42
43
44
45
46
47
48
49
50
51
52
53
54
56
57
58
59
60
61
62
63
64
65
66
67
68
69
70
71
73
76
77
78
80
81
83
85
86
87
88
89
90
91
92
94
95
99
100
101
102
107
110
111
112
113
114
115
116
119
120
121
123
127
128
129
131
132
133
134
135
139
140
141
143
144
145
149
150
152
154
157
158
159
160
161
164
165
166
167
168
169
171
174
177
178
179
180
181
182
184
188
191
192
193
195
196
198
199
200
201
202
203
204
205
206
207
209
210
211
212
213
214
215
216
218
219
221
222
224
225
226
227
229
232
233
234
235
238
241
242
243
244
245
246
247
248
249
252
253
254
255
260
261
262
263
264
267
268
269
270
271
272
274
276
277
278
279
280
281
282
283
284
286
287
288
292
293
294
295
296
298
299
300
302
304
305
306
307
308
309
311
313
314
315
316
317
318
319
322
323
324
325
327
329
331
332
333
334
335
337
338
339
340
341
342
344
346
347
348
349
350
351
352
353
354
356
357
358
359
360
361
362
363
364
365
366
367
368
369
371
372
373
374
380
402
435
443
448
458
481
497
499
510
527
545
552
557
561
564
566
580
588
591
603
608
637
638
642
656
675
677
692
694
697
698
701
711
713
721
723
727
728
730
739
742
744
749
752
758
759
760
761
762
764
765
767
768
769
771
777
779
784
785
787
793
794
795
796
799
800
801
802
803
804
806
807
809
814
819
824
828
829
836
837
839
840
841
842
843
844
845
848
850
854
856
862
863
865
866
867
869
870
874
876
877
880
881
882
884
887
888
889
890
892
893
895
899
902
903
904
905
910
911
914
916
917
928
929
931
932
934
936
939
942
944
946
947
949
953
954
957
958
960
961
963
965
967
968
969
970
972
973
974
975
979
980
981
984
985
986
989
990
993
994
997
1001
1005
1007
1008
1012
1015
1016
1017
1018
1020
1021
1022
1023
1028
1030
1032
1035
1037
1039
1040
1041
1042
1044
1045
1046
1048
1051
1053
1060
1061
1062
1064
1065
1068
1075
1078
1080
1081
1082
1084
1086
1087
1088
1089
1090
1091
1093
1094
1100
1101
1102
1104
1106
1107
1110
1113
1114
1115
1116
1117
1121
1124
1126
1131
1132
1133
1138
1139
1140
1142
1143
1145
1146
1147
1148
1149
1150
1152
1156
1157
1158
1159
1161
1163
1165
1166
1167
1169
1170
1172
1174
1175
1177
1178
1179
1182
1183
1187
1189
1191
1192
1194
1195
1196
1197
1199
1200
1201
1202
1204
1206
1208
1209
1211
1212
1213
1216
1217
1218
1220
1221
1222
1225
1226
1228
1229
1230
1231
1234
1235
1237
1241
1242
1243
1246
1247
1248
1249
1251
1252
1253
1254
1258
1260
1262
1263
1265
1267
1268
1271
1274
1275
1276
1278
1279
1281
1283
1284
1286
1287
1291
1293
1300
1304
1305
1306
1309
1311
1315
1317
1321
1322
1323
1327
1328
1329
1330
1332
1333
1336
1337
1339
1341
1342
1346
1348
1351
1352
1353
1355
1356
1358
1359
1362
1363
1364
1365
1366
1367
1368
1371
1372
1373
1374
1377
1378
1380
1382
1383
1385
1387
1388
1390
1393
1394
1395
1396
1397
1398
1399
1400
1402
1404
1405
1407
1408
1409
1410
1411
1412
1415
1416
1417
1418
1419
1420
1421
1425
1427
1430
1434
1436
1437
1438
1439
1440
1441
1442
1443
1444
1446
1447
1448
1449
1450
1451
1452
1455
1456
1457
1459
1461
1464
1465
1466
1467
1468
1469
1472
1473
1476
1477
1481
1482
1483
1484
1487
1490
1492
1495
1496
1498
1499
1506
1508
1509
1514
1515
1516
1517
1518
1519
1521
1523
1524
1525
1526
1527
1534
1535
1536
1538
1539
1542
1544
1546
1548
1549
1551
1553
1554
1555
1557
1558
1559
1560
1563
1565
1566
1567
1568
1569
1570
1572
1573
1574
1577
1579
1580
1582
1584
1586
1587
1589
1591
1593
1594
1595
1598
1599
1600
1601
1602
1605
1606
1607
1608
1609
1610
1611
1612
1613
1616
1617
1619
1621
1626
1627
1629
1631
1632
1634
1636
1637
1638
1639
1640
1641
1642
1645
1646
1647
1648
1650
1651
1653
1654
1656
1657
1658
1659
1660
1661
1662
1663
1664
1665
1666
1670
1671
1675
1677
1678
1681
1682
1683
1684
1685
1686
1687
1688
1689
1690
1691
1692
1693
1694
1695
1698
1700
1701
1702
1703
1704
1706
1707
1708
1709
1710
1711
1713
1714
1717
1718
1719
1720
1721
1722
1723
1724
1729
1730
1731
1733
1734
1735
1736
1739
1740
1741
1742
1744
1745
1746
1747
1748
1749
1750
1753
1754
1762
1763
1765
1769
1770
1772
1773
1774
1776
1778
1784
1785
1786
1787
1788
1789
1790
1791
1792
1793
1796
1797
1803
1804
1805
1808
1809
1810
1811
1814
1815
1816
1817
1818
1822
1824
1826
1828
1831
1832
1833
1834
1835
1836
1838
1839
1841
1842
1843
1844
1846
1850
1851
1852
1853
1854
1858
1859
1860
1861
1863
1864
1865
1866
1867
1870
1871
1872
1873
1874
1875
1876
1877
1880
1882
1883
1885
1890
1893
1895
1899
1900
1901
1902
1903
1905
1906
1907
1908
1909
1910
1913
1917
1918
1919
1922
1926
1927
1928
1929
1932
1935
1936
1939
1940
1941
1943
1947
1948
1949
1950
1951
1952
1953
1954
1955
1959
1961
1963
1964
1966
1967
1968
1969
1970
1971
1976
1978
1980
1981
1982
1983
1984
1985
1986
1989
1990
1991
1992
1993
1994
1995
1998
2001
2002
2003
2004
2005
2006
2007
2008
2012
2014
2016
2018
2019
2023
2024
2025
2026
2027
2028
2029
2030
2031
2032
2033
2034
2035
2037
2038
2039
2040
2042
2045
2047
2048
2052
2053
2054
2055
2056
2057
2058
2059
2061
2062
2064
2066
2067
2068
2069
2070
2071
2072
2073
2076
2077
2078
2079
2081
2083
2084
2085
2089
2091
2092
2093
2095
2097
2098
2099
2100
2101
2102
2105
2109
2110
2111
2112
2114
2116
2117
2118
2119
2120
2121
2124
2125
2127
2129
2130
2132
2134
2135
2136
2137
2138
2139
2140
2141
2142
2143
2145
2146
2147
2149
2153
2154
2155
2156
2157
2158
2160
2162
2163
2164
2165
2167
2171
2173
2176
2179
2181
2182
2183
2184
2185
2186
2187
2188
2189
2191
2192
2193
2194
2196
2197
2199
2200
2201
2202
2203
2204
2205
2206
2207
2208
2210
2214
2217
2220
2221
2224
2225
2226
2227
2230
2232
2234
2235
2236
2238
2240
2241
2242
2243
2247
2248
2249
2250
2251
2256
2257
2260
2263
2264
2265
2266
2268
2269
2270
2273
2274
2275
2276
2277
2278
2279
2281
2282
2283
2284
2285
2286
2287
2288
2289
2290
2291
2293
2294
2297
2299
2302
2303
2304
2305
2306
2308
2310
2311
2312
2313
2314
2315
2316
2317
2320
2325
2328
2329
2331
2332
2336
2339
2341
2344
2347
2348
2351
2352
2354
2355
2356
2357
2358
2359
2360
2362
2363
2365
2367
2369
2370
2371
2373
2375
2376
2377
2378
2379
2380
2381
2382
2383
2388
2391
2393
2394
2395
2396
2397
2398
2399
2400
2401
2403
2405
2409
2412
2413
2414
2415
2416
2417
2418
2422
2424
2426
2427
2429
2430
2431
2432
2436
2437
2438
2441
2444
2445
2446
2447
2448
2449
2450
2451
2454
2456
2457
2459
2460
2462
2463
2464
2465
2466
2468
2469
2470
2471
2473
2475
2476
2477
2479
2480
2481
2483
2484
2486
2488
2491
2493
2494
2495
2496
2498
2499
2502
2504
2506
2508
2509
2511
2512
2514
2515
2516
2518
2520
2522
2523
2524
2525
2526
2529
2530
2531
2532
2533
2534
2537
2540
2544
2547
2548
2549
2551
2552
2554
2555
2556
2558
2559
2561
2562
2563
2564
2565
2566
2567
2568
2569
2570
2571
2572
2573
2576
2578
2580
2581
2582
2584
2585
2586
2587
2589
2590
2591
2592
2593
2594
2595
2597
2598
2599
2602
2603
2604
2605
2606
2607
2609
2610
2611
2615
2617
2618
2620
2621
2622
2623
2626
2627
2628
2629
2630
2631
2632
2633
2634
2636
2638
2639
2640
2642
2644
2645
2646
2647
2648
2649
2650
2651
2654
2658
2659
2660
2661
2663
2665
2666
2668
2670
2671
2672
2673
2675
2678
2679
2680
2681
2682
2683
2684
2685
2686
2687
2689
2691
2692
2693
2694
2695
2696
2697
2698
2699
2700
2703
2704
2705
2706
2707
2710
2711
2712
2714
2715
2717
2718
2719
2720
2722
2723
2724
2726
2727
2729
2732
2733
2734
2735
2737
2738
2741
2742
2743
2745
2746
2747
2748
2749
2750
2751
2752
2754
2755
2756
2757
2758
2759
2760
2761
2762
2763
2764
2765
2766
2767
2768
2769
2770
2772
2773
2775
2776
2778
2779
2780
2783
2784
2786
2787
2788
2789
2790
2791
2792
2794
2795
2796
2798
2800
2801
2803
2804
2805
2807
2809
2810
2811
2812
2813
2815
2816
2817
2818
2822
2824
2826
2827
2828
2831
2832
2833
2834
2835
2836
2837
2838
2841
2843
2844
2846
2847
2848
2850
2854
2855
2856
2858
2859
2861
2862
2866
2867
2868
2869
2870
2871
2872
2873
2874
2876
2878
2879
2880
2882
2883
2884
2885
2886
2887
2888
2889
2890
2892
2893
2895
2896
2897
2901
2902
2904
2905
2906
2907
2908
2910
2911
2912
2913
2914
2916
2917
2918
2919
2920
2922
2923
2924
2925
2926
2928
2929
2931
2933
2934
2935
2936
2937
2938
2939
2940
2941
2942
2943
2944
2945
2946
2947
2948
2949
2950
2951
2954
2955
2956
2959
2960
2961
2963
2967
2968
2969
2970
2971
2972
2973
2974
2975
2976
2977
2978
2979
2980
2981
2982
2985
2986
2987
2988
2989
2990
2991
2992
2993
2994
2995
2996
2997
2998
2999
3001
3002
3003
3004
3005
3006
3007
3008
3009
3012
3013
3014
3015
3016
3017
3018
3019
3020
3021
3024
3025
3026
3028
3030
3031
3032
3033
3034
3035
3036
3037
3038
3039
3040
3041
3042
3044
3045
3046
3047
3048
3049
3050
3051
3052
3054
3055
3057
3059
3060
3062
3063
3064
3065
3066
3067
3069
3070
3072
3073
3074
3076
3077
3078
3079
3081
3082
3083
3084
3085
3087
3089
3091
3092
3094
3095
3096
3099
3100
3101
3102
3104
3105
3106
3107
3108
3109
3110
3111
3112
3113
3114
3115
3116
3117
3118
3120
3122
3124
3125
3127
3129
3131
3133
3134
3138
3140
3141
3142
3143
3144
3145
3147
3148
3149
3150
3151
3152
3153
3154
3155
3156
3160
3161
3162
3163
3164
3165
3166
3167
3168
3170
3171
3173
3174
3175
3176
3178
3179
3180
3181
3182
3183
3184
3185
3186
3187
3188
3189
3190
3192
3194
3195
3196
3197
3198
3199
3201
3202
3203
3204
3205
3207
3208
3209
3212
3213
3214
3216
3217
3218
3219
3220
3221
3222
3223
3224
3225
3226
3229
3231
3234
3235
3236
3237
3239
3240
3242
3243
3245
3246
3247
3249
3251
3253
3254
3256
3257
3258
3259
3260
3261
3262
3264
3265
3266
3267
3270
3271
3272
3273
3274
3275
3277
3278
3279
3280
3282
3283
3284
3285
3286
3287
3288
3289
3290
3291
3292
3293
3294
3295
3296
3298
3299
3300
3301
3302
3303
3304
3305
3306
3307
3309
3310
3311
3312
3313
3314
3315
3316
3317
3319
3323
3324
3325
3326
3327
3328
3329
3330
3331
3332
3333
3334
3335
3336
3337
3338
3339
3340
3342
3343
3344
3345
3346
3347
3348
3349
3350
3351
3352
3353
3354
3355
3356
3357
3359
3360
3362
3363
3364
3365
3367
3370
3371
3373
3374
3376
3377
3379
3380
3381
3383
3384
3385
3387
3388
3389
3391
3392
3393
3394
3395
3399
3400
3401
3402
3403
3404
3406
3407
3409
3410
3411
3412
3413
3416
3417
3418
3419
3421
3422
3423
3424
3425
3426
3428
3429
3430
3431
3432
3433
3436
3437
3438
3439
3440
3441
3442
3443
3445
3447
3450
3451
3452
3453
3454
3455
3456
3457
3458
3460
3461
3462
3465
3466
3467
3471
3474
3475
3476
3477
3478
3479
3480
3481
3482
3484
3485
3486
3487
3489
3490
3491
3492
3493
3494
3495
3496
3498
3499
3500
3501
3503
3504
3505
3506
3507
3508
3509
3510
3511
3512
3513
3514
3515
3516
3517
3519
3520
3522
3523
3525
3526
3528
3530
3531
3532
3533
3534
3536
3537
3538
3539
3541
3542
3543
3545
3546
3547
3548
3549
3550
3551
3552
3553
3555
3557
3558
3559
3562
3563
3564
3565
3566
3567
3569
3570
3571
3572
3574
3575
3576
3577
3578
3579
3580
3581
3582
3583
3584
3585
3586
3587
3589
3590
3591
3593
3594
3595
3597
3598
3599
3600
3603
3604
3605
3607
3608
3609
3610
3611
3612
3613
3614
3615
3616
3617
3618
3619
3620
3621
3623
3626
3627
3628
3629
3634
3635
3637
3638
3639
3640
3641
3643
3644
3645
3646
3647
3648
3652
3653
3654
3655
3656
3657
3659
3661
3662
3663
3665
3666
3668
3669
3670
3672
3673
3674
3675
3676
3677
3678
3679
3680
3681
3682
3683
3684
3686
3688
3690
3691
3692
3693
3694
3695
3696
3697
3698
3699
3700
3701
3702
3703
3705
3707
3708
3709
3710
3711
3712
3713
3714
3716
3717
3719
3720
3721
3722
3723
3724
3725
3726
3727
3728
3729
3730
3731
3732
3735
3736
3737
3738
3739
3740
3741
3742
3743
3744
3746
3748
3749
3750
3751
3752
3753
3754
3755
3756
3757
3758
3759
3760
3761
3762
3763
3764
3765
3766
3767
3768
3769
3770
3771
3772
3773
3774
3776
3777
3778
3779
3784
3785
3786
3787
3788
3789
3791
3792
3794
3795
3796
3797
3798
3799
3800
3801
3802
3803
3804
3805
3806
3807
3809
3810
3813
3814
3815
3816
3818
3819
3820
3821
3822
3824
3825
3826
3830
3832
3833
3834
3837
3838
3839
3840
3842
3843
3844
3845
3847
3849
3850
3851
3852
3853
3855
3856
3857
3858
3859
3860
3861
3862
3863
3864
3865
3866
3867
3868
3869
3870
3871
3872
3873
3874
3875
3876
3877
3878
3879
3880
3881
3882
3884
3885
3886
3887
3889
3890
3891
3893
3894
3896
3897
3898
3899
3900
3901
3902
3903
3904
3905
3906
3907
3908
3909
3910
3911
3912
3913
3914
3917
3918
3919
3920
3921
3922
3923
3924
3925
3926
3927
3928
3929
3930
3931
3933
3935
3936
3937
3938
3939
3940
3942
3943
3944
3945
3946
3947
