1
3
4
5
6
7
8
10
11
13
15
16
18
20
21
22
23
26
29
30
32
33
34
35
36
37
40
41
42
43
45
46
47
48
50
51
52
53
54
55
56
57
58
59
62
63
66
69
70
71
73
75
76
77
78
79
81
82
83
88
91
92
93
94
95
98
99
101
104
105
106
107
108
110
111
113
114
115
116
119
121
122
123
124
125
126
128
130
131
134
135
136
137
139
140
141
142
144
145
146
147
148
152
153
154
155
156
157
158
159
160
161
162
163
164
165
166
167
168
169
170
171
173
174
175
176
177
178
179
180
181
182
183
184
185
186
187
188
189
191
192
193
194
195
196
198
199
201
202
203
204
205
206
207
208
209
210
211
212
213
215
216
217
218
219
220
221
222
223
224
225
226
228
229
230
231
232
233
234
236
237
238
239
240
241
242
243
244
245
246
247
248
249
250
251
252
253
254
255
256
257
258
259
260
261
262
263
264
265
266
267
268
269
270
271
272
273
274
275
276
277
278
279
280
281
282
283
284
285
286
287
288
289
290
291
292
293
294
295
296
297
298
299
300
301
302
303
304
305
306
307
308
309
310
311
312
313
314
315
316
317
318
319
320
321
322
324
325
326
327
328
329
330
331
332
333
334
335
336
337
338
339
340
341
342
343
344
345
346
347
348
349
350
351
352
353
354
355
356
357
358
359
360
361
362
363
364
365
366
367
368
369
370
371
373
374
375
376
377
378
379
380
381
382
383
384
385
386
387
388
389
390
391
392
393
395
396
397
398
399
401
402
403
404
405
406
407
408
409
410
411
412
413
414
415
417
418
419
422
423
424
425
426
427
428
429
430
431
432
433
434
435
436
437
438
439
440
441
442
443
444
445
446
447
448
449
450
451
452
453
454
455
456
457
458
459
460
461
462
463
464
465
466
467
468
469
470
471
472
473
476
477
478
479
480
481
482
483
484
485
486
487
488
489
492
493
495
496
497
498
499
500
501
502
503
504
505
506
508
509
510
511
512
513
514
515
516
517
518
519
520
521
522
523
524
525
526
528
529
530
531
532
533
535
536
537
538
539
540
541
542
543
544
545
546
547
548
549
550
551
552
553
554
555
556
557
558
559
560
561
562
563
564
565
566
567
568
569
570
571
572
575
577
578
579
580
581
582
583
584
586
587
588
589
590
591
592
594
595
597
598
599
600
601
602
603
604
605
606
607
608
609
610
611
612
613
614
615
616
617
618
619
620
621
622
623
625
626
627
628
629
630
631
632
634
635
636
637
639
640
641
642
643
644
645
646
647
648
649
650
651
652
653
654
655
656
657
658
659
660
661
663
664
665
666
667
668
669
670
671
672
673
674
675
676
677
678
679
680
681
682
683
684
685
686
687
688
689
690
691
692
693
694
695
696
697
698
700
701
702
703
704
705
706
707
708
709
710
711
712
713
714
715
716
717
718
719
720
721
722
723
724
725
726
727
728
729
730
731
732
733
734
735
736
737
738
739
740
741
742
743
744
745
746
747
748
749
750
751
752
753
754
755
756
757
758
759
760
761
762
763
764
765
767
769
770
771
772
773
774
775
776
777
778
779
780
781
782
783
784
785
786
787
788
789
790
791
792
793
794
795
796
797
798
799
800
801
802
804
806
807
808
809
810
811
812
813
814
815
816
817
818
819
820
821
822
823
824
825
826
827
828
829
830
831
832
833
834
835
836
837
838
839
840
841
842
843
844
845
846
847
848
849
850
851
852
853
854
855
856
857
858
859
860
861
862
863
864
865
867
868
869
870
871
872
873
875
876
878
879
881
882
883
884
885
886
887
888
889
890
891
892
893
894
895
896
897
898
899
900
901
902
903
904
905
906
907
908
909
911
912
913
914
915
916
917
918
919
920
921
922
923
924
925
926
927
928
929
930
931
932
933
934
935
936
937
938
939
940
941
942
943
944
945
946
947
948
949
950
951
953
954
955
956
957
958
959
960
961
962
963
964
965
966
967
968
969
970
971
972
973
974
975
976
977
978
979
980
981
982
983
984
985
986
987
988
989
990
991
992
993
994
995
996
997
998
999
1000
1001
1002
1003
1004
1005
1006
1007
1008
1009
1010
1011
1012
1013
1014
1015
1016
1017
1018
1019
1020
1021
1022
1023
1024
1025
1026
1028
1030
1031
1032
1033
1034
1035
1036
1037
1038
1039
1040
1041
1042
1043
1044
1045
1046
1047
1048
1049
1050
1051
1052
1053
1054
1055
1056
1057
1058
1059
1061
1062
1063
1064
1065
1066
1067
1068
1069
1070
1071
1073
1074
1075
1076
1077
1078
1079
1080
1081
1082
1083
1085
1086
1087
1088
1089
1090
1091
1092
1093
1095
1096
1097
1098
1099
1100
1101
1102
1103
1104
1106
1108
1109
1110
1111
1112
1114
1115
1116
1117
1118
1119
1120
1121
1122
1123
1124
1125
1127
1128
1129
1130
1131
1132
1133
1134
1136
1137
1138
1139
1140
1141
1142
1143
1144
1145
1146
1147
1148
1149
1150
1151
1152
1153
1154
1155
1156
1157
1158
1160
1161
1162
1163
1164
1165
1166
1167
1168
1169
1170
1171
1172
1175
1176
1177
1178
1179
1180
1181
1182
1183
1184
1185
1186
1187
1188
1189
1190
1191
1192
1193
1194
1195
1196
1197
1198
1199
1200
1201
1202
1203
1204
1205
1206
1207
1208
1209
1210
1211
1212
1213
1214
1216
1217
1218
1219
1220
1221
1222
1223
1224
1225
1226
1227
1228
1229
1230
1231
1232
1233
1234
1235
1236
1237
1238
1239
1240
1241
1242
1243
1244
1245
1246
1247
1248
1249
1250
1251
1252
1253
1254
1255
1256
1257
1258
1259
1260
1261
1262
1263
1264
1265
1266
1267
1268
1269
1270
1271
1272
1274
1275
1276
1277
1278
1279
1281
1282
1283
1284
1285
1286
1287
1288
1289
1290
1291
1292
1293
1294
1295
1296
1297
1298
1299
1300
1301
1302
1303
1304
1305
1306
1307
1308
1309
1310
1311
1312
1313
1314
1315
1316
1317
1318
1319
1320
1321
1322
1323
1324
1325
1327
1328
1329
1330
1331
1332
1333
1334
1335
1336
1337
1339
1340
1341
1342
1343
1344
1345
1346
1347
1349
1350
1351
1352
1353
1354
1355
1356
1357
1358
1359
1360
1361
1362
1363
1364
1365
1366
1367
1368
1369
1370
1372
1373
1374
1375
1376
1377
1378
1379
1380
1381
1382
1383
1384
1385
1386
1387
1388
1389
1390
1391
1392
1393
1394
1395
1396
1397
1398
1399
1400
1401
1402
1403
1404
1405
1406
1407
1408
1409
1410
1411
1413
1414
1415
1416
1417
1418
1419
1420
1421
1422
1423
1424
1425
1426
1427
1428
1429
1430
1431
1432
1433
1434
1435
1436
1437
1438
1439
1440
1442
1443
1444
1445
1446
1447
1448
1449
1450
1451
1452
1453
1454
1455
1456
1457
1458
1459
1460
1462
1464
1465
1466
1467
1468
1469
1470
1471
1472
1473
1474
1475
1476
1477
1478
1479
1480
1481
1482
1483
1484
1485
1486
1487
1488
1489
1490
1491
1492
1493
1494
1495
1496
1497
1498
1499
1500
1501
1502
1503
1504
1505
1506
1507
1508
1509
1510
1511
1512
1513
1514
1515
1517
1518
1521
1523
1524
1525
1526
1527
1528
1530
1531
1532
1535
1536
1539
1542
1543
1544
1545
1547
1549
1550
1551
1552
1553
1554
1557
1559
1563
1564
1568
1570
1571
1572
1574
1575
1576
1577
1579
1581
1582
1583
1585
1586
1587
1588
1590
1591
1594
1595
1597
1598
1599
1600
1603
1604
1607
1608
1609
1612
1613
1614
1615
1617
1618
1619
1620
1621
1624
1626
1627
1628
1631
1632
1634
1640
1643
1678
1686
1693
1703
1709
1712
1714
1716
1719
1724
1728
1736
1741
1759
1765
1807
1809
1812
1837
1839
1843
1845
1852
1853
1856
1857
1858
1859
1860
1869
1881
1887
1890
1898
1899
1900
1903
1906
1908
1911
1913
1915
1916
1926
1927
1928
1933
1934
1935
1938
1940
1942
1944
1945
1946
1948
1951
1955
1956
1957
1959
1962
1967
1968
1976
1979
1985
1987
1988
1993
1994
1998
2002
2014
2017
2032
2035
2043
2047
2048
2050
2054
2056
2057
2061
2062
2063
2066
2071
2074
2075
2076
2077
2078
2081
2082
2083
2087
2089
2094
2095
2100
2104
2105
2106
2107
2110
2115
2118
2121
2122
2123
2124
2126
2127
2130
2131
2132
2135
2139
2140
2143
2145
2146
2147
2148
2149
2153
2154
2155
2156
2157
2158
2160
2161
2163
2168
2169
2172
2173
2176
2179
2182
2183
2184
2185
2186
2187
2191
2192
2193
2196
2197
2199
2200
2204
2206
2207
2209
2210
2212
2214
2215
2216
2217
2220
2221
2223
2225
2226
2227
2230
2232
2233
2234
2235
2236
2238
2240
2241
2242
2243
2246
2248
2252
2253
2254
2258
2262
2266
2268
2270
2271
2276
2277
2278
2280
2281
2282
2285
2288
2289
2290
2291
2292
2293
2294
2297
2299
2301
2302
2303
2304
2307
2308
2311
2313
2314
2315
2316
2319
2320
2321
2324
2326
2327
2331
2335
2336
2337
2338
2341
2342
2343
2345
2347
2350
2351
2353
2354
2355
2356
2357
2358
2359
2360
2361
2362
2363
2364
2365
2368
2372
2374
2377
2380
2382
2383
2384
2386
2387
2388
2389
2391
2392
2393
2394
2395
2397
2398
2400
2401
2402
2403
2404
2405
2406
2410
2411
2412
2413
2416
2417
2418
2421
2423
2424
2426
2427
2430
2432
2434
2435
2436
2438
2442
2443
2445
2448
2449
2451
2454
2455
2457
2459
2460
2463
2464
2466
2468
2473
2474
2476
2477
2481
2482
2483
2484
2485
2488
2489
2492
2493
2495
2496
2498
2500
2501
2503
2504
2505
2509
2510
2512
2513
2516
2517
2520
2523
2524
2526
2527
2528
2529
2530
2532
2533
2535
2536
2537
2539
2543
2544
2547
2549
2550
2553
2556
2558
2559
2560
2561
2562
2565
2567
2568
2569
2570
2572
2573
2576
2577
2582
2583
2584
2585
2586
2587
2590
2593
2596
2597
2600
2601
2602
2609
2611
2612
2613
2614
2616
2617
2623
2625
2626
2627
2628
2630
2632
2633
2634
2635
2640
2641
2642
2643
2644
2646
2647
2648
2649
2650
2651
2655
2656
2659
2660
2662
2664
2666
2667
2668
2672
2674
2675
2676
2677
2679
2682
2683
2684
2686
2687
2688
2689
2690
2692
2693
2695
2696
2697
2699
2702
2703
2704
2705
2707
2709
2711
2712
2713
2714
2715
2716
2718
2719
2721
2722
2724
2726
2728
2729
2730
2735
2736
2737
2738
2739
2742
2744
2746
2747
2748
2750
2751
2752
2754
2759
2760
2761
2763
2764
2766
2770
2771
2772
2773
2774
2775
2776
2779
2780
2782
2783
2786
2787
2788
2789
2790
2791
2792
2794
2795
2796
2797
2800
2801
2803
2804
2807
2809
2810
2812
2813
2814
2815
2816
2820
2825
2826
2829
2831
2833
2835
2836
2837
2841
2842
2846
2847
2848
2849
2850
2851
2853
2854
2855
2856
2857
2858
2859
2860
2861
2862
2864
2865
2866
2867
2868
2869
2870
2871
2872
2873
2874
2875
2876
2877
2879
2880
2881
2883
2884
2885
2887
2888
2892
2895
2896
2897
2898
2900
2901
2902
2903
2904
2905
2907
2910
2911
2912
2913
2914
2915
2916
2917
2918
2919
2920
2922
2924
2925
2927
2929
2930
2931
2932
2933
2934
2937
2938
2939
2940
2941
2942
2943
2948
2951
2953
2954
2956
2957
2958
2959
2960
2964
2965
2966
2967
2969
2970
2971
2973
2975
2977
2982
2983
2984
2986
2987
2988
2989
2990
2991
2993
2994
2995
2996
2997
2998
2999
3000
3001
3002
3003
3004
3005
3008
3009
3010
3011
3012
3013
3017
3018
3020
3022
3024
3025
3027
3029
3032
3033
3034
3037
3038
3039
3040
3041
3042
3045
3046
3047
3048
3049
3050
3052
3053
3054
3055
3057
3058
3059
3060
3062
3063
3064
3065
3067
3068
3069
3070
3072
3076
3077
3078
3079
3080
3081
3082
3083
3084
3085
3086
3089
3090
3094
3095
3096
3097
3098
3100
3101
3103
3110
3117
3118
3120
3122
3123
3127
3128
3129
3130
3133
3134
3135
3138
3139
3140
3144
3145
3146
3147
3148
3149
3150
3151
3152
3153
3154
3155
3156
3157
3159
3161
3162
3163
3164
3166
3167
3168
3169
3170
3171
3177
3179
3181
3182
3183
3185
3189
3190
3191
3192
3193
3194
3195
3196
3198
3199
3202
3203
3204
3206
3207
3209
3211
3213
3216
3217
3219
3220
3221
3224
3229
3230
3231
3234
3237
3238
3239
3240
3241
3242
3243
3244
3245
3246
3247
3249
3251
3252
3253
3256
3257
3258
3259
3260
3262
3264
3268
3269
3270
3271
3272
3273
3275
3276
3277
3279
3280
3281
3282
3283
3284
3285
3288
3289
3292
3293
3294
3295
3298
3300
3302
3303
3305
3308
3309
3314
3315
3316
3317
3318
3320
3322
3323
3324
3325
3326
3327
3328
3330
3331
3332
3333
3334
3335
3337
3338
3339
3342
3344
3346
3349
3350
3351
3353
3354
3355
3356
3359
3360
3361
3364
3366
3367
3368
3369
3370
3371
3373
3374
3375
3377
3380
3382
3384
3385
3386
3387
3388
3389
3390
3391
3392
3393
3394
3396
3399
3400
3402
3403
3404
3406
3407
3408
3409
3410
3412
3414
3415
3416
3417
3418
3419
3420
3421
3422
3424
3427
3428
3429
3432
3434
3435
3436
3437
3438
3439
3440
3441
3442
3443
3444
3446
3447
3450
3451
3452
3454
3455
3459
3460
3461
3462
3463
3464
3465
3466
3467
3468
3469
3470
3471
3472
3473
3475
3477
3481
3483
3484
3485
3486
3487
3488
3489
3490
3491
3492
3494
3495
3497
3498
3499
3500
3501
3502
3503
3504
3506
3507
3508
3509
3510
3511
3512
3514
3515
3516
3517
3521
3522
3523
3524
3525
3526
3527
3528
3529
3530
3532
3533
3534
3536
3537
3538
3539
3540
3541
3542
3543
3545
3546
3547
3548
3549
3550
3551
3552
3553
3554
3555
3559
3560
3561
3562
3563
3565
3566
3567
3571
3573
3575
3576
3578
3579
3580
3583
3584
3585
3586
3589
3590
3591
3592
3593
3595
3596
3599
3601
3602
3603
3605
3606
3607
3608
3609
3610
3611
3612
3613
3615
3617
3618
3621
3622
3623
3624
3625
3626
3628
3629
3630
3631
3632
3634
3635
3637
3638
3639
3640
3641
3642
3644
3645
3648
3650
3652
3653
3655
3656
3657
3660
3661
3663
3664
3665
3666
3667
3668
3669
3672
3673
3674
3675
3677
3678
3679
3680
3681
3682
3683
3684
3685
3686
3688
3689
3691
3693
3695
3696
3697
3698
3702
3703
3706
3707
3708
3709
3712
3713
3714
3715
3716
3717
3718
3719
3720
3721
3723
3725
3727
3729
3730
3731
3732
3733
3734
3735
3737
3738
3739
3740
3743
3744
3745
3746
3747
3748
3749
3751
3752
3753
3755
3756
3760
3761
3762
3763
3764
3767
3770
3771
3772
3774
3775
3776
3779
3781
3782
3784
3785
3787
3788
3789
3790
3792
3793
3795
3796
3797
3798
3800
3802
3803
3804
3805
3806
3807
3808
3809
3811
3812
3815
3816
3817
3818
3819
3820
3821
3823
3824
3825
3826
3827
3828
3830
3831
3832
3833
3834
3835
3837
3838
3839
3840
3843
3844
3845
3846
3848
3849
3850
3851
3852
3853
3854
3855
3856
3857
3858
3859
3860
3861
3863
3864
3865
3866
3867
3868
3871
3872
3873
3876
3877
3879
3880
3881
3882
3883
3884
3887
3890
3891
3892
3893
3895
3896
3897
3898
3900
3901
3902
3903
3904
3905
3906
3907
3908
3909
3910
3911
3913
3915
3916
3917
3918
3919
3920
3922
3923
3924
3926
3929
3931
3932
3933
3934
3935
3936
3937
3938
3939
3940
3942
3943
3944
3945
3946
3950
3951
3954
3956
3957
3958
3959
3960
3961
3962
3963
3964
3966
3967
3968
3969
3970
3971
3972
3973
3975
3976
3977
3978
3979
3980
3982
3983
3986
3988
3989
3990
3991
3992
3993
3994
3995
3997
3998
3999
4000
4002
4004
4005
4006
4007
4008
4009
4010
4011
4012
4014
4015
4017
4018
4019
4020
4021
4022
4023
4024
4026
4027
4028
4030
4031
4032
4033
4034
4036
4038
4039
4040
4041
4042
4043
4044
4045
4046
4048
4049
4050
4051
4052
4054
4055
4059
4060
4061
4062
4063
4064
4065
4066
4067
4068
4069
4070
4071
4072
4073
4075
4077
4078
4079
4080
4081
4082
4083
4085
4087
4088
4089
4090
4091
4092
4093
4094
4095
4096
4097
4098
4099
4100
4101
4102
4104
4105
4106
4109
4110
4112
4113
4114
4115
4116
4117
4119
4120
4121
4122
4123
4125
4126
4128
4129
4130
4131
4132
4133
4134
4135
4136
4137
4140
4141
4142
4145
4146
4147
4148
4149
4152
4153
4155
4156
4157
4158
4159
4160
4161
4162
4163
4164
4166
4167
4168
4169
4170
4171
4172
4173
4174
4176
4178
4179
4181
4182
4184
4185
4186
4187
4188
4189
4190
4191
4193
4194
4195
4196
4197
4198
4199
4200
4201
4202
4203
4204
4205
4207
4208
4210
4211
4213
4214
4215
4216
4217
4219
4220
4221
4222
4224
4225
4226
4227
4228
4229
4230
4232
4233
4234
4235
4237
4238
4239
4241
4242
4243
4244
4246
4247
4248
4249
4250
4252
4255
4256
4257
4258
4259
4260
4261
4263
4264
4266
4267
4268
4269
4270
4271
4272
4273
4274
4276
4277
4278
4279
4280
4281
4283
4284
4285
4287
4288
4289
4290
4291
4293
4294
4295
4296
4297
4298
4299
4300
4301
4302
4305
4306
4307
4308
4309
4312
4313
4314
4315
4316
4317
4318
4319
4320
4321
4322
4323
4326
4327
4328
4330
4331
4332
4333
4334
4335
4337
4338
4339
4340
4341
4343
4344
4345
4346
4347
4348
4349
4350
4351
4352
4354
4355
4356
4357
4359
4360
4361
4362
4363
4364
4365
4366
4367
4368
4369
4370
4371
4373
4375
4378
4379
4380
4381
4382
4384
4385
4387
4389
4390
4391
4392
4393
4394
4395
4396
4397
4398
4399
4400
4401
4402
4404
4406
4407
4408
4409
4411
4414
4415
4416
4417
4418
4419
4420
4421
4422
4423
4425
4426
4427
4428
4430
4431
4432
4434
4435
4437
4438
4439
4440
4441
4442
4443
4444
4445
4446
4447
4448
4449
4450
4451
4453
4455
4456
4457
4458
4459
4460
4461
4462
4463
4464
4466
4467
4468
4469
4470
4471
4472
4473
4474
4477
4482
4484
4485
4486
4487
4488
4491
4492
4493
4494
4495
4496
4498
4499
4500
4501
4502
4503
4504
4505
4506
4507
4509
4511
4512
4513
4514
4515
4516
4517
4519
4520
4522
4524
4525
4527
4528
4529
4530
4532
4533
4534
4535
4536
4537
4538
4539
4540
4541
4542
4543
4545
4547
4548
4551
4552
4553
4556
4559
4560
4561
4562
4564
4565
4566
4567
4568
4569
4571
4572
4573
4574
4575
4576
4577
4580
4581
4582
4586
4587
4588
4589
4590
4591
4592
4594
4595
4596
4597
4598
4600
4601
4603
4605
4606
4607
4608
4609
4610
4611
4612
4613
4614
4615
4616
4618
4619
4623
4624
4625
4626
4627
4628
4629
4630
4632
4634
4635
4636
4637
4638
4639
4640
4641
4642
4643
4648
4649
4650
4651
4653
4654
4655
4657
4658
4659
4660
4661
4662
4663
4664
4665
4666
4669
4670
4671
4672
4674
4676
4677
4678
4679
4680
4682
4683
4684
4685
4688
4689
4690
4691
4692
4693
4695
4696
4697
4700
4702
4703
4704
4705
4706
4707
4708
4709
4710
4711
4712
4713
4714
4715
4717
4718
4719
4721
4722
4723
4724
4725
4726
4729
4730
4731
4732
4733
4734
4735
4736
4737
4738
4739
4740
4741
4742
4743
4744
4745
4747
4748
4749
4750
4751
4752
4753
4754
4755
4756
4757
4758
4760
4761
4762
4764
4765
4766
4767
4769
4770
4771
4772
4773
4774
4776
4777
4779
4781
4782
4784
4786
4787
4788
4789
4790
4791
4792
4793
4794
4796
4798
4799
4800
4801
4803
4804
4806
4807
4808
4809
4810
4811
4812
4813
4814
4815
4817
4819
4820
4821
4822
4823
4824
4825
4826
4827
4828
4830
4831
4833
4834
4835
4836
4837
4838
4839
4841
4842
4843
4844
4845
4847
4848
4849
4850
4851
4852
4853
4854
4856
4858
4859
4860
4862
4865
4866
4867
4870
4872
4874
4875
4876
4877
4879
4881
4882
4883
4884
4886
4887
4888
4889
4890
4891
4892
4893
4895
4896
4897
4899
4901
4902
4903
4904
4905
4906
4907
4909
4910
4911
4912
4913
4914
4915
4916
4917
4918
4919
4920
4921
4923
4924
4925
4927
4928
4929
4930
4932
4933
4934
4936
4937
4939
4940
4941
4942
4943
4944
4945
4946
4947
4948
4949
4950
4951
4952
4953
4954
4956
4957
4958
4959
4960
4961
4962
4965
4966
4967
4968
4969
4970
4971
4972
4973
4974
4975
4976
4977
4978
4979
4980
4982
4984
4985
4987
4988
4989
4990
4991
4992
4993
4994
4995
4996
4997
4998
5000
5002
5003
5004
5005
5006
5007
5009
5010
5011
5012
5013
5015
5016
5018
5019
5020
5021
5022
5023
5024
5026
5027
5028
5029
5031
5032
5033
5034
5035
5036
5037
5038
5039
5040
5042
5043
5044
5045
5046
5047
5048
5049
5050
5051
5052
5053
5054
5055
5056
5057
5058
5059
5060
5061
5062
5063
5064
5066
5067
5068
5069
5070
5072
5074
5075
5076
5077
5078
5079
5080
5082
5084
5085
5086
5088
5091
5092
5093
5094
5096
5097
5098
5099
5100
5102
5104
5106
5108
5109
5110
5111
5112
5114
5115
5117
5118
5120
5122
5124
5125
5126
5127
5128
5129
5130
5131
5132
5133
5134
5135
5136
5138
5140
5141
5142
5143
5144
5145
5147
5148
5150
5151
5152
5153
5156
5157
5158
5159
5160
5161
5162
5163
5164
5165
5167
5168
5170
5172
5173
5174
5176
5177
5178
5179
5181
5184
5185
5186
5187
5188
5189
5191
5192
5195
5196
5198
5199
5200
5201
5202
5203
5204
5205
5206
5208
5210
5212
5215
5217
5218
5219
5220
5222
5225
5226
5228
5230
5231
5232
5233
5234
5235
5236
5237
5238
5239
5240
5241
5242
5243
5244
5248
5249
5250
5251
5252
5253
5254
5256
5257
5258
5259
5261
5263
5265
5266
5267
5269
5270
5271
5272
5273
5274
5275
5276
5278
5279
5280
5281
5282
5284
5285
5286
5287
5288
5290
5292
5293
5295
5296
5297
5298
5299
5301
5302
5304
5305
5306
5307
5308
5310
5312
5314
5315
5316
5318
5319
5321
5322
5323
5324
5325
5326
5327
5328
5329
5331
5332
5333
5335
5336
5337
5338
5339
5340
5341
5342
5343
5344
5345
5346
5347
5348
5349
5350
5352
5354
5355
5356
5357
5358
5359
5360
5361
5362
5365
5366
5368
5369
5370
5371
5372
5373
5374
5375
5377
5380
5381
5382
5383
5386
5387
5388
5389
5390
5391
5393
5394
5395
5396
5398
5399
5401
5402
5403
5404
5406
5407
5408
5409
5410
5411
5412
5413
5414
5415
5416
5417
5418
5419
5420
5423
5424
5425
5426
5427
5428
5429
5430
5431
5432
5433
5434
5435
5436
5437
5438
5439
5440
5441
5442
5444
5445
5447
5448
5449
5450
5451
5452
5454
