0.000000000000000000e+00 4.910061529803829150e-01
1.000000000000000000e+02 4.060194477512594213e-01
2.000000000000000000e+02 4.601693734625797449e-01
3.000000000000000000e+02 5.049074732081293426e-01
4.000000000000000000e+02 5.668555154467495028e-01
5.000000000000000000e+02 6.193916531161945960e-01
6.000000000000000000e+02 6.788329384730542593e-01
7.000000000000000000e+02 6.614300707684893643e-01
8.000000000000000000e+02 6.839712532045492122e-01
9.000000000000000000e+02 7.154965990115413899e-01
1.000000000000000000e+03 7.519439798938720720e-01
1.100000000000000000e+03 7.380812061743363683e-01
1.200000000000000000e+03 7.305625756955269612e-01
1.300000000000000000e+03 7.603535486856021208e-01
1.400000000000000000e+03 7.874607554585988378e-01
1.500000000000000000e+03 7.940644753902501574e-01
1.600000000000000000e+03 7.940732332636032398e-01
1.700000000000000000e+03 8.114433027877567817e-01
1.800000000000000000e+03 7.995220105676645872e-01
1.900000000000000000e+03 8.147332092611268006e-01
2.000000000000000000e+03 7.911552092650813162e-01
2.100000000000000000e+03 8.043852030395013397e-01
2.200000000000000000e+03 8.402245768280457439e-01
2.300000000000000000e+03 7.970732631412252855e-01
2.400000000000000000e+03 8.304417641116559334e-01
2.500000000000000000e+03 8.381184343901820766e-01
2.600000000000000000e+03 8.258931289344115800e-01
2.700000000000000000e+03 8.011190838626900401e-01
2.800000000000000000e+03 8.388249247293051436e-01
2.900000000000000000e+03 8.589348567528418688e-01
3.000000000000000000e+03 8.313671439536942653e-01
3.100000000000000000e+03 8.335119165956221821e-01
3.200000000000000000e+03 8.402111459146766048e-01
3.300000000000000000e+03 8.475661718060343297e-01
3.400000000000000000e+03 8.353155106528178386e-01
3.500000000000000000e+03 8.472588202935229518e-01
3.600000000000000000e+03 8.501902201106084078e-01
3.700000000000000000e+03 8.420242499562087257e-01
3.800000000000000000e+03 8.636549105347232080e-01
3.900000000000000000e+03 8.415181686761261659e-01
4.000000000000000000e+03 8.593696276659701372e-01
4.100000000000000000e+03 8.581998083082845730e-01
4.200000000000000000e+03 8.689754205435824552e-01
4.300000000000000000e+03 8.448568842968353643e-01
4.400000000000000000e+03 8.776087623597483844e-01
4.500000000000000000e+03 8.334646786342214675e-01
4.600000000000000000e+03 8.655723359466531708e-01
4.700000000000000000e+03 8.682084023043761256e-01
4.800000000000000000e+03 8.862212302515268814e-01
4.900000000000000000e+03 8.811892409392442227e-01
5.000000000000000000e+03 8.823138651761857076e-01
5.100000000000000000e+03 8.665735067381621359e-01
5.200000000000000000e+03 8.853229266040520962e-01
5.300000000000000000e+03 8.643344693997210282e-01
5.400000000000000000e+03 8.826845436339081363e-01
5.500000000000000000e+03 8.836457961395648431e-01
5.600000000000000000e+03 9.042315262907323348e-01
5.700000000000000000e+03 8.888570418098553638e-01
5.800000000000000000e+03 8.892307349461364696e-01
5.900000000000000000e+03 8.911544226190351026e-01
6.000000000000000000e+03 8.839233492708367113e-01
6.100000000000000000e+03 8.925013354568478441e-01
6.200000000000000000e+03 8.880145556443609367e-01
6.300000000000000000e+03 8.914797264784370956e-01
6.400000000000000000e+03 8.946495819499888924e-01
6.500000000000000000e+03 9.082028003865223464e-01
6.600000000000000000e+03 9.129436853640682248e-01
6.700000000000000000e+03 9.188099546343304613e-01
6.800000000000000000e+03 9.220560469095044898e-01
6.900000000000000000e+03 8.992713573513040348e-01
7.000000000000000000e+03 8.987806030994220929e-01
7.100000000000000000e+03 9.142380269566874329e-01
7.200000000000000000e+03 9.110416568468658882e-01
7.300000000000000000e+03 9.149426994895440979e-01
7.400000000000000000e+03 9.262185027633550449e-01
7.500000000000000000e+03 9.316218255435445572e-01
7.600000000000000000e+03 8.970434860880776018e-01
7.700000000000000000e+03 9.197930703491347115e-01
7.800000000000000000e+03 9.209755417573983749e-01
7.900000000000000000e+03 9.290211686689703319e-01
8.000000000000000000e+03 9.095846039801187555e-01
8.100000000000000000e+03 9.333006731044535265e-01
8.200000000000000000e+03 9.101813222597385789e-01
8.300000000000000000e+03 9.315111191942347935e-01
8.400000000000000000e+03 9.342676102931715132e-01
8.500000000000000000e+03 9.293351341676387989e-01
8.600000000000000000e+03 9.251471886292340630e-01
8.700000000000000000e+03 9.403060300771373115e-01
8.800000000000000000e+03 9.200344170497719576e-01
8.900000000000000000e+03 9.356226118184414187e-01
9.000000000000000000e+03 9.424723950685284235e-01
9.100000000000000000e+03 9.353113066591679514e-01
9.200000000000000000e+03 9.323027767641148822e-01
9.300000000000000000e+03 9.340978362097139831e-01
9.400000000000000000e+03 9.405314799649640012e-01
9.500000000000000000e+03 9.351550226889211448e-01
9.600000000000000000e+03 9.481697594369865589e-01
9.700000000000000000e+03 9.463702445237451855e-01
9.800000000000000000e+03 9.454317522000935670e-01
9.900000000000000000e+03 9.362006875285868723e-01
1.000000000000000000e+04 9.516347971950680495e-01
1.010000000000000000e+04 9.369852700977219229e-01
1.020000000000000000e+04 9.431079860256779135e-01
1.030000000000000000e+04 9.407998760033589036e-01
1.040000000000000000e+04 9.357613628125365235e-01
1.050000000000000000e+04 9.448210989734632248e-01
1.060000000000000000e+04 9.411399835073706033e-01
1.070000000000000000e+04 9.548145957160694142e-01
1.080000000000000000e+04 9.536411128287727301e-01
1.090000000000000000e+04 9.497813770144655221e-01
1.100000000000000000e+04 9.528518710399158653e-01
1.110000000000000000e+04 9.556869891323355182e-01
1.120000000000000000e+04 9.454474462137625324e-01
1.130000000000000000e+04 9.502944644992720180e-01
1.140000000000000000e+04 9.358300765266196475e-01
1.150000000000000000e+04 9.513315200082133050e-01
1.160000000000000000e+04 9.539826342249041469e-01
1.170000000000000000e+04 9.544590026156073437e-01
1.180000000000000000e+04 9.518804678585602863e-01
1.190000000000000000e+04 9.439693776503187417e-01
1.200000000000000000e+04 9.557591306708770329e-01
1.210000000000000000e+04 9.518106702674493658e-01
1.220000000000000000e+04 9.463682950071143907e-01
1.230000000000000000e+04 9.522517005518603694e-01
1.240000000000000000e+04 9.567011454866679587e-01
1.250000000000000000e+04 9.523646966954196769e-01
1.260000000000000000e+04 9.548003264956098635e-01
1.270000000000000000e+04 9.496171376566132638e-01
1.280000000000000000e+04 9.428862528977681734e-01
1.290000000000000000e+04 9.534439477102698568e-01
1.300000000000000000e+04 9.517259545358605077e-01
1.310000000000000000e+04 9.537550174455503571e-01
1.320000000000000000e+04 9.537885003710802057e-01
1.330000000000000000e+04 9.607297624279227399e-01
1.340000000000000000e+04 9.622276611380581324e-01
1.350000000000000000e+04 9.480561193542362819e-01
1.360000000000000000e+04 9.606787887832820561e-01
1.370000000000000000e+04 9.622308621975272924e-01
1.380000000000000000e+04 9.582200692027775801e-01
1.390000000000000000e+04 9.643828688491632439e-01
1.400000000000000000e+04 9.531613432940622133e-01
1.410000000000000000e+04 9.675022908271745381e-01
1.420000000000000000e+04 9.447652892936216906e-01
1.430000000000000000e+04 9.629073638524874301e-01
1.440000000000000000e+04 9.575112579060500728e-01
1.450000000000000000e+04 9.657729040455179659e-01
1.460000000000000000e+04 9.580401347526293909e-01
1.470000000000000000e+04 9.601772366816707649e-01
1.480000000000000000e+04 9.621631516339925749e-01
1.490000000000000000e+04 9.496381185951680015e-01
1.500000000000000000e+04 9.592234074225943763e-01
1.510000000000000000e+04 9.484867124364764202e-01
1.520000000000000000e+04 9.437821095684854056e-01
1.530000000000000000e+04 9.641827633223375438e-01
1.540000000000000000e+04 9.644615749942349048e-01
1.550000000000000000e+04 9.580762824597998106e-01
1.560000000000000000e+04 9.561039701035012328e-01
1.570000000000000000e+04 9.713768550667686297e-01
1.580000000000000000e+04 9.634087108102231678e-01
1.590000000000000000e+04 9.535814902753847466e-01
1.600000000000000000e+04 9.705127609218381357e-01
1.610000000000000000e+04 9.563481015514793127e-01
1.620000000000000000e+04 9.435996152009538118e-01
1.630000000000000000e+04 9.589278092998169134e-01
1.640000000000000000e+04 9.630208538546387587e-01
1.650000000000000000e+04 9.573050509861482649e-01
1.660000000000000000e+04 9.620511300058824933e-01
1.670000000000000000e+04 9.623345802462930365e-01
1.680000000000000000e+04 9.628176294095909249e-01
1.690000000000000000e+04 9.659459803211534190e-01
1.700000000000000000e+04 9.504359397757408123e-01
1.710000000000000000e+04 9.552743331021045226e-01
1.720000000000000000e+04 9.596957021463806692e-01
1.730000000000000000e+04 9.639133036117211173e-01
1.740000000000000000e+04 9.631255014377102519e-01
1.750000000000000000e+04 9.598865123025349666e-01
1.760000000000000000e+04 9.620110555473890823e-01
1.770000000000000000e+04 9.602257882561375801e-01
1.780000000000000000e+04 9.552926609042526884e-01
1.790000000000000000e+04 9.671214587157718201e-01
1.800000000000000000e+04 9.580557551627115753e-01
1.810000000000000000e+04 9.630254224533588703e-01
1.820000000000000000e+04 9.767852415707209968e-01
1.830000000000000000e+04 9.694565038377827015e-01
1.840000000000000000e+04 9.485440995308873635e-01
1.850000000000000000e+04 9.548737545703819274e-01
1.860000000000000000e+04 9.656235667091583874e-01
1.870000000000000000e+04 9.601769526713122005e-01
1.880000000000000000e+04 9.671358769136699784e-01
1.890000000000000000e+04 9.606618467060059618e-01
1.900000000000000000e+04 9.650709616625599008e-01
1.910000000000000000e+04 9.627415684492581782e-01
1.920000000000000000e+04 9.618456174815402937e-01
1.930000000000000000e+04 9.612753009629075862e-01
1.940000000000000000e+04 9.549987026102735310e-01
1.950000000000000000e+04 9.625731527625920325e-01
1.960000000000000000e+04 9.659508271370028654e-01
1.970000000000000000e+04 9.679962862751795294e-01
1.980000000000000000e+04 9.553947605309645041e-01
1.990000000000000000e+04 9.611284074583744674e-01
2.000000000000000000e+04 9.587401162257480625e-01
2.010000000000000000e+04 9.544869234276235348e-01
2.020000000000000000e+04 9.660684986779543015e-01
2.030000000000000000e+04 9.704431028477730203e-01
2.040000000000000000e+04 9.691619217391910235e-01
2.050000000000000000e+04 9.627790243887475174e-01
2.060000000000000000e+04 9.606125296003901193e-01
2.070000000000000000e+04 9.598198127624124609e-01
2.080000000000000000e+04 9.739416150604470745e-01
2.090000000000000000e+04 9.631759320149158032e-01
2.100000000000000000e+04 9.612869413319218292e-01
2.110000000000000000e+04 9.554563467528703891e-01
2.120000000000000000e+04 9.622880972939878985e-01
2.130000000000000000e+04 9.593053251892101896e-01
2.140000000000000000e+04 9.711529504315854489e-01
2.150000000000000000e+04 9.612814932343358709e-01
2.160000000000000000e+04 9.515152390224008716e-01
2.170000000000000000e+04 9.634047143676442992e-01
2.180000000000000000e+04 9.561865358556717043e-01
2.190000000000000000e+04 9.560067621625405465e-01
2.200000000000000000e+04 9.684975887395960159e-01
2.210000000000000000e+04 9.594385422833017207e-01
2.220000000000000000e+04 9.616199022693371345e-01
2.230000000000000000e+04 9.703161475462162011e-01
2.240000000000000000e+04 9.594250848325871495e-01
2.250000000000000000e+04 9.628260926073030079e-01
2.260000000000000000e+04 9.612140289192889764e-01
2.270000000000000000e+04 9.578045789605560412e-01
2.280000000000000000e+04 9.737040233352953766e-01
2.290000000000000000e+04 9.529909150833328901e-01
2.300000000000000000e+04 9.720495499054152555e-01
2.310000000000000000e+04 9.619993251311771409e-01
2.320000000000000000e+04 9.598347859014495498e-01
2.330000000000000000e+04 9.670456857443756604e-01
2.340000000000000000e+04 9.591545496595961229e-01
2.350000000000000000e+04 9.629860335410529437e-01
2.360000000000000000e+04 9.559422820208216542e-01
2.370000000000000000e+04 9.646444111660980036e-01
2.380000000000000000e+04 9.664418261721858805e-01
2.390000000000000000e+04 9.608719243205563476e-01
2.400000000000000000e+04 9.591787242384457457e-01
2.410000000000000000e+04 9.529402704316800587e-01
2.420000000000000000e+04 9.578260458650611486e-01
2.430000000000000000e+04 9.549551869326672326e-01
2.440000000000000000e+04 9.563682260277690528e-01
2.450000000000000000e+04 9.582890271092576739e-01
2.460000000000000000e+04 9.549525498613377072e-01
2.470000000000000000e+04 9.646460260657311325e-01
2.480000000000000000e+04 9.659449388484950827e-01
2.490000000000000000e+04 9.562845075233812331e-01
2.500000000000000000e+04 9.678905694059464215e-01
2.510000000000000000e+04 9.662445387053083534e-01
2.520000000000000000e+04 9.582555224502243840e-01
2.530000000000000000e+04 9.568851944426352008e-01
2.540000000000000000e+04 9.618775248322759541e-01
2.550000000000000000e+04 9.645156036945500277e-01
2.560000000000000000e+04 9.588922166594128216e-01
2.570000000000000000e+04 9.623985876393601480e-01
2.580000000000000000e+04 9.546990379822527517e-01
2.590000000000000000e+04 9.607546540719809069e-01
2.600000000000000000e+04 9.655900097236437274e-01
2.610000000000000000e+04 9.603891397402427588e-01
2.620000000000000000e+04 9.656912827332455596e-01
2.630000000000000000e+04 9.658143355188055779e-01
2.640000000000000000e+04 9.633197530498658345e-01
2.650000000000000000e+04 9.610460069343512712e-01
2.660000000000000000e+04 9.601922795598439864e-01
2.670000000000000000e+04 9.559553612478891571e-01
2.680000000000000000e+04 9.636308505068843511e-01
2.690000000000000000e+04 9.653170266934464339e-01
2.700000000000000000e+04 9.672265089360426726e-01
2.710000000000000000e+04 9.606179391474396478e-01
2.720000000000000000e+04 9.600584967039424988e-01
2.730000000000000000e+04 9.653632464645157674e-01
2.740000000000000000e+04 9.608363642927608694e-01
2.750000000000000000e+04 9.651520695185976662e-01
2.760000000000000000e+04 9.748162052125670662e-01
2.770000000000000000e+04 9.640312235027501675e-01
2.780000000000000000e+04 9.600358504624888489e-01
2.790000000000000000e+04 9.499815669589408706e-01
2.800000000000000000e+04 9.605566666440675805e-01
2.810000000000000000e+04 9.686402530764455232e-01
2.820000000000000000e+04 9.537814044307488803e-01
2.830000000000000000e+04 9.644424898938603885e-01
2.840000000000000000e+04 9.523865538338562864e-01
2.850000000000000000e+04 9.643092175639998986e-01
2.860000000000000000e+04 9.649595138993223298e-01
2.870000000000000000e+04 9.532877196143962895e-01
2.880000000000000000e+04 9.652297076150558874e-01
2.890000000000000000e+04 9.660954842917994778e-01
2.900000000000000000e+04 9.628067727447330304e-01
2.910000000000000000e+04 9.686409539964460080e-01
2.920000000000000000e+04 9.630592758243370355e-01
2.930000000000000000e+04 9.565113877611821636e-01
2.940000000000000000e+04 9.603634893586890930e-01
2.950000000000000000e+04 9.690883652295367856e-01
2.960000000000000000e+04 9.730124769934842544e-01
2.970000000000000000e+04 9.755753600968510852e-01
2.980000000000000000e+04 9.642828622665147176e-01
2.990000000000000000e+04 9.579346416653781171e-01
3.000000000000000000e+04 9.502117962223566305e-01
