0.000000000000000000e+00 4.729479999999999795e-01
1.000000000000000000e+02 3.544399999999999773e-01
2.000000000000000000e+02 4.662880000000000358e-01
3.000000000000000000e+02 5.225880000000000525e-01
4.000000000000000000e+02 5.867799999999999683e-01
5.000000000000000000e+02 6.253600000000000270e-01
6.000000000000000000e+02 6.694200000000000150e-01
7.000000000000000000e+02 6.526039999999999619e-01
8.000000000000000000e+02 6.805639999999999468e-01
9.000000000000000000e+02 7.046959999999999891e-01
1.000000000000000000e+03 7.254039999999999377e-01
1.100000000000000000e+03 7.217960000000001042e-01
1.200000000000000000e+03 7.076439999999999397e-01
1.300000000000000000e+03 7.316920000000000091e-01
1.400000000000000000e+03 7.566480000000000983e-01
1.500000000000000000e+03 7.687679999999998959e-01
1.600000000000000000e+03 7.603600000000000358e-01
1.700000000000000000e+03 7.683400000000000230e-01
1.800000000000000000e+03 7.675959999999999450e-01
1.900000000000000000e+03 7.760199999999999321e-01
2.000000000000000000e+03 7.592520000000000380e-01
2.100000000000000000e+03 7.701000000000000068e-01
2.200000000000000000e+03 7.967239999999998767e-01
2.300000000000000000e+03 7.556439999999999824e-01
2.400000000000000000e+03 7.929039999999999422e-01
2.500000000000000000e+03 7.989479999999999915e-01
2.600000000000000000e+03 8.030999999999999250e-01
2.700000000000000000e+03 7.634559999999999125e-01
2.800000000000000000e+03 8.050960000000000338e-01
2.900000000000000000e+03 8.313959999999999129e-01
3.000000000000000000e+03 7.860879999999998979e-01
3.100000000000000000e+03 8.041999999999998039e-01
3.200000000000000000e+03 7.981119999999999326e-01
3.300000000000000000e+03 8.126399999999999180e-01
3.400000000000000000e+03 8.003320000000000434e-01
3.500000000000000000e+03 8.171439999999999815e-01
3.600000000000000000e+03 8.175600000000000644e-01
3.700000000000000000e+03 8.095440000000000413e-01
3.800000000000000000e+03 8.360119999999998663e-01
3.900000000000000000e+03 8.119879999999999320e-01
4.000000000000000000e+03 8.254519999999998525e-01
4.100000000000000000e+03 8.329680000000000417e-01
4.200000000000000000e+03 8.359239999999998894e-01
4.300000000000000000e+03 8.184480000000000643e-01
4.400000000000000000e+03 8.501960000000000628e-01
4.500000000000000000e+03 8.152279999999998417e-01
4.600000000000000000e+03 8.405639999999999779e-01
4.700000000000000000e+03 8.483400000000000940e-01
4.800000000000000000e+03 8.656320000000000681e-01
4.900000000000000000e+03 8.491680000000001449e-01
5.000000000000000000e+03 8.563479999999999981e-01
5.100000000000000000e+03 8.444360000000000754e-01
5.200000000000000000e+03 8.638000000000000123e-01
5.300000000000000000e+03 8.400599999999999179e-01
5.400000000000000000e+03 8.513119999999999576e-01
5.500000000000000000e+03 8.577600000000000779e-01
5.600000000000000000e+03 8.867319999999999647e-01
5.700000000000000000e+03 8.747359999999999580e-01
5.800000000000000000e+03 8.748680000000000900e-01
5.900000000000000000e+03 8.702600000000000335e-01
6.000000000000000000e+03 8.778280000000000527e-01
6.100000000000000000e+03 8.730240000000000222e-01
6.200000000000000000e+03 8.733319999999999972e-01
6.300000000000000000e+03 8.704800000000000315e-01
6.400000000000000000e+03 8.756359999999998589e-01
6.500000000000000000e+03 8.968599999999999905e-01
6.600000000000000000e+03 8.985520000000000174e-01
6.700000000000000000e+03 9.023839999999999639e-01
6.800000000000000000e+03 9.101440000000000641e-01
6.900000000000000000e+03 8.838199999999998280e-01
7.000000000000000000e+03 8.897400000000000864e-01
7.100000000000000000e+03 8.968300000000000161e-01
7.200000000000000000e+03 8.941319999999998158e-01
7.300000000000000000e+03 9.030120000000001479e-01
7.400000000000000000e+03 9.183080000000000132e-01
7.500000000000000000e+03 9.228639999999999066e-01
7.600000000000000000e+03 8.902679999999999483e-01
7.700000000000000000e+03 9.077759999999999163e-01
7.800000000000000000e+03 9.141279999999998296e-01
7.900000000000000000e+03 9.202360000000000539e-01
8.000000000000000000e+03 9.035559999999999148e-01
8.100000000000000000e+03 9.238120000000000775e-01
8.200000000000000000e+03 9.036520000000001218e-01
8.300000000000000000e+03 9.248399999999998844e-01
8.400000000000000000e+03 9.257079999999999753e-01
8.500000000000000000e+03 9.187879999999999381e-01
8.600000000000000000e+03 9.184320000000000261e-01
8.700000000000000000e+03 9.311199999999999477e-01
8.800000000000000000e+03 9.211959999999999038e-01
8.900000000000000000e+03 9.282919999999998950e-01
9.000000000000000000e+03 9.309159999999999657e-01
9.100000000000000000e+03 9.307880000000000598e-01
9.200000000000000000e+03 9.256359999999999033e-01
9.300000000000000000e+03 9.284520000000000550e-01
9.400000000000000000e+03 9.373080000000000300e-01
9.500000000000000000e+03 9.313320000000000487e-01
9.600000000000000000e+03 9.457439999999999181e-01
9.700000000000000000e+03 9.432479999999999754e-01
9.800000000000000000e+03 9.382639999999999869e-01
9.900000000000000000e+03 9.261080000000000423e-01
1.000000000000000000e+04 9.459999999999998410e-01
1.010000000000000000e+04 9.283440000000000580e-01
1.020000000000000000e+04 9.364160000000000261e-01
1.030000000000000000e+04 9.385959999999999859e-01
1.040000000000000000e+04 9.284720000000001860e-01
1.050000000000000000e+04 9.382559999999999789e-01
1.060000000000000000e+04 9.388199999999998768e-01
1.070000000000000000e+04 9.494679999999999787e-01
1.080000000000000000e+04 9.464640000000001940e-01
1.090000000000000000e+04 9.433360000000000634e-01
1.100000000000000000e+04 9.463759999999999950e-01
1.110000000000000000e+04 9.509639999999999205e-01
1.120000000000000000e+04 9.416719999999998425e-01
1.130000000000000000e+04 9.437159999999999993e-01
1.140000000000000000e+04 9.324720000000000786e-01
1.150000000000000000e+04 9.511200000000000765e-01
1.160000000000000000e+04 9.504600000000000826e-01
1.170000000000000000e+04 9.493199999999999417e-01
1.180000000000000000e+04 9.429760000000001474e-01
1.190000000000000000e+04 9.407839999999998426e-01
1.200000000000000000e+04 9.475639999999999619e-01
1.210000000000000000e+04 9.508359999999999035e-01
1.220000000000000000e+04 9.414439999999999475e-01
1.230000000000000000e+04 9.531120000000000703e-01
1.240000000000000000e+04 9.506519999999999415e-01
1.250000000000000000e+04 9.500520000000000076e-01
1.260000000000000000e+04 9.549919999999999520e-01
1.270000000000000000e+04 9.432760000000000034e-01
1.280000000000000000e+04 9.335839999999999694e-01
1.290000000000000000e+04 9.506680000000000685e-01
1.300000000000000000e+04 9.514479999999999604e-01
1.310000000000000000e+04 9.511599999999998944e-01
1.320000000000000000e+04 9.501440000000000996e-01
1.330000000000000000e+04 9.621559999999999002e-01
1.340000000000000000e+04 9.581920000000001547e-01
1.350000000000000000e+04 9.452559999999999851e-01
1.360000000000000000e+04 9.591159999999998576e-01
1.370000000000000000e+04 9.601199999999999735e-01
1.380000000000000000e+04 9.546559999999999491e-01
1.390000000000000000e+04 9.605519999999999614e-01
1.400000000000000000e+04 9.507320000000000215e-01
1.410000000000000000e+04 9.627759999999999652e-01
1.420000000000000000e+04 9.507279999999999065e-01
1.430000000000000000e+04 9.635160000000000391e-01
1.440000000000000000e+04 9.571560000000000068e-01
1.450000000000000000e+04 9.629639999999999311e-01
1.460000000000000000e+04 9.593080000000000496e-01
1.470000000000000000e+04 9.588039999999998786e-01
1.480000000000000000e+04 9.597640000000000615e-01
1.490000000000000000e+04 9.491519999999999957e-01
1.500000000000000000e+04 9.537120000000000042e-01
1.510000000000000000e+04 9.506159999999999055e-01
1.520000000000000000e+04 9.455040000000001221e-01
1.530000000000000000e+04 9.632359999999999811e-01
1.540000000000000000e+04 9.616399999999999393e-01
1.550000000000000000e+04 9.542399999999999771e-01
1.560000000000000000e+04 9.525639999999999663e-01
1.570000000000000000e+04 9.676919999999999966e-01
1.580000000000000000e+04 9.621520000000001183e-01
1.590000000000000000e+04 9.510520000000001195e-01
1.600000000000000000e+04 9.675279999999999436e-01
1.610000000000000000e+04 9.534799999999999942e-01
1.620000000000000000e+04 9.475399999999998268e-01
1.630000000000000000e+04 9.559519999999999129e-01
1.640000000000000000e+04 9.633439999999998671e-01
1.650000000000000000e+04 9.563279999999999559e-01
1.660000000000000000e+04 9.607320000000000304e-01
1.670000000000000000e+04 9.614960000000000173e-01
1.680000000000000000e+04 9.625639999999999752e-01
1.690000000000000000e+04 9.651879999999999349e-01
1.700000000000000000e+04 9.475039999999999019e-01
1.710000000000000000e+04 9.503640000000000976e-01
1.720000000000000000e+04 9.554520000000000790e-01
1.730000000000000000e+04 9.634359999999999591e-01
1.740000000000000000e+04 9.593840000000000146e-01
1.750000000000000000e+04 9.535719999999999752e-01
1.760000000000000000e+04 9.586320000000000396e-01
1.770000000000000000e+04 9.573760000000001158e-01
1.780000000000000000e+04 9.540079999999999671e-01
1.790000000000000000e+04 9.623840000000000172e-01
1.800000000000000000e+04 9.573079999999999368e-01
1.810000000000000000e+04 9.608560000000000434e-01
1.820000000000000000e+04 9.735240000000000560e-01
1.830000000000000000e+04 9.673120000000001717e-01
1.840000000000000000e+04 9.527079999999999993e-01
1.850000000000000000e+04 9.591159999999998576e-01
1.860000000000000000e+04 9.616759999999999753e-01
1.870000000000000000e+04 9.622560000000000002e-01
1.880000000000000000e+04 9.659400000000000208e-01
1.890000000000000000e+04 9.591399999999999926e-01
1.900000000000000000e+04 9.627799999999999692e-01
1.910000000000000000e+04 9.554679999999999840e-01
1.920000000000000000e+04 9.581839999999999247e-01
1.930000000000000000e+04 9.620760000000000423e-01
1.940000000000000000e+04 9.575079999999999147e-01
1.950000000000000000e+04 9.610640000000000294e-01
1.960000000000000000e+04 9.616599999999999593e-01
1.970000000000000000e+04 9.643080000000000540e-01
1.980000000000000000e+04 9.557600000000000540e-01
1.990000000000000000e+04 9.576320000000000388e-01
2.000000000000000000e+04 9.569360000000001198e-01
2.010000000000000000e+04 9.562400000000000899e-01
2.020000000000000000e+04 9.639760000000000550e-01
2.030000000000000000e+04 9.667040000000001188e-01
2.040000000000000000e+04 9.668080000000000007e-01
2.050000000000000000e+04 9.601880000000000415e-01
2.060000000000000000e+04 9.600040000000000795e-01
2.070000000000000000e+04 9.573200000000000598e-01
2.080000000000000000e+04 9.724480000000000901e-01
2.090000000000000000e+04 9.573800000000000088e-01
2.100000000000000000e+04 9.587360000000000326e-01
2.110000000000000000e+04 9.499279999999999946e-01
2.120000000000000000e+04 9.596399999999999375e-01
2.130000000000000000e+04 9.559680000000000399e-01
2.140000000000000000e+04 9.681480000000000086e-01
2.150000000000000000e+04 9.575480000000000658e-01
2.160000000000000000e+04 9.527160000000000073e-01
2.170000000000000000e+04 9.607319999999999194e-01
2.180000000000000000e+04 9.573679999999998858e-01
2.190000000000000000e+04 9.483960000000001278e-01
2.200000000000000000e+04 9.640199999999998770e-01
2.210000000000000000e+04 9.559800000000000519e-01
2.220000000000000000e+04 9.594320000000000626e-01
2.230000000000000000e+04 9.673960000000000337e-01
2.240000000000000000e+04 9.550840000000000440e-01
2.250000000000000000e+04 9.590560000000000196e-01
2.260000000000000000e+04 9.603359999999999674e-01
2.270000000000000000e+04 9.539000000000000812e-01
2.280000000000000000e+04 9.717719999999999692e-01
2.290000000000000000e+04 9.480319999999999858e-01
2.300000000000000000e+04 9.689400000000000235e-01
2.310000000000000000e+04 9.608480000000001464e-01
2.320000000000000000e+04 9.636560000000000681e-01
2.330000000000000000e+04 9.676439999999999486e-01
2.340000000000000000e+04 9.567760000000000709e-01
2.350000000000000000e+04 9.628079999999999972e-01
2.360000000000000000e+04 9.532079999999999442e-01
2.370000000000000000e+04 9.592239999999999656e-01
2.380000000000000000e+04 9.655200000000000449e-01
2.390000000000000000e+04 9.554679999999999840e-01
2.400000000000000000e+04 9.569039999999999768e-01
2.410000000000000000e+04 9.505440000000000556e-01
2.420000000000000000e+04 9.554599999999999760e-01
2.430000000000000000e+04 9.537399999999999212e-01
2.440000000000000000e+04 9.533199999999999452e-01
2.450000000000000000e+04 9.560280000000000999e-01
2.460000000000000000e+04 9.549119999999999830e-01
2.470000000000000000e+04 9.645279999999999410e-01
2.480000000000000000e+04 9.636799999999998700e-01
2.490000000000000000e+04 9.558999999999999719e-01
2.500000000000000000e+04 9.631599999999999051e-01
2.510000000000000000e+04 9.606000000000000094e-01
2.520000000000000000e+04 9.568240000000000078e-01
2.530000000000000000e+04 9.547639999999999461e-01
2.540000000000000000e+04 9.589959999999999596e-01
2.550000000000000000e+04 9.643120000000000580e-01
2.560000000000000000e+04 9.594679999999999875e-01
2.570000000000000000e+04 9.604800000000000004e-01
2.580000000000000000e+04 9.556000000000000050e-01
2.590000000000000000e+04 9.603559999999999874e-01
2.600000000000000000e+04 9.631439999999998891e-01
2.610000000000000000e+04 9.563440000000000829e-01
2.620000000000000000e+04 9.602239999999998554e-01
2.630000000000000000e+04 9.596160000000000245e-01
2.640000000000000000e+04 9.560879999999999379e-01
2.650000000000000000e+04 9.567160000000000108e-01
2.660000000000000000e+04 9.595360000000000555e-01
2.670000000000000000e+04 9.547599999999999421e-01
2.680000000000000000e+04 9.596840000000000925e-01
2.690000000000000000e+04 9.631679999999999131e-01
2.700000000000000000e+04 9.634679999999999911e-01
2.710000000000000000e+04 9.565159999999999219e-01
2.720000000000000000e+04 9.543280000000000651e-01
2.730000000000000000e+04 9.612639999999998963e-01
2.740000000000000000e+04 9.619600000000001483e-01
2.750000000000000000e+04 9.635559999999998571e-01
2.760000000000000000e+04 9.708280000000000243e-01
2.770000000000000000e+04 9.665079999999999227e-01
2.780000000000000000e+04 9.574320000000000608e-01
2.790000000000000000e+04 9.492239999999999567e-01
2.800000000000000000e+04 9.574639999999999818e-01
2.810000000000000000e+04 9.646400000000001640e-01
2.820000000000000000e+04 9.495680000000000787e-01
2.830000000000000000e+04 9.591920000000000446e-01
2.840000000000000000e+04 9.464200000000000390e-01
2.850000000000000000e+04 9.589559999999999196e-01
2.860000000000000000e+04 9.612720000000000153e-01
2.870000000000000000e+04 9.505759999999999765e-01
2.880000000000000000e+04 9.607440000000001534e-01
2.890000000000000000e+04 9.622240000000000792e-01
2.900000000000000000e+04 9.593119999999999425e-01
2.910000000000000000e+04 9.664760000000000018e-01
2.920000000000000000e+04 9.623359999999999692e-01
2.930000000000000000e+04 9.526159999999999073e-01
2.940000000000000000e+04 9.537280000000001312e-01
2.950000000000000000e+04 9.635360000000000591e-01
2.960000000000000000e+04 9.680039999999999756e-01
2.970000000000000000e+04 9.729200000000000070e-01
2.980000000000000000e+04 9.581279999999998687e-01
2.990000000000000000e+04 9.531279999999999752e-01
3.000000000000000000e+04 9.504359999999999475e-01
