0.000000000000000000e+00 4.603117335160263890e-01
1.000000000000000000e+02 3.474556699179812691e-01
2.000000000000000000e+02 3.620062192554749370e-01
3.000000000000000000e+02 3.598399622338994686e-01
4.000000000000000000e+02 3.634102154773207194e-01
5.000000000000000000e+02 3.790163433423034967e-01
6.000000000000000000e+02 3.855942508275371772e-01
7.000000000000000000e+02 3.842994080658831413e-01
8.000000000000000000e+02 4.037839962819657069e-01
9.000000000000000000e+02 4.004132114592514613e-01
1.000000000000000000e+03 4.158940446456067530e-01
1.100000000000000000e+03 4.173514816309727427e-01
1.200000000000000000e+03 4.154466379005468113e-01
1.300000000000000000e+03 4.527817101245755760e-01
1.400000000000000000e+03 4.303295625577720496e-01
1.500000000000000000e+03 4.429197973573213432e-01
1.600000000000000000e+03 4.504651975021650157e-01
1.700000000000000000e+03 4.665344869442377140e-01
1.800000000000000000e+03 4.618739509232732687e-01
1.900000000000000000e+03 4.780657180082184543e-01
2.000000000000000000e+03 4.619482589912130566e-01
2.100000000000000000e+03 5.160909677132086149e-01
2.200000000000000000e+03 5.021178546582540925e-01
2.300000000000000000e+03 4.919874220895781303e-01
2.400000000000000000e+03 5.144503195957889075e-01
2.500000000000000000e+03 5.437363769398468882e-01
2.600000000000000000e+03 5.341110810924228902e-01
2.700000000000000000e+03 5.427598562895943335e-01
2.800000000000000000e+03 5.172572135278259431e-01
2.900000000000000000e+03 5.643302686057862783e-01
3.000000000000000000e+03 5.533448197881499775e-01
3.100000000000000000e+03 5.746098887455051152e-01
3.200000000000000000e+03 5.916791416375426493e-01
3.300000000000000000e+03 5.876987855049814469e-01
3.400000000000000000e+03 6.052938830846801288e-01
3.500000000000000000e+03 6.318558535279891197e-01
3.600000000000000000e+03 6.624810464529055087e-01
3.700000000000000000e+03 6.240494985423520324e-01
3.800000000000000000e+03 6.666227999524863002e-01
3.900000000000000000e+03 6.530847253123813756e-01
4.000000000000000000e+03 6.527799480769400642e-01
4.100000000000000000e+03 6.878770688336232064e-01
4.200000000000000000e+03 6.999470698580418926e-01
4.300000000000000000e+03 7.133773435276701269e-01
4.400000000000000000e+03 6.858629891525647171e-01
4.500000000000000000e+03 7.091069833444935133e-01
4.600000000000000000e+03 7.005592211840636629e-01
4.700000000000000000e+03 7.189149056405959026e-01
4.800000000000000000e+03 7.022276508629862191e-01
4.900000000000000000e+03 7.346226752689490880e-01
5.000000000000000000e+03 7.474733541462672548e-01
5.100000000000000000e+03 7.623728354024047471e-01
5.200000000000000000e+03 7.818822580415385470e-01
5.300000000000000000e+03 7.731123275472292500e-01
5.400000000000000000e+03 7.469939484406089569e-01
5.500000000000000000e+03 7.823193196531097460e-01
5.600000000000000000e+03 8.100980182358842319e-01
5.700000000000000000e+03 7.890000615857284405e-01
5.800000000000000000e+03 7.966884975841314054e-01
5.900000000000000000e+03 8.221300923047043518e-01
6.000000000000000000e+03 8.086007034228059887e-01
6.100000000000000000e+03 8.000646145842822410e-01
6.200000000000000000e+03 8.113734267647662035e-01
6.300000000000000000e+03 8.169735337673560416e-01
6.400000000000000000e+03 8.170719814466150810e-01
6.500000000000000000e+03 8.055117986797076801e-01
6.600000000000000000e+03 8.472297945779977413e-01
6.700000000000000000e+03 8.404361320330251406e-01
6.800000000000000000e+03 8.466420176900286698e-01
6.900000000000000000e+03 8.364970800047071275e-01
7.000000000000000000e+03 8.587825795865123846e-01
7.100000000000000000e+03 8.563113713623691226e-01
7.200000000000000000e+03 8.312552729205257007e-01
7.300000000000000000e+03 8.213880283155381434e-01
7.400000000000000000e+03 8.557738529164778951e-01
7.500000000000000000e+03 8.580547908348770125e-01
7.600000000000000000e+03 8.569198408609206563e-01
7.700000000000000000e+03 8.616259620331656599e-01
7.800000000000000000e+03 8.579980655331133077e-01
7.900000000000000000e+03 8.648191440882795344e-01
8.000000000000000000e+03 8.651333153479394689e-01
8.100000000000000000e+03 8.628858092407898361e-01
8.200000000000000000e+03 8.598387802522300394e-01
8.300000000000000000e+03 8.708785454662721914e-01
8.400000000000000000e+03 8.700251993685750307e-01
8.500000000000000000e+03 8.747100198803037241e-01
8.600000000000000000e+03 8.733953428579491751e-01
8.700000000000000000e+03 8.850979234201918899e-01
8.800000000000000000e+03 8.572454310021684343e-01
8.900000000000000000e+03 8.650508402699566002e-01
9.000000000000000000e+03 8.792625101922824093e-01
9.100000000000000000e+03 8.650493229317414157e-01
9.200000000000000000e+03 8.898694402678251070e-01
9.300000000000000000e+03 8.762932133538687829e-01
9.400000000000000000e+03 8.664857654957476285e-01
9.500000000000000000e+03 8.813352525931151815e-01
9.600000000000000000e+03 8.750091190310760325e-01
9.700000000000000000e+03 8.793361639370078642e-01
9.800000000000000000e+03 8.847737665016464081e-01
9.900000000000000000e+03 8.919733946574579520e-01
1.000000000000000000e+04 8.936054504865593717e-01
1.010000000000000000e+04 8.928231052473925011e-01
1.020000000000000000e+04 8.943016156861820498e-01
1.030000000000000000e+04 8.678801912140990948e-01
1.040000000000000000e+04 8.956476301054557831e-01
1.050000000000000000e+04 8.993831217267851397e-01
1.060000000000000000e+04 9.047629663462868344e-01
1.070000000000000000e+04 8.938841155419440243e-01
1.080000000000000000e+04 8.961623793722465203e-01
1.090000000000000000e+04 8.910235729303551677e-01
1.100000000000000000e+04 9.058824455998375491e-01
1.110000000000000000e+04 8.863218680293399876e-01
1.120000000000000000e+04 9.000990684131806585e-01
1.130000000000000000e+04 8.997727681556590973e-01
1.140000000000000000e+04 8.977841423565287027e-01
1.150000000000000000e+04 9.042633021438217789e-01
1.160000000000000000e+04 9.087428819098268828e-01
1.170000000000000000e+04 8.996201809862576226e-01
1.180000000000000000e+04 9.087434268633620693e-01
1.190000000000000000e+04 9.077528499095647296e-01
1.200000000000000000e+04 9.133687913982712070e-01
1.210000000000000000e+04 8.974829221621315467e-01
1.220000000000000000e+04 9.203778027613960244e-01
1.230000000000000000e+04 9.216112239247692406e-01
1.240000000000000000e+04 9.017747878498886260e-01
1.250000000000000000e+04 9.195807199035639368e-01
1.260000000000000000e+04 9.196001537517349833e-01
1.270000000000000000e+04 9.181596646283547436e-01
1.280000000000000000e+04 9.134494792848073530e-01
1.290000000000000000e+04 9.167826060829301626e-01
1.300000000000000000e+04 9.095153007211405072e-01
1.310000000000000000e+04 9.065442822788971622e-01
1.320000000000000000e+04 9.122224966371008659e-01
1.330000000000000000e+04 9.242742222619615422e-01
1.340000000000000000e+04 9.184555616704450642e-01
1.350000000000000000e+04 9.247787619110541257e-01
1.360000000000000000e+04 9.251026444446766028e-01
1.370000000000000000e+04 9.261917684502707360e-01
1.380000000000000000e+04 9.273267339686395161e-01
1.390000000000000000e+04 9.209317904244336273e-01
1.400000000000000000e+04 9.365820465410106266e-01
1.410000000000000000e+04 9.356364862073001110e-01
1.420000000000000000e+04 9.357195349628923964e-01
1.430000000000000000e+04 9.354629891642095574e-01
1.440000000000000000e+04 9.374489039061941753e-01
1.450000000000000000e+04 9.330753542634400155e-01
1.460000000000000000e+04 9.311919299694483287e-01
1.470000000000000000e+04 9.511918004553182593e-01
1.480000000000000000e+04 9.354955883118859505e-01
1.490000000000000000e+04 9.379501644732961552e-01
1.500000000000000000e+04 9.304997369770139359e-01
1.510000000000000000e+04 9.392739906242150161e-01
1.520000000000000000e+04 9.440779046343705794e-01
1.530000000000000000e+04 9.515036634160582985e-01
1.540000000000000000e+04 9.465696403113605939e-01
1.550000000000000000e+04 9.470340662882484883e-01
1.560000000000000000e+04 9.561936216826966151e-01
1.570000000000000000e+04 9.432006868133825384e-01
1.580000000000000000e+04 9.530431431168757683e-01
1.590000000000000000e+04 9.545851434133786340e-01
1.600000000000000000e+04 9.605238340498571947e-01
1.610000000000000000e+04 9.525528665054536770e-01
1.620000000000000000e+04 9.532166259718332091e-01
1.630000000000000000e+04 9.569986750949740495e-01
1.640000000000000000e+04 9.572270619834487571e-01
1.650000000000000000e+04 9.622961181099971562e-01
1.660000000000000000e+04 9.667041552934827475e-01
1.670000000000000000e+04 9.616453795414566796e-01
1.680000000000000000e+04 9.644766674955508323e-01
1.690000000000000000e+04 9.683785989984695641e-01
1.700000000000000000e+04 9.615984701242550337e-01
1.710000000000000000e+04 9.679743606409907386e-01
1.720000000000000000e+04 9.660745141631355004e-01
1.730000000000000000e+04 9.623640245626035039e-01
1.740000000000000000e+04 9.693823607023438482e-01
1.750000000000000000e+04 9.708621608353683596e-01
1.760000000000000000e+04 9.665902176553027303e-01
1.770000000000000000e+04 9.685265276305494719e-01
1.780000000000000000e+04 9.733126744249543938e-01
1.790000000000000000e+04 9.723357887213310846e-01
1.800000000000000000e+04 9.665565844746550894e-01
1.810000000000000000e+04 9.699113319387875354e-01
1.820000000000000000e+04 9.687874503011842942e-01
1.830000000000000000e+04 9.652685792539934528e-01
1.840000000000000000e+04 9.686095314911015164e-01
1.850000000000000000e+04 9.680653905772509393e-01
1.860000000000000000e+04 9.710913486438228492e-01
1.870000000000000000e+04 9.692973263729883771e-01
1.880000000000000000e+04 9.733431559653796805e-01
1.890000000000000000e+04 9.705045160839715912e-01
1.900000000000000000e+04 9.747047676472324618e-01
1.910000000000000000e+04 9.791133762549101283e-01
1.920000000000000000e+04 9.746685189312779274e-01
1.930000000000000000e+04 9.815350532234099479e-01
1.940000000000000000e+04 9.731323100929351044e-01
1.950000000000000000e+04 9.817902141054301035e-01
1.960000000000000000e+04 9.790103159929988141e-01
1.970000000000000000e+04 9.743559364148898227e-01
1.980000000000000000e+04 9.722330728233610220e-01
1.990000000000000000e+04 9.696029779717969532e-01
2.000000000000000000e+04 9.758244646356762919e-01
2.010000000000000000e+04 9.798001155134985485e-01
2.020000000000000000e+04 9.768017412309176750e-01
2.030000000000000000e+04 9.817070162520412646e-01
2.040000000000000000e+04 9.773335106138854034e-01
2.050000000000000000e+04 9.750194922469352932e-01
2.060000000000000000e+04 9.761830315569907102e-01
2.070000000000000000e+04 9.762986985999380085e-01
2.080000000000000000e+04 9.751452987292320573e-01
2.090000000000000000e+04 9.759374524308608301e-01
2.100000000000000000e+04 9.818614138629068178e-01
2.110000000000000000e+04 9.807649553127786302e-01
2.120000000000000000e+04 9.783767133546571459e-01
2.130000000000000000e+04 9.783168808310653830e-01
2.140000000000000000e+04 9.816140694178627779e-01
2.150000000000000000e+04 9.752171870412975618e-01
2.160000000000000000e+04 9.775800388344659808e-01
2.170000000000000000e+04 9.829060422629822824e-01
2.180000000000000000e+04 9.771976035695449925e-01
2.190000000000000000e+04 9.813595584225948132e-01
2.200000000000000000e+04 9.801443522290261834e-01
2.210000000000000000e+04 9.817822418549858599e-01
2.220000000000000000e+04 9.777586004358777005e-01
2.230000000000000000e+04 9.803154746385750462e-01
2.240000000000000000e+04 9.795895727385869334e-01
2.250000000000000000e+04 9.762600540640582469e-01
2.260000000000000000e+04 9.866826322839992169e-01
2.270000000000000000e+04 9.791055047369668918e-01
2.280000000000000000e+04 9.816819895424686582e-01
2.290000000000000000e+04 9.840204510899712709e-01
2.300000000000000000e+04 9.799581601259277353e-01
2.310000000000000000e+04 9.799060534483463591e-01
2.320000000000000000e+04 9.784822606010550317e-01
2.330000000000000000e+04 9.812007040318374562e-01
2.340000000000000000e+04 9.857491609035680113e-01
2.350000000000000000e+04 9.828773560674344267e-01
2.360000000000000000e+04 9.804823653653621518e-01
2.370000000000000000e+04 9.806092803011905445e-01
2.380000000000000000e+04 9.817681238185672621e-01
2.390000000000000000e+04 9.818845204675589189e-01
2.400000000000000000e+04 9.833325213835648615e-01
2.410000000000000000e+04 9.814528235333271899e-01
2.420000000000000000e+04 9.848231970486018838e-01
2.430000000000000000e+04 9.827801526168616908e-01
2.440000000000000000e+04 9.801760182407577293e-01
2.450000000000000000e+04 9.816425168943784252e-01
2.460000000000000000e+04 9.806667608958679061e-01
2.470000000000000000e+04 9.826328393629490954e-01
2.480000000000000000e+04 9.859095448325638777e-01
2.490000000000000000e+04 9.797763837770134820e-01
2.500000000000000000e+04 9.844533188436092042e-01
2.510000000000000000e+04 9.832500717547737468e-01
2.520000000000000000e+04 9.835763754486336330e-01
2.530000000000000000e+04 9.815871323386099467e-01
2.540000000000000000e+04 9.807342191081597216e-01
2.550000000000000000e+04 9.847254905071273212e-01
2.560000000000000000e+04 9.830648235568727467e-01
2.570000000000000000e+04 9.824271578871661692e-01
2.580000000000000000e+04 9.892246798456296730e-01
2.590000000000000000e+04 9.818471806517629075e-01
2.600000000000000000e+04 9.786395033794046405e-01
2.610000000000000000e+04 9.858444876608193352e-01
2.620000000000000000e+04 9.855594116906071234e-01
2.630000000000000000e+04 9.824669448974570063e-01
2.640000000000000000e+04 9.859599188822769644e-01
2.650000000000000000e+04 9.765248704659215129e-01
2.660000000000000000e+04 9.863635581727915325e-01
2.670000000000000000e+04 9.829182920748664731e-01
2.680000000000000000e+04 9.865684281559505830e-01
2.690000000000000000e+04 9.810589619486421720e-01
2.700000000000000000e+04 9.824462348783917776e-01
2.710000000000000000e+04 9.874148712518255877e-01
2.720000000000000000e+04 9.815616814364487297e-01
2.730000000000000000e+04 9.820716702636335116e-01
2.740000000000000000e+04 9.828929907246621855e-01
2.750000000000000000e+04 9.808477638673772647e-01
2.760000000000000000e+04 9.834686704888846442e-01
2.770000000000000000e+04 9.801708897868631754e-01
2.780000000000000000e+04 9.814933420975858747e-01
2.790000000000000000e+04 9.835351733607159419e-01
2.800000000000000000e+04 9.803839461856233006e-01
2.810000000000000000e+04 9.836310440578012182e-01
2.820000000000000000e+04 9.836195406680071640e-01
2.830000000000000000e+04 9.836543586438382114e-01
2.840000000000000000e+04 9.883652006482314123e-01
2.850000000000000000e+04 9.796075754353839038e-01
2.860000000000000000e+04 9.820529134502670177e-01
2.870000000000000000e+04 9.790490001681252386e-01
2.880000000000000000e+04 9.805914010071670184e-01
2.890000000000000000e+04 9.846596275043145718e-01
2.900000000000000000e+04 9.788450066034888319e-01
2.910000000000000000e+04 9.831795190844203614e-01
2.920000000000000000e+04 9.837846317190924728e-01
2.930000000000000000e+04 9.851267031404171703e-01
2.940000000000000000e+04 9.841801327254096066e-01
2.950000000000000000e+04 9.864599874340500563e-01
2.960000000000000000e+04 9.853354594714027748e-01
2.970000000000000000e+04 9.854331289745668077e-01
2.980000000000000000e+04 9.825340086248561811e-01
2.990000000000000000e+04 9.831077206146314751e-01
3.000000000000000000e+04 9.855344816873198299e-01
