0.000000000000000000e+00 4.385200000000000209e-01
1.000000000000000000e+02 2.161560000000000148e-01
2.000000000000000000e+02 2.613119999999999887e-01
3.000000000000000000e+02 2.564480000000000093e-01
4.000000000000000000e+02 2.659759999999999902e-01
5.000000000000000000e+02 3.128360000000000030e-01
6.000000000000000000e+02 3.274559999999999693e-01
7.000000000000000000e+02 3.295080000000000231e-01
8.000000000000000000e+02 3.773159999999999847e-01
9.000000000000000000e+02 3.651120000000000476e-01
1.000000000000000000e+03 3.920040000000000191e-01
1.100000000000000000e+03 3.965039999999999676e-01
1.200000000000000000e+03 4.060759999999999925e-01
1.300000000000000000e+03 4.638280000000000181e-01
1.400000000000000000e+03 4.219760000000000177e-01
1.500000000000000000e+03 4.539160000000000417e-01
1.600000000000000000e+03 4.662839999999999763e-01
1.700000000000000000e+03 4.788620000000000099e-01
1.800000000000000000e+03 4.767599999999999616e-01
1.900000000000000000e+03 5.048240000000000505e-01
2.000000000000000000e+03 4.698879999999999724e-01
2.100000000000000000e+03 5.531679999999999930e-01
2.200000000000000000e+03 5.331879999999999953e-01
2.300000000000000000e+03 5.190000000000000169e-01
2.400000000000000000e+03 5.508600000000000163e-01
2.500000000000000000e+03 5.703479999999999661e-01
2.600000000000000000e+03 5.792079999999999451e-01
2.700000000000000000e+03 5.768119999999999914e-01
2.800000000000000000e+03 5.564200000000000257e-01
2.900000000000000000e+03 5.882599999999998941e-01
3.000000000000000000e+03 6.004619999999999402e-01
3.100000000000000000e+03 6.050119999999999942e-01
3.200000000000000000e+03 6.188799999999999857e-01
3.300000000000000000e+03 6.175720000000000098e-01
3.400000000000000000e+03 6.279279999999999307e-01
3.500000000000000000e+03 6.555240000000001066e-01
3.600000000000000000e+03 6.726799999999999446e-01
3.700000000000000000e+03 6.605080000000000950e-01
3.800000000000000000e+03 6.854280000000000372e-01
3.900000000000000000e+03 6.655039999999998734e-01
4.000000000000000000e+03 6.736959999999999615e-01
4.100000000000000000e+03 6.935439999999999383e-01
4.200000000000000000e+03 7.049079999999999790e-01
4.300000000000000000e+03 7.076119999999999077e-01
4.400000000000000000e+03 6.959159999999999791e-01
4.500000000000000000e+03 7.153880000000001349e-01
4.600000000000000000e+03 7.043639999999999901e-01
4.700000000000000000e+03 7.177799999999999736e-01
4.800000000000000000e+03 6.959279999999999911e-01
4.900000000000000000e+03 7.067359999999999198e-01
5.000000000000000000e+03 7.411280000000000090e-01
5.100000000000000000e+03 7.392239999999999922e-01
5.200000000000000000e+03 7.548000000000000265e-01
5.300000000000000000e+03 7.567279999999999562e-01
5.400000000000000000e+03 7.498439999999999550e-01
5.500000000000000000e+03 7.501479999999999260e-01
5.600000000000000000e+03 7.899400000000000865e-01
5.700000000000000000e+03 7.628040000000000376e-01
5.800000000000000000e+03 7.719799999999999995e-01
5.900000000000000000e+03 7.782240000000000268e-01
6.000000000000000000e+03 7.877560000000001228e-01
6.100000000000000000e+03 7.681999999999999940e-01
6.200000000000000000e+03 7.781279999999999308e-01
6.300000000000000000e+03 7.856719999999999260e-01
6.400000000000000000e+03 7.793199999999999017e-01
6.500000000000000000e+03 7.816680000000000295e-01
6.600000000000000000e+03 8.098319999999998853e-01
6.700000000000000000e+03 8.066599999999999326e-01
6.800000000000000000e+03 8.187159999999999993e-01
6.900000000000000000e+03 7.915919999999999623e-01
7.000000000000000000e+03 8.280799999999999272e-01
7.100000000000000000e+03 8.162480000000000846e-01
7.200000000000000000e+03 7.913840000000000874e-01
7.300000000000000000e+03 7.898680000000000145e-01
7.400000000000000000e+03 8.195399999999999352e-01
7.500000000000000000e+03 8.250159999999999716e-01
7.600000000000000000e+03 8.230800000000000338e-01
7.700000000000000000e+03 8.365719999999998713e-01
7.800000000000000000e+03 8.242720000000000047e-01
7.900000000000000000e+03 8.235559999999999548e-01
8.000000000000000000e+03 8.314839999999998899e-01
8.100000000000000000e+03 8.241039999999999477e-01
8.200000000000000000e+03 8.173479999999999634e-01
8.300000000000000000e+03 8.373719999999997832e-01
8.400000000000000000e+03 8.357879999999999754e-01
8.500000000000000000e+03 8.299919999999999520e-01
8.600000000000000000e+03 8.391800000000000370e-01
8.700000000000000000e+03 8.531199999999999894e-01
8.800000000000000000e+03 8.145639999999999548e-01
8.900000000000000000e+03 8.346719999999999695e-01
9.000000000000000000e+03 8.444799999999998974e-01
9.100000000000000000e+03 8.217080000000001050e-01
9.200000000000000000e+03 8.592799999999999327e-01
9.300000000000000000e+03 8.400400000000000089e-01
9.400000000000000000e+03 8.278119999999999923e-01
9.500000000000000000e+03 8.497639999999999638e-01
9.600000000000000000e+03 8.351359999999999895e-01
9.700000000000000000e+03 8.413200000000000678e-01
9.800000000000000000e+03 8.496919999999998918e-01
9.900000000000000000e+03 8.575999999999999179e-01
1.000000000000000000e+04 8.602000000000000757e-01
1.010000000000000000e+04 8.541439999999999033e-01
1.020000000000000000e+04 8.669439999999999369e-01
1.030000000000000000e+04 8.290599999999999081e-01
1.040000000000000000e+04 8.660799999999999610e-01
1.050000000000000000e+04 8.618799999999999795e-01
1.060000000000000000e+04 8.759319999999999329e-01
1.070000000000000000e+04 8.608320000000000416e-01
1.080000000000000000e+04 8.667760000000002130e-01
1.090000000000000000e+04 8.531640000000000335e-01
1.100000000000000000e+04 8.740559999999999441e-01
1.110000000000000000e+04 8.560879999999999601e-01
1.120000000000000000e+04 8.711639999999999384e-01
1.130000000000000000e+04 8.651999999999999691e-01
1.140000000000000000e+04 8.668919999999998849e-01
1.150000000000000000e+04 8.700480000000000436e-01
1.160000000000000000e+04 8.820760000000000822e-01
1.170000000000000000e+04 8.650320000000000231e-01
1.180000000000000000e+04 8.826840000000000241e-01
1.190000000000000000e+04 8.762839999999998408e-01
1.200000000000000000e+04 8.831999999999999851e-01
1.210000000000000000e+04 8.665559999999998819e-01
1.220000000000000000e+04 8.952839999999999687e-01
1.230000000000000000e+04 8.999239999999999462e-01
1.240000000000000000e+04 8.721959999999999713e-01
1.250000000000000000e+04 8.958799999999997876e-01
1.260000000000000000e+04 8.960680000000000867e-01
1.270000000000000000e+04 8.938719999999999999e-01
1.280000000000000000e+04 8.864999999999999547e-01
1.290000000000000000e+04 8.856839999999999158e-01
1.300000000000000000e+04 8.797960000000000225e-01
1.310000000000000000e+04 8.755279999999998619e-01
1.320000000000000000e+04 8.861679999999998447e-01
1.330000000000000000e+04 9.004959999999999631e-01
1.340000000000000000e+04 8.887119999999999465e-01
1.350000000000000000e+04 8.979999999999999094e-01
1.360000000000000000e+04 9.001839999999998732e-01
1.370000000000000000e+04 8.978120000000000545e-01
1.380000000000000000e+04 9.014079999999999870e-01
1.390000000000000000e+04 8.917679999999998941e-01
1.400000000000000000e+04 9.142239999999999256e-01
1.410000000000000000e+04 9.145439999999999126e-01
1.420000000000000000e+04 9.161599999999998634e-01
1.430000000000000000e+04 9.113919999999999799e-01
1.440000000000000000e+04 9.173719999999999652e-01
1.450000000000000000e+04 9.145959999999999646e-01
1.460000000000000000e+04 9.088359999999999772e-01
1.470000000000000000e+04 9.343359999999999443e-01
1.480000000000000000e+04 9.133640000000000647e-01
1.490000000000000000e+04 9.173080000000000123e-01
1.500000000000000000e+04 9.085600000000000342e-01
1.510000000000000000e+04 9.192280000000000451e-01
1.520000000000000000e+04 9.255639999999998313e-01
1.530000000000000000e+04 9.356759999999999522e-01
1.540000000000000000e+04 9.307919999999999527e-01
1.550000000000000000e+04 9.265719999999999512e-01
1.560000000000000000e+04 9.424000000000000155e-01
1.570000000000000000e+04 9.230599999999999916e-01
1.580000000000000000e+04 9.355079999999997842e-01
1.590000000000000000e+04 9.363879999999999981e-01
1.600000000000000000e+04 9.464439999999999520e-01
1.610000000000000000e+04 9.347879999999999523e-01
1.620000000000000000e+04 9.360040000000000582e-01
1.630000000000000000e+04 9.411840000000000206e-01
1.640000000000000000e+04 9.459000000000000741e-01
1.650000000000000000e+04 9.486399999999999277e-01
1.660000000000000000e+04 9.565119999999999179e-01
1.670000000000000000e+04 9.486879999999999757e-01
1.680000000000000000e+04 9.532079999999999442e-01
1.690000000000000000e+04 9.549399999999999000e-01
1.700000000000000000e+04 9.491280000000000827e-01
1.710000000000000000e+04 9.571039999999999548e-01
1.720000000000000000e+04 9.523679999999998813e-01
1.730000000000000000e+04 9.487439999999999207e-01
1.740000000000000000e+04 9.588959999999999706e-01
1.750000000000000000e+04 9.598159999999998915e-01
1.760000000000000000e+04 9.580400000000001137e-01
1.770000000000000000e+04 9.593720000000000026e-01
1.780000000000000000e+04 9.635599999999999721e-01
1.790000000000000000e+04 9.632280000000000841e-01
1.800000000000000000e+04 9.569440000000000168e-01
1.810000000000000000e+04 9.611319999999999864e-01
1.820000000000000000e+04 9.583159999999999457e-01
1.830000000000000000e+04 9.502319999999999656e-01
1.840000000000000000e+04 9.599399999999999045e-01
1.850000000000000000e+04 9.581479999999997776e-01
1.860000000000000000e+04 9.622399999999999842e-01
1.870000000000000000e+04 9.604439999999998534e-01
1.880000000000000000e+04 9.628799999999999581e-01
1.890000000000000000e+04 9.635120000000000351e-01
1.900000000000000000e+04 9.672119999999999607e-01
1.910000000000000000e+04 9.722280000000000921e-01
1.920000000000000000e+04 9.646759999999999780e-01
1.930000000000000000e+04 9.757839999999998737e-01
1.940000000000000000e+04 9.651799999999999269e-01
1.950000000000000000e+04 9.761600000000001387e-01
1.960000000000000000e+04 9.731559999999999100e-01
1.970000000000000000e+04 9.667040000000000077e-01
1.980000000000000000e+04 9.635399999999999521e-01
1.990000000000000000e+04 9.575280000000000458e-01
2.000000000000000000e+04 9.694600000000000994e-01
2.010000000000000000e+04 9.736839999999998829e-01
2.020000000000000000e+04 9.706120000000000303e-01
2.030000000000000000e+04 9.759040000000001047e-01
2.040000000000000000e+04 9.701039999999999663e-01
2.050000000000000000e+04 9.664920000000000178e-01
2.060000000000000000e+04 9.689360000000000195e-01
2.070000000000000000e+04 9.685319999999999485e-01
2.080000000000000000e+04 9.663920000000000288e-01
2.090000000000000000e+04 9.655959999999998988e-01
2.100000000000000000e+04 9.759799999999999587e-01
2.110000000000000000e+04 9.753640000000000088e-01
2.120000000000000000e+04 9.712679999999999092e-01
2.130000000000000000e+04 9.700279999999998903e-01
2.140000000000000000e+04 9.761199999999998766e-01
2.150000000000000000e+04 9.662880000000000358e-01
2.160000000000000000e+04 9.704800000000000093e-01
2.170000000000000000e+04 9.777919999999998835e-01
2.180000000000000000e+04 9.686959999999998905e-01
2.190000000000000000e+04 9.762959999999999416e-01
2.200000000000000000e+04 9.741719999999999269e-01
2.210000000000000000e+04 9.763560000000000016e-01
2.220000000000000000e+04 9.699440000000000284e-01
2.230000000000000000e+04 9.750720000000000498e-01
2.240000000000000000e+04 9.733399999999999830e-01
2.250000000000000000e+04 9.675639999999998686e-01
2.260000000000000000e+04 9.835479999999999778e-01
2.270000000000000000e+04 9.704399999999999693e-01
2.280000000000000000e+04 9.771519999999999095e-01
2.290000000000000000e+04 9.784880000000000244e-01
2.300000000000000000e+04 9.753280000000000838e-01
2.310000000000000000e+04 9.735439999999999650e-01
2.320000000000000000e+04 9.708999999999999853e-01
2.330000000000000000e+04 9.745920000000000138e-01
2.340000000000000000e+04 9.813000000000000611e-01
2.350000000000000000e+04 9.781119999999998704e-01
2.360000000000000000e+04 9.735080000000000400e-01
2.370000000000000000e+04 9.751359999999998918e-01
2.380000000000000000e+04 9.757159999999999167e-01
2.390000000000000000e+04 9.764520000000000977e-01
2.400000000000000000e+04 9.775120000000000475e-01
2.410000000000000000e+04 9.748359999999999248e-01
2.420000000000000000e+04 9.813559999999998951e-01
2.430000000000000000e+04 9.767360000000000486e-01
2.440000000000000000e+04 9.752560000000000118e-01
2.450000000000000000e+04 9.762720000000000287e-01
2.460000000000000000e+04 9.762560000000000127e-01
2.470000000000000000e+04 9.768240000000000256e-01
2.480000000000000000e+04 9.810839999999999561e-01
2.490000000000000000e+04 9.732119999999998550e-01
2.500000000000000000e+04 9.794519999999999893e-01
2.510000000000000000e+04 9.791279999999998873e-01
2.520000000000000000e+04 9.802640000000000242e-01
2.530000000000000000e+04 9.744640000000001079e-01
2.540000000000000000e+04 9.753039999999998377e-01
2.550000000000000000e+04 9.804160000000000652e-01
2.560000000000000000e+04 9.780479999999999174e-01
2.570000000000000000e+04 9.773959999999999315e-01
2.580000000000000000e+04 9.848800000000000887e-01
2.590000000000000000e+04 9.764119999999999466e-01
2.600000000000000000e+04 9.716559999999999642e-01
2.610000000000000000e+04 9.816799999999999971e-01
2.620000000000000000e+04 9.817040000000000211e-01
2.630000000000000000e+04 9.763840000000000297e-01
2.640000000000000000e+04 9.820239999999998970e-01
2.650000000000000000e+04 9.707279999999999243e-01
2.660000000000000000e+04 9.822440000000000060e-01
2.670000000000000000e+04 9.790320000000000134e-01
2.680000000000000000e+04 9.842359999999999998e-01
2.690000000000000000e+04 9.749320000000000208e-01
2.700000000000000000e+04 9.764960000000000306e-01
2.710000000000000000e+04 9.839400000000000368e-01
2.720000000000000000e+04 9.772599999999999065e-01
2.730000000000000000e+04 9.780280000000000085e-01
2.740000000000000000e+04 9.786320000000000574e-01
2.750000000000000000e+04 9.763880000000000337e-01
2.760000000000000000e+04 9.791120000000000934e-01
2.770000000000000000e+04 9.731840000000000490e-01
2.780000000000000000e+04 9.757039999999999047e-01
2.790000000000000000e+04 9.787759999999999794e-01
2.800000000000000000e+04 9.750680000000001568e-01
2.810000000000000000e+04 9.790840000000000654e-01
2.820000000000000000e+04 9.796040000000000303e-01
2.830000000000000000e+04 9.791119999999999823e-01
2.840000000000000000e+04 9.861759999999999415e-01
2.850000000000000000e+04 9.742399999999999949e-01
2.860000000000000000e+04 9.775159999999998295e-01
2.870000000000000000e+04 9.722280000000000921e-01
2.880000000000000000e+04 9.742919999999999359e-01
2.890000000000000000e+04 9.823840000000000350e-01
2.900000000000000000e+04 9.723920000000000341e-01
2.910000000000000000e+04 9.786039999999999184e-01
2.920000000000000000e+04 9.796559999999999713e-01
2.930000000000000000e+04 9.811159999999998771e-01
2.940000000000000000e+04 9.796799999999999953e-01
2.950000000000000000e+04 9.832520000000000149e-01
2.960000000000000000e+04 9.823159999999999670e-01
2.970000000000000000e+04 9.808759999999999701e-01
2.980000000000000000e+04 9.771520000000000206e-01
2.990000000000000000e+04 9.769479999999999276e-01
3.000000000000000000e+04 9.807559999999998501e-01
