0.000000000000000000e+00 5.133740044804844249e-01
1.000000000000000000e+02 4.112392079056956806e-01
2.000000000000000000e+02 4.712369884761774541e-01
3.000000000000000000e+02 5.203765045486042906e-01
4.000000000000000000e+02 5.924434188687595082e-01
5.000000000000000000e+02 5.863231903626047181e-01
6.000000000000000000e+02 6.352552336946799549e-01
7.000000000000000000e+02 6.209540882959979635e-01
8.000000000000000000e+02 6.587329034546876017e-01
9.000000000000000000e+02 6.696429803190966368e-01
1.000000000000000000e+03 6.979181335589396129e-01
1.100000000000000000e+03 6.729074488887651917e-01
1.200000000000000000e+03 7.097223962991765500e-01
1.300000000000000000e+03 6.956867543037206225e-01
1.400000000000000000e+03 7.212249032261007775e-01
1.500000000000000000e+03 6.938317415023851353e-01
1.600000000000000000e+03 7.330565670003619250e-01
1.700000000000000000e+03 7.331644712610879688e-01
1.800000000000000000e+03 7.664315177139591206e-01
1.900000000000000000e+03 7.588378942184470510e-01
2.000000000000000000e+03 7.380595805190766079e-01
2.100000000000000000e+03 7.673569039431782368e-01
2.200000000000000000e+03 7.555821308031048789e-01
2.300000000000000000e+03 7.785857190324141364e-01
2.400000000000000000e+03 7.960927161372175487e-01
2.500000000000000000e+03 8.012557123722008345e-01
2.600000000000000000e+03 7.997518309801834313e-01
2.700000000000000000e+03 7.933463278804637753e-01
2.800000000000000000e+03 8.371405896681636261e-01
2.900000000000000000e+03 8.261942186536904709e-01
3.000000000000000000e+03 8.497233155404735339e-01
3.100000000000000000e+03 8.375625607586740795e-01
3.200000000000000000e+03 8.244274063778775918e-01
3.300000000000000000e+03 8.391331198627524079e-01
3.400000000000000000e+03 8.366540058098221877e-01
3.500000000000000000e+03 8.358690064703890865e-01
3.600000000000000000e+03 8.426750174453264686e-01
3.700000000000000000e+03 8.320563974238761595e-01
3.800000000000000000e+03 8.460593954481305801e-01
3.900000000000000000e+03 8.640038689543840800e-01
4.000000000000000000e+03 8.628189182287183678e-01
4.100000000000000000e+03 8.583137135459117939e-01
4.200000000000000000e+03 8.487606585860049124e-01
4.300000000000000000e+03 8.662042333877275624e-01
4.400000000000000000e+03 8.811377070718897642e-01
4.500000000000000000e+03 8.696270985460181624e-01
4.600000000000000000e+03 8.845678805468579764e-01
4.700000000000000000e+03 8.636091556936636993e-01
4.800000000000000000e+03 8.711471736834685009e-01
4.900000000000000000e+03 8.851524630673642813e-01
5.000000000000000000e+03 8.987138508507285239e-01
5.100000000000000000e+03 8.851354418781384181e-01
5.200000000000000000e+03 8.913834709970247516e-01
5.300000000000000000e+03 9.042154474978729706e-01
5.400000000000000000e+03 9.037271548563369228e-01
5.500000000000000000e+03 8.998713382261871452e-01
5.600000000000000000e+03 9.102413868115768469e-01
5.700000000000000000e+03 9.084213540999372949e-01
5.800000000000000000e+03 9.126040390646739109e-01
5.900000000000000000e+03 9.126568395794112387e-01
6.000000000000000000e+03 9.048547844546331875e-01
6.100000000000000000e+03 9.175598515894107798e-01
6.200000000000000000e+03 9.261943637924450190e-01
6.300000000000000000e+03 9.186613942186487858e-01
6.400000000000000000e+03 9.225528401346761997e-01
6.500000000000000000e+03 9.234301728080743787e-01
6.600000000000000000e+03 9.093188952569151162e-01
6.700000000000000000e+03 9.136672360685103023e-01
6.800000000000000000e+03 9.133384119540768342e-01
6.900000000000000000e+03 9.190066874008255837e-01
7.000000000000000000e+03 9.371832606831433932e-01
7.100000000000000000e+03 9.240347773503923001e-01
7.200000000000000000e+03 9.333888583392557781e-01
7.300000000000000000e+03 9.279888751850869921e-01
7.400000000000000000e+03 9.256708713908159414e-01
7.500000000000000000e+03 9.319541531588977357e-01
7.600000000000000000e+03 9.388668074367298999e-01
7.700000000000000000e+03 9.383636609898162728e-01
7.800000000000000000e+03 9.479272443590348596e-01
7.900000000000000000e+03 9.286416016669984952e-01
8.000000000000000000e+03 9.328855430378829583e-01
8.100000000000000000e+03 9.357902793325346691e-01
8.200000000000000000e+03 9.456130556175599278e-01
8.300000000000000000e+03 9.468574715135229525e-01
8.400000000000000000e+03 9.282800410208669195e-01
8.500000000000000000e+03 9.437042188100835949e-01
8.600000000000000000e+03 9.392551946469508417e-01
8.700000000000000000e+03 9.360753307949674085e-01
8.800000000000000000e+03 9.461929802587006888e-01
8.900000000000000000e+03 9.457000583609199706e-01
9.000000000000000000e+03 9.400705813052849802e-01
9.100000000000000000e+03 9.487714378222845690e-01
9.200000000000000000e+03 9.523189284246598163e-01
9.300000000000000000e+03 9.493374036001733796e-01
9.400000000000000000e+03 9.509086020305612674e-01
9.500000000000000000e+03 9.370554592235971203e-01
9.600000000000000000e+03 9.542518758341933527e-01
9.700000000000000000e+03 9.427335056990026052e-01
9.800000000000000000e+03 9.479328448373178784e-01
9.900000000000000000e+03 9.399482899448406981e-01
1.000000000000000000e+04 9.515473702794232658e-01
1.010000000000000000e+04 9.506782604145986859e-01
1.020000000000000000e+04 9.449692114155692213e-01
1.030000000000000000e+04 9.422873826026515465e-01
1.040000000000000000e+04 9.552482793354811763e-01
1.050000000000000000e+04 9.477685321337201430e-01
1.060000000000000000e+04 9.522679012966930312e-01
1.070000000000000000e+04 9.509572317182860557e-01
1.080000000000000000e+04 9.559876314706319267e-01
1.090000000000000000e+04 9.565555826588094668e-01
1.100000000000000000e+04 9.503292185148575211e-01
1.110000000000000000e+04 9.488753564258394224e-01
1.120000000000000000e+04 9.586623987740735542e-01
1.130000000000000000e+04 9.465961870583708970e-01
1.140000000000000000e+04 9.577259682540556485e-01
1.150000000000000000e+04 9.552554783357904977e-01
1.160000000000000000e+04 9.446056800130447906e-01
1.170000000000000000e+04 9.541046650779628768e-01
1.180000000000000000e+04 9.556612706621147035e-01
1.190000000000000000e+04 9.556198867684042586e-01
1.200000000000000000e+04 9.501139663868501950e-01
1.210000000000000000e+04 9.433001168171708528e-01
1.220000000000000000e+04 9.557263286580961470e-01
1.230000000000000000e+04 9.592053580286641346e-01
1.240000000000000000e+04 9.439623080661815324e-01
1.250000000000000000e+04 9.519032724261036194e-01
1.260000000000000000e+04 9.631959636700185845e-01
1.270000000000000000e+04 9.510825724129396974e-01
1.280000000000000000e+04 9.511416136819278444e-01
1.290000000000000000e+04 9.576486058041394633e-01
1.300000000000000000e+04 9.516618531566383155e-01
1.310000000000000000e+04 9.557416185660574381e-01
1.320000000000000000e+04 9.641956309150093718e-01
1.330000000000000000e+04 9.586151770460381583e-01
1.340000000000000000e+04 9.546675644184783316e-01
1.350000000000000000e+04 9.658425761526887587e-01
1.360000000000000000e+04 9.631334215380238373e-01
1.370000000000000000e+04 9.598648969232286277e-01
1.380000000000000000e+04 9.531381679819471708e-01
1.390000000000000000e+04 9.654214355165192663e-01
1.400000000000000000e+04 9.526136444616143395e-01
1.410000000000000000e+04 9.515116403737547968e-01
1.420000000000000000e+04 9.564446626410435526e-01
1.430000000000000000e+04 9.584335802996577502e-01
1.440000000000000000e+04 9.564371618840080691e-01
1.450000000000000000e+04 9.607514701188473172e-01
1.460000000000000000e+04 9.585741325840662075e-01
1.470000000000000000e+04 9.561999848868347751e-01
1.480000000000000000e+04 9.511125844734658052e-01
1.490000000000000000e+04 9.471019655161398987e-01
1.500000000000000000e+04 9.609605047250926457e-01
1.510000000000000000e+04 9.609301492637745135e-01
1.520000000000000000e+04 9.540250965059714483e-01
1.530000000000000000e+04 9.439197714969862485e-01
1.540000000000000000e+04 9.484915598753123067e-01
1.550000000000000000e+04 9.613581132188757650e-01
1.560000000000000000e+04 9.544164615383525785e-01
1.570000000000000000e+04 9.549456275368621849e-01
1.580000000000000000e+04 9.606583987068790798e-01
1.590000000000000000e+04 9.572984306589723547e-01
1.600000000000000000e+04 9.607342414730234426e-01
1.610000000000000000e+04 9.677975393074498278e-01
1.620000000000000000e+04 9.550548445825932653e-01
1.630000000000000000e+04 9.518466225581878604e-01
1.640000000000000000e+04 9.559058371309266944e-01
1.650000000000000000e+04 9.542216988444613968e-01
1.660000000000000000e+04 9.526964561618329608e-01
1.670000000000000000e+04 9.578582002564081099e-01
1.680000000000000000e+04 9.463926561232502976e-01
1.690000000000000000e+04 9.609020669434593653e-01
1.700000000000000000e+04 9.467589678346295390e-01
1.710000000000000000e+04 9.546967949106897056e-01
1.720000000000000000e+04 9.573003060240106166e-01
1.730000000000000000e+04 9.594580961061480728e-01
1.740000000000000000e+04 9.527414185764219168e-01
1.750000000000000000e+04 9.628414420403416107e-01
1.760000000000000000e+04 9.531148639031631342e-01
1.770000000000000000e+04 9.599906570619352042e-01
1.780000000000000000e+04 9.582722644738621565e-01
1.790000000000000000e+04 9.609828004353528907e-01
1.800000000000000000e+04 9.611425691265824689e-01
1.810000000000000000e+04 9.623180666570764208e-01
1.820000000000000000e+04 9.486765442285389760e-01
1.830000000000000000e+04 9.511597219060476949e-01
1.840000000000000000e+04 9.486935801683421543e-01
1.850000000000000000e+04 9.607382667556806366e-01
1.860000000000000000e+04 9.587093040892447071e-01
1.870000000000000000e+04 9.488948236333201169e-01
1.880000000000000000e+04 9.548890981370167230e-01
1.890000000000000000e+04 9.591132354528063564e-01
1.900000000000000000e+04 9.619705935271011255e-01
1.910000000000000000e+04 9.593156602879809869e-01
1.920000000000000000e+04 9.575404004680893033e-01
1.930000000000000000e+04 9.559074512202954121e-01
1.940000000000000000e+04 9.525186465424991811e-01
1.950000000000000000e+04 9.592987601955439425e-01
1.960000000000000000e+04 9.548353165215500704e-01
1.970000000000000000e+04 9.477952732919182610e-01
1.980000000000000000e+04 9.565584276424456966e-01
1.990000000000000000e+04 9.486717739387708903e-01
2.000000000000000000e+04 9.590481627477804860e-01
2.010000000000000000e+04 9.620231533780863042e-01
2.020000000000000000e+04 9.549152325172611810e-01
2.030000000000000000e+04 9.404434307874569576e-01
2.040000000000000000e+04 9.639052565652488358e-01
2.050000000000000000e+04 9.494659607584985395e-01
2.060000000000000000e+04 9.543397191439976224e-01
2.070000000000000000e+04 9.504929228998530988e-01
2.080000000000000000e+04 9.589952821822866902e-01
2.090000000000000000e+04 9.513610441296155296e-01
2.100000000000000000e+04 9.582897555771633380e-01
2.110000000000000000e+04 9.527076452121518990e-01
2.120000000000000000e+04 9.507855895308493510e-01
2.130000000000000000e+04 9.573097729605357653e-01
2.140000000000000000e+04 9.567604247784775584e-01
2.150000000000000000e+04 9.644984680586540238e-01
2.160000000000000000e+04 9.559189843857220925e-01
2.170000000000000000e+04 9.534204334364020372e-01
2.180000000000000000e+04 9.480965016911531151e-01
2.190000000000000000e+04 9.574312198801308016e-01
2.200000000000000000e+04 9.552585226472795066e-01
2.210000000000000000e+04 9.532410299246292240e-01
2.220000000000000000e+04 9.536991491186637138e-01
2.230000000000000000e+04 9.533953612719001658e-01
2.240000000000000000e+04 9.549852366114697233e-01
2.250000000000000000e+04 9.575542233157093852e-01
2.260000000000000000e+04 9.546752218326461925e-01
2.270000000000000000e+04 9.585108752879415439e-01
2.280000000000000000e+04 9.553344444446527639e-01
2.290000000000000000e+04 9.599189046674314607e-01
2.300000000000000000e+04 9.657803402294604656e-01
2.310000000000000000e+04 9.584934623297595158e-01
2.320000000000000000e+04 9.445913566401110684e-01
2.330000000000000000e+04 9.601112297805652895e-01
2.340000000000000000e+04 9.521233838210060307e-01
2.350000000000000000e+04 9.524619530027760295e-01
2.360000000000000000e+04 9.527284322280751283e-01
2.370000000000000000e+04 9.655783001860649417e-01
2.380000000000000000e+04 9.506699821062776223e-01
2.390000000000000000e+04 9.480696604598159993e-01
2.400000000000000000e+04 9.576025919959160193e-01
2.410000000000000000e+04 9.524631327665982194e-01
2.420000000000000000e+04 9.599838109741627434e-01
2.430000000000000000e+04 9.579639207310111093e-01
2.440000000000000000e+04 9.505977304078623291e-01
2.450000000000000000e+04 9.586397547270055775e-01
2.460000000000000000e+04 9.496884551909485772e-01
2.470000000000000000e+04 9.561596872310146322e-01
2.480000000000000000e+04 9.550253888708173378e-01
2.490000000000000000e+04 9.550937858361630006e-01
2.500000000000000000e+04 9.619882306398750416e-01
2.510000000000000000e+04 9.527231262071014228e-01
2.520000000000000000e+04 9.562127160950147919e-01
2.530000000000000000e+04 9.653923553881356145e-01
2.540000000000000000e+04 9.577549927176323141e-01
2.550000000000000000e+04 9.581125622477757453e-01
2.560000000000000000e+04 9.577951391031352957e-01
2.570000000000000000e+04 9.482574224344796354e-01
2.580000000000000000e+04 9.485576999093856543e-01
2.590000000000000000e+04 9.543020494594109948e-01
2.600000000000000000e+04 9.585536085225967451e-01
2.610000000000000000e+04 9.578571045909629600e-01
2.620000000000000000e+04 9.530132444045379403e-01
2.630000000000000000e+04 9.548678308626659117e-01
2.640000000000000000e+04 9.548895568167413694e-01
2.650000000000000000e+04 9.486227013454211487e-01
2.660000000000000000e+04 9.530404694088048245e-01
2.670000000000000000e+04 9.578508328704106178e-01
2.680000000000000000e+04 9.541186945890596238e-01
2.690000000000000000e+04 9.562318822399432650e-01
2.700000000000000000e+04 9.615668945029197667e-01
2.710000000000000000e+04 9.572349278432371600e-01
2.720000000000000000e+04 9.524777107514352803e-01
2.730000000000000000e+04 9.566792710701564895e-01
2.740000000000000000e+04 9.520712635881301011e-01
2.750000000000000000e+04 9.466728938871256105e-01
2.760000000000000000e+04 9.539902195606527746e-01
2.770000000000000000e+04 9.556127963406514381e-01
2.780000000000000000e+04 9.611580050552058774e-01
2.790000000000000000e+04 9.580006587499276804e-01
2.800000000000000000e+04 9.608032879698225059e-01
2.810000000000000000e+04 9.630799739331248333e-01
2.820000000000000000e+04 9.501102681978214060e-01
2.830000000000000000e+04 9.666687084322018730e-01
2.840000000000000000e+04 9.544407455324326328e-01
2.850000000000000000e+04 9.543036601132196539e-01
2.860000000000000000e+04 9.517305663307600305e-01
2.870000000000000000e+04 9.491736030868231921e-01
2.880000000000000000e+04 9.598001088118182089e-01
2.890000000000000000e+04 9.562641129665475637e-01
2.900000000000000000e+04 9.581964633423060151e-01
2.910000000000000000e+04 9.540921471534247189e-01
2.920000000000000000e+04 9.503197782022918538e-01
2.930000000000000000e+04 9.536023947014689028e-01
2.940000000000000000e+04 9.598059673624582677e-01
2.950000000000000000e+04 9.520302805278222369e-01
2.960000000000000000e+04 9.461585367031216665e-01
2.970000000000000000e+04 9.620856334676914923e-01
2.980000000000000000e+04 9.558941549045898434e-01
2.990000000000000000e+04 9.550145757167988192e-01
3.000000000000000000e+04 9.548506816603661296e-01
