0.000000000000000000e+00 4.919040000000000079e-01
1.000000000000000000e+02 3.801480000000000414e-01
2.000000000000000000e+02 4.551539999999999475e-01
3.000000000000000000e+02 5.173520000000000341e-01
4.000000000000000000e+02 5.709919999999999440e-01
5.000000000000000000e+02 5.817559999999999398e-01
6.000000000000000000e+02 6.027080000000000215e-01
7.000000000000000000e+02 6.108000000000000096e-01
8.000000000000000000e+02 6.262999999999999678e-01
9.000000000000000000e+02 6.430000000000000160e-01
1.000000000000000000e+03 6.782319999999999460e-01
1.100000000000000000e+03 6.424160000000000981e-01
1.200000000000000000e+03 6.810119999999999507e-01
1.300000000000000000e+03 6.635080000000000977e-01
1.400000000000000000e+03 6.937360000000000193e-01
1.500000000000000000e+03 6.673999999999999932e-01
1.600000000000000000e+03 6.952799999999998981e-01
1.700000000000000000e+03 7.003840000000000066e-01
1.800000000000000000e+03 7.437239999999999407e-01
1.900000000000000000e+03 7.359599999999999476e-01
2.000000000000000000e+03 7.187879999999999825e-01
2.100000000000000000e+03 7.475600000000000023e-01
2.200000000000000000e+03 7.294599999999999973e-01
2.300000000000000000e+03 7.623040000000000926e-01
2.400000000000000000e+03 7.717919999999999225e-01
2.500000000000000000e+03 7.741139999999999688e-01
2.600000000000000000e+03 7.778760000000000119e-01
2.700000000000000000e+03 7.751919999999998812e-01
2.800000000000000000e+03 8.171120000000000605e-01
2.900000000000000000e+03 8.029159999999999631e-01
3.000000000000000000e+03 8.278119999999999923e-01
3.100000000000000000e+03 8.155399999999999316e-01
3.200000000000000000e+03 7.993200000000000305e-01
3.300000000000000000e+03 8.200800000000000312e-01
3.400000000000000000e+03 8.160239999999998606e-01
3.500000000000000000e+03 8.210399999999999920e-01
3.600000000000000000e+03 8.244960000000001177e-01
3.700000000000000000e+03 8.153120000000000367e-01
3.800000000000000000e+03 8.328039999999998777e-01
3.900000000000000000e+03 8.458080000000001153e-01
4.000000000000000000e+03 8.453239999999999643e-01
4.100000000000000000e+03 8.391200000000000880e-01
4.200000000000000000e+03 8.342759999999999065e-01
4.300000000000000000e+03 8.528759999999999675e-01
4.400000000000000000e+03 8.670960000000000889e-01
4.500000000000000000e+03 8.589680000000000648e-01
4.600000000000000000e+03 8.678319999999999368e-01
4.700000000000000000e+03 8.498719999999998498e-01
4.800000000000000000e+03 8.589079999999998938e-01
4.900000000000000000e+03 8.707799999999999985e-01
5.000000000000000000e+03 8.914480000000000182e-01
5.100000000000000000e+03 8.707080000000001485e-01
5.200000000000000000e+03 8.819759999999999822e-01
5.300000000000000000e+03 8.937439999999999829e-01
5.400000000000000000e+03 8.969759999999999955e-01
5.500000000000000000e+03 8.905720000000000303e-01
5.600000000000000000e+03 9.040239999999999387e-01
5.700000000000000000e+03 8.960759999999998726e-01
5.800000000000000000e+03 8.956359999999998767e-01
5.900000000000000000e+03 8.979200000000000514e-01
6.000000000000000000e+03 8.921840000000000881e-01
6.100000000000000000e+03 9.122919999999999918e-01
6.200000000000000000e+03 9.207520000000000149e-01
6.300000000000000000e+03 9.031719999999999748e-01
6.400000000000000000e+03 9.126679999999998127e-01
6.500000000000000000e+03 9.099679999999998881e-01
6.600000000000000000e+03 8.973959999999998605e-01
6.700000000000000000e+03 9.078000000000000513e-01
6.800000000000000000e+03 9.069039999999999324e-01
6.900000000000000000e+03 9.085119999999998752e-01
7.000000000000000000e+03 9.261639999999999873e-01
7.100000000000000000e+03 9.148519999999999985e-01
7.200000000000000000e+03 9.240600000000001035e-01
7.300000000000000000e+03 9.190840000000000121e-01
7.400000000000000000e+03 9.174359999999999182e-01
7.500000000000000000e+03 9.190480000000000871e-01
7.600000000000000000e+03 9.322880000000000056e-01
7.700000000000000000e+03 9.299999999999999378e-01
7.800000000000000000e+03 9.415280000000001426e-01
7.900000000000000000e+03 9.206400000000000139e-01
8.000000000000000000e+03 9.234480000000000466e-01
8.100000000000000000e+03 9.287279999999998870e-01
8.200000000000000000e+03 9.359840000000001492e-01
8.300000000000000000e+03 9.389880000000000448e-01
8.400000000000000000e+03 9.217079999999999718e-01
8.500000000000000000e+03 9.333200000000000385e-01
8.600000000000000000e+03 9.307400000000001228e-01
8.700000000000000000e+03 9.256720000000000503e-01
8.800000000000000000e+03 9.370479999999999920e-01
8.900000000000000000e+03 9.339079999999999604e-01
9.000000000000000000e+03 9.314040000000000097e-01
9.100000000000000000e+03 9.415040000000000076e-01
9.200000000000000000e+03 9.449879999999999391e-01
9.300000000000000000e+03 9.417679999999999385e-01
9.400000000000000000e+03 9.421560000000001045e-01
9.500000000000000000e+03 9.303200000000000358e-01
9.600000000000000000e+03 9.446839999999999682e-01
9.700000000000000000e+03 9.335000000000002185e-01
9.800000000000000000e+03 9.433759999999999923e-01
9.900000000000000000e+03 9.276999999999998581e-01
1.000000000000000000e+04 9.428159999999999874e-01
1.010000000000000000e+04 9.463080000000000380e-01
1.020000000000000000e+04 9.397239999999998927e-01
1.030000000000000000e+04 9.389799999999999258e-01
1.040000000000000000e+04 9.493599999999999817e-01
1.050000000000000000e+04 9.406400000000000317e-01
1.060000000000000000e+04 9.425680000000000724e-01
1.070000000000000000e+04 9.439040000000000763e-01
1.080000000000000000e+04 9.486839999999999717e-01
1.090000000000000000e+04 9.458600000000000341e-01
1.100000000000000000e+04 9.417559999999999265e-01
1.110000000000000000e+04 9.398559999999999137e-01
1.120000000000000000e+04 9.521640000000000104e-01
1.130000000000000000e+04 9.364960000000001061e-01
1.140000000000000000e+04 9.514279999999999404e-01
1.150000000000000000e+04 9.477839999999999598e-01
1.160000000000000000e+04 9.391080000000000538e-01
1.170000000000000000e+04 9.449319999999998831e-01
1.180000000000000000e+04 9.501239999999998576e-01
1.190000000000000000e+04 9.499159999999999826e-01
1.200000000000000000e+04 9.399440000000001127e-01
1.210000000000000000e+04 9.350959999999999273e-01
1.220000000000000000e+04 9.483679999999999888e-01
1.230000000000000000e+04 9.553239999999998400e-01
1.240000000000000000e+04 9.337919999999999554e-01
1.250000000000000000e+04 9.424319999999999364e-01
1.260000000000000000e+04 9.596839999999999815e-01
1.270000000000000000e+04 9.430560000000000054e-01
1.280000000000000000e+04 9.455239999999999201e-01
1.290000000000000000e+04 9.511439999999999895e-01
1.300000000000000000e+04 9.473919999999999009e-01
1.310000000000000000e+04 9.493880000000001207e-01
1.320000000000000000e+04 9.576959999999999917e-01
1.330000000000000000e+04 9.531680000000001263e-01
1.340000000000000000e+04 9.452000000000000401e-01
1.350000000000000000e+04 9.587800000000000766e-01
1.360000000000000000e+04 9.568800000000000638e-01
1.370000000000000000e+04 9.508719999999998285e-01
1.380000000000000000e+04 9.453920000000000101e-01
1.390000000000000000e+04 9.605960000000000054e-01
1.400000000000000000e+04 9.409399999999998876e-01
1.410000000000000000e+04 9.417400000000000215e-01
1.420000000000000000e+04 9.491119999999999557e-01
1.430000000000000000e+04 9.513800000000000034e-01
1.440000000000000000e+04 9.482919999999999128e-01
1.450000000000000000e+04 9.543960000000000221e-01
1.460000000000000000e+04 9.531039999999999512e-01
1.470000000000000000e+04 9.501799999999999136e-01
1.480000000000000000e+04 9.425559999999999494e-01
1.490000000000000000e+04 9.379959999999999409e-01
1.500000000000000000e+04 9.521919999999999273e-01
1.510000000000000000e+04 9.563800000000000079e-01
1.520000000000000000e+04 9.447799999999999532e-01
1.530000000000000000e+04 9.341959999999999154e-01
1.540000000000000000e+04 9.415280000000000316e-01
1.550000000000000000e+04 9.526920000000000943e-01
1.560000000000000000e+04 9.487520000000001508e-01
1.570000000000000000e+04 9.506040000000000045e-01
1.580000000000000000e+04 9.542479999999998741e-01
1.590000000000000000e+04 9.535159999999999192e-01
1.600000000000000000e+04 9.509919999999999485e-01
1.610000000000000000e+04 9.615719999999998713e-01
1.620000000000000000e+04 9.467239999999998989e-01
1.630000000000000000e+04 9.431519999999999904e-01
1.640000000000000000e+04 9.465440000000000520e-01
1.650000000000000000e+04 9.458919999999999551e-01
1.660000000000000000e+04 9.445119999999999072e-01
1.670000000000000000e+04 9.518039999999999834e-01
1.680000000000000000e+04 9.375120000000001230e-01
1.690000000000000000e+04 9.526439999999999353e-01
1.700000000000000000e+04 9.368400000000000061e-01
1.710000000000000000e+04 9.461040000000000560e-01
1.720000000000000000e+04 9.516719999999999624e-01
1.730000000000000000e+04 9.528119999999999923e-01
1.740000000000000000e+04 9.449440000000000062e-01
1.750000000000000000e+04 9.553599999999999870e-01
1.760000000000000000e+04 9.459480000000000111e-01
1.770000000000000000e+04 9.529439999999999023e-01
1.780000000000000000e+04 9.508199999999999985e-01
1.790000000000000000e+04 9.520360000000001044e-01
1.800000000000000000e+04 9.558799999999999519e-01
1.810000000000000000e+04 9.547679999999999501e-01
1.820000000000000000e+04 9.397520000000000318e-01
1.830000000000000000e+04 9.482639999999999958e-01
1.840000000000000000e+04 9.432479999999999754e-01
1.850000000000000000e+04 9.522479999999999833e-01
1.860000000000000000e+04 9.527959999999999763e-01
1.870000000000000000e+04 9.420199999999999685e-01
1.880000000000000000e+04 9.456999999999998741e-01
1.890000000000000000e+04 9.540079999999999671e-01
1.900000000000000000e+04 9.544280000000000541e-01
1.910000000000000000e+04 9.518399999999999084e-01
1.920000000000000000e+04 9.521920000000000384e-01
1.930000000000000000e+04 9.473479999999999679e-01
1.940000000000000000e+04 9.452039999999999331e-01
1.950000000000000000e+04 9.506000000000000005e-01
1.960000000000000000e+04 9.497319999999999096e-01
1.970000000000000000e+04 9.382559999999999789e-01
1.980000000000000000e+04 9.486639999999999517e-01
1.990000000000000000e+04 9.405919999999998726e-01
2.000000000000000000e+04 9.521839999999999193e-01
2.010000000000000000e+04 9.545839999999999881e-01
2.020000000000000000e+04 9.447879999999999612e-01
2.030000000000000000e+04 9.342719999999999914e-01
2.040000000000000000e+04 9.583600000000001007e-01
2.050000000000000000e+04 9.399960000000000537e-01
2.060000000000000000e+04 9.459719999999999240e-01
2.070000000000000000e+04 9.413879999999998915e-01
2.080000000000000000e+04 9.526919999999999833e-01
2.090000000000000000e+04 9.421439999999999815e-01
2.100000000000000000e+04 9.504759999999999875e-01
2.110000000000000000e+04 9.427760000000000584e-01
2.120000000000000000e+04 9.417360000000001286e-01
2.130000000000000000e+04 9.474960000000001159e-01
2.140000000000000000e+04 9.476719999999999589e-01
2.150000000000000000e+04 9.603719999999998924e-01
2.160000000000000000e+04 9.478439999999999088e-01
2.170000000000000000e+04 9.463199999999998280e-01
2.180000000000000000e+04 9.383960000000000079e-01
2.190000000000000000e+04 9.483399999999999608e-01
2.200000000000000000e+04 9.465799999999999770e-01
2.210000000000000000e+04 9.454799999999998761e-01
2.220000000000000000e+04 9.463440000000000740e-01
2.230000000000000000e+04 9.457760000000000611e-01
2.240000000000000000e+04 9.470119999999999649e-01
2.250000000000000000e+04 9.520759999999999224e-01
2.260000000000000000e+04 9.475880000000000969e-01
2.270000000000000000e+04 9.492119999999999447e-01
2.280000000000000000e+04 9.454759999999999831e-01
2.290000000000000000e+04 9.544280000000000541e-01
2.300000000000000000e+04 9.602039999999999464e-01
2.310000000000000000e+04 9.514159999999998174e-01
2.320000000000000000e+04 9.380520000000001080e-01
2.330000000000000000e+04 9.531719999999999082e-01
2.340000000000000000e+04 9.427839999999999554e-01
2.350000000000000000e+04 9.415319999999999245e-01
2.360000000000000000e+04 9.499559999999999116e-01
2.370000000000000000e+04 9.595080000000001386e-01
2.380000000000000000e+04 9.427680000000000504e-01
2.390000000000000000e+04 9.373719999999999830e-01
2.400000000000000000e+04 9.493280000000000607e-01
2.410000000000000000e+04 9.468679999999999319e-01
2.420000000000000000e+04 9.552439999999999820e-01
2.430000000000000000e+04 9.514759999999999884e-01
2.440000000000000000e+04 9.427520000000000344e-01
2.450000000000000000e+04 9.516799999999999704e-01
2.460000000000000000e+04 9.417119999999999935e-01
2.470000000000000000e+04 9.495679999999999676e-01
2.480000000000000000e+04 9.494320000000000537e-01
2.490000000000000000e+04 9.463160000000000460e-01
2.500000000000000000e+04 9.598959999999999715e-01
2.510000000000000000e+04 9.438320000000000043e-01
2.520000000000000000e+04 9.458079999999999821e-01
2.530000000000000000e+04 9.605960000000000054e-01
2.540000000000000000e+04 9.517560000000000464e-01
2.550000000000000000e+04 9.504720000000000946e-01
2.560000000000000000e+04 9.517479999999999274e-01
2.570000000000000000e+04 9.408880000000001687e-01
2.580000000000000000e+04 9.435720000000000773e-01
2.590000000000000000e+04 9.507519999999999305e-01
2.600000000000000000e+04 9.515519999999998424e-01
2.610000000000000000e+04 9.524759999999999893e-01
2.620000000000000000e+04 9.464840000000001030e-01
2.630000000000000000e+04 9.492359999999999687e-01
2.640000000000000000e+04 9.465719999999999690e-01
2.650000000000000000e+04 9.429160000000000874e-01
2.660000000000000000e+04 9.459520000000001261e-01
2.670000000000000000e+04 9.558400000000000230e-01
2.680000000000000000e+04 9.479360000000001119e-01
2.690000000000000000e+04 9.510520000000000085e-01
2.700000000000000000e+04 9.549679999999999280e-01
2.710000000000000000e+04 9.492439999999999767e-01
2.720000000000000000e+04 9.465640000000001830e-01
2.730000000000000000e+04 9.497120000000000006e-01
2.740000000000000000e+04 9.460439999999998850e-01
2.750000000000000000e+04 9.342480000000000784e-01
2.760000000000000000e+04 9.470359999999999889e-01
2.770000000000000000e+04 9.458039999999999781e-01
2.780000000000000000e+04 9.536240000000000272e-01
2.790000000000000000e+04 9.528080000000000993e-01
2.800000000000000000e+04 9.512040000000001605e-01
2.810000000000000000e+04 9.578999999999999737e-01
2.820000000000000000e+04 9.438919999999999533e-01
2.830000000000000000e+04 9.593439999999998635e-01
2.840000000000000000e+04 9.467159999999998909e-01
2.850000000000000000e+04 9.462919999999999110e-01
2.860000000000000000e+04 9.462199999999999500e-01
2.870000000000000000e+04 9.418320000000000025e-01
2.880000000000000000e+04 9.513639999999998764e-01
2.890000000000000000e+04 9.492040000000000477e-01
2.900000000000000000e+04 9.526240000000000263e-01
2.910000000000000000e+04 9.472160000000000579e-01
2.920000000000000000e+04 9.438520000000000243e-01
2.930000000000000000e+04 9.449799999999998201e-01
2.940000000000000000e+04 9.541039999999999521e-01
2.950000000000000000e+04 9.441039999999999432e-01
2.960000000000000000e+04 9.394079999999999098e-01
2.970000000000000000e+04 9.573399999999999688e-01
2.980000000000000000e+04 9.480240000000000888e-01
2.990000000000000000e+04 9.468600000000000350e-01
3.000000000000000000e+04 9.483920000000000128e-01
