0.000000000000000000e+00 5.385039058906584408e-01
1.000000000000000000e+02 4.019354758810919082e-01
2.000000000000000000e+02 3.990275811132283912e-01
3.000000000000000000e+02 4.238507170936044455e-01
4.000000000000000000e+02 4.556108972441781368e-01
5.000000000000000000e+02 4.478076217494786904e-01
6.000000000000000000e+02 4.989058811096638291e-01
7.000000000000000000e+02 4.919562868329918071e-01
8.000000000000000000e+02 4.926175565997894523e-01
9.000000000000000000e+02 5.116135230432590220e-01
1.000000000000000000e+03 5.153242730403804206e-01
1.100000000000000000e+03 5.084453225875567028e-01
1.200000000000000000e+03 5.064869090133635732e-01
1.300000000000000000e+03 5.445749443687344371e-01
1.400000000000000000e+03 5.437846630628664357e-01
1.500000000000000000e+03 5.439670064443724584e-01
1.600000000000000000e+03 5.657340261986948393e-01
1.700000000000000000e+03 5.267751573184870084e-01
1.800000000000000000e+03 5.541007789287992757e-01
1.900000000000000000e+03 5.566951570808305050e-01
2.000000000000000000e+03 5.918697495297398081e-01
2.100000000000000000e+03 5.159996480239116279e-01
2.200000000000000000e+03 5.329478247380690092e-01
2.300000000000000000e+03 5.396064348863494065e-01
2.400000000000000000e+03 5.580087519384386852e-01
2.500000000000000000e+03 5.428124331662441682e-01
2.600000000000000000e+03 5.749471627890531122e-01
2.700000000000000000e+03 5.799905534361882165e-01
2.800000000000000000e+03 5.309822161295697507e-01
2.900000000000000000e+03 5.880404234913834127e-01
3.000000000000000000e+03 5.742997568359110572e-01
3.100000000000000000e+03 5.627834256598980289e-01
3.200000000000000000e+03 5.981644209367249498e-01
3.300000000000000000e+03 5.559553181315530779e-01
3.400000000000000000e+03 5.985153414892572243e-01
3.500000000000000000e+03 6.128333324015808881e-01
3.600000000000000000e+03 5.872803370313098847e-01
3.700000000000000000e+03 6.021467572639722654e-01
3.800000000000000000e+03 5.822844828309444720e-01
3.900000000000000000e+03 5.949732022921658814e-01
4.000000000000000000e+03 5.873654484400756548e-01
4.100000000000000000e+03 6.183234128048241685e-01
4.200000000000000000e+03 6.011720671215666778e-01
4.300000000000000000e+03 6.174264228399659604e-01
4.400000000000000000e+03 6.063334348035814836e-01
4.500000000000000000e+03 6.304576058949420414e-01
4.600000000000000000e+03 6.007671353146877280e-01
4.700000000000000000e+03 6.120584140970433129e-01
4.800000000000000000e+03 5.921525725159648701e-01
4.900000000000000000e+03 6.138396101039187425e-01
5.000000000000000000e+03 6.340529681685243002e-01
5.100000000000000000e+03 6.531439234422307116e-01
5.200000000000000000e+03 6.535263694933987066e-01
5.300000000000000000e+03 6.309339998571924513e-01
5.400000000000000000e+03 6.279375776310938129e-01
5.500000000000000000e+03 6.306720252065802779e-01
5.600000000000000000e+03 6.387451117590197125e-01
5.700000000000000000e+03 6.717168974375840040e-01
5.800000000000000000e+03 6.816721466339787927e-01
5.900000000000000000e+03 6.556115159595113928e-01
6.000000000000000000e+03 6.487256828839844669e-01
6.100000000000000000e+03 6.896754161718190446e-01
6.200000000000000000e+03 6.670804528577023440e-01
6.300000000000000000e+03 6.567861069269234076e-01
6.400000000000000000e+03 6.594269951278859399e-01
6.500000000000000000e+03 6.738663790357426464e-01
6.600000000000000000e+03 6.795755620242583950e-01
6.700000000000000000e+03 6.907415177716579313e-01
6.800000000000000000e+03 6.602480243410906446e-01
6.900000000000000000e+03 7.051744647750324280e-01
7.000000000000000000e+03 6.663379646301780257e-01
7.100000000000000000e+03 6.644111170562281288e-01
7.200000000000000000e+03 6.849906361327798843e-01
7.300000000000000000e+03 6.886747407006552635e-01
7.400000000000000000e+03 7.197339373513329530e-01
7.500000000000000000e+03 7.037941449372533409e-01
7.600000000000000000e+03 7.163370341433349386e-01
7.700000000000000000e+03 6.792139858622445736e-01
7.800000000000000000e+03 7.125391928568196587e-01
7.900000000000000000e+03 7.296213901919690326e-01
8.000000000000000000e+03 7.124530669088814383e-01
8.100000000000000000e+03 7.087757836955819180e-01
8.200000000000000000e+03 7.107683433153975106e-01
8.300000000000000000e+03 7.191826952841855469e-01
8.400000000000000000e+03 7.251611710754662932e-01
8.500000000000000000e+03 7.340457585608356483e-01
8.600000000000000000e+03 7.506750828582450241e-01
8.700000000000000000e+03 7.452728900866941730e-01
8.800000000000000000e+03 7.263808981680816013e-01
8.900000000000000000e+03 7.438426391289383321e-01
9.000000000000000000e+03 7.448902494819303888e-01
9.100000000000000000e+03 7.432786016632432213e-01
9.200000000000000000e+03 7.674223868687692907e-01
9.300000000000000000e+03 7.312844945411871578e-01
9.400000000000000000e+03 7.400988244756865342e-01
9.500000000000000000e+03 7.336800221622499230e-01
9.600000000000000000e+03 7.071709905184305756e-01
9.700000000000000000e+03 7.775034304207940616e-01
9.800000000000000000e+03 7.414010908611349260e-01
9.900000000000000000e+03 7.553319973935850307e-01
1.000000000000000000e+04 7.541832635189092970e-01
1.010000000000000000e+04 7.885469980224208975e-01
1.020000000000000000e+04 7.769031934701006170e-01
1.030000000000000000e+04 7.572431552385163744e-01
1.040000000000000000e+04 7.760422812901899281e-01
1.050000000000000000e+04 7.771565952134487087e-01
1.060000000000000000e+04 7.730400984259349073e-01
1.070000000000000000e+04 7.660714038794957936e-01
1.080000000000000000e+04 7.894491171033508614e-01
1.090000000000000000e+04 7.824386822093436500e-01
1.100000000000000000e+04 7.841194044445835010e-01
1.110000000000000000e+04 7.694848958487131574e-01
1.120000000000000000e+04 7.641123815153585408e-01
1.130000000000000000e+04 8.281670800973776059e-01
1.140000000000000000e+04 8.031334742182426600e-01
1.150000000000000000e+04 7.701509530211367860e-01
1.160000000000000000e+04 7.944365959834821522e-01
1.170000000000000000e+04 8.021661354519407094e-01
1.180000000000000000e+04 8.056052287206804108e-01
1.190000000000000000e+04 8.102039436890187130e-01
1.200000000000000000e+04 8.107572950926169586e-01
1.210000000000000000e+04 8.354356370144050414e-01
1.220000000000000000e+04 8.298797822418672032e-01
1.230000000000000000e+04 8.265278992617101084e-01
1.240000000000000000e+04 8.108921116721534705e-01
1.250000000000000000e+04 8.092907830429095783e-01
1.260000000000000000e+04 8.031651036081568495e-01
1.270000000000000000e+04 8.165182181041416021e-01
1.280000000000000000e+04 8.159474727142423944e-01
1.290000000000000000e+04 8.231130330077705004e-01
1.300000000000000000e+04 8.187911573183084268e-01
1.310000000000000000e+04 8.391813056380168501e-01
1.320000000000000000e+04 8.319182809740166551e-01
1.330000000000000000e+04 8.380456311886859133e-01
1.340000000000000000e+04 7.979001375845292676e-01
1.350000000000000000e+04 8.382287859695511933e-01
1.360000000000000000e+04 8.415822669623470587e-01
1.370000000000000000e+04 8.575791546494294648e-01
1.380000000000000000e+04 8.345247016423662512e-01
1.390000000000000000e+04 8.349556182091415479e-01
1.400000000000000000e+04 8.512993086607174575e-01
1.410000000000000000e+04 8.631767761259533378e-01
1.420000000000000000e+04 8.639078564759978818e-01
1.430000000000000000e+04 8.716958511937233922e-01
1.440000000000000000e+04 8.400736841063681792e-01
1.450000000000000000e+04 8.568967972647469900e-01
1.460000000000000000e+04 8.472949435545067409e-01
1.470000000000000000e+04 8.616735332447946760e-01
1.480000000000000000e+04 8.729167834424695904e-01
1.490000000000000000e+04 8.663279050099939038e-01
1.500000000000000000e+04 8.540468650774376558e-01
1.510000000000000000e+04 8.747896235868219961e-01
1.520000000000000000e+04 8.779767962895894673e-01
1.530000000000000000e+04 8.859883951725783247e-01
1.540000000000000000e+04 8.528138879080162660e-01
1.550000000000000000e+04 8.797625270149641574e-01
1.560000000000000000e+04 8.705211946738420359e-01
1.570000000000000000e+04 8.917840407293584626e-01
1.580000000000000000e+04 8.814663874804290478e-01
1.590000000000000000e+04 8.955636419285731842e-01
1.600000000000000000e+04 8.826839197998306297e-01
1.610000000000000000e+04 8.738476203363739758e-01
1.620000000000000000e+04 8.964770945329304519e-01
1.630000000000000000e+04 8.744317421527970646e-01
1.640000000000000000e+04 8.741930161678117539e-01
1.650000000000000000e+04 8.891905154403054734e-01
1.660000000000000000e+04 9.022548090854654035e-01
1.670000000000000000e+04 8.811227332325967110e-01
1.680000000000000000e+04 8.908580947146674811e-01
1.690000000000000000e+04 8.935790813830980506e-01
1.700000000000000000e+04 8.901850134058306718e-01
1.710000000000000000e+04 8.956203145800959442e-01
1.720000000000000000e+04 8.888227942673119220e-01
1.730000000000000000e+04 8.898886412126383316e-01
1.740000000000000000e+04 8.877447339238973001e-01
1.750000000000000000e+04 9.028219526149209306e-01
1.760000000000000000e+04 8.950541021705010758e-01
1.770000000000000000e+04 9.157170020245730679e-01
1.780000000000000000e+04 9.038620291492239778e-01
1.790000000000000000e+04 8.970698061204427365e-01
1.800000000000000000e+04 9.077958103048782146e-01
1.810000000000000000e+04 8.938803435225777250e-01
1.820000000000000000e+04 9.094864562311327782e-01
1.830000000000000000e+04 8.984840721381627260e-01
1.840000000000000000e+04 8.985118308569410850e-01
1.850000000000000000e+04 9.007628769634552501e-01
1.860000000000000000e+04 9.216988126421838956e-01
1.870000000000000000e+04 9.099326853380459434e-01
1.880000000000000000e+04 9.130668560663541822e-01
1.890000000000000000e+04 9.051375906047243181e-01
1.900000000000000000e+04 9.117627263038575736e-01
1.910000000000000000e+04 9.214565253969897451e-01
1.920000000000000000e+04 9.064797976425919002e-01
1.930000000000000000e+04 9.114973258887351104e-01
1.940000000000000000e+04 9.151929192208840824e-01
1.950000000000000000e+04 9.017842565220395290e-01
1.960000000000000000e+04 9.259598648901430362e-01
1.970000000000000000e+04 9.094572735725836576e-01
1.980000000000000000e+04 9.066154882590004016e-01
1.990000000000000000e+04 9.266029857633600875e-01
2.000000000000000000e+04 9.215757038534129197e-01
2.010000000000000000e+04 9.168616168211993767e-01
2.020000000000000000e+04 9.242603158612399117e-01
2.030000000000000000e+04 9.148103090338407517e-01
2.040000000000000000e+04 9.303374881848488487e-01
2.050000000000000000e+04 9.106864499723180684e-01
2.060000000000000000e+04 9.178603765638680967e-01
2.070000000000000000e+04 9.081267094467611045e-01
2.080000000000000000e+04 9.073869317139219293e-01
2.090000000000000000e+04 9.384319525744191370e-01
2.100000000000000000e+04 9.007269904243939695e-01
2.110000000000000000e+04 9.261593453072056725e-01
2.120000000000000000e+04 9.078408417167438405e-01
2.130000000000000000e+04 9.079025955584827390e-01
2.140000000000000000e+04 9.233728961096113741e-01
2.150000000000000000e+04 9.305945557063607376e-01
2.160000000000000000e+04 9.313642341051977525e-01
2.170000000000000000e+04 9.308789778071502319e-01
2.180000000000000000e+04 9.269556040741631087e-01
2.190000000000000000e+04 9.299712279995256958e-01
2.200000000000000000e+04 9.257657714807775440e-01
2.210000000000000000e+04 9.264495453230148225e-01
2.220000000000000000e+04 9.036273073554593749e-01
2.230000000000000000e+04 9.437332262983652020e-01
2.240000000000000000e+04 9.302011615513414711e-01
2.250000000000000000e+04 9.411377702114098742e-01
2.260000000000000000e+04 9.350045935266579900e-01
2.270000000000000000e+04 9.376912737248733754e-01
2.280000000000000000e+04 9.301740141495211667e-01
2.290000000000000000e+04 9.317959072732586723e-01
2.300000000000000000e+04 9.312966972910347030e-01
2.310000000000000000e+04 9.254489092052270438e-01
2.320000000000000000e+04 9.390860576121130565e-01
2.330000000000000000e+04 9.333739307749764347e-01
2.340000000000000000e+04 9.351120140476506526e-01
2.350000000000000000e+04 9.310851649512492667e-01
2.360000000000000000e+04 9.371872119438956483e-01
2.370000000000000000e+04 9.343233053818778000e-01
2.380000000000000000e+04 9.450160141718828566e-01
2.390000000000000000e+04 9.347681314478705206e-01
2.400000000000000000e+04 9.464781354364287802e-01
2.410000000000000000e+04 9.362166176744730617e-01
2.420000000000000000e+04 9.303385972563151807e-01
2.430000000000000000e+04 9.400441498358581560e-01
2.440000000000000000e+04 9.391505608785452042e-01
2.450000000000000000e+04 9.194137652146262552e-01
2.460000000000000000e+04 9.352963830303313575e-01
2.470000000000000000e+04 9.395058562526127366e-01
2.480000000000000000e+04 9.375038091769122284e-01
2.490000000000000000e+04 9.321335600253723985e-01
2.500000000000000000e+04 9.419025471801869553e-01
2.510000000000000000e+04 9.288364226000922486e-01
2.520000000000000000e+04 9.280377992079669180e-01
2.530000000000000000e+04 9.279626571161855297e-01
2.540000000000000000e+04 9.443937688928482066e-01
2.550000000000000000e+04 9.205212945366604282e-01
2.560000000000000000e+04 9.550321877176574104e-01
2.570000000000000000e+04 9.372344068559916863e-01
2.580000000000000000e+04 9.586066827751341668e-01
2.590000000000000000e+04 9.224248779056072323e-01
2.600000000000000000e+04 9.387353934699798064e-01
2.610000000000000000e+04 9.317778607967404092e-01
2.620000000000000000e+04 9.303679032829720308e-01
2.630000000000000000e+04 9.475643905238440023e-01
2.640000000000000000e+04 9.431027539730394427e-01
2.650000000000000000e+04 9.439297581691232786e-01
2.660000000000000000e+04 9.399764537399872832e-01
2.670000000000000000e+04 9.442387907292766336e-01
2.680000000000000000e+04 9.400764590306638357e-01
2.690000000000000000e+04 9.403151920176228140e-01
2.700000000000000000e+04 9.488928669624665524e-01
2.710000000000000000e+04 9.244030911693936758e-01
2.720000000000000000e+04 9.409569629212726216e-01
2.730000000000000000e+04 9.290693932008544653e-01
2.740000000000000000e+04 9.455225318212510111e-01
2.750000000000000000e+04 9.516431651032729588e-01
2.760000000000000000e+04 9.304906955688796444e-01
2.770000000000000000e+04 9.277760418027906075e-01
2.780000000000000000e+04 9.316604579538262376e-01
2.790000000000000000e+04 9.469983188259428752e-01
2.800000000000000000e+04 9.408437034592214143e-01
2.810000000000000000e+04 9.498512854278214901e-01
2.820000000000000000e+04 9.491397005296977607e-01
2.830000000000000000e+04 9.395516304914680594e-01
2.840000000000000000e+04 9.405131820105658846e-01
2.850000000000000000e+04 9.343721547894003887e-01
2.860000000000000000e+04 9.480685722714813357e-01
2.870000000000000000e+04 9.316717451689454643e-01
2.880000000000000000e+04 9.372461030741560117e-01
2.890000000000000000e+04 9.403591046238604090e-01
2.900000000000000000e+04 9.398428297862100322e-01
2.910000000000000000e+04 9.458574652948263939e-01
2.920000000000000000e+04 9.417099512022877317e-01
2.930000000000000000e+04 9.267962345671787450e-01
2.940000000000000000e+04 9.477070544169121646e-01
2.950000000000000000e+04 9.414391029800482924e-01
2.960000000000000000e+04 9.392690926345593772e-01
2.970000000000000000e+04 9.292180742287684536e-01
2.980000000000000000e+04 9.365633833238637962e-01
2.990000000000000000e+04 9.482156869966196222e-01
3.000000000000000000e+04 9.359701838622407344e-01
