0.000000000000000000e+00 5.461120000000000418e-01
1.000000000000000000e+02 3.454439999999999733e-01
2.000000000000000000e+02 3.407160000000000188e-01
3.000000000000000000e+02 3.960000000000000187e-01
4.000000000000000000e+02 4.418759999999999910e-01
5.000000000000000000e+02 4.377959999999999630e-01
6.000000000000000000e+02 4.989839999999999831e-01
7.000000000000000000e+02 5.023999999999999577e-01
8.000000000000000000e+02 4.833359999999999879e-01
9.000000000000000000e+02 5.112720000000000597e-01
1.000000000000000000e+03 5.186439999999999939e-01
1.100000000000000000e+03 5.126999999999999336e-01
1.200000000000000000e+03 5.151679999999999593e-01
1.300000000000000000e+03 5.512839999999999963e-01
1.400000000000000000e+03 5.593999999999998973e-01
1.500000000000000000e+03 5.654759999999999787e-01
1.600000000000000000e+03 5.794559999999999711e-01
1.700000000000000000e+03 5.451679999999999859e-01
1.800000000000000000e+03 5.738640000000000407e-01
1.900000000000000000e+03 5.602960000000000163e-01
2.000000000000000000e+03 6.081440000000000179e-01
2.100000000000000000e+03 5.278800000000000159e-01
2.200000000000000000e+03 5.359599999999999920e-01
2.300000000000000000e+03 5.486960000000000726e-01
2.400000000000000000e+03 5.611919999999999131e-01
2.500000000000000000e+03 5.601039999999999353e-01
2.600000000000000000e+03 5.879079999999999862e-01
2.700000000000000000e+03 5.784599999999999742e-01
2.800000000000000000e+03 5.548440000000000039e-01
2.900000000000000000e+03 6.057160000000000322e-01
3.000000000000000000e+03 5.759879999999999445e-01
3.100000000000000000e+03 5.748360000000000136e-01
3.200000000000000000e+03 5.976719999999999811e-01
3.300000000000000000e+03 5.574400000000000466e-01
3.400000000000000000e+03 5.962719999999999132e-01
3.500000000000000000e+03 6.086920000000000108e-01
3.600000000000000000e+03 5.815179999999999794e-01
3.700000000000000000e+03 6.105000000000000426e-01
3.800000000000000000e+03 5.857919999999999794e-01
3.900000000000000000e+03 6.064639999999998921e-01
4.000000000000000000e+03 6.077239999999999309e-01
4.100000000000000000e+03 6.081640000000000379e-01
4.200000000000000000e+03 6.091239999999999988e-01
4.300000000000000000e+03 6.182520000000000238e-01
4.400000000000000000e+03 5.995000000000000329e-01
4.500000000000000000e+03 6.486039999999999583e-01
4.600000000000000000e+03 6.140519999999999312e-01
4.700000000000000000e+03 6.166000000000000369e-01
4.800000000000000000e+03 5.965880000000000072e-01
4.900000000000000000e+03 6.244720000000000271e-01
5.000000000000000000e+03 6.360399999999999388e-01
5.100000000000000000e+03 6.500960000000000072e-01
5.200000000000000000e+03 6.542080000000000117e-01
5.300000000000000000e+03 6.154280000000000861e-01
5.400000000000000000e+03 6.377439999999999776e-01
5.500000000000000000e+03 6.071400000000000130e-01
5.600000000000000000e+03 6.226000000000000423e-01
5.700000000000000000e+03 6.553359999999999186e-01
5.800000000000000000e+03 6.702399999999999469e-01
5.900000000000000000e+03 6.639959999999999196e-01
6.000000000000000000e+03 6.595919999999999561e-01
6.100000000000000000e+03 6.933000000000000274e-01
6.200000000000000000e+03 6.675919999999999632e-01
6.300000000000000000e+03 6.682439999999999491e-01
6.400000000000000000e+03 6.639960000000000306e-01
6.500000000000000000e+03 6.655039999999999845e-01
6.600000000000000000e+03 6.770320000000000782e-01
6.700000000000000000e+03 6.901759999999999007e-01
6.800000000000000000e+03 6.436800000000000299e-01
6.900000000000000000e+03 6.752199999999999314e-01
7.000000000000000000e+03 6.528480000000000949e-01
7.100000000000000000e+03 6.631200000000000427e-01
7.200000000000000000e+03 6.708560000000001189e-01
7.300000000000000000e+03 6.914600000000000746e-01
7.400000000000000000e+03 6.891160000000000618e-01
7.500000000000000000e+03 6.789119999999999600e-01
7.600000000000000000e+03 6.955320000000000391e-01
7.700000000000000000e+03 6.795599999999999419e-01
7.800000000000000000e+03 7.002639999999999976e-01
7.900000000000000000e+03 7.242880000000000429e-01
8.000000000000000000e+03 6.973000000000000309e-01
8.100000000000000000e+03 6.914680000000000826e-01
8.200000000000000000e+03 6.947559999999999292e-01
8.300000000000000000e+03 7.054560000000000830e-01
8.400000000000000000e+03 7.036919999999999842e-01
8.500000000000000000e+03 7.208400000000000363e-01
8.600000000000000000e+03 7.451200000000000045e-01
8.700000000000000000e+03 7.408559999999999590e-01
8.800000000000000000e+03 7.138200000000000101e-01
8.900000000000000000e+03 7.358440000000000536e-01
9.000000000000000000e+03 7.298919999999999852e-01
9.100000000000000000e+03 7.501079999999999970e-01
9.200000000000000000e+03 7.534359999999998836e-01
9.300000000000000000e+03 7.286359999999998394e-01
9.400000000000000000e+03 7.412159999999999860e-01
9.500000000000000000e+03 7.184439999999998605e-01
9.600000000000000000e+03 6.945080000000001252e-01
9.700000000000000000e+03 7.619000000000000217e-01
9.800000000000000000e+03 7.262760000000000327e-01
9.900000000000000000e+03 7.425640000000000018e-01
1.000000000000000000e+04 7.588279999999999470e-01
1.010000000000000000e+04 7.726560000000000095e-01
1.020000000000000000e+04 7.669719999999999871e-01
1.030000000000000000e+04 7.532959999999999656e-01
1.040000000000000000e+04 7.671679999999999611e-01
1.050000000000000000e+04 7.609360000000000568e-01
1.060000000000000000e+04 7.661919999999999842e-01
1.070000000000000000e+04 7.559919999999999973e-01
1.080000000000000000e+04 7.839399999999999702e-01
1.090000000000000000e+04 7.651880000000000903e-01
1.100000000000000000e+04 7.789719999999999978e-01
1.110000000000000000e+04 7.701320000000000388e-01
1.120000000000000000e+04 7.534680000000000266e-01
1.130000000000000000e+04 8.145599999999999508e-01
1.140000000000000000e+04 7.804599999999999316e-01
1.150000000000000000e+04 7.646279999999999744e-01
1.160000000000000000e+04 7.772160000000000180e-01
1.170000000000000000e+04 8.059439999999999937e-01
1.180000000000000000e+04 8.037680000000000380e-01
1.190000000000000000e+04 8.006319999999998993e-01
1.200000000000000000e+04 7.989040000000000585e-01
1.210000000000000000e+04 8.345080000000000275e-01
1.220000000000000000e+04 8.227200000000001179e-01
1.230000000000000000e+04 8.175839999999998664e-01
1.240000000000000000e+04 7.972599999999998577e-01
1.250000000000000000e+04 8.124799999999999800e-01
1.260000000000000000e+04 8.005360000000000253e-01
1.270000000000000000e+04 8.102679999999999882e-01
1.280000000000000000e+04 8.070759999999999046e-01
1.290000000000000000e+04 8.145080000000000098e-01
1.300000000000000000e+04 8.167320000000000135e-01
1.310000000000000000e+04 8.307640000000000580e-01
1.320000000000000000e+04 8.198680000000000412e-01
1.330000000000000000e+04 8.350760000000001515e-01
1.340000000000000000e+04 7.991800000000000015e-01
1.350000000000000000e+04 8.266320000000000334e-01
1.360000000000000000e+04 8.340760000000000396e-01
1.370000000000000000e+04 8.465320000000000622e-01
1.380000000000000000e+04 8.241200000000000747e-01
1.390000000000000000e+04 8.263239999999999474e-01
1.400000000000000000e+04 8.384360000000000701e-01
1.410000000000000000e+04 8.533880000000000354e-01
1.420000000000000000e+04 8.537719999999999754e-01
1.430000000000000000e+04 8.700640000000000596e-01
1.440000000000000000e+04 8.496519999999999628e-01
1.450000000000000000e+04 8.454240000000000643e-01
1.460000000000000000e+04 8.412159999999997417e-01
1.470000000000000000e+04 8.558519999999999461e-01
1.480000000000000000e+04 8.603840000000000376e-01
1.490000000000000000e+04 8.664120000000000710e-01
1.500000000000000000e+04 8.556639999999998691e-01
1.510000000000000000e+04 8.599320000000000297e-01
1.520000000000000000e+04 8.579200000000000159e-01
1.530000000000000000e+04 8.769720000000000848e-01
1.540000000000000000e+04 8.424280000000000657e-01
1.550000000000000000e+04 8.691400000000000237e-01
1.560000000000000000e+04 8.580239999999998979e-01
1.570000000000000000e+04 8.779359999999999387e-01
1.580000000000000000e+04 8.639520000000000532e-01
1.590000000000000000e+04 8.849240000000000439e-01
1.600000000000000000e+04 8.749279999999999280e-01
1.610000000000000000e+04 8.710439999999999294e-01
1.620000000000000000e+04 8.834959999999999480e-01
1.630000000000000000e+04 8.586560000000000858e-01
1.640000000000000000e+04 8.546679999999999833e-01
1.650000000000000000e+04 8.715479999999999894e-01
1.660000000000000000e+04 8.939439999999999609e-01
1.670000000000000000e+04 8.662160000000000970e-01
1.680000000000000000e+04 8.777200000000000557e-01
1.690000000000000000e+04 8.791680000000000605e-01
1.700000000000000000e+04 8.787719999999999976e-01
1.710000000000000000e+04 8.839000000000001300e-01
1.720000000000000000e+04 8.818159999999999332e-01
1.730000000000000000e+04 8.818740000000000467e-01
1.740000000000000000e+04 8.824319999999998831e-01
1.750000000000000000e+04 8.927319999999999700e-01
1.760000000000000000e+04 8.854560000000000208e-01
1.770000000000000000e+04 9.020600000000000840e-01
1.780000000000000000e+04 8.909000000000000252e-01
1.790000000000000000e+04 8.890400000000000524e-01
1.800000000000000000e+04 8.912440000000000362e-01
1.810000000000000000e+04 8.807959999999999123e-01
1.820000000000000000e+04 9.052079999999997906e-01
1.830000000000000000e+04 8.921199999999999131e-01
1.840000000000000000e+04 8.904480000000000173e-01
1.850000000000000000e+04 8.908760000000000012e-01
1.860000000000000000e+04 9.142440000000000566e-01
1.870000000000000000e+04 8.939399999999999569e-01
1.880000000000000000e+04 9.068039999999999434e-01
1.890000000000000000e+04 8.974319999999998965e-01
1.900000000000000000e+04 8.978479999999999794e-01
1.910000000000000000e+04 9.104999999999998650e-01
1.920000000000000000e+04 8.949760000000001048e-01
1.930000000000000000e+04 9.080039999999999223e-01
1.940000000000000000e+04 9.045079999999999787e-01
1.950000000000000000e+04 8.943760000000000598e-01
1.960000000000000000e+04 9.181280000000000552e-01
1.970000000000000000e+04 8.992919999999999803e-01
1.980000000000000000e+04 8.973719999999999475e-01
1.990000000000000000e+04 9.194959999999999800e-01
2.000000000000000000e+04 9.108000000000000540e-01
2.010000000000000000e+04 9.078439999999999843e-01
2.020000000000000000e+04 9.183240000000000292e-01
2.030000000000000000e+04 9.129919999999998037e-01
2.040000000000000000e+04 9.186000000000000831e-01
2.050000000000000000e+04 9.049719999999999986e-01
2.060000000000000000e+04 9.162000000000001254e-01
2.070000000000000000e+04 8.990200000000000413e-01
2.080000000000000000e+04 9.058519999999998795e-01
2.090000000000000000e+04 9.311880000000000157e-01
2.100000000000000000e+04 8.987760000000000193e-01
2.110000000000000000e+04 9.151040000000000285e-01
2.120000000000000000e+04 8.962919999999999776e-01
2.130000000000000000e+04 9.039439999999999698e-01
2.140000000000000000e+04 9.159640000000000004e-01
2.150000000000000000e+04 9.195199999999998930e-01
2.160000000000000000e+04 9.228920000000000456e-01
2.170000000000000000e+04 9.213199999999999168e-01
2.180000000000000000e+04 9.180800000000000072e-01
2.190000000000000000e+04 9.293120000000001379e-01
2.200000000000000000e+04 9.197719999999999230e-01
2.210000000000000000e+04 9.098920000000000341e-01
2.220000000000000000e+04 9.028959999999999209e-01
2.230000000000000000e+04 9.351039999999999353e-01
2.240000000000000000e+04 9.260239999999999583e-01
2.250000000000000000e+04 9.333800000000000985e-01
2.260000000000000000e+04 9.276719999999999411e-01
2.270000000000000000e+04 9.333679999999999755e-01
2.280000000000000000e+04 9.261719999999999953e-01
2.290000000000000000e+04 9.268080000000000762e-01
2.300000000000000000e+04 9.235479999999999245e-01
2.310000000000000000e+04 9.210559999999998748e-01
2.320000000000000000e+04 9.315079999999998916e-01
2.330000000000000000e+04 9.268840000000000412e-01
2.340000000000000000e+04 9.236159999999999926e-01
2.350000000000000000e+04 9.214479999999999338e-01
2.360000000000000000e+04 9.289039999999999520e-01
2.370000000000000000e+04 9.272079999999999211e-01
2.380000000000000000e+04 9.418319999999997805e-01
2.390000000000000000e+04 9.289959999999999329e-01
2.400000000000000000e+04 9.404679999999998596e-01
2.410000000000000000e+04 9.259600000000000053e-01
2.420000000000000000e+04 9.240160000000000595e-01
2.430000000000000000e+04 9.320479999999999876e-01
2.440000000000000000e+04 9.326319999999999055e-01
2.450000000000000000e+04 9.132480000000000597e-01
2.460000000000000000e+04 9.299279999999999768e-01
2.470000000000000000e+04 9.366320000000000201e-01
2.480000000000000000e+04 9.338520000000000154e-01
2.490000000000000000e+04 9.254520000000000524e-01
2.500000000000000000e+04 9.396880000000000788e-01
2.510000000000000000e+04 9.237720000000000375e-01
2.520000000000000000e+04 9.231799999999998896e-01
2.530000000000000000e+04 9.235679999999999445e-01
2.540000000000000000e+04 9.368039999999999701e-01
2.550000000000000000e+04 9.184719999999999551e-01
2.560000000000000000e+04 9.505679999999999685e-01
2.570000000000000000e+04 9.374879999999998770e-01
2.580000000000000000e+04 9.549680000000000391e-01
2.590000000000000000e+04 9.189519999999999911e-01
2.600000000000000000e+04 9.332639999999999825e-01
2.610000000000000000e+04 9.270559999999999912e-01
2.620000000000000000e+04 9.275040000000001061e-01
2.630000000000000000e+04 9.432640000000001024e-01
2.640000000000000000e+04 9.392399999999999638e-01
2.650000000000000000e+04 9.404320000000000457e-01
2.660000000000000000e+04 9.297919999999999519e-01
2.670000000000000000e+04 9.411399999999999766e-01
2.680000000000000000e+04 9.289600000000000080e-01
2.690000000000000000e+04 9.311359999999999637e-01
2.700000000000000000e+04 9.445080000000000142e-01
2.710000000000000000e+04 9.228920000000000456e-01
2.720000000000000000e+04 9.383560000000000789e-01
2.730000000000000000e+04 9.236959999999998505e-01
2.740000000000000000e+04 9.425799999999998624e-01
2.750000000000000000e+04 9.456959999999999811e-01
2.760000000000000000e+04 9.242799999999999905e-01
2.770000000000000000e+04 9.206880000000000619e-01
2.780000000000000000e+04 9.247720000000000384e-01
2.790000000000000000e+04 9.448320000000000052e-01
2.800000000000000000e+04 9.407640000000000446e-01
2.810000000000000000e+04 9.486679999999999557e-01
2.820000000000000000e+04 9.461200000000000720e-01
2.830000000000000000e+04 9.335520000000001595e-01
2.840000000000000000e+04 9.383559999999998569e-01
2.850000000000000000e+04 9.247400000000001175e-01
2.860000000000000000e+04 9.385959999999999859e-01
2.870000000000000000e+04 9.236759999999999415e-01
2.880000000000000000e+04 9.314080000000000137e-01
2.890000000000000000e+04 9.362279999999999491e-01
2.900000000000000000e+04 9.296719999999999429e-01
2.910000000000000000e+04 9.389879999999999338e-01
2.920000000000000000e+04 9.365280000000000271e-01
2.930000000000000000e+04 9.223560000000000647e-01
2.940000000000000000e+04 9.406759999999999566e-01
2.950000000000000000e+04 9.354799999999999782e-01
2.960000000000000000e+04 9.341079999999999384e-01
2.970000000000000000e+04 9.287079999999998670e-01
2.980000000000000000e+04 9.273239999999999261e-01
2.990000000000000000e+04 9.445120000000000182e-01
3.000000000000000000e+04 9.324360000000001536e-01
