0.000000000000000000e+00 4.893917982206522632e-01
1.000000000000000000e+02 4.210990875322293547e-01
2.000000000000000000e+02 5.058515001630667918e-01
3.000000000000000000e+02 5.326947003743771614e-01
4.000000000000000000e+02 6.128453294860444212e-01
5.000000000000000000e+02 6.330851511443019719e-01
6.000000000000000000e+02 6.366558477312427300e-01
7.000000000000000000e+02 6.842649042705158946e-01
8.000000000000000000e+02 6.927678192648936140e-01
9.000000000000000000e+02 7.456402893799951581e-01
1.000000000000000000e+03 7.687084886870896305e-01
1.100000000000000000e+03 7.566069017019394494e-01
1.200000000000000000e+03 7.738648010814171974e-01
1.300000000000000000e+03 7.805441662644951872e-01
1.400000000000000000e+03 8.055696879324670823e-01
1.500000000000000000e+03 8.289431664742811234e-01
1.600000000000000000e+03 8.104032132499809915e-01
1.700000000000000000e+03 8.135791464717184729e-01
1.800000000000000000e+03 8.481799590368406250e-01
1.900000000000000000e+03 8.241186470356780536e-01
2.000000000000000000e+03 8.411058699534926797e-01
2.100000000000000000e+03 8.407905131206354632e-01
2.200000000000000000e+03 8.561054298520319739e-01
2.300000000000000000e+03 8.431845166334241970e-01
2.400000000000000000e+03 8.581574230256845404e-01
2.500000000000000000e+03 8.618839968162106402e-01
2.600000000000000000e+03 8.647213549462559046e-01
2.700000000000000000e+03 8.501774557401878818e-01
2.800000000000000000e+03 8.643904976132663620e-01
2.900000000000000000e+03 8.727008866206467097e-01
3.000000000000000000e+03 8.802171036066303023e-01
3.100000000000000000e+03 8.666319119169734186e-01
3.200000000000000000e+03 8.800940368593023200e-01
3.300000000000000000e+03 8.747330455123885073e-01
3.400000000000000000e+03 8.940182150471712719e-01
3.500000000000000000e+03 8.788758373655858325e-01
3.600000000000000000e+03 8.863517031335322871e-01
3.700000000000000000e+03 8.901852486585724034e-01
3.800000000000000000e+03 8.907830696165814910e-01
3.900000000000000000e+03 8.881984021799759210e-01
4.000000000000000000e+03 8.823696301972833167e-01
4.100000000000000000e+03 8.831699354099732391e-01
4.200000000000000000e+03 8.797380857320187264e-01
4.300000000000000000e+03 8.886812237586447782e-01
4.400000000000000000e+03 8.905350256286266308e-01
4.500000000000000000e+03 8.958521853701297832e-01
4.600000000000000000e+03 9.028880864858566113e-01
4.700000000000000000e+03 9.036595580904791536e-01
4.800000000000000000e+03 9.063898437531885399e-01
4.900000000000000000e+03 9.003573146131990113e-01
5.000000000000000000e+03 9.139202408371553954e-01
5.100000000000000000e+03 9.036713653466833529e-01
5.200000000000000000e+03 9.053162415825186660e-01
5.300000000000000000e+03 9.050807323917462455e-01
5.400000000000000000e+03 9.117902337351658781e-01
5.500000000000000000e+03 9.027276774499679579e-01
5.600000000000000000e+03 9.008234108606971713e-01
5.700000000000000000e+03 9.102496844276827259e-01
5.800000000000000000e+03 9.265799805760848162e-01
5.900000000000000000e+03 9.156400393371479929e-01
6.000000000000000000e+03 9.233204303795345957e-01
6.100000000000000000e+03 9.084968823193637633e-01
6.200000000000000000e+03 9.166292182498616548e-01
6.300000000000000000e+03 9.176783554893761519e-01
6.400000000000000000e+03 9.131093481551115776e-01
6.500000000000000000e+03 9.218637703049981091e-01
6.600000000000000000e+03 8.986991871803934329e-01
6.700000000000000000e+03 9.137249017107477167e-01
6.800000000000000000e+03 9.275579970074190328e-01
6.900000000000000000e+03 9.159372034343509217e-01
7.000000000000000000e+03 9.094618915843327711e-01
7.100000000000000000e+03 9.219502947601216913e-01
7.200000000000000000e+03 9.068886235940467611e-01
7.300000000000000000e+03 9.298839589076709489e-01
7.400000000000000000e+03 9.266890198197850204e-01
7.500000000000000000e+03 9.153672804748154146e-01
7.600000000000000000e+03 9.228086776937693969e-01
7.700000000000000000e+03 9.309130117998821730e-01
7.800000000000000000e+03 9.179845330677554038e-01
7.900000000000000000e+03 9.302367375997486754e-01
8.000000000000000000e+03 9.238557082866887260e-01
8.100000000000000000e+03 9.326403117483111904e-01
8.200000000000000000e+03 9.246530256790703728e-01
8.300000000000000000e+03 9.132490555991972236e-01
8.400000000000000000e+03 9.216638086162738386e-01
8.500000000000000000e+03 9.351669290124410283e-01
8.600000000000000000e+03 9.292401222798407634e-01
8.700000000000000000e+03 9.325722526336822638e-01
8.800000000000000000e+03 9.129909550841996957e-01
8.900000000000000000e+03 9.349837486363368200e-01
9.000000000000000000e+03 9.214656093506257140e-01
9.100000000000000000e+03 9.319213945542463851e-01
9.200000000000000000e+03 9.219541597924481025e-01
9.300000000000000000e+03 9.415418719446991824e-01
9.400000000000000000e+03 9.349890694795931489e-01
9.500000000000000000e+03 9.196949599576844658e-01
9.600000000000000000e+03 9.437974546147531729e-01
9.700000000000000000e+03 9.260985961729160110e-01
9.800000000000000000e+03 9.316813546542060953e-01
9.900000000000000000e+03 9.303327287523699418e-01
1.000000000000000000e+04 9.315623748882113642e-01
1.010000000000000000e+04 9.415779532907632143e-01
1.020000000000000000e+04 9.288444550470765781e-01
1.030000000000000000e+04 9.267146065491357332e-01
1.040000000000000000e+04 9.311160341135165108e-01
1.050000000000000000e+04 9.338910423320070375e-01
1.060000000000000000e+04 9.355437335496425977e-01
1.070000000000000000e+04 9.266964732563138796e-01
1.080000000000000000e+04 9.461055652660211868e-01
1.090000000000000000e+04 9.416602096919446385e-01
1.100000000000000000e+04 9.390338293695751348e-01
1.110000000000000000e+04 9.330861754804973263e-01
1.120000000000000000e+04 9.353306668670001711e-01
1.130000000000000000e+04 9.318234229103753430e-01
1.140000000000000000e+04 9.231096111024998940e-01
1.150000000000000000e+04 9.372773177103941311e-01
1.160000000000000000e+04 9.498224805356938472e-01
1.170000000000000000e+04 9.390613649573725796e-01
1.180000000000000000e+04 9.330509968002925758e-01
1.190000000000000000e+04 9.231331526728541181e-01
1.200000000000000000e+04 9.385709185061611448e-01
1.210000000000000000e+04 9.461589131727511370e-01
1.220000000000000000e+04 9.177643663164707366e-01
1.230000000000000000e+04 9.376250462389391638e-01
1.240000000000000000e+04 9.385551725914706989e-01
1.250000000000000000e+04 9.400469926896763972e-01
1.260000000000000000e+04 9.389749754123291048e-01
1.270000000000000000e+04 9.179790038643081962e-01
1.280000000000000000e+04 9.375598815917092210e-01
1.290000000000000000e+04 9.418327888295144890e-01
1.300000000000000000e+04 9.472366921928152550e-01
1.310000000000000000e+04 9.405203441292128153e-01
1.320000000000000000e+04 9.487596886746398894e-01
1.330000000000000000e+04 9.417418629978336897e-01
1.340000000000000000e+04 9.416256873983396281e-01
1.350000000000000000e+04 9.403960974133739326e-01
1.360000000000000000e+04 9.468519798089101158e-01
1.370000000000000000e+04 9.313753844409009552e-01
1.380000000000000000e+04 9.455194420241235242e-01
1.390000000000000000e+04 9.283949573787376730e-01
1.400000000000000000e+04 9.450132564453153083e-01
1.410000000000000000e+04 9.404840693914136018e-01
1.420000000000000000e+04 9.340158068975663586e-01
1.430000000000000000e+04 9.446136793966602996e-01
1.440000000000000000e+04 9.396090296364738581e-01
1.450000000000000000e+04 9.419360309274017462e-01
1.460000000000000000e+04 9.514455680352293943e-01
1.470000000000000000e+04 9.262237145386573722e-01
1.480000000000000000e+04 9.514028007924570929e-01
1.490000000000000000e+04 9.262564481832857854e-01
1.500000000000000000e+04 9.374828942969801737e-01
1.510000000000000000e+04 9.336744006142796426e-01
1.520000000000000000e+04 9.386008252596429458e-01
1.530000000000000000e+04 9.460074093201010781e-01
1.540000000000000000e+04 9.430951383026046075e-01
1.550000000000000000e+04 9.344548485641245295e-01
1.560000000000000000e+04 9.247152100110875850e-01
1.570000000000000000e+04 9.423330816187657222e-01
1.580000000000000000e+04 9.398345573606955439e-01
1.590000000000000000e+04 9.439599713766164690e-01
1.600000000000000000e+04 9.362877670885215720e-01
1.610000000000000000e+04 9.354083042990054553e-01
1.620000000000000000e+04 9.348229128158949131e-01
1.630000000000000000e+04 9.459271283946402153e-01
1.640000000000000000e+04 9.361527103111946246e-01
1.650000000000000000e+04 9.536161995412351100e-01
1.660000000000000000e+04 9.420022458440463486e-01
1.670000000000000000e+04 9.382282639419023962e-01
1.680000000000000000e+04 9.431471918600923265e-01
1.690000000000000000e+04 9.355231021869133690e-01
1.700000000000000000e+04 9.401935159869322378e-01
1.710000000000000000e+04 9.373971190808056964e-01
1.720000000000000000e+04 9.306982245195459802e-01
1.730000000000000000e+04 9.484145266882715308e-01
1.740000000000000000e+04 9.400178652106523369e-01
1.750000000000000000e+04 9.391144479301132275e-01
1.760000000000000000e+04 9.373371064298502420e-01
1.770000000000000000e+04 9.457761825076047568e-01
1.780000000000000000e+04 9.450814473714227448e-01
1.790000000000000000e+04 9.463188129831341389e-01
1.800000000000000000e+04 9.411727108594691860e-01
1.810000000000000000e+04 9.449847619907665308e-01
1.820000000000000000e+04 9.526168036648751114e-01
1.830000000000000000e+04 9.513739716273046376e-01
1.840000000000000000e+04 9.447816905737700388e-01
1.850000000000000000e+04 9.337623555389242824e-01
1.860000000000000000e+04 9.512263808497114503e-01
1.870000000000000000e+04 9.492252303540712477e-01
1.880000000000000000e+04 9.475789686976374693e-01
1.890000000000000000e+04 9.397589888147138693e-01
1.900000000000000000e+04 9.495059348601189164e-01
1.910000000000000000e+04 9.442707317649464693e-01
1.920000000000000000e+04 9.395582078323451158e-01
1.930000000000000000e+04 9.364953551599231041e-01
1.940000000000000000e+04 9.429444114780317632e-01
1.950000000000000000e+04 9.433661765291239121e-01
1.960000000000000000e+04 9.342087730058501460e-01
1.970000000000000000e+04 9.517986514649688923e-01
1.980000000000000000e+04 9.502096725693909285e-01
1.990000000000000000e+04 9.473909181832678161e-01
2.000000000000000000e+04 9.459974558287747026e-01
2.010000000000000000e+04 9.515413116654487524e-01
2.020000000000000000e+04 9.412209469923369376e-01
2.030000000000000000e+04 9.348404844234111666e-01
2.040000000000000000e+04 9.420155010368145287e-01
2.050000000000000000e+04 9.420007030699900641e-01
2.060000000000000000e+04 9.426266655923510873e-01
2.070000000000000000e+04 9.489598110879653436e-01
2.080000000000000000e+04 9.502531735600587837e-01
2.090000000000000000e+04 9.524654850157132646e-01
2.100000000000000000e+04 9.477740065280305659e-01
2.110000000000000000e+04 9.504769624972264630e-01
2.120000000000000000e+04 9.520821767513180101e-01
2.130000000000000000e+04 9.437456701447998197e-01
2.140000000000000000e+04 9.494988368752488306e-01
2.150000000000000000e+04 9.558078628354549355e-01
2.160000000000000000e+04 9.535125762947710415e-01
2.170000000000000000e+04 9.434090998407334006e-01
2.180000000000000000e+04 9.481653249211363654e-01
2.190000000000000000e+04 9.501978898181829836e-01
2.200000000000000000e+04 9.426516913074156623e-01
2.210000000000000000e+04 9.377988429472579046e-01
2.220000000000000000e+04 9.406647503756055961e-01
2.230000000000000000e+04 9.464579694231508578e-01
2.240000000000000000e+04 9.425808627321640154e-01
2.250000000000000000e+04 9.465520520204477872e-01
2.260000000000000000e+04 9.356222766454228568e-01
2.270000000000000000e+04 9.355836816092614194e-01
2.280000000000000000e+04 9.532932522223889205e-01
2.290000000000000000e+04 9.512676215495254883e-01
2.300000000000000000e+04 9.499670244952819198e-01
2.310000000000000000e+04 9.544499158940601413e-01
2.320000000000000000e+04 9.513295164067706589e-01
2.330000000000000000e+04 9.455730200197483004e-01
2.340000000000000000e+04 9.490099956249780089e-01
2.350000000000000000e+04 9.521576848622946843e-01
2.360000000000000000e+04 9.406219762354653957e-01
2.370000000000000000e+04 9.440353786748210130e-01
2.380000000000000000e+04 9.437258397107874952e-01
2.390000000000000000e+04 9.469344069152678678e-01
2.400000000000000000e+04 9.393298798018495654e-01
2.410000000000000000e+04 9.409089978829427992e-01
2.420000000000000000e+04 9.470115784699777439e-01
2.430000000000000000e+04 9.423125382696853070e-01
2.440000000000000000e+04 9.501228753523977000e-01
2.450000000000000000e+04 9.428578825937550256e-01
2.460000000000000000e+04 9.523289859132616497e-01
2.470000000000000000e+04 9.445897937183445059e-01
2.480000000000000000e+04 9.490774274908646557e-01
2.490000000000000000e+04 9.405375126080244286e-01
2.500000000000000000e+04 9.533955707264687440e-01
2.510000000000000000e+04 9.401593578476183932e-01
2.520000000000000000e+04 9.541160668190576954e-01
2.530000000000000000e+04 9.474989223340692934e-01
2.540000000000000000e+04 9.528321508202259871e-01
2.550000000000000000e+04 9.449484311133329317e-01
2.560000000000000000e+04 9.518235993203326695e-01
2.570000000000000000e+04 9.388283212063465166e-01
2.580000000000000000e+04 9.436533200029182389e-01
2.590000000000000000e+04 9.399077796340272739e-01
2.600000000000000000e+04 9.491594215748854202e-01
2.610000000000000000e+04 9.497110331599462052e-01
2.620000000000000000e+04 9.435218627047254891e-01
2.630000000000000000e+04 9.464144991599777734e-01
2.640000000000000000e+04 9.559567944710067877e-01
2.650000000000000000e+04 9.540153791879959488e-01
2.660000000000000000e+04 9.531091736927638225e-01
2.670000000000000000e+04 9.464982275291968783e-01
2.680000000000000000e+04 9.484215469727116377e-01
2.690000000000000000e+04 9.426316287773541802e-01
2.700000000000000000e+04 9.446114892668386886e-01
2.710000000000000000e+04 9.464005081223448856e-01
2.720000000000000000e+04 9.397042293428728987e-01
2.730000000000000000e+04 9.374122136378326697e-01
2.740000000000000000e+04 9.473540378890946689e-01
2.750000000000000000e+04 9.524678538234825353e-01
2.760000000000000000e+04 9.452290770717991508e-01
2.770000000000000000e+04 9.473287021987062406e-01
2.780000000000000000e+04 9.420325542154659448e-01
2.790000000000000000e+04 9.486726364974837900e-01
2.800000000000000000e+04 9.337797510432496173e-01
2.810000000000000000e+04 9.382939303978468093e-01
2.820000000000000000e+04 9.506563286509361888e-01
2.830000000000000000e+04 9.397737859809387473e-01
2.840000000000000000e+04 9.451282886870526756e-01
2.850000000000000000e+04 9.457174880045623455e-01
2.860000000000000000e+04 9.479840001011251571e-01
2.870000000000000000e+04 9.466485658632073363e-01
2.880000000000000000e+04 9.514766089676067740e-01
2.890000000000000000e+04 9.507490987387006154e-01
2.900000000000000000e+04 9.515222297870769008e-01
2.910000000000000000e+04 9.462227030086487467e-01
2.920000000000000000e+04 9.472856919962628908e-01
2.930000000000000000e+04 9.536676431478567917e-01
2.940000000000000000e+04 9.518928934193651159e-01
2.950000000000000000e+04 9.456839497324737165e-01
2.960000000000000000e+04 9.455068009438283294e-01
2.970000000000000000e+04 9.431711289848173640e-01
2.980000000000000000e+04 9.385356241751027229e-01
2.990000000000000000e+04 9.480984161243877217e-01
3.000000000000000000e+04 9.493368846332868038e-01
