0.000000000000000000e+00 4.856679999999999886e-01
1.000000000000000000e+02 3.920560000000000156e-01
2.000000000000000000e+02 5.149420000000000108e-01
3.000000000000000000e+02 5.452159999999999229e-01
4.000000000000000000e+02 6.234640000000000182e-01
5.000000000000000000e+02 6.465800000000000436e-01
6.000000000000000000e+02 6.281239999999999046e-01
7.000000000000000000e+02 6.765520000000000422e-01
8.000000000000000000e+02 6.944759999999998712e-01
9.000000000000000000e+02 7.395840000000000192e-01
1.000000000000000000e+03 7.549840000000000995e-01
1.100000000000000000e+03 7.389680000000000692e-01
1.200000000000000000e+03 7.413919999999999400e-01
1.300000000000000000e+03 7.432679999999999287e-01
1.400000000000000000e+03 7.906079999999999774e-01
1.500000000000000000e+03 8.032039999999999180e-01
1.600000000000000000e+03 7.812799999999999745e-01
1.700000000000000000e+03 8.024679999999999591e-01
1.800000000000000000e+03 8.225359999999999339e-01
1.900000000000000000e+03 8.085280000000001355e-01
2.000000000000000000e+03 8.122920000000000140e-01
2.100000000000000000e+03 8.137959999999999638e-01
2.200000000000000000e+03 8.384000000000000341e-01
2.300000000000000000e+03 8.228879999999999528e-01
2.400000000000000000e+03 8.302279999999999660e-01
2.500000000000000000e+03 8.393359999999998600e-01
2.600000000000000000e+03 8.393920000000000270e-01
2.700000000000000000e+03 8.322279999999999678e-01
2.800000000000000000e+03 8.429679999999999396e-01
2.900000000000000000e+03 8.459999999999999742e-01
3.000000000000000000e+03 8.643519999999998982e-01
3.100000000000000000e+03 8.454960000000000253e-01
3.200000000000000000e+03 8.575439999999999729e-01
3.300000000000000000e+03 8.553239999999998622e-01
3.400000000000000000e+03 8.726039999999999353e-01
3.500000000000000000e+03 8.599720000000000697e-01
3.600000000000000000e+03 8.627839999999999954e-01
3.700000000000000000e+03 8.689639999999998476e-01
3.800000000000000000e+03 8.721440000000000303e-01
3.900000000000000000e+03 8.645960000000000312e-01
4.000000000000000000e+03 8.573800000000000310e-01
4.100000000000000000e+03 8.616119999999998225e-01
4.200000000000000000e+03 8.592159999999999798e-01
4.300000000000000000e+03 8.672239999999999949e-01
4.400000000000000000e+03 8.743399999999998951e-01
4.500000000000000000e+03 8.821879999999999722e-01
4.600000000000000000e+03 8.778200000000001557e-01
4.700000000000000000e+03 8.830400000000000471e-01
4.800000000000000000e+03 8.893240000000000034e-01
4.900000000000000000e+03 8.859080000000000288e-01
5.000000000000000000e+03 8.943320000000000158e-01
5.100000000000000000e+03 8.837399999999999700e-01
5.200000000000000000e+03 8.854680000000000328e-01
5.300000000000000000e+03 8.861959999999999837e-01
5.400000000000000000e+03 8.957679999999998977e-01
5.500000000000000000e+03 8.823719999999999342e-01
5.600000000000000000e+03 8.845199999999999729e-01
5.700000000000000000e+03 8.903999999999998582e-01
5.800000000000000000e+03 9.100479999999998570e-01
5.900000000000000000e+03 8.990080000000000293e-01
6.000000000000000000e+03 9.064079999999998805e-01
6.100000000000000000e+03 8.918679999999999941e-01
6.200000000000000000e+03 8.988959999999999173e-01
6.300000000000000000e+03 9.036199999999999788e-01
6.400000000000000000e+03 8.972359999999999225e-01
6.500000000000000000e+03 9.114879999999998539e-01
6.600000000000000000e+03 8.802199999999998914e-01
6.700000000000000000e+03 9.039519999999998667e-01
6.800000000000000000e+03 9.132120000000000237e-01
6.900000000000000000e+03 8.994680000000000453e-01
7.000000000000000000e+03 8.944239999999998858e-01
7.100000000000000000e+03 9.064039999999999875e-01
7.200000000000000000e+03 8.915160000000000862e-01
7.300000000000000000e+03 9.113840000000000829e-01
7.400000000000000000e+03 9.108160000000000700e-01
7.500000000000000000e+03 8.969599999999999795e-01
7.600000000000000000e+03 9.070919999999998984e-01
7.700000000000000000e+03 9.160559999999998704e-01
7.800000000000000000e+03 9.006440000000000001e-01
7.900000000000000000e+03 9.214959999999999818e-01
8.000000000000000000e+03 9.085440000000000182e-01
8.100000000000000000e+03 9.187839999999999341e-01
8.200000000000000000e+03 9.095479999999998011e-01
8.300000000000000000e+03 9.024439999999999129e-01
8.400000000000000000e+03 9.024759999999999449e-01
8.500000000000000000e+03 9.178920000000000412e-01
8.600000000000000000e+03 9.186119999999999841e-01
8.700000000000000000e+03 9.193999999999999950e-01
8.800000000000000000e+03 8.998920000000000252e-01
8.900000000000000000e+03 9.164320000000000244e-01
9.000000000000000000e+03 9.011640000000000761e-01
9.100000000000000000e+03 9.242679999999998675e-01
9.200000000000000000e+03 9.077920000000000433e-01
9.300000000000000000e+03 9.282680000000000931e-01
9.400000000000000000e+03 9.249320000000000874e-01
9.500000000000000000e+03 9.035680000000001488e-01
9.600000000000000000e+03 9.328039999999999665e-01
9.700000000000000000e+03 9.157799999999999274e-01
9.800000000000000000e+03 9.187760000000000371e-01
9.900000000000000000e+03 9.170320000000000693e-01
1.000000000000000000e+04 9.173999999999999932e-01
1.010000000000000000e+04 9.319720000000000226e-01
1.020000000000000000e+04 9.154839999999999645e-01
1.030000000000000000e+04 9.100679999999999881e-01
1.040000000000000000e+04 9.127600000000000158e-01
1.050000000000000000e+04 9.175200000000000022e-01
1.060000000000000000e+04 9.227759999999999296e-01
1.070000000000000000e+04 9.139320000000000777e-01
1.080000000000000000e+04 9.361559999999998771e-01
1.090000000000000000e+04 9.322960000000000136e-01
1.100000000000000000e+04 9.286879999999998470e-01
1.110000000000000000e+04 9.235480000000001466e-01
1.120000000000000000e+04 9.230760000000001186e-01
1.130000000000000000e+04 9.198960000000000470e-01
1.140000000000000000e+04 9.153200000000000225e-01
1.150000000000000000e+04 9.233479999999999466e-01
1.160000000000000000e+04 9.407079999999998776e-01
1.170000000000000000e+04 9.289720000000000200e-01
1.180000000000000000e+04 9.219319999999999737e-01
1.190000000000000000e+04 9.129720000000001168e-01
1.200000000000000000e+04 9.318479999999998986e-01
1.210000000000000000e+04 9.383439999999999559e-01
1.220000000000000000e+04 9.050839999999999996e-01
1.230000000000000000e+04 9.270639999999999992e-01
1.240000000000000000e+04 9.245479999999999254e-01
1.250000000000000000e+04 9.339399999999999924e-01
1.260000000000000000e+04 9.304320000000000368e-01
1.270000000000000000e+04 9.058040000000000536e-01
1.280000000000000000e+04 9.248279999999999834e-01
1.290000000000000000e+04 9.329399999999999915e-01
1.300000000000000000e+04 9.359319999999999862e-01
1.310000000000000000e+04 9.298559999999997938e-01
1.320000000000000000e+04 9.386039999999999939e-01
1.330000000000000000e+04 9.340600000000000014e-01
1.340000000000000000e+04 9.321319999999999606e-01
1.350000000000000000e+04 9.311119999999999397e-01
1.360000000000000000e+04 9.388959999999999528e-01
1.370000000000000000e+04 9.192519999999999580e-01
1.380000000000000000e+04 9.367319999999998981e-01
1.390000000000000000e+04 9.165040000000000964e-01
1.400000000000000000e+04 9.365400000000000391e-01
1.410000000000000000e+04 9.278800000000000381e-01
1.420000000000000000e+04 9.186319999999998931e-01
1.430000000000000000e+04 9.353439999999999532e-01
1.440000000000000000e+04 9.312879999999998937e-01
1.450000000000000000e+04 9.298240000000000949e-01
1.460000000000000000e+04 9.442120000000000513e-01
1.470000000000000000e+04 9.155919999999999614e-01
1.480000000000000000e+04 9.435959999999999903e-01
1.490000000000000000e+04 9.185879999999998491e-01
1.500000000000000000e+04 9.255600000000000493e-01
1.510000000000000000e+04 9.209720000000000129e-01
1.520000000000000000e+04 9.273719999999999741e-01
1.530000000000000000e+04 9.342159999999999354e-01
1.540000000000000000e+04 9.317079999999998696e-01
1.550000000000000000e+04 9.235999999999999766e-01
1.560000000000000000e+04 9.090440000000001852e-01
1.570000000000000000e+04 9.356759999999999522e-01
1.580000000000000000e+04 9.296640000000000459e-01
1.590000000000000000e+04 9.323440000000000616e-01
1.600000000000000000e+04 9.294320000000001469e-01
1.610000000000000000e+04 9.247480000000000144e-01
1.620000000000000000e+04 9.216559999999998087e-01
1.630000000000000000e+04 9.348560000000000203e-01
1.640000000000000000e+04 9.303839999999999888e-01
1.650000000000000000e+04 9.444519999999998472e-01
1.660000000000000000e+04 9.348559999999999093e-01
1.670000000000000000e+04 9.284879999999999800e-01
1.680000000000000000e+04 9.330800000000000205e-01
1.690000000000000000e+04 9.268199999999999772e-01
1.700000000000000000e+04 9.271399999999999642e-01
1.710000000000000000e+04 9.292559999999998599e-01
1.720000000000000000e+04 9.224200000000000177e-01
1.730000000000000000e+04 9.384519999999999529e-01
1.740000000000000000e+04 9.274359999999998161e-01
1.750000000000000000e+04 9.286919999999999620e-01
1.760000000000000000e+04 9.271240000000000592e-01
1.770000000000000000e+04 9.374160000000000270e-01
1.780000000000000000e+04 9.352320000000000633e-01
1.790000000000000000e+04 9.361280000000000712e-01
1.800000000000000000e+04 9.317399999999999016e-01
1.810000000000000000e+04 9.365719999999999601e-01
1.820000000000000000e+04 9.466479999999999340e-01
1.830000000000000000e+04 9.428839999999998334e-01
1.840000000000000000e+04 9.330880000000000285e-01
1.850000000000000000e+04 9.232199999999999296e-01
1.860000000000000000e+04 9.415000000000000036e-01
1.870000000000000000e+04 9.401439999999998687e-01
1.880000000000000000e+04 9.396639999999999437e-01
1.890000000000000000e+04 9.320840000000000236e-01
1.900000000000000000e+04 9.408840000000000536e-01
1.910000000000000000e+04 9.373039999999999150e-01
1.920000000000000000e+04 9.303040000000000198e-01
1.930000000000000000e+04 9.303879999999999928e-01
1.940000000000000000e+04 9.333759999999999835e-01
1.950000000000000000e+04 9.366480000000000361e-01
1.960000000000000000e+04 9.241440000000000765e-01
1.970000000000000000e+04 9.439240000000000963e-01
1.980000000000000000e+04 9.397399999999999087e-01
1.990000000000000000e+04 9.385479999999999379e-01
2.000000000000000000e+04 9.375480000000000480e-01
2.010000000000000000e+04 9.443759999999999932e-01
2.020000000000000000e+04 9.334440000000000515e-01
2.030000000000000000e+04 9.281919999999999060e-01
2.040000000000000000e+04 9.326519999999998145e-01
2.050000000000000000e+04 9.326639999999999375e-01
2.060000000000000000e+04 9.329039999999999555e-01
2.070000000000000000e+04 9.405120000000000147e-01
2.080000000000000000e+04 9.412000000000000366e-01
2.090000000000000000e+04 9.448959999999999582e-01
2.100000000000000000e+04 9.387160000000001059e-01
2.110000000000000000e+04 9.402799999999998937e-01
2.120000000000000000e+04 9.427120000000001054e-01
2.130000000000000000e+04 9.359399999999999942e-01
2.140000000000000000e+04 9.461519999999999930e-01
2.150000000000000000e+04 9.481559999999999988e-01
2.160000000000000000e+04 9.454600000000000781e-01
2.170000000000000000e+04 9.347960000000000713e-01
2.180000000000000000e+04 9.394799999999999818e-01
2.190000000000000000e+04 9.402040000000000397e-01
2.200000000000000000e+04 9.371840000000000170e-01
2.210000000000000000e+04 9.255959999999999743e-01
2.220000000000000000e+04 9.327879999999999505e-01
2.230000000000000000e+04 9.388959999999998418e-01
2.240000000000000000e+04 9.337999999999999634e-01
2.250000000000000000e+04 9.387480000000001379e-01
2.260000000000000000e+04 9.259039999999999493e-01
2.270000000000000000e+04 9.345040000000000013e-01
2.280000000000000000e+04 9.434399999999998343e-01
2.290000000000000000e+04 9.428600000000000314e-01
2.300000000000000000e+04 9.427759999999999474e-01
2.310000000000000000e+04 9.493480000000000807e-01
2.320000000000000000e+04 9.432680000000001064e-01
2.330000000000000000e+04 9.369879999999999320e-01
2.340000000000000000e+04 9.398680000000000367e-01
2.350000000000000000e+04 9.421799999999999065e-01
2.360000000000000000e+04 9.296720000000000539e-01
2.370000000000000000e+04 9.350559999999999983e-01
2.380000000000000000e+04 9.372039999999999260e-01
2.390000000000000000e+04 9.381919999999999149e-01
2.400000000000000000e+04 9.317159999999999886e-01
2.410000000000000000e+04 9.310599999999998877e-01
2.420000000000000000e+04 9.395759999999999668e-01
2.430000000000000000e+04 9.317720000000000447e-01
2.440000000000000000e+04 9.440599999999998992e-01
2.450000000000000000e+04 9.326360000000000205e-01
2.460000000000000000e+04 9.448959999999999582e-01
2.470000000000000000e+04 9.344600000000000684e-01
2.480000000000000000e+04 9.412800000000000056e-01
2.490000000000000000e+04 9.307760000000000478e-01
2.500000000000000000e+04 9.418879999999999475e-01
2.510000000000000000e+04 9.279919999999999281e-01
2.520000000000000000e+04 9.479800000000000448e-01
2.530000000000000000e+04 9.398480000000000167e-01
2.540000000000000000e+04 9.435520000000000573e-01
2.550000000000000000e+04 9.340559999999999974e-01
2.560000000000000000e+04 9.427920000000000744e-01
2.570000000000000000e+04 9.345079999999998943e-01
2.580000000000000000e+04 9.369080000000000741e-01
2.590000000000000000e+04 9.310199999999999587e-01
2.600000000000000000e+04 9.401880000000000237e-01
2.610000000000000000e+04 9.417440000000000255e-01
2.620000000000000000e+04 9.339319999999999844e-01
2.630000000000000000e+04 9.366720000000000601e-01
2.640000000000000000e+04 9.495160000000000267e-01
2.650000000000000000e+04 9.458239999999999981e-01
2.660000000000000000e+04 9.449719999999999231e-01
2.670000000000000000e+04 9.352360000000000673e-01
2.680000000000000000e+04 9.388360000000001149e-01
2.690000000000000000e+04 9.301840000000000108e-01
2.700000000000000000e+04 9.358480000000000132e-01
2.710000000000000000e+04 9.410039999999999516e-01
2.720000000000000000e+04 9.316319999999999046e-01
2.730000000000000000e+04 9.283279999999998200e-01
2.740000000000000000e+04 9.393839999999999968e-01
2.750000000000000000e+04 9.424440000000000595e-01
2.760000000000000000e+04 9.404200000000000337e-01
2.770000000000000000e+04 9.352439999999999642e-01
2.780000000000000000e+04 9.340079999999999494e-01
2.790000000000000000e+04 9.395400000000000418e-01
2.800000000000000000e+04 9.274880000000000901e-01
2.810000000000000000e+04 9.251959999999999074e-01
2.820000000000000000e+04 9.405080000000000107e-01
2.830000000000000000e+04 9.310319999999999707e-01
2.840000000000000000e+04 9.361759999999998971e-01
2.850000000000000000e+04 9.364120000000001331e-01
2.860000000000000000e+04 9.385240000000000249e-01
2.870000000000000000e+04 9.378479999999997929e-01
2.880000000000000000e+04 9.426400000000001445e-01
2.890000000000000000e+04 9.432760000000000034e-01
2.900000000000000000e+04 9.432559999999998723e-01
2.910000000000000000e+04 9.389919999999999378e-01
2.920000000000000000e+04 9.373879999999998880e-01
2.930000000000000000e+04 9.486879999999999757e-01
2.940000000000000000e+04 9.472000000000000419e-01
2.950000000000000000e+04 9.386520000000000419e-01
2.960000000000000000e+04 9.401360000000000827e-01
2.970000000000000000e+04 9.313480000000000647e-01
2.980000000000000000e+04 9.307520000000000238e-01
2.990000000000000000e+04 9.383559999999999679e-01
3.000000000000000000e+04 9.436559999999999393e-01
