0.000000000000000000e+00 4.741380434542039612e-01
1.000000000000000000e+02 3.842742273809315323e-01
2.000000000000000000e+02 3.965468109488605175e-01
3.000000000000000000e+02 4.133903146454693811e-01
4.000000000000000000e+02 4.212132304401866589e-01
5.000000000000000000e+02 4.239274892556627039e-01
6.000000000000000000e+02 4.404662405994715924e-01
7.000000000000000000e+02 4.305467447880135801e-01
8.000000000000000000e+02 4.414702389104161462e-01
9.000000000000000000e+02 4.395845660802711885e-01
1.000000000000000000e+03 4.724187130256612965e-01
1.100000000000000000e+03 4.665259833090992236e-01
1.200000000000000000e+03 4.829153568934787533e-01
1.300000000000000000e+03 4.798700284976831210e-01
1.400000000000000000e+03 4.772589176595127269e-01
1.500000000000000000e+03 5.048742004411373996e-01
1.600000000000000000e+03 4.993077397469987133e-01
1.700000000000000000e+03 5.248611070838267167e-01
1.800000000000000000e+03 5.038124468158728941e-01
1.900000000000000000e+03 5.146403921285804817e-01
2.000000000000000000e+03 5.404741191286905888e-01
2.100000000000000000e+03 5.621345146263546644e-01
2.200000000000000000e+03 5.534084261272695926e-01
2.300000000000000000e+03 5.596668187549886930e-01
2.400000000000000000e+03 5.779115836823444097e-01
2.500000000000000000e+03 5.707327418162255750e-01
2.600000000000000000e+03 6.161221690740659174e-01
2.700000000000000000e+03 5.957001262706704825e-01
2.800000000000000000e+03 6.120190070080192557e-01
2.900000000000000000e+03 6.182929549577594885e-01
3.000000000000000000e+03 6.405350312662614343e-01
3.100000000000000000e+03 6.373915916060967080e-01
3.200000000000000000e+03 6.462487911702514687e-01
3.300000000000000000e+03 6.728384297877649800e-01
3.400000000000000000e+03 6.764157485446263829e-01
3.500000000000000000e+03 6.574597955127825522e-01
3.600000000000000000e+03 6.831032236365772725e-01
3.700000000000000000e+03 7.098499460599199118e-01
3.800000000000000000e+03 6.822824067715312912e-01
3.900000000000000000e+03 6.987708032551218640e-01
4.000000000000000000e+03 7.228154172282283962e-01
4.100000000000000000e+03 6.918984301930366509e-01
4.200000000000000000e+03 7.343693016908325877e-01
4.300000000000000000e+03 7.335033391078763509e-01
4.400000000000000000e+03 7.280086543924191300e-01
4.500000000000000000e+03 7.353129861300025105e-01
4.600000000000000000e+03 7.468225599515871949e-01
4.700000000000000000e+03 7.597736234532819211e-01
4.800000000000000000e+03 7.636856378809568913e-01
4.900000000000000000e+03 7.501068833604972452e-01
5.000000000000000000e+03 7.585739237980355654e-01
5.100000000000000000e+03 7.677962350748841480e-01
5.200000000000000000e+03 8.061378380482612238e-01
5.300000000000000000e+03 8.015784260210069290e-01
5.400000000000000000e+03 7.795920795867474773e-01
5.500000000000000000e+03 7.985002437815220677e-01
5.600000000000000000e+03 7.932486947726397064e-01
5.700000000000000000e+03 7.858346991596685260e-01
5.800000000000000000e+03 8.054470609330288688e-01
5.900000000000000000e+03 7.995466279477663196e-01
6.000000000000000000e+03 8.050349039166869725e-01
6.100000000000000000e+03 8.282839175156226919e-01
6.200000000000000000e+03 8.203863335599411721e-01
6.300000000000000000e+03 8.245209487486830913e-01
6.400000000000000000e+03 8.307521203300538559e-01
6.500000000000000000e+03 8.328723691614789981e-01
6.600000000000000000e+03 8.391586874634717752e-01
6.700000000000000000e+03 8.372661403349072051e-01
6.800000000000000000e+03 8.439781293254799976e-01
6.900000000000000000e+03 8.462812395309217139e-01
7.000000000000000000e+03 8.582277553083907939e-01
7.100000000000000000e+03 8.548108892488274213e-01
7.200000000000000000e+03 8.518396059625790162e-01
7.300000000000000000e+03 8.744837755290648662e-01
7.400000000000000000e+03 8.808560339888760193e-01
7.500000000000000000e+03 8.715634760484815002e-01
7.600000000000000000e+03 8.778991659973449657e-01
7.700000000000000000e+03 8.875903052775181434e-01
7.800000000000000000e+03 8.853965567026336192e-01
7.900000000000000000e+03 9.042683554455075434e-01
8.000000000000000000e+03 8.944525021379075014e-01
8.100000000000000000e+03 9.027491581374587071e-01
8.200000000000000000e+03 8.963744832852579281e-01
8.300000000000000000e+03 9.168108982714180399e-01
8.400000000000000000e+03 9.112380672539610593e-01
8.500000000000000000e+03 9.164516264302802195e-01
8.600000000000000000e+03 9.005005013513438517e-01
8.700000000000000000e+03 9.257886459206843277e-01
8.800000000000000000e+03 9.070336590223442297e-01
8.900000000000000000e+03 9.065896983592578451e-01
9.000000000000000000e+03 9.226582163083478783e-01
9.100000000000000000e+03 9.175673233938522744e-01
9.200000000000000000e+03 9.257902306371589285e-01
9.300000000000000000e+03 9.217681084773997613e-01
9.400000000000000000e+03 9.222230120466836656e-01
9.500000000000000000e+03 9.337470797461921990e-01
9.600000000000000000e+03 9.432032253653799270e-01
9.700000000000000000e+03 9.389178804773120612e-01
9.800000000000000000e+03 9.373373467180732277e-01
9.900000000000000000e+03 9.308590626665365075e-01
1.000000000000000000e+04 9.355454489180089483e-01
1.010000000000000000e+04 9.409486175506617256e-01
1.020000000000000000e+04 9.272824289146953669e-01
1.030000000000000000e+04 9.457450356452941076e-01
1.040000000000000000e+04 9.400925269819716545e-01
1.050000000000000000e+04 9.412830797729522248e-01
1.060000000000000000e+04 9.398199544630957414e-01
1.070000000000000000e+04 9.452887430497042276e-01
1.080000000000000000e+04 9.501579658115039129e-01
1.090000000000000000e+04 9.497118920103019279e-01
1.100000000000000000e+04 9.562426873752101208e-01
1.110000000000000000e+04 9.479589708880162835e-01
1.120000000000000000e+04 9.522999028726767401e-01
1.130000000000000000e+04 9.663924817283967572e-01
1.140000000000000000e+04 9.610642536817958215e-01
1.150000000000000000e+04 9.501381784057831847e-01
1.160000000000000000e+04 9.546324364871500157e-01
1.170000000000000000e+04 9.564927080079407284e-01
1.180000000000000000e+04 9.621980944351338216e-01
1.190000000000000000e+04 9.488162332548573108e-01
1.200000000000000000e+04 9.575903463521133752e-01
1.210000000000000000e+04 9.633911866887986397e-01
1.220000000000000000e+04 9.629313535756756082e-01
1.230000000000000000e+04 9.570282730500967450e-01
1.240000000000000000e+04 9.664233089821068212e-01
1.250000000000000000e+04 9.502020506080230966e-01
1.260000000000000000e+04 9.638849340129274079e-01
1.270000000000000000e+04 9.628492443061208439e-01
1.280000000000000000e+04 9.737339520720500463e-01
1.290000000000000000e+04 9.639098673758287328e-01
1.300000000000000000e+04 9.660096081838919213e-01
1.310000000000000000e+04 9.656940480465157073e-01
1.320000000000000000e+04 9.617131823276838798e-01
1.330000000000000000e+04 9.717249799846652270e-01
1.340000000000000000e+04 9.604007591702348190e-01
1.350000000000000000e+04 9.715972870272211459e-01
1.360000000000000000e+04 9.644288813213413025e-01
1.370000000000000000e+04 9.648237199466506153e-01
1.380000000000000000e+04 9.736359009408039888e-01
1.390000000000000000e+04 9.687062179606515944e-01
1.400000000000000000e+04 9.743950305123908473e-01
1.410000000000000000e+04 9.755769250870915954e-01
1.420000000000000000e+04 9.731690005046855774e-01
1.430000000000000000e+04 9.689787430670716573e-01
1.440000000000000000e+04 9.677141139672268411e-01
1.450000000000000000e+04 9.728046703849315691e-01
1.460000000000000000e+04 9.775105459849230405e-01
1.470000000000000000e+04 9.722222361873349428e-01
1.480000000000000000e+04 9.701138255860042303e-01
1.490000000000000000e+04 9.674013847602916938e-01
1.500000000000000000e+04 9.790792987694184601e-01
1.510000000000000000e+04 9.721826589836624066e-01
1.520000000000000000e+04 9.755119287156862606e-01
1.530000000000000000e+04 9.716864107287974672e-01
1.540000000000000000e+04 9.760003219339861147e-01
1.550000000000000000e+04 9.752304033271477213e-01
1.560000000000000000e+04 9.784912294158913948e-01
1.570000000000000000e+04 9.690062489859876393e-01
1.580000000000000000e+04 9.786672202290471745e-01
1.590000000000000000e+04 9.829662932983322943e-01
1.600000000000000000e+04 9.741771793055533646e-01
1.610000000000000000e+04 9.765266974669286615e-01
1.620000000000000000e+04 9.794314618806293504e-01
1.630000000000000000e+04 9.770421017868724523e-01
1.640000000000000000e+04 9.765910577125497261e-01
1.650000000000000000e+04 9.701897352122170748e-01
1.660000000000000000e+04 9.779233014092154619e-01
1.670000000000000000e+04 9.763140986198692861e-01
1.680000000000000000e+04 9.777130835353631255e-01
1.690000000000000000e+04 9.741423802497060080e-01
1.700000000000000000e+04 9.816403685201331442e-01
1.710000000000000000e+04 9.821203458531124753e-01
1.720000000000000000e+04 9.811569357458804763e-01
1.730000000000000000e+04 9.825389524288010712e-01
1.740000000000000000e+04 9.824633603440691143e-01
1.750000000000000000e+04 9.775598996997286738e-01
1.760000000000000000e+04 9.835625825155774882e-01
1.770000000000000000e+04 9.814047386475719392e-01
1.780000000000000000e+04 9.804216139653116890e-01
1.790000000000000000e+04 9.817404177855649783e-01
1.800000000000000000e+04 9.763510126179962834e-01
1.810000000000000000e+04 9.783333324845213674e-01
1.820000000000000000e+04 9.842124361585958825e-01
1.830000000000000000e+04 9.837074621688923770e-01
1.840000000000000000e+04 9.781546865466074214e-01
1.850000000000000000e+04 9.789439452466839331e-01
1.860000000000000000e+04 9.783714061078904178e-01
1.870000000000000000e+04 9.830629766657740243e-01
1.880000000000000000e+04 9.813139777270202257e-01
1.890000000000000000e+04 9.825367346317779305e-01
1.900000000000000000e+04 9.814818950892755245e-01
1.910000000000000000e+04 9.833620514778187438e-01
1.920000000000000000e+04 9.758695838010923440e-01
1.930000000000000000e+04 9.843236991436488115e-01
1.940000000000000000e+04 9.854709965133151561e-01
1.950000000000000000e+04 9.841538634445128331e-01
1.960000000000000000e+04 9.888264539295350541e-01
1.970000000000000000e+04 9.749001669185951569e-01
1.980000000000000000e+04 9.771398342481545374e-01
1.990000000000000000e+04 9.846467498062446699e-01
2.000000000000000000e+04 9.776816187101240452e-01
2.010000000000000000e+04 9.801654139348108252e-01
2.020000000000000000e+04 9.784203875395995897e-01
2.030000000000000000e+04 9.782649086346828504e-01
2.040000000000000000e+04 9.819797732243289445e-01
2.050000000000000000e+04 9.831153520870666851e-01
2.060000000000000000e+04 9.838956214154590540e-01
2.070000000000000000e+04 9.803682425356803343e-01
2.080000000000000000e+04 9.829612106292560103e-01
2.090000000000000000e+04 9.765993371033888648e-01
2.100000000000000000e+04 9.849564351563370179e-01
2.110000000000000000e+04 9.793210459483445707e-01
2.120000000000000000e+04 9.807957247208423102e-01
2.130000000000000000e+04 9.756727065350484507e-01
2.140000000000000000e+04 9.830994222987514686e-01
2.150000000000000000e+04 9.772190274770961027e-01
2.160000000000000000e+04 9.793133165890269831e-01
2.170000000000000000e+04 9.811231404100122511e-01
2.180000000000000000e+04 9.764862155507648689e-01
2.190000000000000000e+04 9.799491077197080013e-01
2.200000000000000000e+04 9.802414282140839985e-01
2.210000000000000000e+04 9.805772879175165269e-01
2.220000000000000000e+04 9.804667919879517246e-01
2.230000000000000000e+04 9.799488127270052917e-01
2.240000000000000000e+04 9.809725742172736851e-01
2.250000000000000000e+04 9.870893972823114870e-01
2.260000000000000000e+04 9.836945027325808555e-01
2.270000000000000000e+04 9.774531317733259339e-01
2.280000000000000000e+04 9.814895817460135286e-01
2.290000000000000000e+04 9.775443392223411854e-01
2.300000000000000000e+04 9.827599507902571307e-01
2.310000000000000000e+04 9.870184444773545396e-01
2.320000000000000000e+04 9.807783867593607985e-01
2.330000000000000000e+04 9.818915109532293517e-01
2.340000000000000000e+04 9.833313542707866617e-01
2.350000000000000000e+04 9.779494773648731432e-01
2.360000000000000000e+04 9.813986689204556857e-01
2.370000000000000000e+04 9.816454427821177386e-01
2.380000000000000000e+04 9.842610275366457939e-01
2.390000000000000000e+04 9.820122458812701183e-01
2.400000000000000000e+04 9.805827354975578114e-01
2.410000000000000000e+04 9.764204178076019147e-01
2.420000000000000000e+04 9.845110923013400406e-01
2.430000000000000000e+04 9.800999257928952879e-01
2.440000000000000000e+04 9.884357042705379515e-01
2.450000000000000000e+04 9.796843856354295887e-01
2.460000000000000000e+04 9.753572226957702984e-01
2.470000000000000000e+04 9.854795293834097691e-01
2.480000000000000000e+04 9.814194208758242333e-01
2.490000000000000000e+04 9.839487382391729486e-01
2.500000000000000000e+04 9.830614210286683363e-01
2.510000000000000000e+04 9.830145111479142717e-01
2.520000000000000000e+04 9.845780779588495513e-01
2.530000000000000000e+04 9.804504869738057682e-01
2.540000000000000000e+04 9.790703527460875577e-01
2.550000000000000000e+04 9.781363449157736145e-01
2.560000000000000000e+04 9.817671714249134318e-01
2.570000000000000000e+04 9.803322232542933667e-01
2.580000000000000000e+04 9.815626287759375845e-01
2.590000000000000000e+04 9.821731203416230738e-01
2.600000000000000000e+04 9.784369549169020797e-01
2.610000000000000000e+04 9.754927447165315790e-01
2.620000000000000000e+04 9.829255761879088782e-01
2.630000000000000000e+04 9.790772070447104625e-01
2.640000000000000000e+04 9.850015760278441057e-01
2.650000000000000000e+04 9.864943721799466214e-01
2.660000000000000000e+04 9.812696207227553646e-01
2.670000000000000000e+04 9.850261816061834930e-01
2.680000000000000000e+04 9.785752411989436794e-01
2.690000000000000000e+04 9.767856913206516278e-01
2.700000000000000000e+04 9.822226514627724336e-01
2.710000000000000000e+04 9.774673292212605613e-01
2.720000000000000000e+04 9.772579945467720908e-01
2.730000000000000000e+04 9.778593644003152896e-01
2.740000000000000000e+04 9.805292084591266111e-01
2.750000000000000000e+04 9.811916663847675135e-01
2.760000000000000000e+04 9.773296035703507023e-01
2.770000000000000000e+04 9.803371989578112400e-01
2.780000000000000000e+04 9.817111997427641068e-01
2.790000000000000000e+04 9.743640490442215807e-01
2.800000000000000000e+04 9.817893479179984340e-01
2.810000000000000000e+04 9.827624977051310218e-01
2.820000000000000000e+04 9.816776701077338796e-01
2.830000000000000000e+04 9.822179977251866978e-01
2.840000000000000000e+04 9.810714644335474244e-01
2.850000000000000000e+04 9.812302481922274833e-01
2.860000000000000000e+04 9.859192126168724313e-01
2.870000000000000000e+04 9.754013723314238771e-01
2.880000000000000000e+04 9.818977864310827197e-01
2.890000000000000000e+04 9.825086133366486285e-01
2.900000000000000000e+04 9.789847755662943740e-01
2.910000000000000000e+04 9.856179907452251587e-01
2.920000000000000000e+04 9.800157256901212977e-01
2.930000000000000000e+04 9.730519679920660581e-01
2.940000000000000000e+04 9.797675768116040906e-01
2.950000000000000000e+04 9.817902219220238091e-01
2.960000000000000000e+04 9.829242421891711823e-01
2.970000000000000000e+04 9.827093383829530460e-01
2.980000000000000000e+04 9.789328567230826117e-01
2.990000000000000000e+04 9.784294429758308986e-01
3.000000000000000000e+04 9.785874739416247081e-01
