0.000000000000000000e+00 4.766532463325466318e-01
1.000000000000000000e+02 3.166684663283302337e-01
2.000000000000000000e+02 3.458178433883001279e-01
3.000000000000000000e+02 3.761858484890555077e-01
4.000000000000000000e+02 3.949846000380500266e-01
5.000000000000000000e+02 4.068315156750530459e-01
6.000000000000000000e+02 4.368293046621520848e-01
7.000000000000000000e+02 4.275070572446665884e-01
8.000000000000000000e+02 4.375954463418020857e-01
9.000000000000000000e+02 4.455808022377506505e-01
1.000000000000000000e+03 4.867364935392146652e-01
1.100000000000000000e+03 4.782677999393257218e-01
1.200000000000000000e+03 5.163383569603200440e-01
1.300000000000000000e+03 5.076742715226679747e-01
1.400000000000000000e+03 5.041623603334001169e-01
1.500000000000000000e+03 5.308950488736688955e-01
1.600000000000000000e+03 5.171302080923071420e-01
1.700000000000000000e+03 5.534576642448362227e-01
1.800000000000000000e+03 5.338567777829196226e-01
1.900000000000000000e+03 5.423357551637434382e-01
2.000000000000000000e+03 5.583064669556407900e-01
2.100000000000000000e+03 5.767555699528488233e-01
2.200000000000000000e+03 5.746576786421293548e-01
2.300000000000000000e+03 5.728940102117945354e-01
2.400000000000000000e+03 5.849825947007676330e-01
2.500000000000000000e+03 5.873787156585990044e-01
2.600000000000000000e+03 6.316143993500650256e-01
2.700000000000000000e+03 6.101315809770619936e-01
2.800000000000000000e+03 6.188727947717257427e-01
2.900000000000000000e+03 6.280305016942528962e-01
3.000000000000000000e+03 6.545729402872260128e-01
3.100000000000000000e+03 6.296990451509401066e-01
3.200000000000000000e+03 6.473125909471876271e-01
3.300000000000000000e+03 6.619618368889506055e-01
3.400000000000000000e+03 6.709498614260518412e-01
3.500000000000000000e+03 6.512564209357212253e-01
3.600000000000000000e+03 6.826528041299664284e-01
3.700000000000000000e+03 6.935484700304913597e-01
3.800000000000000000e+03 6.813878990749738795e-01
3.900000000000000000e+03 6.997033129200281865e-01
4.000000000000000000e+03 7.138795049387858249e-01
4.100000000000000000e+03 6.916562543384700001e-01
4.200000000000000000e+03 7.327193916115197769e-01
4.300000000000000000e+03 7.277266159676266666e-01
4.400000000000000000e+03 7.216129082018294394e-01
4.500000000000000000e+03 7.330793239442413567e-01
4.600000000000000000e+03 7.385760048539445899e-01
4.700000000000000000e+03 7.575958576930393873e-01
4.800000000000000000e+03 7.589841681192507350e-01
4.900000000000000000e+03 7.479959481903116769e-01
5.000000000000000000e+03 7.534052169620681916e-01
5.100000000000000000e+03 7.691342599019955761e-01
5.200000000000000000e+03 7.926224155573038388e-01
5.300000000000000000e+03 7.875473696659311962e-01
5.400000000000000000e+03 7.736179883896112663e-01
5.500000000000000000e+03 7.866321131627255214e-01
5.600000000000000000e+03 7.873519778281684589e-01
5.700000000000000000e+03 7.780091628488129407e-01
5.800000000000000000e+03 7.994251366457392205e-01
5.900000000000000000e+03 8.023662979931202033e-01
6.000000000000000000e+03 7.963605699271395499e-01
6.100000000000000000e+03 8.209233806901443664e-01
6.200000000000000000e+03 8.130922815082193278e-01
6.300000000000000000e+03 8.202137998056365786e-01
6.400000000000000000e+03 8.229801368771242354e-01
6.500000000000000000e+03 8.301736416410858688e-01
6.600000000000000000e+03 8.376190990379521750e-01
6.700000000000000000e+03 8.345648161002874321e-01
6.800000000000000000e+03 8.401231996956000092e-01
6.900000000000000000e+03 8.408019292373033471e-01
7.000000000000000000e+03 8.527722502455252762e-01
7.100000000000000000e+03 8.486741635429682074e-01
7.200000000000000000e+03 8.491729269183106998e-01
7.300000000000000000e+03 8.662028681465028246e-01
7.400000000000000000e+03 8.791809996863447774e-01
7.500000000000000000e+03 8.707482993197278587e-01
7.600000000000000000e+03 8.755148317830533378e-01
7.700000000000000000e+03 8.799008643517876038e-01
7.800000000000000000e+03 8.823021272000863835e-01
7.900000000000000000e+03 8.974861297504640456e-01
8.000000000000000000e+03 8.931000971817297795e-01
8.100000000000000000e+03 8.976146770121502527e-01
8.200000000000000000e+03 8.947095088980413502e-01
8.300000000000000000e+03 9.160792056807606221e-01
8.400000000000000000e+03 9.063867421496186738e-01
8.500000000000000000e+03 9.131586118952494946e-01
8.600000000000000000e+03 9.003810140836380205e-01
8.700000000000000000e+03 9.227019606028351584e-01
8.800000000000000000e+03 9.061039381739089960e-01
8.900000000000000000e+03 9.046539250620884154e-01
9.000000000000000000e+03 9.189740900139344859e-01
9.100000000000000000e+03 9.174366647641671868e-01
9.200000000000000000e+03 9.246713046518683088e-01
9.300000000000000000e+03 9.208148868012813182e-01
9.400000000000000000e+03 9.222443323512322655e-01
9.500000000000000000e+03 9.328366267141777746e-01
9.600000000000000000e+03 9.398758747641158262e-01
9.700000000000000000e+03 9.376391524107754449e-01
9.800000000000000000e+03 9.347494099680688784e-01
9.900000000000000000e+03 9.262292974635053522e-01
1.000000000000000000e+04 9.330525861138107002e-01
1.010000000000000000e+04 9.379219563864851228e-01
1.020000000000000000e+04 9.267589121816526276e-01
1.030000000000000000e+04 9.432798062535672212e-01
1.040000000000000000e+04 9.378756793722781149e-01
1.050000000000000000e+04 9.402512327682394089e-01
1.060000000000000000e+04 9.401895300826300650e-01
1.070000000000000000e+04 9.457633393493450891e-01
1.080000000000000000e+04 9.491415613864593315e-01
1.090000000000000000e+04 9.476966901651061592e-01
1.100000000000000000e+04 9.538875262879149552e-01
1.110000000000000000e+04 9.455062448259726748e-01
1.120000000000000000e+04 9.515119728919535502e-01
1.130000000000000000e+04 9.630812264437143000e-01
1.140000000000000000e+04 9.591219707837783659e-01
1.150000000000000000e+04 9.489667371105660054e-01
1.160000000000000000e+04 9.526123374519874787e-01
1.170000000000000000e+04 9.541754721540921524e-01
1.180000000000000000e+04 9.608033689666343191e-01
1.190000000000000000e+04 9.496351828713345267e-01
1.200000000000000000e+04 9.553581069616056132e-01
1.210000000000000000e+04 9.615643687558167452e-01
1.220000000000000000e+04 9.600937880821263093e-01
1.230000000000000000e+04 9.538361073832405390e-01
1.240000000000000000e+04 9.641610234418787062e-01
1.250000000000000000e+04 9.530905332654604489e-01
1.260000000000000000e+04 9.622688077498572357e-01
1.270000000000000000e+04 9.628035643584719194e-01
1.280000000000000000e+04 9.710614404491955121e-01
1.290000000000000000e+04 9.627624292347325419e-01
1.300000000000000000e+04 9.660378134624976187e-01
1.310000000000000000e+04 9.648037597503098528e-01
1.320000000000000000e+04 9.628292738108092941e-01
1.330000000000000000e+04 9.687270221769734846e-01
1.340000000000000000e+04 9.593225045120088446e-01
1.350000000000000000e+04 9.707169337878764903e-01
1.360000000000000000e+04 9.632766182814773703e-01
1.370000000000000000e+04 9.654259284968710331e-01
1.380000000000000000e+04 9.707786364734858342e-01
1.390000000000000000e+04 9.660583810243673630e-01
1.400000000000000000e+04 9.720641090903481274e-01
1.410000000000000000e+04 9.742956895532211004e-01
1.420000000000000000e+04 9.715653457150056349e-01
1.430000000000000000e+04 9.692874882379255430e-01
1.440000000000000000e+04 9.671176104606620250e-01
1.450000000000000000e+04 9.716578997434196507e-01
1.460000000000000000e+04 9.754886081416693777e-01
1.470000000000000000e+04 9.712208390536865021e-01
1.480000000000000000e+04 9.698325286274751544e-01
1.490000000000000000e+04 9.674261238887089664e-01
1.500000000000000000e+04 9.774219589574303368e-01
1.510000000000000000e+04 9.727685480843887289e-01
1.520000000000000000e+04 9.746401962145402331e-01
1.530000000000000000e+04 9.710614404491956231e-01
1.540000000000000000e+04 9.749281420807173193e-01
1.550000000000000000e+04 9.739974599061089755e-01
1.560000000000000000e+04 9.775350805477142080e-01
1.570000000000000000e+04 9.703364338932851663e-01
1.580000000000000000e+04 9.775299386572466886e-01
1.590000000000000000e+04 9.823221805729094314e-01
1.600000000000000000e+04 9.746761894478124244e-01
1.610000000000000000e+04 9.759462363932723816e-01
1.620000000000000000e+04 9.787537085884996380e-01
1.630000000000000000e+04 9.770414590628391238e-01
1.640000000000000000e+04 9.762084728071122042e-01
1.650000000000000000e+04 9.712979674106981820e-01
1.660000000000000000e+04 9.766506753873129831e-01
1.670000000000000000e+04 9.759925134074793895e-01
1.680000000000000000e+04 9.781058303896010830e-01
1.690000000000000000e+04 9.741620004010673739e-01
1.700000000000000000e+04 9.818079915261643809e-01
1.710000000000000000e+04 9.819930995829926346e-01
1.720000000000000000e+04 9.817668564024248923e-01
1.730000000000000000e+04 9.828620790719916345e-01
1.740000000000000000e+04 9.810829849702542571e-01
1.750000000000000000e+04 9.785583167507365676e-01
1.760000000000000000e+04 9.825844169867492539e-01
1.770000000000000000e+04 9.819571063497204433e-01
1.780000000000000000e+04 9.809904309418400192e-01
1.790000000000000000e+04 9.814120659601708319e-01
1.800000000000000000e+04 9.761827633547749405e-01
1.810000000000000000e+04 9.784194857081154328e-01
1.820000000000000000e+04 9.836436464230438048e-01
1.830000000000000000e+04 9.844046462122263419e-01
1.840000000000000000e+04 9.792473300733747221e-01
1.850000000000000000e+04 9.800648906576991948e-01
1.860000000000000000e+04 9.787794180408369016e-01
1.870000000000000000e+04 9.819108293355135464e-01
1.880000000000000000e+04 9.815714645646619330e-01
1.890000000000000000e+04 9.832322951856479198e-01
1.900000000000000000e+04 9.823530319157141033e-01
1.910000000000000000e+04 9.822450522158977515e-01
1.920000000000000000e+04 9.783783505843758332e-01
1.930000000000000000e+04 9.843069502933449177e-01
1.940000000000000000e+04 9.850576663015924161e-01
1.950000000000000000e+04 9.840909908937118811e-01
1.960000000000000000e+04 9.875154899450331314e-01
1.970000000000000000e+04 9.761159187786981883e-01
1.980000000000000000e+04 9.770723104056437958e-01
1.990000000000000000e+04 9.843686529789542616e-01
2.000000000000000000e+04 9.791547760449605953e-01
2.010000000000000000e+04 9.807744715422072046e-01
2.020000000000000000e+04 9.786868640124228858e-01
2.030000000000000000e+04 9.791084990307536984e-01
2.040000000000000000e+04 9.828620790719916345e-01
2.050000000000000000e+04 9.831345992667663847e-01
2.060000000000000000e+04 9.830523290192871855e-01
2.070000000000000000e+04 9.812166741224077615e-01
2.080000000000000000e+04 9.829597749908731696e-01
2.090000000000000000e+04 9.768974861297504697e-01
2.100000000000000000e+04 9.843120921838123261e-01
2.110000000000000000e+04 9.804196810999532552e-01
2.120000000000000000e+04 9.825124305202050934e-01
2.130000000000000000e+04 9.775556481095840633e-01
2.140000000000000000e+04 9.832425789665828475e-01
2.150000000000000000e+04 9.782292357608197708e-01
2.160000000000000000e+04 9.806253567186511422e-01
2.170000000000000000e+04 9.814274916315731678e-01
2.180000000000000000e+04 9.777253304950098700e-01
2.190000000000000000e+04 9.803168432906042007e-01
2.200000000000000000e+04 9.819982414734601539e-01
2.210000000000000000e+04 9.807590458708048686e-01
2.220000000000000000e+04 9.811909646700704979e-01
2.230000000000000000e+04 9.802757081668646011e-01
2.240000000000000000e+04 9.807590458708047576e-01
2.250000000000000000e+04 9.866619361274365785e-01
2.260000000000000000e+04 9.836333626421089882e-01
2.270000000000000000e+04 9.798180799152617082e-01
2.280000000000000000e+04 9.818182753070994195e-01
2.290000000000000000e+04 9.796792488726404624e-01
2.300000000000000000e+04 9.829289236480683867e-01
2.310000000000000000e+04 9.869293144317439204e-01
2.320000000000000000e+04 9.811549714367985287e-01
2.330000000000000000e+04 9.826666872342284531e-01
2.340000000000000000e+04 9.839521598510907463e-01
2.350000000000000000e+04 9.806407823900534781e-01
2.360000000000000000e+04 9.817257212786851817e-01
2.370000000000000000e+04 9.826204102200214452e-01
2.380000000000000000e+04 9.840652814413747285e-01
2.390000000000000000e+04 9.826204102200215562e-01
2.400000000000000000e+04 9.804093973190183275e-01
2.410000000000000000e+04 9.790622220165465794e-01
2.420000000000000000e+04 9.838750314940791775e-01
2.430000000000000000e+04 9.802911338382669371e-01
2.440000000000000000e+04 9.880502465536479262e-01
2.450000000000000000e+04 9.808618836801539231e-01
2.460000000000000000e+04 9.769386212534900693e-01
2.470000000000000000e+04 9.853970310724441406e-01
2.480000000000000000e+04 9.823221805729094314e-01
2.490000000000000000e+04 9.834996734899552617e-01
2.500000000000000000e+04 9.837670517942626036e-01
2.510000000000000000e+04 9.826204102200214452e-01
2.520000000000000000e+04 9.846977339688710584e-01
2.530000000000000000e+04 9.818131334166320112e-01
2.540000000000000000e+04 9.802551406049948568e-01
2.550000000000000000e+04 9.792319044019723862e-01
2.560000000000000000e+04 9.820753698304718338e-01
2.570000000000000000e+04 9.814377754125080955e-01
2.580000000000000000e+04 9.824867210678678298e-01
2.590000000000000000e+04 9.838441801512743945e-01
2.600000000000000000e+04 9.804351067713557022e-01
2.610000000000000000e+04 9.779618574565125400e-01
2.620000000000000000e+04 9.835716599564996443e-01
2.630000000000000000e+04 9.797563772296521423e-01
2.640000000000000000e+04 9.854535918675859651e-01
2.650000000000000000e+04 9.863071456851826291e-01
2.660000000000000000e+04 9.825432818630097653e-01
2.670000000000000000e+04 9.845589029262498126e-01
2.680000000000000000e+04 9.792216206210374585e-01
2.690000000000000000e+04 9.787434248075648213e-01
2.700000000000000000e+04 9.838081869180022032e-01
2.710000000000000000e+04 9.787228572456948550e-01
2.720000000000000000e+04 9.788051274931740542e-01
2.730000000000000000e+04 9.798952082722732770e-01
2.740000000000000000e+04 9.815560388932595970e-01
2.750000000000000000e+04 9.815868902360641579e-01
2.760000000000000000e+04 9.790056612214046439e-01
2.770000000000000000e+04 9.806407823900534781e-01
2.780000000000000000e+04 9.830574709097548158e-01
2.790000000000000000e+04 9.754371892369948505e-01
2.800000000000000000e+04 9.820548022686020895e-01
2.810000000000000000e+04 9.835768018469670526e-01
2.820000000000000000e+04 9.818182753070994195e-01
2.830000000000000000e+04 9.826049845486192202e-01
2.840000000000000000e+04 9.823684575871165503e-01
2.850000000000000000e+04 9.835150991613577087e-01
2.860000000000000000e+04 9.861528889711591583e-01
2.870000000000000000e+04 9.781572492942754993e-01
2.880000000000000000e+04 9.828415115101218902e-01
2.890000000000000000e+04 9.832528627475177752e-01
2.900000000000000000e+04 9.820136671448626009e-01
2.910000000000000000e+04 9.854895851008582675e-01
2.920000000000000000e+04 9.808361742278165485e-01
2.930000000000000000e+04 9.757508445555092003e-01
2.940000000000000000e+04 9.807487620898698299e-01
2.950000000000000000e+04 9.820290928162648258e-01
2.960000000000000000e+04 9.828363696196543708e-01
2.970000000000000000e+04 9.834482545852808455e-01
2.980000000000000000e+04 9.801728703575155466e-01
2.990000000000000000e+04 9.800340393148945228e-01
3.000000000000000000e+04 9.794015867873984149e-01
