0.000000000000000000e+00 4.850993311668203578e-01
1.000000000000000000e+02 3.528718346424295493e-01
2.000000000000000000e+02 3.684922883513991332e-01
3.000000000000000000e+02 3.875500200333219514e-01
4.000000000000000000e+02 4.029373705363221703e-01
5.000000000000000000e+02 4.008513813279457882e-01
6.000000000000000000e+02 3.982435370526172802e-01
7.000000000000000000e+02 4.029608053136365386e-01
8.000000000000000000e+02 4.237775514291652335e-01
9.000000000000000000e+02 4.155829913676769571e-01
1.000000000000000000e+03 4.312482882634068870e-01
1.100000000000000000e+03 4.490244017881506178e-01
1.200000000000000000e+03 4.300396060035058809e-01
1.300000000000000000e+03 4.384998037248357128e-01
1.400000000000000000e+03 4.465082583377326109e-01
1.500000000000000000e+03 4.658944085051286432e-01
1.600000000000000000e+03 4.380216067043723460e-01
1.700000000000000000e+03 4.641186536310533683e-01
1.800000000000000000e+03 4.669287164150960900e-01
1.900000000000000000e+03 4.489584707471974134e-01
2.000000000000000000e+03 5.006073358722626931e-01
2.100000000000000000e+03 4.783672736001738368e-01
2.200000000000000000e+03 4.839514588501632186e-01
2.300000000000000000e+03 4.853720543338794768e-01
2.400000000000000000e+03 5.080186235161219255e-01
2.500000000000000000e+03 5.120778469862160565e-01
2.600000000000000000e+03 5.225329975335796240e-01
2.700000000000000000e+03 5.141250831077899264e-01
2.800000000000000000e+03 5.337831719963903598e-01
2.900000000000000000e+03 5.196188990633278104e-01
3.000000000000000000e+03 5.623821008240024177e-01
3.100000000000000000e+03 5.206450328711039743e-01
3.200000000000000000e+03 5.414578211274452268e-01
3.300000000000000000e+03 5.504115171641192905e-01
3.400000000000000000e+03 5.665315522009304328e-01
3.500000000000000000e+03 5.753771541089817143e-01
3.600000000000000000e+03 5.594408897804382663e-01
3.700000000000000000e+03 5.972516796992373145e-01
3.800000000000000000e+03 5.793550680398772412e-01
3.900000000000000000e+03 6.039160420018279130e-01
4.000000000000000000e+03 6.131782709719186819e-01
4.100000000000000000e+03 5.978310531462323052e-01
4.200000000000000000e+03 6.107413613239762729e-01
4.300000000000000000e+03 6.428536572502943081e-01
4.400000000000000000e+03 6.329861205279059266e-01
4.500000000000000000e+03 6.547369070358648457e-01
4.600000000000000000e+03 6.426716208994253110e-01
4.700000000000000000e+03 6.644639730182203552e-01
4.800000000000000000e+03 6.605067951885463806e-01
4.900000000000000000e+03 6.833450333368443763e-01
5.000000000000000000e+03 6.840977469839272240e-01
5.100000000000000000e+03 6.986909901455952143e-01
5.200000000000000000e+03 6.589315874525537575e-01
5.300000000000000000e+03 7.274795134388913898e-01
5.400000000000000000e+03 7.261836577670567339e-01
5.500000000000000000e+03 7.204457442188776373e-01
5.600000000000000000e+03 7.331814478993645690e-01
5.700000000000000000e+03 7.544385589380225854e-01
5.800000000000000000e+03 7.402616035617646251e-01
5.900000000000000000e+03 7.465006305447268176e-01
6.000000000000000000e+03 7.405876893800226179e-01
6.100000000000000000e+03 7.417710840228100011e-01
6.200000000000000000e+03 7.464260398434973132e-01
6.300000000000000000e+03 7.810396369429221108e-01
6.400000000000000000e+03 7.225485636434169079e-01
6.500000000000000000e+03 7.644282526564818436e-01
6.600000000000000000e+03 7.698948541946977198e-01
6.700000000000000000e+03 7.994622643570378218e-01
6.800000000000000000e+03 7.918142800685630256e-01
6.900000000000000000e+03 7.968839353497787492e-01
7.000000000000000000e+03 8.117811135409493950e-01
7.100000000000000000e+03 8.028035571377515334e-01
7.200000000000000000e+03 8.222721001041999322e-01
7.300000000000000000e+03 7.994361287848767983e-01
7.400000000000000000e+03 8.115331922926033448e-01
7.500000000000000000e+03 8.159903708790166021e-01
7.600000000000000000e+03 8.221705989060545949e-01
7.700000000000000000e+03 8.043835032544522923e-01
7.800000000000000000e+03 8.170386952881739662e-01
7.900000000000000000e+03 8.290243036865418969e-01
8.000000000000000000e+03 8.365376842270590974e-01
8.100000000000000000e+03 8.356041039543860016e-01
8.200000000000000000e+03 8.202523612451159130e-01
8.300000000000000000e+03 8.441877993577943107e-01
8.400000000000000000e+03 8.374928495748783508e-01
8.500000000000000000e+03 8.493490171443989212e-01
8.600000000000000000e+03 8.438048654049520314e-01
8.700000000000000000e+03 8.397066516306552764e-01
8.800000000000000000e+03 8.554452617474040954e-01
8.900000000000000000e+03 8.510434592672004861e-01
9.000000000000000000e+03 8.518598483425789958e-01
9.100000000000000000e+03 8.344091974622849239e-01
9.200000000000000000e+03 8.658548995143772187e-01
9.300000000000000000e+03 8.556444851862321510e-01
9.400000000000000000e+03 8.605321618101253733e-01
9.500000000000000000e+03 8.678123142296916281e-01
9.600000000000000000e+03 8.691745216196334889e-01
9.700000000000000000e+03 8.620144558422900838e-01
9.800000000000000000e+03 8.694093685689345818e-01
9.900000000000000000e+03 8.727814684356433039e-01
1.000000000000000000e+04 8.755365498854980055e-01
1.010000000000000000e+04 8.755955463105205006e-01
1.020000000000000000e+04 8.697606012919325558e-01
1.030000000000000000e+04 8.706840883940252240e-01
1.040000000000000000e+04 8.936226914709293201e-01
1.050000000000000000e+04 8.704122048418644342e-01
1.060000000000000000e+04 8.713676975995559015e-01
1.070000000000000000e+04 8.663457504002387566e-01
1.080000000000000000e+04 8.930546156668937030e-01
1.090000000000000000e+04 8.805002567593437357e-01
1.100000000000000000e+04 8.857708822246989078e-01
1.110000000000000000e+04 8.756661454989314031e-01
1.120000000000000000e+04 8.927745872745401767e-01
1.130000000000000000e+04 8.869976686167907465e-01
1.140000000000000000e+04 8.839629036378309213e-01
1.150000000000000000e+04 8.984797758928411149e-01
1.160000000000000000e+04 8.883251128026669052e-01
1.170000000000000000e+04 8.927207357112278974e-01
1.180000000000000000e+04 9.023270241668992497e-01
1.190000000000000000e+04 9.072827223350183878e-01
1.200000000000000000e+04 8.824637448327870004e-01
1.210000000000000000e+04 8.966985116365733255e-01
1.220000000000000000e+04 9.113011619222060045e-01
1.230000000000000000e+04 9.083649234277149098e-01
1.240000000000000000e+04 9.056478858323719905e-01
1.250000000000000000e+04 9.127959238356804228e-01
1.260000000000000000e+04 9.072627911814790114e-01
1.270000000000000000e+04 9.122794427703231346e-01
1.280000000000000000e+04 9.090439903317388826e-01
1.290000000000000000e+04 9.143987461601217337e-01
1.300000000000000000e+04 9.155064668751362600e-01
1.310000000000000000e+04 9.191287198389206381e-01
1.320000000000000000e+04 9.299229967720974432e-01
1.330000000000000000e+04 9.215624308651715335e-01
1.340000000000000000e+04 9.240721253461698925e-01
1.350000000000000000e+04 9.248762903451879236e-01
1.360000000000000000e+04 9.409444861359359535e-01
1.370000000000000000e+04 9.287826011422160022e-01
1.380000000000000000e+04 9.312717118399145289e-01
1.390000000000000000e+04 9.371728236066400042e-01
1.400000000000000000e+04 9.331876460795004435e-01
1.410000000000000000e+04 9.356810471264723761e-01
1.420000000000000000e+04 9.391553119881431710e-01
1.430000000000000000e+04 9.327786424630624129e-01
1.440000000000000000e+04 9.439074740541090192e-01
1.450000000000000000e+04 9.372001416718427347e-01
1.460000000000000000e+04 9.471111662147186916e-01
1.470000000000000000e+04 9.449502536348817205e-01
1.480000000000000000e+04 9.468490185624577338e-01
1.490000000000000000e+04 9.491734467964514366e-01
1.500000000000000000e+04 9.493967301638390754e-01
1.510000000000000000e+04 9.497793455782288508e-01
1.520000000000000000e+04 9.590924136771723507e-01
1.530000000000000000e+04 9.527214886801178562e-01
1.540000000000000000e+04 9.591605954304930348e-01
1.550000000000000000e+04 9.589298340484234684e-01
1.560000000000000000e+04 9.687168321397666704e-01
1.570000000000000000e+04 9.652047570014771205e-01
1.580000000000000000e+04 9.683957580546331823e-01
1.590000000000000000e+04 9.661929871050711771e-01
1.600000000000000000e+04 9.687935544615012828e-01
1.610000000000000000e+04 9.622565982184456690e-01
1.620000000000000000e+04 9.754362104505699405e-01
1.630000000000000000e+04 9.661121107544633491e-01
1.640000000000000000e+04 9.685748024745307605e-01
1.650000000000000000e+04 9.770218171722815370e-01
1.660000000000000000e+04 9.791108055327745197e-01
1.670000000000000000e+04 9.803443250075221105e-01
1.680000000000000000e+04 9.680778332306907430e-01
1.690000000000000000e+04 9.784417004156698017e-01
1.700000000000000000e+04 9.831411699110621516e-01
1.710000000000000000e+04 9.768924225869062283e-01
1.720000000000000000e+04 9.797756939502257900e-01
1.730000000000000000e+04 9.843697024539480589e-01
1.740000000000000000e+04 9.791928464016015354e-01
1.750000000000000000e+04 9.835909564550708861e-01
1.760000000000000000e+04 9.837836770632989447e-01
1.770000000000000000e+04 9.791110480671545435e-01
1.780000000000000000e+04 9.829252525435347998e-01
1.790000000000000000e+04 9.808204285135990741e-01
1.800000000000000000e+04 9.815546093662501637e-01
1.810000000000000000e+04 9.845815988802326668e-01
1.820000000000000000e+04 9.852042135770775477e-01
1.830000000000000000e+04 9.854152504043659500e-01
1.840000000000000000e+04 9.868407025091405771e-01
1.850000000000000000e+04 9.873476931388580624e-01
1.860000000000000000e+04 9.857441917688765098e-01
1.870000000000000000e+04 9.876179511718961024e-01
1.880000000000000000e+04 9.896808807804275965e-01
1.890000000000000000e+04 9.866999862424716827e-01
1.900000000000000000e+04 9.886576965510963655e-01
1.910000000000000000e+04 9.873834667617583660e-01
1.920000000000000000e+04 9.871360075927324562e-01
1.930000000000000000e+04 9.851116257075076543e-01
1.940000000000000000e+04 9.894044852259407108e-01
1.950000000000000000e+04 9.897680402370591102e-01
1.960000000000000000e+04 9.888110716013954749e-01
1.970000000000000000e+04 9.902456396671431849e-01
1.980000000000000000e+04 9.887731210247030500e-01
1.990000000000000000e+04 9.894363115496636052e-01
2.000000000000000000e+04 9.853884062915209130e-01
2.010000000000000000e+04 9.897117616978106103e-01
2.020000000000000000e+04 9.886648241047344410e-01
2.030000000000000000e+04 9.911051608852901040e-01
2.040000000000000000e+04 9.896995722102258641e-01
2.050000000000000000e+04 9.894908519412191072e-01
2.060000000000000000e+04 9.910730830278760006e-01
2.070000000000000000e+04 9.914270638282800530e-01
2.080000000000000000e+04 9.869461752719133063e-01
2.090000000000000000e+04 9.898128716263160376e-01
2.100000000000000000e+04 9.879682012468395946e-01
2.110000000000000000e+04 9.891683987545196732e-01
2.120000000000000000e+04 9.901531969411727641e-01
2.130000000000000000e+04 9.895417790556368942e-01
2.140000000000000000e+04 9.918499144945636115e-01
2.150000000000000000e+04 9.907020241436019781e-01
2.160000000000000000e+04 9.880090644974691694e-01
2.170000000000000000e+04 9.896672507749892933e-01
2.180000000000000000e+04 9.902101375815981488e-01
2.190000000000000000e+04 9.908810371803271622e-01
2.200000000000000000e+04 9.901857179330670888e-01
2.210000000000000000e+04 9.889625866831038836e-01
2.220000000000000000e+04 9.875690753303130176e-01
2.230000000000000000e+04 9.907970042085845197e-01
2.240000000000000000e+04 9.885047960718330584e-01
2.250000000000000000e+04 9.902854377198166969e-01
2.260000000000000000e+04 9.860673641940013168e-01
2.270000000000000000e+04 9.914366593151170415e-01
2.280000000000000000e+04 9.900099991345443495e-01
2.290000000000000000e+04 9.929973651101149379e-01
2.300000000000000000e+04 9.903211074314768325e-01
2.310000000000000000e+04 9.908560382245725773e-01
2.320000000000000000e+04 9.915595316930737591e-01
2.330000000000000000e+04 9.891818754135528469e-01
2.340000000000000000e+04 9.927361656820719027e-01
2.350000000000000000e+04 9.897789520495939852e-01
2.360000000000000000e+04 9.918042810814761134e-01
2.370000000000000000e+04 9.897532801739843400e-01
2.380000000000000000e+04 9.924796756209164350e-01
2.390000000000000000e+04 9.898175025636549718e-01
2.400000000000000000e+04 9.921213915645763493e-01
2.410000000000000000e+04 9.888830359090368116e-01
2.420000000000000000e+04 9.895935311738857099e-01
2.430000000000000000e+04 9.903536905946621616e-01
2.440000000000000000e+04 9.910644903059908639e-01
2.450000000000000000e+04 9.925393743521757628e-01
2.460000000000000000e+04 9.905180313847044005e-01
2.470000000000000000e+04 9.913585114927739861e-01
2.480000000000000000e+04 9.935866488820197517e-01
2.490000000000000000e+04 9.902309615007127697e-01
2.500000000000000000e+04 9.891860894461144138e-01
2.510000000000000000e+04 9.894104676672645926e-01
2.520000000000000000e+04 9.902980630994696609e-01
2.530000000000000000e+04 9.886727494445448627e-01
2.540000000000000000e+04 9.908086220296694613e-01
2.550000000000000000e+04 9.906222109585309799e-01
2.560000000000000000e+04 9.888737844078409056e-01
2.570000000000000000e+04 9.917260125919054037e-01
2.580000000000000000e+04 9.909525684719316940e-01
2.590000000000000000e+04 9.902426976218243748e-01
2.600000000000000000e+04 9.909065683790452272e-01
2.610000000000000000e+04 9.897125757388918199e-01
2.620000000000000000e+04 9.926869079657577588e-01
2.630000000000000000e+04 9.925034592901456065e-01
2.640000000000000000e+04 9.916133538365812239e-01
2.650000000000000000e+04 9.909309452247693217e-01
2.660000000000000000e+04 9.905273349327172738e-01
2.670000000000000000e+04 9.909441721419472993e-01
2.680000000000000000e+04 9.907116017052275403e-01
2.690000000000000000e+04 9.889778269228249874e-01
2.700000000000000000e+04 9.913537314811246004e-01
2.710000000000000000e+04 9.944051805644331665e-01
2.720000000000000000e+04 9.930813329055071526e-01
2.730000000000000000e+04 9.887238616691793602e-01
2.740000000000000000e+04 9.901164880230082233e-01
2.750000000000000000e+04 9.911186809080284599e-01
2.760000000000000000e+04 9.925218774186439497e-01
2.770000000000000000e+04 9.902483017577445867e-01
2.780000000000000000e+04 9.914765525023655490e-01
2.790000000000000000e+04 9.902541927195326332e-01
2.800000000000000000e+04 9.883664843868928962e-01
2.810000000000000000e+04 9.919327619881440627e-01
2.820000000000000000e+04 9.912994470260190205e-01
2.830000000000000000e+04 9.903280879522954327e-01
2.840000000000000000e+04 9.903988404017932679e-01
2.850000000000000000e+04 9.922910371624874548e-01
2.860000000000000000e+04 9.911477537944459737e-01
2.870000000000000000e+04 9.906280469402972688e-01
2.880000000000000000e+04 9.916075803400679067e-01
2.890000000000000000e+04 9.927097610458990307e-01
2.900000000000000000e+04 9.919538014507112145e-01
2.910000000000000000e+04 9.902722874809811726e-01
2.920000000000000000e+04 9.882308573212399416e-01
2.930000000000000000e+04 9.930189534550024621e-01
2.940000000000000000e+04 9.899475009376200729e-01
2.950000000000000000e+04 9.921133841127824926e-01
2.960000000000000000e+04 9.921944061416191341e-01
2.970000000000000000e+04 9.888947335998881094e-01
2.980000000000000000e+04 9.905120062319517915e-01
2.990000000000000000e+04 9.910000889374208644e-01
3.000000000000000000e+04 9.918024571971033598e-01
