0.000000000000000000e+00 4.710640000000000382e-01
1.000000000000000000e+02 2.316119999999999846e-01
2.000000000000000000e+02 2.811719999999999775e-01
3.000000000000000000e+02 3.293000000000000371e-01
4.000000000000000000e+02 3.463320000000000287e-01
5.000000000000000000e+02 3.579399999999999249e-01
6.000000000000000000e+02 3.489999999999999769e-01
7.000000000000000000e+02 3.606400000000000161e-01
8.000000000000000000e+02 3.991839999999999833e-01
9.000000000000000000e+02 3.949160000000000448e-01
1.000000000000000000e+03 4.250680000000000569e-01
1.100000000000000000e+03 4.462720000000000020e-01
1.200000000000000000e+03 4.117960000000000509e-01
1.300000000000000000e+03 4.286840000000000095e-01
1.400000000000000000e+03 4.445199999999999707e-01
1.500000000000000000e+03 4.686279999999999335e-01
1.600000000000000000e+03 4.388719999999999288e-01
1.700000000000000000e+03 4.706480000000000108e-01
1.800000000000000000e+03 4.719479999999999786e-01
1.900000000000000000e+03 4.550359999999999960e-01
2.000000000000000000e+03 5.158640000000001002e-01
2.100000000000000000e+03 4.927679999999999838e-01
2.200000000000000000e+03 4.944000000000000061e-01
2.300000000000000000e+03 4.990080000000000071e-01
2.400000000000000000e+03 5.233720000000000594e-01
2.500000000000000000e+03 5.303219999999999601e-01
2.600000000000000000e+03 5.373440000000000438e-01
2.700000000000000000e+03 5.374759999999999538e-01
2.800000000000000000e+03 5.589999999999999414e-01
2.900000000000000000e+03 5.453160000000000229e-01
3.000000000000000000e+03 5.865080000000000293e-01
3.100000000000000000e+03 5.500559999999998784e-01
3.200000000000000000e+03 5.656560000000000477e-01
3.300000000000000000e+03 5.893439999999999790e-01
3.400000000000000000e+03 5.920479999999999077e-01
3.500000000000000000e+03 5.949400000000000244e-01
3.600000000000000000e+03 5.857519999999999394e-01
3.700000000000000000e+03 6.093439999999999968e-01
3.800000000000000000e+03 6.015079999999999316e-01
3.900000000000000000e+03 6.241799999999999571e-01
4.000000000000000000e+03 6.298559999999999715e-01
4.100000000000000000e+03 6.209399999999999364e-01
4.200000000000000000e+03 6.285600000000000076e-01
4.300000000000000000e+03 6.584559999999999302e-01
4.400000000000000000e+03 6.366600000000000037e-01
4.500000000000000000e+03 6.442959999999999798e-01
4.600000000000000000e+03 6.715119999999999978e-01
4.700000000000000000e+03 6.814720000000000777e-01
4.800000000000000000e+03 6.583879999999999733e-01
4.900000000000000000e+03 6.672799999999998732e-01
5.000000000000000000e+03 6.768359999999999932e-01
5.100000000000000000e+03 6.916200000000000125e-01
5.200000000000000000e+03 6.690880000000000161e-01
5.300000000000000000e+03 7.286520000000000774e-01
5.400000000000000000e+03 7.331039999999999779e-01
5.500000000000000000e+03 7.168879999999999697e-01
5.600000000000000000e+03 7.152520000000001099e-01
5.700000000000000000e+03 7.407359999999999500e-01
5.800000000000000000e+03 7.282399999999999984e-01
5.900000000000000000e+03 7.265200000000000546e-01
6.000000000000000000e+03 7.320599999999999330e-01
6.100000000000000000e+03 7.303680000000000172e-01
6.200000000000000000e+03 7.309919999999999751e-01
6.300000000000000000e+03 7.536640000000001116e-01
6.400000000000000000e+03 7.254800000000000137e-01
6.500000000000000000e+03 7.429400000000000448e-01
6.600000000000000000e+03 7.537400000000000766e-01
6.700000000000000000e+03 7.751440000000000552e-01
6.800000000000000000e+03 7.670200000000000351e-01
6.900000000000000000e+03 7.802160000000000206e-01
7.000000000000000000e+03 7.891639999999999766e-01
7.100000000000000000e+03 7.735239999999999894e-01
7.200000000000000000e+03 7.902959999999999985e-01
7.300000000000000000e+03 7.752040000000001152e-01
7.400000000000000000e+03 7.873280000000000278e-01
7.500000000000000000e+03 7.909200000000000674e-01
7.600000000000000000e+03 7.881560000000000787e-01
7.700000000000000000e+03 7.783080000000001109e-01
7.800000000000000000e+03 7.905879999999998464e-01
7.900000000000000000e+03 8.058239999999999847e-01
8.000000000000000000e+03 8.138080000000000869e-01
8.100000000000000000e+03 8.117759999999999421e-01
8.200000000000000000e+03 7.927840000000000442e-01
8.300000000000000000e+03 8.167159999999999975e-01
8.400000000000000000e+03 8.122519999999999740e-01
8.500000000000000000e+03 8.142840000000000078e-01
8.600000000000000000e+03 8.129359999999998809e-01
8.700000000000000000e+03 8.078600000000000225e-01
8.800000000000000000e+03 8.242000000000000437e-01
8.900000000000000000e+03 8.209919999999999440e-01
9.000000000000000000e+03 8.276920000000000943e-01
9.100000000000000000e+03 8.069159999999999666e-01
9.200000000000000000e+03 8.338360000000000216e-01
9.300000000000000000e+03 8.250560000000000116e-01
9.400000000000000000e+03 8.292960000000000331e-01
9.500000000000000000e+03 8.398199999999998999e-01
9.600000000000000000e+03 8.468839999999999701e-01
9.700000000000000000e+03 8.377319999999999212e-01
9.800000000000000000e+03 8.390200000000000990e-01
9.900000000000000000e+03 8.428679999999999506e-01
1.000000000000000000e+04 8.501440000000000108e-01
1.010000000000000000e+04 8.465599999999999792e-01
1.020000000000000000e+04 8.429039999999999866e-01
1.030000000000000000e+04 8.439360000000000195e-01
1.040000000000000000e+04 8.732759999999999412e-01
1.050000000000000000e+04 8.422479999999999967e-01
1.060000000000000000e+04 8.488320000000001420e-01
1.070000000000000000e+04 8.466799999999999882e-01
1.080000000000000000e+04 8.710360000000000325e-01
1.090000000000000000e+04 8.562800000000000411e-01
1.100000000000000000e+04 8.607640000000000846e-01
1.110000000000000000e+04 8.524439999999999795e-01
1.120000000000000000e+04 8.712239999999998874e-01
1.130000000000000000e+04 8.621479999999999144e-01
1.140000000000000000e+04 8.628959999999998853e-01
1.150000000000000000e+04 8.747519999999999740e-01
1.160000000000000000e+04 8.712960000000000704e-01
1.170000000000000000e+04 8.662999999999999590e-01
1.180000000000000000e+04 8.825879999999999281e-01
1.190000000000000000e+04 8.890199999999999214e-01
1.200000000000000000e+04 8.602119999999999767e-01
1.210000000000000000e+04 8.814519999999999023e-01
1.220000000000000000e+04 8.881479999999999375e-01
1.230000000000000000e+04 8.883719999999999395e-01
1.240000000000000000e+04 8.889799999999999924e-01
1.250000000000000000e+04 8.931080000000000130e-01
1.260000000000000000e+04 8.916679999999999051e-01
1.270000000000000000e+04 8.961519999999998376e-01
1.280000000000000000e+04 8.916399999999999881e-01
1.290000000000000000e+04 8.988639999999999963e-01
1.300000000000000000e+04 9.003520000000000412e-01
1.310000000000000000e+04 9.029000000000000359e-01
1.320000000000000000e+04 9.151960000000001205e-01
1.330000000000000000e+04 9.127599999999999048e-01
1.340000000000000000e+04 9.096440000000000081e-01
1.350000000000000000e+04 9.105680000000000440e-01
1.360000000000000000e+04 9.261400000000000743e-01
1.370000000000000000e+04 9.175519999999999232e-01
1.380000000000000000e+04 9.171879999999998923e-01
1.390000000000000000e+04 9.236919999999999575e-01
1.400000000000000000e+04 9.175359999999999072e-01
1.410000000000000000e+04 9.236360000000001236e-01
1.420000000000000000e+04 9.296119999999999939e-01
1.430000000000000000e+04 9.214919999999999778e-01
1.440000000000000000e+04 9.355120000000000102e-01
1.450000000000000000e+04 9.245959999999999734e-01
1.460000000000000000e+04 9.357559999999999212e-01
1.470000000000000000e+04 9.338880000000000514e-01
1.480000000000000000e+04 9.393920000000000048e-01
1.490000000000000000e+04 9.403119999999999257e-01
1.500000000000000000e+04 9.388800000000000479e-01
1.510000000000000000e+04 9.417180000000000550e-01
1.520000000000000000e+04 9.514360000000000595e-01
1.530000000000000000e+04 9.452999999999999181e-01
1.540000000000000000e+04 9.516440000000000454e-01
1.550000000000000000e+04 9.516519999999999424e-01
1.560000000000000000e+04 9.629879999999999551e-01
1.570000000000000000e+04 9.588520000000000376e-01
1.580000000000000000e+04 9.628400000000001402e-01
1.590000000000000000e+04 9.604479999999999684e-01
1.600000000000000000e+04 9.642280000000000850e-01
1.610000000000000000e+04 9.562920000000000309e-01
1.620000000000000000e+04 9.721959999999999491e-01
1.630000000000000000e+04 9.622359999999999802e-01
1.640000000000000000e+04 9.649399999999999089e-01
1.650000000000000000e+04 9.727600000000000691e-01
1.660000000000000000e+04 9.757799999999998697e-01
1.670000000000000000e+04 9.772840000000000416e-01
1.680000000000000000e+04 9.652959999999999319e-01
1.690000000000000000e+04 9.747240000000000348e-01
1.700000000000000000e+04 9.797759999999999803e-01
1.710000000000000000e+04 9.739360000000000239e-01
1.720000000000000000e+04 9.768999999999999906e-01
1.730000000000000000e+04 9.821039999999999770e-01
1.740000000000000000e+04 9.752720000000000278e-01
1.750000000000000000e+04 9.815280000000000671e-01
1.760000000000000000e+04 9.822560000000000180e-01
1.770000000000000000e+04 9.782680000000000264e-01
1.780000000000000000e+04 9.811399999999999011e-01
1.790000000000000000e+04 9.789359999999999173e-01
1.800000000000000000e+04 9.792480000000000073e-01
1.810000000000000000e+04 9.838919999999999888e-01
1.820000000000000000e+04 9.837519999999999598e-01
1.830000000000000000e+04 9.838880000000000958e-01
1.840000000000000000e+04 9.850679999999999437e-01
1.850000000000000000e+04 9.877359999999999474e-01
1.860000000000000000e+04 9.840240000000000098e-01
1.870000000000000000e+04 9.858320000000000416e-01
1.880000000000000000e+04 9.883879999999999333e-01
1.890000000000000000e+04 9.850839999999999597e-01
1.900000000000000000e+04 9.872360000000000024e-01
1.910000000000000000e+04 9.860679999999999445e-01
1.920000000000000000e+04 9.847199999999999287e-01
1.930000000000000000e+04 9.841560000000000308e-01
1.940000000000000000e+04 9.884280000000000843e-01
1.950000000000000000e+04 9.883119999999999683e-01
1.960000000000000000e+04 9.874479999999998814e-01
1.970000000000000000e+04 9.889679999999999582e-01
1.980000000000000000e+04 9.870840000000000725e-01
1.990000000000000000e+04 9.877560000000000784e-01
2.000000000000000000e+04 9.837799999999999878e-01
2.010000000000000000e+04 9.877560000000000784e-01
2.020000000000000000e+04 9.875120000000000564e-01
2.030000000000000000e+04 9.899360000000000381e-01
2.040000000000000000e+04 9.882760000000000433e-01
2.050000000000000000e+04 9.881840000000000623e-01
2.060000000000000000e+04 9.898880000000001012e-01
2.070000000000000000e+04 9.904440000000001021e-01
2.080000000000000000e+04 9.856599999999999806e-01
2.090000000000000000e+04 9.879520000000000524e-01
2.100000000000000000e+04 9.867239999999999345e-01
2.110000000000000000e+04 9.887799999999999923e-01
2.120000000000000000e+04 9.889400000000000412e-01
2.130000000000000000e+04 9.883440000000000003e-01
2.140000000000000000e+04 9.907959999999998990e-01
2.150000000000000000e+04 9.894040000000001722e-01
2.160000000000000000e+04 9.863600000000000145e-01
2.170000000000000000e+04 9.881920000000000703e-01
2.180000000000000000e+04 9.890440000000000342e-01
2.190000000000000000e+04 9.893719999999999182e-01
2.200000000000000000e+04 9.889359999999999262e-01
2.210000000000000000e+04 9.871119999999999894e-01
2.220000000000000000e+04 9.857519999999999616e-01
2.230000000000000000e+04 9.893999999999999462e-01
2.240000000000000000e+04 9.870200000000000085e-01
2.250000000000000000e+04 9.884960000000000413e-01
2.260000000000000000e+04 9.850440000000000307e-01
2.270000000000000000e+04 9.907600000000000851e-01
2.280000000000000000e+04 9.890759999999999552e-01
2.290000000000000000e+04 9.925599999999999978e-01
2.300000000000000000e+04 9.892720000000000402e-01
2.310000000000000000e+04 9.897639999999999771e-01
2.320000000000000000e+04 9.906920000000001281e-01
2.330000000000000000e+04 9.878880000000000994e-01
2.340000000000000000e+04 9.916000000000000369e-01
2.350000000000000000e+04 9.886599999999999833e-01
2.360000000000000000e+04 9.909000000000000030e-01
2.370000000000000000e+04 9.890039999999999942e-01
2.380000000000000000e+04 9.916000000000000369e-01
2.390000000000000000e+04 9.884039999999999493e-01
2.400000000000000000e+04 9.911639999999999340e-01
2.410000000000000000e+04 9.872799999999999354e-01
2.420000000000000000e+04 9.882480000000000153e-01
2.430000000000000000e+04 9.891679999999999362e-01
2.440000000000000000e+04 9.912079999999999780e-01
2.450000000000000000e+04 9.917440000000000699e-01
2.460000000000000000e+04 9.894840000000000302e-01
2.470000000000000000e+04 9.898160000000000291e-01
2.480000000000000000e+04 9.932759999999999367e-01
2.490000000000000000e+04 9.889559999999999462e-01
2.500000000000000000e+04 9.881319999999998993e-01
2.510000000000000000e+04 9.882119999999999793e-01
2.520000000000000000e+04 9.889479999999999382e-01
2.530000000000000000e+04 9.877960000000000074e-01
2.540000000000000000e+04 9.903960000000000541e-01
2.550000000000000000e+04 9.898400000000000531e-01
2.560000000000000000e+04 9.873279999999999834e-01
2.570000000000000000e+04 9.904919999999999281e-01
2.580000000000000000e+04 9.901400000000000201e-01
2.590000000000000000e+04 9.891240000000000032e-01
2.600000000000000000e+04 9.898360000000000491e-01
2.610000000000000000e+04 9.885959999999999193e-01
2.620000000000000000e+04 9.920400000000000329e-01
2.630000000000000000e+04 9.916039999999999299e-01
2.640000000000000000e+04 9.905680000000000041e-01
2.650000000000000000e+04 9.896519999999999762e-01
2.660000000000000000e+04 9.891440000000000232e-01
2.670000000000000000e+04 9.900240000000000151e-01
2.680000000000000000e+04 9.899360000000000381e-01
2.690000000000000000e+04 9.877599999999999714e-01
2.700000000000000000e+04 9.906279999999999530e-01
2.710000000000000000e+04 9.937719999999999887e-01
2.720000000000000000e+04 9.924279999999998658e-01
2.730000000000000000e+04 9.876960000000000184e-01
2.740000000000000000e+04 9.896280000000000632e-01
2.750000000000000000e+04 9.899759999999999671e-01
2.760000000000000000e+04 9.919080000000000119e-01
2.770000000000000000e+04 9.890600000000000502e-01
2.780000000000000000e+04 9.901919999999999611e-01
2.790000000000000000e+04 9.889799999999999702e-01
2.800000000000000000e+04 9.873160000000000824e-01
2.810000000000000000e+04 9.910559999999999370e-01
2.820000000000000000e+04 9.901839999999999531e-01
2.830000000000000000e+04 9.889999999999999902e-01
2.840000000000000000e+04 9.894760000000000222e-01
2.850000000000000000e+04 9.912480000000000180e-01
2.860000000000000000e+04 9.901200000000000001e-01
2.870000000000000000e+04 9.899959999999999871e-01
2.880000000000000000e+04 9.907479999999999620e-01
2.890000000000000000e+04 9.919999999999999929e-01
2.900000000000000000e+04 9.911280000000000090e-01
2.910000000000000000e+04 9.892840000000000522e-01
2.920000000000000000e+04 9.870440000000001435e-01
2.930000000000000000e+04 9.921640000000000459e-01
2.940000000000000000e+04 9.889520000000000532e-01
2.950000000000000000e+04 9.913199999999999790e-01
2.960000000000000000e+04 9.913359999999999950e-01
2.970000000000000000e+04 9.876399999999999624e-01
2.980000000000000000e+04 9.894560000000001132e-01
2.990000000000000000e+04 9.895239999999999592e-01
3.000000000000000000e+04 9.910760000000000680e-01
