0.000000000000000000e+00 4.825836162273768326e-01
1.000000000000000000e+02 3.930300880198904778e-01
2.000000000000000000e+02 4.006513964858904320e-01
3.000000000000000000e+02 4.166191462438447735e-01
4.000000000000000000e+02 4.515262136166697804e-01
5.000000000000000000e+02 4.617762080530860569e-01
6.000000000000000000e+02 4.683422964193283411e-01
7.000000000000000000e+02 4.769396862869813569e-01
8.000000000000000000e+02 5.107453633739179599e-01
9.000000000000000000e+02 5.599293772094690036e-01
1.000000000000000000e+03 5.913562272558919863e-01
1.100000000000000000e+03 5.877723561889854897e-01
1.200000000000000000e+03 6.133116877792204047e-01
1.300000000000000000e+03 6.339408772931230951e-01
1.400000000000000000e+03 5.974952360004960328e-01
1.500000000000000000e+03 6.152429708792133134e-01
1.600000000000000000e+03 6.713666676609211237e-01
1.700000000000000000e+03 6.191753520558801460e-01
1.800000000000000000e+03 6.428613524166428839e-01
1.900000000000000000e+03 6.528630513742140762e-01
2.000000000000000000e+03 6.345478514045738150e-01
2.100000000000000000e+03 6.552699135409307818e-01
2.200000000000000000e+03 6.769901223902179410e-01
2.300000000000000000e+03 6.620961915804836062e-01
2.400000000000000000e+03 6.475438883055444350e-01
2.500000000000000000e+03 6.655993131257481599e-01
2.600000000000000000e+03 7.030905907195765803e-01
2.700000000000000000e+03 6.663588846746704153e-01
2.800000000000000000e+03 6.995602282727333421e-01
2.900000000000000000e+03 6.749620087699533810e-01
3.000000000000000000e+03 6.840041004087441534e-01
3.100000000000000000e+03 6.849009061799515852e-01
3.200000000000000000e+03 6.959280791335643590e-01
3.300000000000000000e+03 6.728944880956931884e-01
3.400000000000000000e+03 6.982427869918186314e-01
3.500000000000000000e+03 6.857776984612540261e-01
3.600000000000000000e+03 7.184903846331038846e-01
3.700000000000000000e+03 7.082263913576829495e-01
3.800000000000000000e+03 7.103314897784653859e-01
3.900000000000000000e+03 6.946499693816019505e-01
4.000000000000000000e+03 7.006588785017252574e-01
4.100000000000000000e+03 7.154509025261310828e-01
4.200000000000000000e+03 6.962044599399015432e-01
4.300000000000000000e+03 7.334814265339015815e-01
4.400000000000000000e+03 7.236801646779513764e-01
4.500000000000000000e+03 7.163436224086016102e-01
4.600000000000000000e+03 7.406027196996824991e-01
4.700000000000000000e+03 7.309350989735667881e-01
4.800000000000000000e+03 7.472111513307979624e-01
4.900000000000000000e+03 7.414920770493427238e-01
5.000000000000000000e+03 7.477222851358125144e-01
5.100000000000000000e+03 7.492577652437717450e-01
5.200000000000000000e+03 7.753204226314500680e-01
5.300000000000000000e+03 7.653706237336876939e-01
5.400000000000000000e+03 7.647939781444762497e-01
5.500000000000000000e+03 7.343402157227814087e-01
5.600000000000000000e+03 7.568741971256276457e-01
5.700000000000000000e+03 7.416007263834796248e-01
5.800000000000000000e+03 7.696996376214624291e-01
5.900000000000000000e+03 7.878464921463426140e-01
6.000000000000000000e+03 7.670591339521006802e-01
6.100000000000000000e+03 7.817148374938087674e-01
6.200000000000000000e+03 7.998396349443043229e-01
6.300000000000000000e+03 7.429616698525405294e-01
6.400000000000000000e+03 7.730521267141928776e-01
6.500000000000000000e+03 7.779986129683018614e-01
6.600000000000000000e+03 7.660698920320268002e-01
6.700000000000000000e+03 7.880312328428320523e-01
6.800000000000000000e+03 8.327824619716911458e-01
6.900000000000000000e+03 7.642518855048255899e-01
7.000000000000000000e+03 7.738892013020204352e-01
7.100000000000000000e+03 7.851669117679862531e-01
7.200000000000000000e+03 7.985072932410228752e-01
7.300000000000000000e+03 8.189216560037966275e-01
7.400000000000000000e+03 7.982483173645603669e-01
7.500000000000000000e+03 7.972025867237109154e-01
7.600000000000000000e+03 8.032640463045952472e-01
7.700000000000000000e+03 8.330499759960661166e-01
7.800000000000000000e+03 8.408119878515261103e-01
7.900000000000000000e+03 8.453635586329620866e-01
8.000000000000000000e+03 8.402085442383010472e-01
8.100000000000000000e+03 8.415141337027605140e-01
8.200000000000000000e+03 8.420628183675968881e-01
8.300000000000000000e+03 8.517078930514996316e-01
8.400000000000000000e+03 8.282852565529532640e-01
8.500000000000000000e+03 8.344441602294507820e-01
8.600000000000000000e+03 8.526764382493805527e-01
8.700000000000000000e+03 8.460456318923066377e-01
8.800000000000000000e+03 8.618385244401117751e-01
8.900000000000000000e+03 8.445129376281759193e-01
9.000000000000000000e+03 8.555271659757011093e-01
9.100000000000000000e+03 8.451552906895429818e-01
9.200000000000000000e+03 8.654660155591258341e-01
9.300000000000000000e+03 8.605197032939843060e-01
9.400000000000000000e+03 8.692514355429425965e-01
9.500000000000000000e+03 8.563972395869579035e-01
9.600000000000000000e+03 8.511233047320249101e-01
9.700000000000000000e+03 8.569937376737172263e-01
9.800000000000000000e+03 8.750667294641245597e-01
9.900000000000000000e+03 8.591235955548673919e-01
1.000000000000000000e+04 8.875549483650755356e-01
1.010000000000000000e+04 8.768196040711773165e-01
1.020000000000000000e+04 8.817515000293472127e-01
1.030000000000000000e+04 8.783522883668928305e-01
1.040000000000000000e+04 8.634765048361681128e-01
1.050000000000000000e+04 8.799135332115888275e-01
1.060000000000000000e+04 8.800186753711227716e-01
1.070000000000000000e+04 8.531903284380444319e-01
1.080000000000000000e+04 8.820789997198619226e-01
1.090000000000000000e+04 8.773944470166663567e-01
1.100000000000000000e+04 8.797972996333276452e-01
1.110000000000000000e+04 8.757145822077193609e-01
1.120000000000000000e+04 8.604938255093368404e-01
1.130000000000000000e+04 8.858376067128899134e-01
1.140000000000000000e+04 8.717306566572970983e-01
1.150000000000000000e+04 8.798865143688276991e-01
1.160000000000000000e+04 8.924209824932290980e-01
1.170000000000000000e+04 8.856067707775054920e-01
1.180000000000000000e+04 9.246015387608834679e-01
1.190000000000000000e+04 8.785697827182388231e-01
1.200000000000000000e+04 8.796991399359352926e-01
1.210000000000000000e+04 8.917006694511748766e-01
1.220000000000000000e+04 8.900784790059426133e-01
1.230000000000000000e+04 8.968776908935938152e-01
1.240000000000000000e+04 9.193141593561330316e-01
1.250000000000000000e+04 8.817316653770819190e-01
1.260000000000000000e+04 9.062339184015872906e-01
1.270000000000000000e+04 8.931186228406294836e-01
1.280000000000000000e+04 9.107840071751371891e-01
1.290000000000000000e+04 8.946776736775299277e-01
1.300000000000000000e+04 9.051548315228769015e-01
1.310000000000000000e+04 9.042221700857521194e-01
1.320000000000000000e+04 9.036653678196593376e-01
1.330000000000000000e+04 8.820618851537190830e-01
1.340000000000000000e+04 8.996308759869771077e-01
1.350000000000000000e+04 8.765633274081685578e-01
1.360000000000000000e+04 8.999009803549630204e-01
1.370000000000000000e+04 9.013188353981698153e-01
1.380000000000000000e+04 9.016010444810695912e-01
1.390000000000000000e+04 9.093322689244200951e-01
1.400000000000000000e+04 9.122565235938853156e-01
1.410000000000000000e+04 9.153269674114340448e-01
1.420000000000000000e+04 9.068943833008951128e-01
1.430000000000000000e+04 9.070829219755662809e-01
1.440000000000000000e+04 9.121428873655430536e-01
1.450000000000000000e+04 9.201086809596685789e-01
1.460000000000000000e+04 9.063100003795938608e-01
1.470000000000000000e+04 9.129188975450787114e-01
1.480000000000000000e+04 9.163709130209883869e-01
1.490000000000000000e+04 8.946579042244167113e-01
1.500000000000000000e+04 9.129636937687469755e-01
1.510000000000000000e+04 9.098870949993533852e-01
1.520000000000000000e+04 9.338787088403027736e-01
1.530000000000000000e+04 9.154566440661222604e-01
1.540000000000000000e+04 9.282873361083592290e-01
1.550000000000000000e+04 9.163635532462212074e-01
1.560000000000000000e+04 9.106969515688994044e-01
1.570000000000000000e+04 9.112822650909289113e-01
1.580000000000000000e+04 9.105022017448648475e-01
1.590000000000000000e+04 9.161985885783228145e-01
1.600000000000000000e+04 9.200907390345435255e-01
1.610000000000000000e+04 9.100665102533558315e-01
1.620000000000000000e+04 9.103131369717487598e-01
1.630000000000000000e+04 9.125347204474477669e-01
1.640000000000000000e+04 9.124063354506274370e-01
1.650000000000000000e+04 9.310763121025826816e-01
1.660000000000000000e+04 9.243099773942967667e-01
1.670000000000000000e+04 9.174240333549195103e-01
1.680000000000000000e+04 9.138340699316092053e-01
1.690000000000000000e+04 9.143490104838736254e-01
1.700000000000000000e+04 9.203794316131721498e-01
1.710000000000000000e+04 9.232712172844549370e-01
1.720000000000000000e+04 9.040108802556228174e-01
1.730000000000000000e+04 9.176599547275089419e-01
1.740000000000000000e+04 9.289097787533835415e-01
1.750000000000000000e+04 9.239649650529991876e-01
1.760000000000000000e+04 9.271888352200829964e-01
1.770000000000000000e+04 9.257118813881266561e-01
1.780000000000000000e+04 9.080419458138409006e-01
1.790000000000000000e+04 9.156320285418002580e-01
1.800000000000000000e+04 9.300970657451772539e-01
1.810000000000000000e+04 9.248937614273952112e-01
1.820000000000000000e+04 9.306344714788477024e-01
1.830000000000000000e+04 9.261067922926969898e-01
1.840000000000000000e+04 9.210300541266498442e-01
1.850000000000000000e+04 9.268516837120612806e-01
1.860000000000000000e+04 9.165738077961939068e-01
1.870000000000000000e+04 9.098751857863147663e-01
1.880000000000000000e+04 9.254444062289917117e-01
1.890000000000000000e+04 9.184885701554796889e-01
1.900000000000000000e+04 9.106622562486728079e-01
1.910000000000000000e+04 9.243038141595828483e-01
1.920000000000000000e+04 9.313833606528129083e-01
1.930000000000000000e+04 9.101072133891465743e-01
1.940000000000000000e+04 9.269688195323790847e-01
1.950000000000000000e+04 9.169166453103014813e-01
1.960000000000000000e+04 9.266518430526133887e-01
1.970000000000000000e+04 9.148686895042486000e-01
1.980000000000000000e+04 9.264243202080383321e-01
1.990000000000000000e+04 9.014058436551239950e-01
2.000000000000000000e+04 9.275954197030237269e-01
2.010000000000000000e+04 9.232039308847470593e-01
2.020000000000000000e+04 9.360231558769891436e-01
2.030000000000000000e+04 9.240148992611167955e-01
2.040000000000000000e+04 9.213081153368160026e-01
2.050000000000000000e+04 9.278409322260914305e-01
2.060000000000000000e+04 9.124301482419179266e-01
2.070000000000000000e+04 9.366537170913620258e-01
2.080000000000000000e+04 9.319036177105877172e-01
2.090000000000000000e+04 9.388551480899673951e-01
2.100000000000000000e+04 9.136537554448076470e-01
2.110000000000000000e+04 9.415979816609182373e-01
2.120000000000000000e+04 9.245238529488366552e-01
2.130000000000000000e+04 9.241252371275899824e-01
2.140000000000000000e+04 9.295531876012228523e-01
2.150000000000000000e+04 9.367673158656190102e-01
2.160000000000000000e+04 9.175113641447529833e-01
2.170000000000000000e+04 9.218906000236941622e-01
2.180000000000000000e+04 9.312219844183189377e-01
2.190000000000000000e+04 9.221483818263417342e-01
2.200000000000000000e+04 9.298057972006938954e-01
2.210000000000000000e+04 9.442250268548091352e-01
2.220000000000000000e+04 9.227435674224387929e-01
2.230000000000000000e+04 9.246453073198390715e-01
2.240000000000000000e+04 9.392188434727759550e-01
2.250000000000000000e+04 9.230810984928109475e-01
2.260000000000000000e+04 9.098107344615802283e-01
2.270000000000000000e+04 9.411226914610708594e-01
2.280000000000000000e+04 9.303849161584850647e-01
2.290000000000000000e+04 9.252645241433371526e-01
2.300000000000000000e+04 9.375233490306743578e-01
2.310000000000000000e+04 9.273204059392203824e-01
2.320000000000000000e+04 9.265820833116155120e-01
2.330000000000000000e+04 9.325733453288272967e-01
2.340000000000000000e+04 9.145697582581754359e-01
2.350000000000000000e+04 9.313528834981092963e-01
2.360000000000000000e+04 9.172839405840041982e-01
2.370000000000000000e+04 9.452563086689891314e-01
2.380000000000000000e+04 9.335118380902549529e-01
2.390000000000000000e+04 9.132514748081128619e-01
2.400000000000000000e+04 9.246281814594801141e-01
2.410000000000000000e+04 9.405909072599630827e-01
2.420000000000000000e+04 9.407989498090778557e-01
2.430000000000000000e+04 9.403175740637071955e-01
2.440000000000000000e+04 9.294470263359101425e-01
2.450000000000000000e+04 9.310013584906031703e-01
2.460000000000000000e+04 9.316913044033827696e-01
2.470000000000000000e+04 9.271731917197745254e-01
2.480000000000000000e+04 9.366957937621069874e-01
2.490000000000000000e+04 9.313658546589584919e-01
2.500000000000000000e+04 9.361369648232233942e-01
2.510000000000000000e+04 9.415164132997283497e-01
2.520000000000000000e+04 9.313062751837899444e-01
2.530000000000000000e+04 9.270007671851122621e-01
2.540000000000000000e+04 9.395269012568985278e-01
2.550000000000000000e+04 9.306241811461340996e-01
2.560000000000000000e+04 9.424535459100802370e-01
2.570000000000000000e+04 9.303778182610641379e-01
2.580000000000000000e+04 9.365641371376303148e-01
2.590000000000000000e+04 9.270401016673373018e-01
2.600000000000000000e+04 9.406503359883986448e-01
2.610000000000000000e+04 9.344453456285198856e-01
2.620000000000000000e+04 9.420043082006387403e-01
2.630000000000000000e+04 9.264798329849304181e-01
2.640000000000000000e+04 9.346823982892535909e-01
2.650000000000000000e+04 9.305370750927373091e-01
2.660000000000000000e+04 9.423467017565357873e-01
2.670000000000000000e+04 9.311366188225058682e-01
2.680000000000000000e+04 9.323218554381879075e-01
2.690000000000000000e+04 9.370212026104178804e-01
2.700000000000000000e+04 9.191662239512548016e-01
2.710000000000000000e+04 9.270706546088051114e-01
2.720000000000000000e+04 9.335582813262897073e-01
2.730000000000000000e+04 9.444712737879892295e-01
2.740000000000000000e+04 9.366570538788050460e-01
2.750000000000000000e+04 9.359614687875648098e-01
2.760000000000000000e+04 9.305631443518812551e-01
2.770000000000000000e+04 9.199937125175142727e-01
2.780000000000000000e+04 9.429334983332788855e-01
2.790000000000000000e+04 9.264522888207991080e-01
2.800000000000000000e+04 9.476788092805230601e-01
2.810000000000000000e+04 9.320244898699912017e-01
2.820000000000000000e+04 9.436594364672789004e-01
2.830000000000000000e+04 9.459381877120156545e-01
2.840000000000000000e+04 9.429364706572406218e-01
2.850000000000000000e+04 9.325342139488651538e-01
2.860000000000000000e+04 9.424706537188145550e-01
2.870000000000000000e+04 9.365616005462509275e-01
2.880000000000000000e+04 9.351520210821576695e-01
2.890000000000000000e+04 9.213071269606382119e-01
2.900000000000000000e+04 9.317474284724062139e-01
2.910000000000000000e+04 9.342956843160821201e-01
2.920000000000000000e+04 9.259901399463628113e-01
2.930000000000000000e+04 9.450600684853693867e-01
2.940000000000000000e+04 9.404963190756771008e-01
2.950000000000000000e+04 9.284973053036283952e-01
2.960000000000000000e+04 9.461801354210511716e-01
2.970000000000000000e+04 9.188163219294795958e-01
2.980000000000000000e+04 9.435019884641653309e-01
2.990000000000000000e+04 9.223752073513569183e-01
3.000000000000000000e+04 9.434839659753690988e-01
