0.000000000000000000e+00 4.981720000000000037e-01
1.000000000000000000e+02 3.304919999999999525e-01
2.000000000000000000e+02 3.564880000000000271e-01
3.000000000000000000e+02 3.840879999999999850e-01
4.000000000000000000e+02 4.453599999999999781e-01
5.000000000000000000e+02 4.659679999999999933e-01
6.000000000000000000e+02 4.808399999999999896e-01
7.000000000000000000e+02 4.951479999999999770e-01
8.000000000000000000e+02 5.374479999999999258e-01
9.000000000000000000e+02 5.811679999999999069e-01
1.000000000000000000e+03 5.944720000000001114e-01
1.100000000000000000e+03 5.902399999999999869e-01
1.200000000000000000e+03 6.096839999999998927e-01
1.300000000000000000e+03 6.260319999999999219e-01
1.400000000000000000e+03 6.109800000000000786e-01
1.500000000000000000e+03 6.096040000000000347e-01
1.600000000000000000e+03 6.729240000000000776e-01
1.700000000000000000e+03 6.189320000000000377e-01
1.800000000000000000e+03 6.274680000000000257e-01
1.900000000000000000e+03 6.314319999999999933e-01
2.000000000000000000e+03 6.225959999999999273e-01
2.100000000000000000e+03 6.501440000000000552e-01
2.200000000000000000e+03 6.658839999999999204e-01
2.300000000000000000e+03 6.501959999999999962e-01
2.400000000000000000e+03 6.356560000000001098e-01
2.500000000000000000e+03 6.457400000000000917e-01
2.600000000000000000e+03 6.744560000000000555e-01
2.700000000000000000e+03 6.531959999999999988e-01
2.800000000000000000e+03 6.689400000000000901e-01
2.900000000000000000e+03 6.637799999999999256e-01
3.000000000000000000e+03 6.670360000000000733e-01
3.100000000000000000e+03 6.611599999999999699e-01
3.200000000000000000e+03 6.674440000000000373e-01
3.300000000000000000e+03 6.620319999999999538e-01
3.400000000000000000e+03 6.843200000000000394e-01
3.500000000000000000e+03 6.652679999999999705e-01
3.600000000000000000e+03 6.956879999999999731e-01
3.700000000000000000e+03 6.808640000000000247e-01
3.800000000000000000e+03 6.903240000000000487e-01
3.900000000000000000e+03 6.626440000000000108e-01
4.000000000000000000e+03 6.787559999999999150e-01
4.100000000000000000e+03 6.932840000000000114e-01
4.200000000000000000e+03 6.726799999999999446e-01
4.300000000000000000e+03 7.128400000000000292e-01
4.400000000000000000e+03 6.999040000000000816e-01
4.500000000000000000e+03 6.881120000000000569e-01
4.600000000000000000e+03 7.093679999999999986e-01
4.700000000000000000e+03 6.989039999999998587e-01
4.800000000000000000e+03 7.151840000000000419e-01
4.900000000000000000e+03 7.077959999999998697e-01
5.000000000000000000e+03 7.168680000000000607e-01
5.100000000000000000e+03 7.138240000000000141e-01
5.200000000000000000e+03 7.484919999999999352e-01
5.300000000000000000e+03 7.322360000000001090e-01
5.400000000000000000e+03 7.282560000000000144e-01
5.500000000000000000e+03 7.040279999999999871e-01
5.600000000000000000e+03 7.311800000000000521e-01
5.700000000000000000e+03 7.063719999999998889e-01
5.800000000000000000e+03 7.433479999999998977e-01
5.900000000000000000e+03 7.640160000000000284e-01
6.000000000000000000e+03 7.370200000000000085e-01
6.100000000000000000e+03 7.517239999999999478e-01
6.200000000000000000e+03 7.639159999999999284e-01
6.300000000000000000e+03 7.227839999999999820e-01
6.400000000000000000e+03 7.445680000000000076e-01
6.500000000000000000e+03 7.515400000000000968e-01
6.600000000000000000e+03 7.300200000000000022e-01
6.700000000000000000e+03 7.596840000000000259e-01
6.800000000000000000e+03 8.090720000000000134e-01
6.900000000000000000e+03 7.453000000000000735e-01
7.000000000000000000e+03 7.524759999999999227e-01
7.100000000000000000e+03 7.613679999999999337e-01
7.200000000000000000e+03 7.790680000000000938e-01
7.300000000000000000e+03 7.905519999999999214e-01
7.400000000000000000e+03 7.783619999999998873e-01
7.500000000000000000e+03 7.678519999999999790e-01
7.600000000000000000e+03 7.875679999999999348e-01
7.700000000000000000e+03 8.082440000000000735e-01
7.800000000000000000e+03 8.189319999999998823e-01
7.900000000000000000e+03 8.256679999999999575e-01
8.000000000000000000e+03 8.120999999999999330e-01
8.100000000000000000e+03 8.236120000000001218e-01
8.200000000000000000e+03 8.273840000000000083e-01
8.300000000000000000e+03 8.320520000000000138e-01
8.400000000000000000e+03 8.122759999999999980e-01
8.500000000000000000e+03 8.235839999999998717e-01
8.600000000000000000e+03 8.269960000000000644e-01
8.700000000000000000e+03 8.291800000000000281e-01
8.800000000000000000e+03 8.489800000000000679e-01
8.900000000000000000e+03 8.226199999999999068e-01
9.000000000000000000e+03 8.397479999999999389e-01
9.100000000000000000e+03 8.236199999999999077e-01
9.200000000000000000e+03 8.474120000000000541e-01
9.300000000000000000e+03 8.465279999999999472e-01
9.400000000000000000e+03 8.554439999999999822e-01
9.500000000000000000e+03 8.430960000000000676e-01
9.600000000000000000e+03 8.351799999999999224e-01
9.700000000000000000e+03 8.515360000000000706e-01
9.800000000000000000e+03 8.622079999999998634e-01
9.900000000000000000e+03 8.522439999999998905e-01
1.000000000000000000e+04 8.727239999999998332e-01
1.010000000000000000e+04 8.643799999999999262e-01
1.020000000000000000e+04 8.732040000000000912e-01
1.030000000000000000e+04 8.599480000000000457e-01
1.040000000000000000e+04 8.445599999999999774e-01
1.050000000000000000e+04 8.634760000000000213e-01
1.060000000000000000e+04 8.710960000000000925e-01
1.070000000000000000e+04 8.380919999999999481e-01
1.080000000000000000e+04 8.684840000000000337e-01
1.090000000000000000e+04 8.708800000000000985e-01
1.100000000000000000e+04 8.605760000000000076e-01
1.110000000000000000e+04 8.686399999999999677e-01
1.120000000000000000e+04 8.518920000000000936e-01
1.130000000000000000e+04 8.723839999999999373e-01
1.140000000000000000e+04 8.585520000000000929e-01
1.150000000000000000e+04 8.676399999999999668e-01
1.160000000000000000e+04 8.804599999999999094e-01
1.170000000000000000e+04 8.769440000000000568e-01
1.180000000000000000e+04 9.173239999999998062e-01
1.190000000000000000e+04 8.667759999999999909e-01
1.200000000000000000e+04 8.652079999999999771e-01
1.210000000000000000e+04 8.724760000000000293e-01
1.220000000000000000e+04 8.768239999999999368e-01
1.230000000000000000e+04 8.851039999999998908e-01
1.240000000000000000e+04 9.131599999999999717e-01
1.250000000000000000e+04 8.728559999999999652e-01
1.260000000000000000e+04 8.988559999999999883e-01
1.270000000000000000e+04 8.812519999999999243e-01
1.280000000000000000e+04 9.020279999999999410e-01
1.290000000000000000e+04 8.792480000000000295e-01
1.300000000000000000e+04 8.906599999999998962e-01
1.310000000000000000e+04 8.945759999999999268e-01
1.320000000000000000e+04 8.945799999999999308e-01
1.330000000000000000e+04 8.785160000000000746e-01
1.340000000000000000e+04 8.878639999999999866e-01
1.350000000000000000e+04 8.690039999999999987e-01
1.360000000000000000e+04 8.889519999999999644e-01
1.370000000000000000e+04 8.900960000000001093e-01
1.380000000000000000e+04 8.897879999999999123e-01
1.390000000000000000e+04 8.953840000000000687e-01
1.400000000000000000e+04 9.070999999999999064e-01
1.410000000000000000e+04 9.063359999999999195e-01
1.420000000000000000e+04 8.944360000000000088e-01
1.430000000000000000e+04 9.025560000000000249e-01
1.440000000000000000e+04 9.039360000000000728e-01
1.450000000000000000e+04 9.079400000000000803e-01
1.460000000000000000e+04 8.965000000000000746e-01
1.470000000000000000e+04 8.977600000000001135e-01
1.480000000000000000e+04 9.021600000000000730e-01
1.490000000000000000e+04 8.885880000000000445e-01
1.500000000000000000e+04 8.986520000000000064e-01
1.510000000000000000e+04 9.040400000000000658e-01
1.520000000000000000e+04 9.280080000000000551e-01
1.530000000000000000e+04 9.052799999999998626e-01
1.540000000000000000e+04 9.183879999999999821e-01
1.550000000000000000e+04 9.062400000000000455e-01
1.560000000000000000e+04 9.043200000000000127e-01
1.570000000000000000e+04 9.038479999999998737e-01
1.580000000000000000e+04 9.044999999999999707e-01
1.590000000000000000e+04 9.081639999999998603e-01
1.600000000000000000e+04 9.139599999999999946e-01
1.610000000000000000e+04 8.982840000000000824e-01
1.620000000000000000e+04 8.990880000000001093e-01
1.630000000000000000e+04 9.014120000000001021e-01
1.640000000000000000e+04 9.143120000000000136e-01
1.650000000000000000e+04 9.257999999999999563e-01
1.660000000000000000e+04 9.144639999999999436e-01
1.670000000000000000e+04 9.045119999999998717e-01
1.680000000000000000e+04 9.004640000000000422e-01
1.690000000000000000e+04 9.086199999999999832e-01
1.700000000000000000e+04 9.133599999999999497e-01
1.710000000000000000e+04 9.183120000000000172e-01
1.720000000000000000e+04 8.986239999999999783e-01
1.730000000000000000e+04 9.091120000000000312e-01
1.740000000000000000e+04 9.228800000000001447e-01
1.750000000000000000e+04 9.084080000000001043e-01
1.760000000000000000e+04 9.197879999999999390e-01
1.770000000000000000e+04 9.214559999999999418e-01
1.780000000000000000e+04 9.028519999999999879e-01
1.790000000000000000e+04 9.037120000000000708e-01
1.800000000000000000e+04 9.252440000000000664e-01
1.810000000000000000e+04 9.137479999999998936e-01
1.820000000000000000e+04 9.219000000000000528e-01
1.830000000000000000e+04 9.174759999999999582e-01
1.840000000000000000e+04 9.116879999999999429e-01
1.850000000000000000e+04 9.144280000000000186e-01
1.860000000000000000e+04 9.082120000000001303e-01
1.870000000000000000e+04 9.017039999999999500e-01
1.880000000000000000e+04 9.147440000000000015e-01
1.890000000000000000e+04 9.140399999999998526e-01
1.900000000000000000e+04 9.041520000000000667e-01
1.910000000000000000e+04 9.156239999999999934e-01
1.920000000000000000e+04 9.221519999999999717e-01
1.930000000000000000e+04 9.049119999999999386e-01
1.940000000000000000e+04 9.200720000000000010e-01
1.950000000000000000e+04 9.056239999999999846e-01
1.960000000000000000e+04 9.193319999999998160e-01
1.970000000000000000e+04 9.057600000000000096e-01
1.980000000000000000e+04 9.164200000000000124e-01
1.990000000000000000e+04 8.923919999999999630e-01
2.000000000000000000e+04 9.179519999999999902e-01
2.010000000000000000e+04 9.155480000000000285e-01
2.020000000000000000e+04 9.321920000000001316e-01
2.030000000000000000e+04 9.150760000000000005e-01
2.040000000000000000e+04 9.126800000000000468e-01
2.050000000000000000e+04 9.204080000000000039e-01
2.060000000000000000e+04 9.056000000000001826e-01
2.070000000000000000e+04 9.268800000000000372e-01
2.080000000000000000e+04 9.225440000000000307e-01
2.090000000000000000e+04 9.317039999999998656e-01
2.100000000000000000e+04 9.060240000000000515e-01
2.110000000000000000e+04 9.364279999999999271e-01
2.120000000000000000e+04 9.175239999999998952e-01
2.130000000000000000e+04 9.138279999999999736e-01
2.140000000000000000e+04 9.176640000000000352e-01
2.150000000000000000e+04 9.299560000000000048e-01
2.160000000000000000e+04 9.075080000000000924e-01
2.170000000000000000e+04 9.137239999999999807e-01
2.180000000000000000e+04 9.201519999999999699e-01
2.190000000000000000e+04 9.118959999999999289e-01
2.200000000000000000e+04 9.257880000000000553e-01
2.210000000000000000e+04 9.414120000000000266e-01
2.220000000000000000e+04 9.177999999999999492e-01
2.230000000000000000e+04 9.181599999999999762e-01
2.240000000000000000e+04 9.305200000000000138e-01
2.250000000000000000e+04 9.123200000000000198e-01
2.260000000000000000e+04 9.023759999999998449e-01
2.270000000000000000e+04 9.383799999999999919e-01
2.280000000000000000e+04 9.198279999999998680e-01
2.290000000000000000e+04 9.196919999999999540e-01
2.300000000000000000e+04 9.326360000000000205e-01
2.310000000000000000e+04 9.245120000000000005e-01
2.320000000000000000e+04 9.179800000000000182e-01
2.330000000000000000e+04 9.275759999999999561e-01
2.340000000000000000e+04 9.062599999999999545e-01
2.350000000000000000e+04 9.249560000000001114e-01
2.360000000000000000e+04 9.150439999999999685e-01
2.370000000000000000e+04 9.396680000000000588e-01
2.380000000000000000e+04 9.244839999999998614e-01
2.390000000000000000e+04 9.142280000000000406e-01
2.400000000000000000e+04 9.213080000000000158e-01
2.410000000000000000e+04 9.324079999999999036e-01
2.420000000000000000e+04 9.340039999999999454e-01
2.430000000000000000e+04 9.359720000000000262e-01
2.440000000000000000e+04 9.235439999999999205e-01
2.450000000000000000e+04 9.203000000000001180e-01
2.460000000000000000e+04 9.230199999999999516e-01
2.470000000000000000e+04 9.252120000000000344e-01
2.480000000000000000e+04 9.286280000000000090e-01
2.490000000000000000e+04 9.233080000000000176e-01
2.500000000000000000e+04 9.285879999999999690e-01
2.510000000000000000e+04 9.313279999999998227e-01
2.520000000000000000e+04 9.271639999999999882e-01
2.530000000000000000e+04 9.212880000000001068e-01
2.540000000000000000e+04 9.327879999999999505e-01
2.550000000000000000e+04 9.275960000000000871e-01
2.560000000000000000e+04 9.382399999999999629e-01
2.570000000000000000e+04 9.251639999999999864e-01
2.580000000000000000e+04 9.286719999999999420e-01
2.590000000000000000e+04 9.150519999999999765e-01
2.600000000000000000e+04 9.367039999999998701e-01
2.610000000000000000e+04 9.326320000000001276e-01
2.620000000000000000e+04 9.343599999999999683e-01
2.630000000000000000e+04 9.174280000000000213e-01
2.640000000000000000e+04 9.284919999999999840e-01
2.650000000000000000e+04 9.272120000000000362e-01
2.660000000000000000e+04 9.323799999999998755e-01
2.670000000000000000e+04 9.248640000000000194e-01
2.680000000000000000e+04 9.268199999999999772e-01
2.690000000000000000e+04 9.337720000000000464e-01
2.700000000000000000e+04 9.085559999999999192e-01
2.710000000000000000e+04 9.192679999999998630e-01
2.720000000000000000e+04 9.224879999999999747e-01
2.730000000000000000e+04 9.380759999999999099e-01
2.740000000000000000e+04 9.302759999999999918e-01
2.750000000000000000e+04 9.297560000000001379e-01
2.760000000000000000e+04 9.218239999999999768e-01
2.770000000000000000e+04 9.145479999999999166e-01
2.780000000000000000e+04 9.364799999999999791e-01
2.790000000000000000e+04 9.240040000000000475e-01
2.800000000000000000e+04 9.391159999999999508e-01
2.810000000000000000e+04 9.217120000000000868e-01
2.820000000000000000e+04 9.361479999999999801e-01
2.830000000000000000e+04 9.359520000000000062e-01
2.840000000000000000e+04 9.347799999999999443e-01
2.850000000000000000e+04 9.242160000000000375e-01
2.860000000000000000e+04 9.371639999999999970e-01
2.870000000000000000e+04 9.338800000000000434e-01
2.880000000000000000e+04 9.291039999999999299e-01
2.890000000000000000e+04 9.142439999999998346e-01
2.900000000000000000e+04 9.248079999999999634e-01
2.910000000000000000e+04 9.255519999999999303e-01
2.920000000000000000e+04 9.194680000000000630e-01
2.930000000000000000e+04 9.380679999999999019e-01
2.940000000000000000e+04 9.341759999999998954e-01
2.950000000000000000e+04 9.206920000000000659e-01
2.960000000000000000e+04 9.398800000000000487e-01
2.970000000000000000e+04 9.157040000000000735e-01
2.980000000000000000e+04 9.341880000000000184e-01
2.990000000000000000e+04 9.214759999999999618e-01
3.000000000000000000e+04 9.370239999999999680e-01
