0.000000000000000000e+00 5.271111376619370681e-01
1.000000000000000000e+02 4.081555477893216155e-01
2.000000000000000000e+02 4.366347610579358052e-01
3.000000000000000000e+02 4.359082311558292178e-01
4.000000000000000000e+02 4.916948444278909092e-01
5.000000000000000000e+02 5.390058653764453478e-01
6.000000000000000000e+02 5.719902464298050049e-01
7.000000000000000000e+02 5.715992609760988108e-01
8.000000000000000000e+02 6.383003270484712832e-01
9.000000000000000000e+02 6.225983761163205177e-01
1.000000000000000000e+03 6.273852290296184631e-01
1.100000000000000000e+03 6.535129277985007867e-01
1.200000000000000000e+03 6.876257157384539909e-01
1.300000000000000000e+03 6.956073291028739281e-01
1.400000000000000000e+03 6.869956279465129212e-01
1.500000000000000000e+03 6.827784153931690803e-01
1.600000000000000000e+03 7.087946251802255127e-01
1.700000000000000000e+03 7.195414614641646445e-01
1.800000000000000000e+03 7.161834651824632303e-01
1.900000000000000000e+03 7.364582131136439003e-01
2.000000000000000000e+03 7.384573428118348382e-01
2.100000000000000000e+03 7.445230745022584085e-01
2.200000000000000000e+03 7.582854564275246512e-01
2.300000000000000000e+03 7.635317841624825741e-01
2.400000000000000000e+03 7.426557441824634953e-01
2.500000000000000000e+03 7.526199898156816781e-01
2.600000000000000000e+03 7.759606301394326167e-01
2.700000000000000000e+03 7.928891640775290739e-01
2.800000000000000000e+03 7.776073154475746652e-01
2.900000000000000000e+03 7.681329937133741792e-01
3.000000000000000000e+03 7.794961495780803329e-01
3.100000000000000000e+03 7.900874613158835880e-01
3.200000000000000000e+03 7.803699459715707221e-01
3.300000000000000000e+03 7.717422171649488405e-01
3.400000000000000000e+03 8.010795303523988720e-01
3.500000000000000000e+03 8.099899851883023416e-01
3.600000000000000000e+03 8.281606262363060411e-01
3.700000000000000000e+03 8.039587051437485643e-01
3.800000000000000000e+03 8.223506743382634765e-01
3.900000000000000000e+03 8.130481744553859080e-01
4.000000000000000000e+03 8.110165966208480182e-01
4.100000000000000000e+03 8.264126409938870044e-01
4.200000000000000000e+03 8.050587684690573287e-01
4.300000000000000000e+03 8.205951804819442419e-01
4.400000000000000000e+03 8.447251960746984256e-01
4.500000000000000000e+03 8.210601976857665463e-01
4.600000000000000000e+03 8.369448595904229737e-01
4.700000000000000000e+03 8.219742881877435403e-01
4.800000000000000000e+03 8.395026187734230261e-01
4.900000000000000000e+03 8.339932442902002752e-01
5.000000000000000000e+03 8.200739687828690894e-01
5.100000000000000000e+03 8.298446826738976601e-01
5.200000000000000000e+03 8.546939300435600906e-01
5.300000000000000000e+03 8.362109474242651608e-01
5.400000000000000000e+03 8.642223963300539324e-01
5.500000000000000000e+03 8.523739603448132751e-01
5.600000000000000000e+03 8.347635580936305644e-01
5.700000000000000000e+03 8.531779385176903041e-01
5.800000000000000000e+03 8.716480660530276925e-01
5.900000000000000000e+03 8.698243130184392102e-01
6.000000000000000000e+03 8.675650405049204483e-01
6.100000000000000000e+03 8.545117845183130001e-01
6.200000000000000000e+03 8.551315288869696385e-01
6.300000000000000000e+03 8.507244079860313279e-01
6.400000000000000000e+03 8.587936884192325371e-01
6.500000000000000000e+03 9.026256076120728888e-01
6.600000000000000000e+03 8.788760047836834399e-01
6.700000000000000000e+03 8.558396679072739488e-01
6.800000000000000000e+03 8.827496733165162146e-01
6.900000000000000000e+03 8.778663940169650903e-01
7.000000000000000000e+03 8.572033277022798048e-01
7.100000000000000000e+03 8.676254415369495376e-01
7.200000000000000000e+03 8.742857054314043808e-01
7.300000000000000000e+03 8.730925997700589303e-01
7.400000000000000000e+03 8.850291138780899125e-01
7.500000000000000000e+03 8.620391044223705279e-01
7.600000000000000000e+03 8.920419312302667603e-01
7.700000000000000000e+03 8.738481454395861103e-01
7.800000000000000000e+03 8.873587533956255324e-01
7.900000000000000000e+03 9.064894766201926357e-01
8.000000000000000000e+03 8.898750441674743161e-01
8.100000000000000000e+03 8.988311743013004396e-01
8.200000000000000000e+03 8.708566861116697755e-01
8.300000000000000000e+03 8.978816532740306888e-01
8.400000000000000000e+03 8.848561092249181970e-01
8.500000000000000000e+03 8.882877325219307174e-01
8.600000000000000000e+03 9.034466855701392962e-01
8.700000000000000000e+03 8.900451402981695015e-01
8.800000000000000000e+03 8.911035254227465119e-01
8.900000000000000000e+03 8.990027350677932683e-01
9.000000000000000000e+03 8.908590328668507530e-01
9.100000000000000000e+03 9.047535687018334327e-01
9.200000000000000000e+03 9.013215366487021818e-01
9.300000000000000000e+03 8.995458363424979620e-01
9.400000000000000000e+03 9.003658983340314670e-01
9.500000000000000000e+03 9.069290301881760552e-01
9.600000000000000000e+03 8.947921574777398801e-01
9.700000000000000000e+03 8.849931272912230362e-01
9.800000000000000000e+03 8.971160557019721704e-01
9.900000000000000000e+03 8.984248095128244405e-01
1.000000000000000000e+04 9.038979512354821111e-01
1.010000000000000000e+04 9.193975103587139763e-01
1.020000000000000000e+04 9.015904859816348260e-01
1.030000000000000000e+04 9.197346734673255142e-01
1.040000000000000000e+04 9.011366351126134377e-01
1.050000000000000000e+04 9.081931828360024772e-01
1.060000000000000000e+04 9.199025114233948530e-01
1.070000000000000000e+04 9.115408812178338316e-01
1.080000000000000000e+04 9.177516009573583045e-01
1.090000000000000000e+04 9.188355413384392545e-01
1.100000000000000000e+04 9.303215861356062266e-01
1.110000000000000000e+04 8.980819313039606344e-01
1.120000000000000000e+04 9.221588718265216755e-01
1.130000000000000000e+04 9.054914238804994131e-01
1.140000000000000000e+04 9.151485068966560554e-01
1.150000000000000000e+04 9.158079757472008531e-01
1.160000000000000000e+04 9.114178890913003928e-01
1.170000000000000000e+04 9.212127126090261520e-01
1.180000000000000000e+04 9.267448686905187527e-01
1.190000000000000000e+04 9.198427762156676790e-01
1.200000000000000000e+04 9.138787796065583890e-01
1.210000000000000000e+04 9.200918987016857287e-01
1.220000000000000000e+04 9.090842730156032392e-01
1.230000000000000000e+04 9.176309538566853607e-01
1.240000000000000000e+04 9.242624240833027249e-01
1.250000000000000000e+04 9.035836098607945566e-01
1.260000000000000000e+04 9.076879652641616225e-01
1.270000000000000000e+04 9.410595788627253988e-01
1.280000000000000000e+04 9.255722092395205491e-01
1.290000000000000000e+04 9.232110955536021457e-01
1.300000000000000000e+04 9.151137429833260395e-01
1.310000000000000000e+04 9.147105242674474779e-01
1.320000000000000000e+04 9.082425429947430517e-01
1.330000000000000000e+04 9.324727115565877300e-01
1.340000000000000000e+04 9.134893219796952346e-01
1.350000000000000000e+04 9.290710775187800419e-01
1.360000000000000000e+04 9.195070997970080651e-01
1.370000000000000000e+04 9.125567107555785373e-01
1.380000000000000000e+04 9.193056187453361172e-01
1.390000000000000000e+04 9.120507849775014719e-01
1.400000000000000000e+04 9.246075526383349397e-01
1.410000000000000000e+04 9.347644480424661673e-01
1.420000000000000000e+04 9.195332949346202156e-01
1.430000000000000000e+04 9.105792139567444599e-01
1.440000000000000000e+04 9.270903037122684154e-01
1.450000000000000000e+04 9.235503017241908363e-01
1.460000000000000000e+04 9.223416853448984654e-01
1.470000000000000000e+04 9.244988483934437618e-01
1.480000000000000000e+04 9.328590830130766287e-01
1.490000000000000000e+04 9.291503843667235918e-01
1.500000000000000000e+04 9.271869269321286744e-01
1.510000000000000000e+04 9.207449132067234698e-01
1.520000000000000000e+04 9.314661640015785560e-01
1.530000000000000000e+04 9.169064805700644083e-01
1.540000000000000000e+04 9.216364648596936382e-01
1.550000000000000000e+04 9.259988725005556809e-01
1.560000000000000000e+04 9.147564285266608364e-01
1.570000000000000000e+04 9.330036019179535067e-01
1.580000000000000000e+04 9.213925009284389400e-01
1.590000000000000000e+04 9.219597219494463092e-01
1.600000000000000000e+04 9.253890594125573354e-01
1.610000000000000000e+04 9.192045970957741785e-01
1.620000000000000000e+04 9.238370225671521663e-01
1.630000000000000000e+04 9.293673430325014584e-01
1.640000000000000000e+04 9.278789446666280138e-01
1.650000000000000000e+04 9.268579327816446334e-01
1.660000000000000000e+04 9.258386804792722025e-01
1.670000000000000000e+04 9.214595572098233101e-01
1.680000000000000000e+04 9.326789464166119759e-01
1.690000000000000000e+04 9.273319897894912733e-01
1.700000000000000000e+04 9.341114541106070313e-01
1.710000000000000000e+04 9.154462194365406980e-01
1.720000000000000000e+04 9.265361505755371763e-01
1.730000000000000000e+04 9.285012791348268291e-01
1.740000000000000000e+04 9.246713584923921259e-01
1.750000000000000000e+04 9.330362557644610311e-01
1.760000000000000000e+04 9.143011466602743997e-01
1.770000000000000000e+04 9.296205808562209016e-01
1.780000000000000000e+04 9.338203756032870118e-01
1.790000000000000000e+04 9.258088830334921804e-01
1.800000000000000000e+04 9.357535186958396700e-01
1.810000000000000000e+04 9.338020309125050211e-01
1.820000000000000000e+04 9.170538026930400433e-01
1.830000000000000000e+04 9.098313238497592881e-01
1.840000000000000000e+04 9.347965583139256074e-01
1.850000000000000000e+04 9.214679647556667241e-01
1.860000000000000000e+04 9.303406546933021826e-01
1.870000000000000000e+04 9.135339264031714368e-01
1.880000000000000000e+04 9.261022296566443490e-01
1.890000000000000000e+04 9.291248128276150542e-01
1.900000000000000000e+04 9.202285801828944400e-01
1.910000000000000000e+04 9.309045069676036288e-01
1.920000000000000000e+04 9.453102921349656462e-01
1.930000000000000000e+04 9.344028334534998370e-01
1.940000000000000000e+04 9.254021499067854872e-01
1.950000000000000000e+04 9.182475217520961186e-01
1.960000000000000000e+04 9.433672341011903884e-01
1.970000000000000000e+04 9.396014857960972577e-01
1.980000000000000000e+04 9.221554939454542632e-01
1.990000000000000000e+04 9.349001947189266026e-01
2.000000000000000000e+04 9.178246283533901817e-01
2.010000000000000000e+04 9.338776168694786772e-01
2.020000000000000000e+04 9.317977528373799778e-01
2.030000000000000000e+04 9.335997379563578669e-01
2.040000000000000000e+04 9.499350190083862833e-01
2.050000000000000000e+04 9.402560494438787497e-01
2.060000000000000000e+04 9.264515790606782097e-01
2.070000000000000000e+04 9.356588370423597478e-01
2.080000000000000000e+04 9.355657896946969476e-01
2.090000000000000000e+04 9.467463670809399545e-01
2.100000000000000000e+04 9.314824850055583028e-01
2.110000000000000000e+04 9.394005195051761126e-01
2.120000000000000000e+04 9.437936227667134137e-01
2.130000000000000000e+04 9.224631127065672231e-01
2.140000000000000000e+04 9.216551524388386651e-01
2.150000000000000000e+04 9.328229356618454871e-01
2.160000000000000000e+04 9.149362579800953688e-01
2.170000000000000000e+04 9.363714327979085761e-01
2.180000000000000000e+04 9.397930160815252121e-01
2.190000000000000000e+04 9.300310009942068801e-01
2.200000000000000000e+04 9.382749278615850619e-01
2.210000000000000000e+04 9.367492548434286359e-01
2.220000000000000000e+04 9.451036766404056211e-01
2.230000000000000000e+04 9.343382329832277122e-01
2.240000000000000000e+04 9.289152581480515369e-01
2.250000000000000000e+04 9.299127687532278141e-01
2.260000000000000000e+04 9.422621195800473526e-01
2.270000000000000000e+04 9.359117756436614588e-01
2.280000000000000000e+04 9.326686670933937995e-01
2.290000000000000000e+04 9.336920577349286932e-01
2.300000000000000000e+04 9.289134723415521933e-01
2.310000000000000000e+04 9.305595832598759776e-01
2.320000000000000000e+04 9.311987672018827711e-01
2.330000000000000000e+04 9.392799693282826157e-01
2.340000000000000000e+04 9.376616489765925433e-01
2.350000000000000000e+04 9.265154599828694382e-01
2.360000000000000000e+04 9.287380900711597054e-01
2.370000000000000000e+04 9.274911282043306615e-01
2.380000000000000000e+04 9.347967272167190256e-01
2.390000000000000000e+04 9.258163112496570202e-01
2.400000000000000000e+04 9.286567409363793990e-01
2.410000000000000000e+04 9.264490959830570249e-01
2.420000000000000000e+04 9.367476313346083661e-01
2.430000000000000000e+04 9.305981004906805909e-01
2.440000000000000000e+04 9.241524299801553433e-01
2.450000000000000000e+04 9.207403183127000901e-01
2.460000000000000000e+04 9.333475797255463835e-01
2.470000000000000000e+04 9.374415839132244077e-01
2.480000000000000000e+04 9.204403574753381445e-01
2.490000000000000000e+04 9.276654459554788401e-01
2.500000000000000000e+04 9.410852250779058181e-01
2.510000000000000000e+04 9.302160020916890870e-01
2.520000000000000000e+04 9.252975056822815292e-01
2.530000000000000000e+04 9.334158376392234224e-01
2.540000000000000000e+04 9.253312011909110568e-01
2.550000000000000000e+04 9.302800140711734445e-01
2.560000000000000000e+04 9.310495925899726632e-01
2.570000000000000000e+04 9.319514170974716460e-01
2.580000000000000000e+04 9.202587995021577205e-01
2.590000000000000000e+04 9.399025877574564980e-01
2.600000000000000000e+04 9.439981987449774792e-01
2.610000000000000000e+04 9.289760400902850046e-01
2.620000000000000000e+04 9.349968278618359108e-01
2.630000000000000000e+04 9.364259556801878270e-01
2.640000000000000000e+04 9.441360135019203348e-01
2.650000000000000000e+04 9.399635395256259462e-01
2.660000000000000000e+04 9.336533213893677408e-01
2.670000000000000000e+04 9.326990273557868028e-01
2.680000000000000000e+04 9.342102692925496887e-01
2.690000000000000000e+04 9.236074581923332527e-01
2.700000000000000000e+04 9.144472879035608903e-01
2.710000000000000000e+04 9.365082940868123540e-01
2.720000000000000000e+04 9.277238539078289659e-01
2.730000000000000000e+04 9.359017505520077496e-01
2.740000000000000000e+04 9.331483377205846974e-01
2.750000000000000000e+04 9.485164561212021672e-01
2.760000000000000000e+04 9.314558441525151444e-01
2.770000000000000000e+04 9.274125222108836608e-01
2.780000000000000000e+04 9.414782544296639299e-01
2.790000000000000000e+04 9.393208655012494912e-01
2.800000000000000000e+04 9.387967932564151852e-01
2.810000000000000000e+04 9.428623091135023282e-01
2.820000000000000000e+04 9.397201636747382070e-01
2.830000000000000000e+04 9.235646990096316733e-01
2.840000000000000000e+04 9.261475784158159641e-01
2.850000000000000000e+04 9.278094232243973005e-01
2.860000000000000000e+04 9.368922709862972376e-01
2.870000000000000000e+04 9.368847055555054038e-01
2.880000000000000000e+04 9.353745884588141601e-01
2.890000000000000000e+04 9.455602567929504154e-01
2.900000000000000000e+04 9.520340176041776070e-01
2.910000000000000000e+04 9.430090236757414646e-01
2.920000000000000000e+04 9.407930265972526129e-01
2.930000000000000000e+04 9.366232346987781732e-01
2.940000000000000000e+04 9.339788260806992648e-01
2.950000000000000000e+04 9.284431769529556400e-01
2.960000000000000000e+04 9.428271821881810677e-01
2.970000000000000000e+04 9.287527176702726761e-01
2.980000000000000000e+04 9.519912031223274340e-01
2.990000000000000000e+04 9.328269759217491242e-01
3.000000000000000000e+04 9.283343337621314806e-01
