0.000000000000000000e+00 5.187880000000000269e-01
1.000000000000000000e+02 3.536679999999999824e-01
2.000000000000000000e+02 4.129639999999999977e-01
3.000000000000000000e+02 4.128439999999999888e-01
4.000000000000000000e+02 4.891559999999999797e-01
5.000000000000000000e+02 5.375159999999999938e-01
6.000000000000000000e+02 5.704959999999998921e-01
7.000000000000000000e+02 5.687960000000000793e-01
8.000000000000000000e+02 6.239320000000000421e-01
9.000000000000000000e+02 6.238319999999999421e-01
1.000000000000000000e+03 6.321559999999999402e-01
1.100000000000000000e+03 6.510559999999998571e-01
1.200000000000000000e+03 6.789319999999999800e-01
1.300000000000000000e+03 6.891240000000000698e-01
1.400000000000000000e+03 6.779600000000000071e-01
1.500000000000000000e+03 6.724040000000000017e-01
1.600000000000000000e+03 6.884360000000000479e-01
1.700000000000000000e+03 6.947400000000000242e-01
1.800000000000000000e+03 7.000919999999999366e-01
1.900000000000000000e+03 7.171799999999999287e-01
2.000000000000000000e+03 7.177119999999999056e-01
2.100000000000000000e+03 7.278780000000000250e-01
2.200000000000000000e+03 7.330079999999998819e-01
2.300000000000000000e+03 7.485120000000000662e-01
2.400000000000000000e+03 7.289719999999999533e-01
2.500000000000000000e+03 7.373519999999998964e-01
2.600000000000000000e+03 7.556479999999999864e-01
2.700000000000000000e+03 7.656560000000001143e-01
2.800000000000000000e+03 7.609600000000000808e-01
2.900000000000000000e+03 7.466279999999999584e-01
3.000000000000000000e+03 7.544039999999999635e-01
3.100000000000000000e+03 7.647800000000000153e-01
3.200000000000000000e+03 7.568119999999999292e-01
3.300000000000000000e+03 7.573079999999999812e-01
3.400000000000000000e+03 7.790639999999999787e-01
3.500000000000000000e+03 7.958680000000000199e-01
3.600000000000000000e+03 8.073799999999998755e-01
3.700000000000000000e+03 7.807640000000000136e-01
3.800000000000000000e+03 8.101599999999999913e-01
3.900000000000000000e+03 7.971080000000000387e-01
4.000000000000000000e+03 7.941400000000000681e-01
4.100000000000000000e+03 8.119080000000000741e-01
4.200000000000000000e+03 7.945379999999999665e-01
4.300000000000000000e+03 8.036119999999999930e-01
4.400000000000000000e+03 8.299239999999998840e-01
4.500000000000000000e+03 8.063600000000000767e-01
4.600000000000000000e+03 8.202560000000000962e-01
4.700000000000000000e+03 8.054599999999998428e-01
4.800000000000000000e+03 8.153440000000000687e-01
4.900000000000000000e+03 8.210600000000000120e-01
5.000000000000000000e+03 8.015639999999999432e-01
5.100000000000000000e+03 8.124839999999999840e-01
5.200000000000000000e+03 8.368999999999999773e-01
5.300000000000000000e+03 8.121119999999999450e-01
5.400000000000000000e+03 8.393279999999998520e-01
5.500000000000000000e+03 8.314039999999999209e-01
5.600000000000000000e+03 8.195799999999998642e-01
5.700000000000000000e+03 8.260440000000000005e-01
5.800000000000000000e+03 8.569360000000000310e-01
5.900000000000000000e+03 8.495359999999999578e-01
6.000000000000000000e+03 8.495319999999999538e-01
6.100000000000000000e+03 8.379440000000001332e-01
6.200000000000000000e+03 8.330040000000000777e-01
6.300000000000000000e+03 8.340959999999999486e-01
6.400000000000000000e+03 8.411239999999999828e-01
6.500000000000000000e+03 8.883479999999999155e-01
6.600000000000000000e+03 8.635199999999998433e-01
6.700000000000000000e+03 8.386479999999998380e-01
6.800000000000000000e+03 8.624759999999999094e-01
6.900000000000000000e+03 8.651360000000001271e-01
7.000000000000000000e+03 8.512599999999999056e-01
7.100000000000000000e+03 8.461960000000000592e-01
7.200000000000000000e+03 8.648119999999999141e-01
7.300000000000000000e+03 8.565000000000000391e-01
7.400000000000000000e+03 8.565400000000000791e-01
7.500000000000000000e+03 8.435360000000000635e-01
7.600000000000000000e+03 8.734159999999999702e-01
7.700000000000000000e+03 8.532319999999999904e-01
7.800000000000000000e+03 8.726040000000000463e-01
7.900000000000000000e+03 8.919879999999998921e-01
8.000000000000000000e+03 8.807240000000000624e-01
8.100000000000000000e+03 8.808560000000000834e-01
8.200000000000000000e+03 8.557320000000001592e-01
8.300000000000000000e+03 8.910399999999999432e-01
8.400000000000000000e+03 8.741519999999999291e-01
8.500000000000000000e+03 8.670440000000000369e-01
8.600000000000000000e+03 8.914320000000000022e-01
8.700000000000000000e+03 8.798960000000000115e-01
8.800000000000000000e+03 8.780079999999998996e-01
8.900000000000000000e+03 8.876079999999999526e-01
9.000000000000000000e+03 8.783560000000000256e-01
9.100000000000000000e+03 8.938319999999999599e-01
9.200000000000000000e+03 8.893679999999999364e-01
9.300000000000000000e+03 8.875960000000000516e-01
9.400000000000000000e+03 8.904520000000001323e-01
9.500000000000000000e+03 8.972400000000000375e-01
9.600000000000000000e+03 8.830319999999999281e-01
9.700000000000000000e+03 8.784279999999999866e-01
9.800000000000000000e+03 8.836079999999999490e-01
9.900000000000000000e+03 8.925879999999999370e-01
1.000000000000000000e+04 8.855999999999999428e-01
1.010000000000000000e+04 9.082759999999998612e-01
1.020000000000000000e+04 8.999759999999999982e-01
1.030000000000000000e+04 9.133799999999999697e-01
1.040000000000000000e+04 8.854800000000000448e-01
1.050000000000000000e+04 9.014759999999998330e-01
1.060000000000000000e+04 9.143559999999999466e-01
1.070000000000000000e+04 9.001320000000001542e-01
1.080000000000000000e+04 9.064719999999999445e-01
1.090000000000000000e+04 9.113639999999999519e-01
1.100000000000000000e+04 9.232480000000000686e-01
1.110000000000000000e+04 8.937999999999999279e-01
1.120000000000000000e+04 9.100679999999999881e-01
1.130000000000000000e+04 8.967999999999999305e-01
1.140000000000000000e+04 8.981120000000000214e-01
1.150000000000000000e+04 9.102559999999999540e-01
1.160000000000000000e+04 9.034559999999999258e-01
1.170000000000000000e+04 9.107679999999999110e-01
1.180000000000000000e+04 9.189840000000000231e-01
1.190000000000000000e+04 9.136439999999999007e-01
1.200000000000000000e+04 9.037999999999999368e-01
1.210000000000000000e+04 9.137400000000001077e-01
1.220000000000000000e+04 9.085760000000000502e-01
1.230000000000000000e+04 9.103320000000000300e-01
1.240000000000000000e+04 9.126240000000001018e-01
1.250000000000000000e+04 9.010399999999999521e-01
1.260000000000000000e+04 9.002480000000000482e-01
1.270000000000000000e+04 9.303599999999999648e-01
1.280000000000000000e+04 9.144359999999998045e-01
1.290000000000000000e+04 9.142839999999998746e-01
1.300000000000000000e+04 9.055319999999998926e-01
1.310000000000000000e+04 9.073800000000000754e-01
1.320000000000000000e+04 8.992040000000000033e-01
1.330000000000000000e+04 9.237680000000000335e-01
1.340000000000000000e+04 8.977800000000001335e-01
1.350000000000000000e+04 9.251440000000000774e-01
1.360000000000000000e+04 9.162080000000000224e-01
1.370000000000000000e+04 9.069920000000000204e-01
1.380000000000000000e+04 9.148600000000000065e-01
1.390000000000000000e+04 9.044479999999999187e-01
1.400000000000000000e+04 9.191759999999998820e-01
1.410000000000000000e+04 9.281479999999999730e-01
1.420000000000000000e+04 9.075760000000000494e-01
1.430000000000000000e+04 9.054720000000000546e-01
1.440000000000000000e+04 9.181799999999999962e-01
1.450000000000000000e+04 9.176760000000001583e-01
1.460000000000000000e+04 9.156119999999998704e-01
1.470000000000000000e+04 9.169760000000000133e-01
1.480000000000000000e+04 9.238079999999999625e-01
1.490000000000000000e+04 9.228079999999999616e-01
1.500000000000000000e+04 9.187359999999999971e-01
1.510000000000000000e+04 9.196320000000000050e-01
1.520000000000000000e+04 9.257480000000000153e-01
1.530000000000000000e+04 9.099899999999999656e-01
1.540000000000000000e+04 9.129719999999998947e-01
1.550000000000000000e+04 9.264719999999999622e-01
1.560000000000000000e+04 9.068279999999999674e-01
1.570000000000000000e+04 9.217079999999998607e-01
1.580000000000000000e+04 9.147800000000000376e-01
1.590000000000000000e+04 9.121200000000000419e-01
1.600000000000000000e+04 9.194799999999999640e-01
1.610000000000000000e+04 9.159519999999999884e-01
1.620000000000000000e+04 9.156040000000000845e-01
1.630000000000000000e+04 9.269159999999999622e-01
1.640000000000000000e+04 9.181319999999999482e-01
1.650000000000000000e+04 9.224880000000000857e-01
1.660000000000000000e+04 9.229279999999999706e-01
1.670000000000000000e+04 9.146199999999999886e-01
1.680000000000000000e+04 9.261999999999999122e-01
1.690000000000000000e+04 9.194640000000000590e-01
1.700000000000000000e+04 9.236679999999999335e-01
1.710000000000000000e+04 9.106719999999999260e-01
1.720000000000000000e+04 9.222599999999999687e-01
1.730000000000000000e+04 9.200759999999998939e-01
1.740000000000000000e+04 9.202439999999998399e-01
1.750000000000000000e+04 9.244159999999999044e-01
1.760000000000000000e+04 9.102799999999999780e-01
1.770000000000000000e+04 9.256360000000000143e-01
1.780000000000000000e+04 9.322559999999998626e-01
1.790000000000000000e+04 9.164159999999998973e-01
1.800000000000000000e+04 9.321320000000000716e-01
1.810000000000000000e+04 9.268239999999998702e-01
1.820000000000000000e+04 9.162719999999999754e-01
1.830000000000000000e+04 9.034039999999999848e-01
1.840000000000000000e+04 9.274320000000000341e-01
1.850000000000000000e+04 9.191720000000001001e-01
1.860000000000000000e+04 9.264119999999999022e-01
1.870000000000000000e+04 9.076000000000000734e-01
1.880000000000000000e+04 9.175240000000000062e-01
1.890000000000000000e+04 9.249839999999999174e-01
1.900000000000000000e+04 9.103680000000001771e-01
1.910000000000000000e+04 9.234080000000000066e-01
1.920000000000000000e+04 9.420319999999999805e-01
1.930000000000000000e+04 9.263959999999998862e-01
1.940000000000000000e+04 9.156359999999998944e-01
1.950000000000000000e+04 9.125800000000000578e-01
1.960000000000000000e+04 9.395039999999998948e-01
1.970000000000000000e+04 9.328840000000000465e-01
1.980000000000000000e+04 9.174240000000000173e-01
1.990000000000000000e+04 9.337239999999999984e-01
2.000000000000000000e+04 9.051919999999999966e-01
2.010000000000000000e+04 9.281760000000001121e-01
2.020000000000000000e+04 9.232399999999999496e-01
2.030000000000000000e+04 9.262359999999999483e-01
2.040000000000000000e+04 9.445719999999999672e-01
2.050000000000000000e+04 9.351400000000000823e-01
2.060000000000000000e+04 9.212439999999998408e-01
2.070000000000000000e+04 9.262399999999999523e-01
2.080000000000000000e+04 9.303159999999999208e-01
2.090000000000000000e+04 9.429839999999999334e-01
2.100000000000000000e+04 9.248039999999999594e-01
2.110000000000000000e+04 9.308859999999998802e-01
2.120000000000000000e+04 9.394519999999999538e-01
2.130000000000000000e+04 9.171440000000000703e-01
2.140000000000000000e+04 9.181000000000000272e-01
2.150000000000000000e+04 9.243559999999999555e-01
2.160000000000000000e+04 9.125559999999999228e-01
2.170000000000000000e+04 9.302799999999999958e-01
2.180000000000000000e+04 9.362279999999998381e-01
2.190000000000000000e+04 9.217559999999999087e-01
2.200000000000000000e+04 9.348039999999999683e-01
2.210000000000000000e+04 9.320800000000000196e-01
2.220000000000000000e+04 9.417200000000000015e-01
2.230000000000000000e+04 9.250000000000000444e-01
2.240000000000000000e+04 9.249519999999998854e-01
2.250000000000000000e+04 9.188199999999999701e-01
2.260000000000000000e+04 9.344600000000000684e-01
2.270000000000000000e+04 9.327879999999999505e-01
2.280000000000000000e+04 9.282320000000000570e-01
2.290000000000000000e+04 9.309479999999999977e-01
2.300000000000000000e+04 9.200040000000000440e-01
2.310000000000000000e+04 9.200199999999998379e-01
2.320000000000000000e+04 9.230199999999999516e-01
2.330000000000000000e+04 9.356080000000001062e-01
2.340000000000000000e+04 9.299719999999997988e-01
2.350000000000000000e+04 9.220599999999998797e-01
2.360000000000000000e+04 9.224199999999999067e-01
2.370000000000000000e+04 9.169519999999999893e-01
2.380000000000000000e+04 9.292960000000000109e-01
2.390000000000000000e+04 9.272399999999999531e-01
2.400000000000000000e+04 9.194839999999999680e-01
2.410000000000000000e+04 9.203839999999998689e-01
2.420000000000000000e+04 9.308479999999998977e-01
2.430000000000000000e+04 9.227480000000000127e-01
2.440000000000000000e+04 9.186919999999999531e-01
2.450000000000000000e+04 9.196960000000000690e-01
2.460000000000000000e+04 9.293840000000000989e-01
2.470000000000000000e+04 9.339879999999999294e-01
2.480000000000000000e+04 9.192119999999999180e-01
2.490000000000000000e+04 9.213280000000000358e-01
2.500000000000000000e+04 9.344319999999999293e-01
2.510000000000000000e+04 9.310559999999999947e-01
2.520000000000000000e+04 9.200880000000000170e-01
2.530000000000000000e+04 9.296319999999999029e-01
2.540000000000000000e+04 9.196839999999999460e-01
2.550000000000000000e+04 9.266199999999998882e-01
2.560000000000000000e+04 9.249560000000000004e-01
2.570000000000000000e+04 9.230199999999999516e-01
2.580000000000000000e+04 9.169920000000001403e-01
2.590000000000000000e+04 9.323440000000000616e-01
2.600000000000000000e+04 9.387560000000000349e-01
2.610000000000000000e+04 9.243039999999999035e-01
2.620000000000000000e+04 9.297439999999999038e-01
2.630000000000000000e+04 9.327159999999999895e-01
2.640000000000000000e+04 9.413799999999999946e-01
2.650000000000000000e+04 9.358680000000000332e-01
2.660000000000000000e+04 9.267240000000001032e-01
2.670000000000000000e+04 9.249399999999999844e-01
2.680000000000000000e+04 9.292519999999999669e-01
2.690000000000000000e+04 9.231519999999999726e-01
2.700000000000000000e+04 9.063079999999998915e-01
2.710000000000000000e+04 9.328800000000000425e-01
2.720000000000000000e+04 9.217159999999998687e-01
2.730000000000000000e+04 9.327200000000001046e-01
2.740000000000000000e+04 9.284720000000000750e-01
2.750000000000000000e+04 9.430479999999999974e-01
2.760000000000000000e+04 9.252319999999999434e-01
2.770000000000000000e+04 9.222879999999999967e-01
2.780000000000000000e+04 9.357120000000000992e-01
2.790000000000000000e+04 9.327280000000000015e-01
2.800000000000000000e+04 9.365799999999999681e-01
2.810000000000000000e+04 9.381800000000000139e-01
2.820000000000000000e+04 9.359480000000000022e-01
2.830000000000000000e+04 9.219359999999999777e-01
2.840000000000000000e+04 9.145240000000000036e-01
2.850000000000000000e+04 9.216999999999999638e-01
2.860000000000000000e+04 9.324039999999998996e-01
2.870000000000000000e+04 9.325999999999999845e-01
2.880000000000000000e+04 9.288999999999999480e-01
2.890000000000000000e+04 9.425120000000000164e-01
2.900000000000000000e+04 9.462880000000000180e-01
2.910000000000000000e+04 9.356400000000000272e-01
2.920000000000000000e+04 9.345120000000000093e-01
2.930000000000000000e+04 9.327440000000001286e-01
2.940000000000000000e+04 9.324080000000000146e-01
2.950000000000000000e+04 9.240000000000000435e-01
2.960000000000000000e+04 9.358680000000000332e-01
2.970000000000000000e+04 9.195520000000001470e-01
2.980000000000000000e+04 9.458759999999999390e-01
2.990000000000000000e+04 9.279999999999999361e-01
3.000000000000000000e+04 9.267639999999999212e-01
