0.000000000000000000e+00 4.793990956400675518e-01
1.000000000000000000e+02 3.578629690533545737e-01
2.000000000000000000e+02 3.724177994336899666e-01
3.000000000000000000e+02 3.881375219073821548e-01
4.000000000000000000e+02 4.003521799963114525e-01
5.000000000000000000e+02 4.322201670923843664e-01
6.000000000000000000e+02 4.556737105068168758e-01
7.000000000000000000e+02 4.662396714300950373e-01
8.000000000000000000e+02 4.904531611321829021e-01
9.000000000000000000e+02 5.050693338104187413e-01
1.000000000000000000e+03 5.094118800642428724e-01
1.100000000000000000e+03 5.278403849931844194e-01
1.200000000000000000e+03 5.245135887804869279e-01
1.300000000000000000e+03 5.382787094283650875e-01
1.400000000000000000e+03 5.665558791155151930e-01
1.500000000000000000e+03 5.837969702596337296e-01
1.600000000000000000e+03 5.733187767391041412e-01
1.700000000000000000e+03 5.674477000927764525e-01
1.800000000000000000e+03 6.072443354242474944e-01
1.900000000000000000e+03 6.285140302172357307e-01
2.000000000000000000e+03 6.385381613994707273e-01
2.100000000000000000e+03 6.346729915107747200e-01
2.200000000000000000e+03 5.976260304909895016e-01
2.300000000000000000e+03 6.395364138992942760e-01
2.400000000000000000e+03 6.495722377770746236e-01
2.500000000000000000e+03 6.491467897247987784e-01
2.600000000000000000e+03 6.751876996529692088e-01
2.700000000000000000e+03 6.731902821034924100e-01
2.800000000000000000e+03 7.042801642431717468e-01
2.900000000000000000e+03 6.712958195135488859e-01
3.000000000000000000e+03 7.244930782240104339e-01
3.100000000000000000e+03 6.703611252764263284e-01
3.200000000000000000e+03 7.098869722205496391e-01
3.300000000000000000e+03 7.017118894439027255e-01
3.400000000000000000e+03 7.323319939683541335e-01
3.500000000000000000e+03 7.133067304944211706e-01
3.600000000000000000e+03 7.565204421617810482e-01
3.700000000000000000e+03 7.227049513918062384e-01
3.800000000000000000e+03 7.326674351067221647e-01
3.900000000000000000e+03 7.553538698913022653e-01
4.000000000000000000e+03 7.503794963967179710e-01
4.100000000000000000e+03 7.680255691512662963e-01
4.200000000000000000e+03 7.766993115145636173e-01
4.300000000000000000e+03 7.719028326530872341e-01
4.400000000000000000e+03 7.621735637473665559e-01
4.500000000000000000e+03 7.669276002629059619e-01
4.600000000000000000e+03 7.756221668552222281e-01
4.700000000000000000e+03 8.012467698336784849e-01
4.800000000000000000e+03 7.757647357451942227e-01
4.900000000000000000e+03 7.715729721004456199e-01
5.000000000000000000e+03 7.881389448093887307e-01
5.100000000000000000e+03 7.730469208390825520e-01
5.200000000000000000e+03 7.944206982490558122e-01
5.300000000000000000e+03 8.090497530480108557e-01
5.400000000000000000e+03 8.154561720068869146e-01
5.500000000000000000e+03 8.248953690566209751e-01
5.600000000000000000e+03 8.253839503065635297e-01
5.700000000000000000e+03 8.045923142788220517e-01
5.800000000000000000e+03 8.374976892422283381e-01
5.900000000000000000e+03 8.308091572347382492e-01
6.000000000000000000e+03 8.395484145991229941e-01
6.100000000000000000e+03 8.363496632057577651e-01
6.200000000000000000e+03 8.267183168886220734e-01
6.300000000000000000e+03 8.520246598601871613e-01
6.400000000000000000e+03 8.310965353335996175e-01
6.500000000000000000e+03 8.360359729046833444e-01
6.600000000000000000e+03 8.647876516851339401e-01
6.700000000000000000e+03 8.360189339338033321e-01
6.800000000000000000e+03 8.410432323769503338e-01
6.900000000000000000e+03 8.589282663849484578e-01
7.000000000000000000e+03 8.374381875158158905e-01
7.100000000000000000e+03 8.583144998280496374e-01
7.200000000000000000e+03 8.610755513510892634e-01
7.300000000000000000e+03 8.612859350169473904e-01
7.400000000000000000e+03 8.351394502912063977e-01
7.500000000000000000e+03 8.724968988156054372e-01
7.600000000000000000e+03 8.613510759292151153e-01
7.700000000000000000e+03 8.562293599818326939e-01
7.800000000000000000e+03 8.662104586354634206e-01
7.900000000000000000e+03 8.527290188338710886e-01
8.000000000000000000e+03 8.785707806814878618e-01
8.100000000000000000e+03 8.594830078047280830e-01
8.200000000000000000e+03 8.683500991361801091e-01
8.300000000000000000e+03 8.789933248163850354e-01
8.400000000000000000e+03 8.654164139734601413e-01
8.500000000000000000e+03 8.705975256510706251e-01
8.600000000000000000e+03 8.815905071833273210e-01
8.700000000000000000e+03 8.749735836845247139e-01
8.800000000000000000e+03 8.889714928183607423e-01
8.900000000000000000e+03 8.569662143786827002e-01
9.000000000000000000e+03 8.798258423918090543e-01
9.100000000000000000e+03 8.808176089210687509e-01
9.200000000000000000e+03 8.777071777107694484e-01
9.300000000000000000e+03 8.810100215936579326e-01
9.400000000000000000e+03 8.937851642953564824e-01
9.500000000000000000e+03 9.023206464243975766e-01
9.600000000000000000e+03 8.953750968175026026e-01
9.700000000000000000e+03 8.943823862155316773e-01
9.800000000000000000e+03 8.977797105523090959e-01
9.900000000000000000e+03 9.001988030966440180e-01
1.000000000000000000e+04 9.062449366038634047e-01
1.010000000000000000e+04 8.967010414023628417e-01
1.020000000000000000e+04 8.973908090358984069e-01
1.030000000000000000e+04 9.004518766730262858e-01
1.040000000000000000e+04 9.056077657821250959e-01
1.050000000000000000e+04 9.080002550140241491e-01
1.060000000000000000e+04 8.984326610866381069e-01
1.070000000000000000e+04 9.053030400334082239e-01
1.080000000000000000e+04 9.034218865561187695e-01
1.090000000000000000e+04 9.104881840797278691e-01
1.100000000000000000e+04 9.198987563101205245e-01
1.110000000000000000e+04 8.949910599869604910e-01
1.120000000000000000e+04 9.047936501713509383e-01
1.130000000000000000e+04 9.183561864577142186e-01
1.140000000000000000e+04 9.230916941608435788e-01
1.150000000000000000e+04 9.203356560993616320e-01
1.160000000000000000e+04 9.107767431634030686e-01
1.170000000000000000e+04 9.104530041467174817e-01
1.180000000000000000e+04 9.302850336040857648e-01
1.190000000000000000e+04 9.199577756561286845e-01
1.200000000000000000e+04 9.376716450746909182e-01
1.210000000000000000e+04 9.309472320699272441e-01
1.220000000000000000e+04 9.270619941513650319e-01
1.230000000000000000e+04 9.334825940911140041e-01
1.240000000000000000e+04 9.445401259361799751e-01
1.250000000000000000e+04 9.159128707421079207e-01
1.260000000000000000e+04 9.320107723703757729e-01
1.270000000000000000e+04 9.199515503914090786e-01
1.280000000000000000e+04 9.401562496883592024e-01
1.290000000000000000e+04 9.333926965236908346e-01
1.300000000000000000e+04 9.213304433583389130e-01
1.310000000000000000e+04 9.288242424826393950e-01
1.320000000000000000e+04 9.370893142691358868e-01
1.330000000000000000e+04 9.366423143931152939e-01
1.340000000000000000e+04 9.282383138649789034e-01
1.350000000000000000e+04 9.277462900266451040e-01
1.360000000000000000e+04 9.400641613546170117e-01
1.370000000000000000e+04 9.353070220760848485e-01
1.380000000000000000e+04 9.416274371679718147e-01
1.390000000000000000e+04 9.348156703956244096e-01
1.400000000000000000e+04 9.350852575396109145e-01
1.410000000000000000e+04 9.353115811051226913e-01
1.420000000000000000e+04 9.298596289979794705e-01
1.430000000000000000e+04 9.391731981803355112e-01
1.440000000000000000e+04 9.416394543561276143e-01
1.450000000000000000e+04 9.349925283613444993e-01
1.460000000000000000e+04 9.394296225662462918e-01
1.470000000000000000e+04 9.316554131932548444e-01
1.480000000000000000e+04 9.322230997049357759e-01
1.490000000000000000e+04 9.446144726292446947e-01
1.500000000000000000e+04 9.361014112440232404e-01
1.510000000000000000e+04 9.451036025562068454e-01
1.520000000000000000e+04 9.296874558708839720e-01
1.530000000000000000e+04 9.442462140043921259e-01
1.540000000000000000e+04 9.404491688208704847e-01
1.550000000000000000e+04 9.512097333342570682e-01
1.560000000000000000e+04 9.470349443283675450e-01
1.570000000000000000e+04 9.463628235266877686e-01
1.580000000000000000e+04 9.314575257667598862e-01
1.590000000000000000e+04 9.336566391773271079e-01
1.600000000000000000e+04 9.515833123974221097e-01
1.610000000000000000e+04 9.425410588996466776e-01
1.620000000000000000e+04 9.464862180011005544e-01
1.630000000000000000e+04 9.446306683696646944e-01
1.640000000000000000e+04 9.322875362047734482e-01
1.650000000000000000e+04 9.455256825278276489e-01
1.660000000000000000e+04 9.363717502328194886e-01
1.670000000000000000e+04 9.450848087385215202e-01
1.680000000000000000e+04 9.467898546506927637e-01
1.690000000000000000e+04 9.456572891606750408e-01
1.700000000000000000e+04 9.469002128806905949e-01
1.710000000000000000e+04 9.469753818897248543e-01
1.720000000000000000e+04 9.433463191578380647e-01
1.730000000000000000e+04 9.327432837101625740e-01
1.740000000000000000e+04 9.449101605672476367e-01
1.750000000000000000e+04 9.563588600431059961e-01
1.760000000000000000e+04 9.517271321775403470e-01
1.770000000000000000e+04 9.398257142999804081e-01
1.780000000000000000e+04 9.482888077331057541e-01
1.790000000000000000e+04 9.349167967023104264e-01
1.800000000000000000e+04 9.342917109762902683e-01
1.810000000000000000e+04 9.420385691378664328e-01
1.820000000000000000e+04 9.386227643502510487e-01
1.830000000000000000e+04 9.444139457353774025e-01
1.840000000000000000e+04 9.430364092025615985e-01
1.850000000000000000e+04 9.475891743878388507e-01
1.860000000000000000e+04 9.546713875073722377e-01
1.870000000000000000e+04 9.447456406836276521e-01
1.880000000000000000e+04 9.443407436634968510e-01
1.890000000000000000e+04 9.405215688983443734e-01
1.900000000000000000e+04 9.482744827293922985e-01
1.910000000000000000e+04 9.465315623109774590e-01
1.920000000000000000e+04 9.527834487784053730e-01
1.930000000000000000e+04 9.417325579803383917e-01
1.940000000000000000e+04 9.519536782647934903e-01
1.950000000000000000e+04 9.418623095267932843e-01
1.960000000000000000e+04 9.489636579387559223e-01
1.970000000000000000e+04 9.421656332254562116e-01
1.980000000000000000e+04 9.409282511975384233e-01
1.990000000000000000e+04 9.492871592622704746e-01
2.000000000000000000e+04 9.530245909770753698e-01
2.010000000000000000e+04 9.419351595132490207e-01
2.020000000000000000e+04 9.428807664470497674e-01
2.030000000000000000e+04 9.547204056737621514e-01
2.040000000000000000e+04 9.364853258768011113e-01
2.050000000000000000e+04 9.435749075568222732e-01
2.060000000000000000e+04 9.508588303809261122e-01
2.070000000000000000e+04 9.389323403075652275e-01
2.080000000000000000e+04 9.448494098941885300e-01
2.090000000000000000e+04 9.430296529861100785e-01
2.100000000000000000e+04 9.410484939494496714e-01
2.110000000000000000e+04 9.481262330453976706e-01
2.120000000000000000e+04 9.453059185791374830e-01
2.130000000000000000e+04 9.440849087099272285e-01
2.140000000000000000e+04 9.336863594182525095e-01
2.150000000000000000e+04 9.445485910444632038e-01
2.160000000000000000e+04 9.557570974804059372e-01
2.170000000000000000e+04 9.485296096706511415e-01
2.180000000000000000e+04 9.478591127083684231e-01
2.190000000000000000e+04 9.477151413558146942e-01
2.200000000000000000e+04 9.420742169553786294e-01
2.210000000000000000e+04 9.433403097631986034e-01
2.220000000000000000e+04 9.493192060143605948e-01
2.230000000000000000e+04 9.517184459079641723e-01
2.240000000000000000e+04 9.438083333992298707e-01
2.250000000000000000e+04 9.397868953544777915e-01
2.260000000000000000e+04 9.427316653012539627e-01
2.270000000000000000e+04 9.408250648191788246e-01
2.280000000000000000e+04 9.504522098031688015e-01
2.290000000000000000e+04 9.372063652995267224e-01
2.300000000000000000e+04 9.446528500835461584e-01
2.310000000000000000e+04 9.479727375699877889e-01
2.320000000000000000e+04 9.514306726930523705e-01
2.330000000000000000e+04 9.505569118199113099e-01
2.340000000000000000e+04 9.368158110815605344e-01
2.350000000000000000e+04 9.468297032644057420e-01
2.360000000000000000e+04 9.459340286241459950e-01
2.370000000000000000e+04 9.405350660723221790e-01
2.380000000000000000e+04 9.359901819247936627e-01
2.390000000000000000e+04 9.487266589175680220e-01
2.400000000000000000e+04 9.410625066853772758e-01
2.410000000000000000e+04 9.454355811695488443e-01
2.420000000000000000e+04 9.557763631213305189e-01
2.430000000000000000e+04 9.520927027542092080e-01
2.440000000000000000e+04 9.473602920244775794e-01
2.450000000000000000e+04 9.418383932485867582e-01
2.460000000000000000e+04 9.557539103478245313e-01
2.470000000000000000e+04 9.356443918809574933e-01
2.480000000000000000e+04 9.493397652822492816e-01
2.490000000000000000e+04 9.331498624923434404e-01
2.500000000000000000e+04 9.434237306795802969e-01
2.510000000000000000e+04 9.446212191420553239e-01
2.520000000000000000e+04 9.438591895883875482e-01
2.530000000000000000e+04 9.450157420976433853e-01
2.540000000000000000e+04 9.495318005737805045e-01
2.550000000000000000e+04 9.468161567306823123e-01
2.560000000000000000e+04 9.454273625315735563e-01
2.570000000000000000e+04 9.484784385563398423e-01
2.580000000000000000e+04 9.454664989797574304e-01
2.590000000000000000e+04 9.515944523967854174e-01
2.600000000000000000e+04 9.442587909988918726e-01
2.610000000000000000e+04 9.487319586769562552e-01
2.620000000000000000e+04 9.486544017940871099e-01
2.630000000000000000e+04 9.481133851451730710e-01
2.640000000000000000e+04 9.420074314159665452e-01
2.650000000000000000e+04 9.411786757526811042e-01
2.660000000000000000e+04 9.425861635784649195e-01
2.670000000000000000e+04 9.354317910032692307e-01
2.680000000000000000e+04 9.424603730079784691e-01
2.690000000000000000e+04 9.517845689339126114e-01
2.700000000000000000e+04 9.448807549324975685e-01
2.710000000000000000e+04 9.380907422813564711e-01
2.720000000000000000e+04 9.360904780509307077e-01
2.730000000000000000e+04 9.409957463261579003e-01
2.740000000000000000e+04 9.503648538329648732e-01
2.750000000000000000e+04 9.508225367017506535e-01
2.760000000000000000e+04 9.378406070281228857e-01
2.770000000000000000e+04 9.496730197909404314e-01
2.780000000000000000e+04 9.456906247248103581e-01
2.790000000000000000e+04 9.408920074062107064e-01
2.800000000000000000e+04 9.486672999540322060e-01
2.810000000000000000e+04 9.545355336126155610e-01
2.820000000000000000e+04 9.363719202713540746e-01
2.830000000000000000e+04 9.434139004618858904e-01
2.840000000000000000e+04 9.513117877649581722e-01
2.850000000000000000e+04 9.492151321574071599e-01
2.860000000000000000e+04 9.412443099859818529e-01
2.870000000000000000e+04 9.447945744036017057e-01
2.880000000000000000e+04 9.396386014301876255e-01
2.890000000000000000e+04 9.398193641511867202e-01
2.900000000000000000e+04 9.501963253828411560e-01
2.910000000000000000e+04 9.477179374417178392e-01
2.920000000000000000e+04 9.389140260715839181e-01
2.930000000000000000e+04 9.417301896143046580e-01
2.940000000000000000e+04 9.391204221665371277e-01
2.950000000000000000e+04 9.507228399143123898e-01
2.960000000000000000e+04 9.509082227548498745e-01
2.970000000000000000e+04 9.347141944269767855e-01
2.980000000000000000e+04 9.329257390096531433e-01
2.990000000000000000e+04 9.444816760793137700e-01
3.000000000000000000e+04 9.403961878317806944e-01
