0.000000000000000000e+00 4.753879999999999217e-01
1.000000000000000000e+02 2.353959999999999664e-01
2.000000000000000000e+02 2.845559999999999756e-01
3.000000000000000000e+02 3.209560000000000191e-01
4.000000000000000000e+02 3.437759999999999705e-01
5.000000000000000000e+02 4.112519999999999509e-01
6.000000000000000000e+02 4.253160000000000274e-01
7.000000000000000000e+02 4.471399999999999819e-01
8.000000000000000000e+02 4.906399999999999650e-01
9.000000000000000000e+02 5.037679999999999936e-01
1.000000000000000000e+03 5.163560000000000372e-01
1.100000000000000000e+03 5.298519999999999897e-01
1.200000000000000000e+03 5.339439999999999742e-01
1.300000000000000000e+03 5.535360000000000280e-01
1.400000000000000000e+03 5.914679999999999938e-01
1.500000000000000000e+03 5.953680000000000083e-01
1.600000000000000000e+03 5.929719999999999436e-01
1.700000000000000000e+03 5.774359999999999493e-01
1.800000000000000000e+03 6.031360000000000054e-01
1.900000000000000000e+03 6.415679999999999161e-01
2.000000000000000000e+03 6.568720000000000114e-01
2.100000000000000000e+03 6.307719999999998883e-01
2.200000000000000000e+03 6.198479999999999546e-01
2.300000000000000000e+03 6.546840000000000437e-01
2.400000000000000000e+03 6.523080000000001100e-01
2.500000000000000000e+03 6.485399999999998943e-01
2.600000000000000000e+03 6.744879999999999765e-01
2.700000000000000000e+03 6.846200000000000063e-01
2.800000000000000000e+03 6.930800000000000294e-01
2.900000000000000000e+03 6.792000000000000259e-01
3.000000000000000000e+03 7.170320000000000027e-01
3.100000000000000000e+03 6.653280000000000305e-01
3.200000000000000000e+03 7.065559999999999619e-01
3.300000000000000000e+03 7.123559999999999892e-01
3.400000000000000000e+03 7.330600000000000449e-01
3.500000000000000000e+03 7.039519999999999111e-01
3.600000000000000000e+03 7.456679999999999975e-01
3.700000000000000000e+03 6.999640000000000306e-01
3.800000000000000000e+03 7.158199999999999008e-01
3.900000000000000000e+03 7.341199999999999948e-01
4.000000000000000000e+03 7.485319999999999752e-01
4.100000000000000000e+03 7.541199999999999015e-01
4.200000000000000000e+03 7.519879999999999898e-01
4.300000000000000000e+03 7.589559999999999640e-01
4.400000000000000000e+03 7.393199999999999772e-01
4.500000000000000000e+03 7.536359999999999726e-01
4.600000000000000000e+03 7.537160000000000526e-01
4.700000000000000000e+03 7.841199999999999282e-01
4.800000000000000000e+03 7.752040000000000042e-01
4.900000000000000000e+03 7.654160000000000963e-01
5.000000000000000000e+03 7.836760000000000392e-01
5.100000000000000000e+03 7.655619999999999647e-01
5.200000000000000000e+03 7.844839999999999591e-01
5.300000000000000000e+03 7.965439999999999188e-01
5.400000000000000000e+03 8.067040000000000877e-01
5.500000000000000000e+03 8.093960000000000043e-01
5.600000000000000000e+03 8.095959999999999823e-01
5.700000000000000000e+03 7.872319999999999318e-01
5.800000000000000000e+03 8.207480000000000331e-01
5.900000000000000000e+03 8.105639999999999512e-01
6.000000000000000000e+03 8.198440000000000172e-01
6.100000000000000000e+03 8.103759999999999852e-01
6.200000000000000000e+03 8.046800000000000619e-01
6.300000000000000000e+03 8.346439999999999415e-01
6.400000000000000000e+03 8.121800000000000130e-01
6.500000000000000000e+03 8.134400000000000519e-01
6.600000000000000000e+03 8.452319999999999833e-01
6.700000000000000000e+03 8.134319999999999329e-01
6.800000000000000000e+03 8.218680000000000430e-01
6.900000000000000000e+03 8.395760000000001000e-01
7.000000000000000000e+03 8.211720000000000130e-01
7.100000000000000000e+03 8.456999999999998963e-01
7.200000000000000000e+03 8.469200000000000061e-01
7.300000000000000000e+03 8.489879999999999649e-01
7.400000000000000000e+03 8.180640000000000134e-01
7.500000000000000000e+03 8.515399999999999636e-01
7.600000000000000000e+03 8.421480000000001187e-01
7.700000000000000000e+03 8.353679999999999994e-01
7.800000000000000000e+03 8.525320000000000675e-01
7.900000000000000000e+03 8.420319999999998917e-01
8.000000000000000000e+03 8.703399999999998915e-01
8.100000000000000000e+03 8.484119999999999440e-01
8.200000000000000000e+03 8.503880000000000328e-01
8.300000000000000000e+03 8.581680000000000419e-01
8.400000000000000000e+03 8.467000000000000082e-01
8.500000000000000000e+03 8.592039999999998567e-01
8.600000000000000000e+03 8.633719999999999173e-01
8.700000000000000000e+03 8.555160000000000542e-01
8.800000000000000000e+03 8.728799999999999892e-01
8.900000000000000000e+03 8.423800000000001287e-01
9.000000000000000000e+03 8.611400000000000166e-01
9.100000000000000000e+03 8.621759999999999424e-01
9.200000000000000000e+03 8.659799999999999720e-01
9.300000000000000000e+03 8.713279999999998804e-01
9.400000000000000000e+03 8.812079999999999913e-01
9.500000000000000000e+03 8.886359999999999815e-01
9.600000000000000000e+03 8.782680000000000486e-01
9.700000000000000000e+03 8.814079999999999693e-01
9.800000000000000000e+03 8.888799999999998924e-01
9.900000000000000000e+03 8.893440000000000234e-01
1.000000000000000000e+04 8.927559999999999940e-01
1.010000000000000000e+04 8.812559999999998173e-01
1.020000000000000000e+04 8.867399999999999727e-01
1.030000000000000000e+04 8.846839999999999149e-01
1.040000000000000000e+04 8.890839999999999854e-01
1.050000000000000000e+04 8.968399999999999705e-01
1.060000000000000000e+04 8.851319999999999188e-01
1.070000000000000000e+04 8.893280000000001184e-01
1.080000000000000000e+04 8.846119999999998429e-01
1.090000000000000000e+04 9.003239999999999021e-01
1.100000000000000000e+04 9.099200000000000621e-01
1.110000000000000000e+04 8.833839999999999471e-01
1.120000000000000000e+04 8.889080000000000314e-01
1.130000000000000000e+04 9.038159999999999528e-01
1.140000000000000000e+04 9.117640000000000189e-01
1.150000000000000000e+04 9.060920000000000085e-01
1.160000000000000000e+04 8.943680000000001629e-01
1.170000000000000000e+04 8.968039999999999345e-01
1.180000000000000000e+04 9.188359999999999861e-01
1.190000000000000000e+04 9.127239999999998687e-01
1.200000000000000000e+04 9.260840000000000183e-01
1.210000000000000000e+04 9.197079999999999700e-01
1.220000000000000000e+04 9.136520000000000197e-01
1.230000000000000000e+04 9.188599999999998991e-01
1.240000000000000000e+04 9.368480000000000141e-01
1.250000000000000000e+04 9.090359999999999552e-01
1.260000000000000000e+04 9.204759999999999609e-01
1.270000000000000000e+04 9.079879999999999063e-01
1.280000000000000000e+04 9.299440000000001039e-01
1.290000000000000000e+04 9.190399999999999681e-01
1.300000000000000000e+04 9.145479999999998055e-01
1.310000000000000000e+04 9.154160000000000075e-01
1.320000000000000000e+04 9.315040000000001097e-01
1.330000000000000000e+04 9.274639999999999551e-01
1.340000000000000000e+04 9.179160000000000652e-01
1.350000000000000000e+04 9.159599999999999964e-01
1.360000000000000000e+04 9.335600000000000565e-01
1.370000000000000000e+04 9.297199999999999909e-01
1.380000000000000000e+04 9.312120000000000397e-01
1.390000000000000000e+04 9.290999999999999259e-01
1.400000000000000000e+04 9.240120000000000555e-01
1.410000000000000000e+04 9.262680000000000913e-01
1.420000000000000000e+04 9.188080000000000691e-01
1.430000000000000000e+04 9.308560000000000167e-01
1.440000000000000000e+04 9.334759999999999724e-01
1.450000000000000000e+04 9.231880000000000086e-01
1.460000000000000000e+04 9.270479999999998721e-01
1.470000000000000000e+04 9.235839999999999606e-01
1.480000000000000000e+04 9.220359999999999667e-01
1.490000000000000000e+04 9.378519999999999079e-01
1.500000000000000000e+04 9.282719999999999860e-01
1.510000000000000000e+04 9.386000000000001009e-01
1.520000000000000000e+04 9.242479999999999585e-01
1.530000000000000000e+04 9.370119999999999560e-01
1.540000000000000000e+04 9.314080000000000137e-01
1.550000000000000000e+04 9.428959999999999564e-01
1.560000000000000000e+04 9.420839999999999215e-01
1.570000000000000000e+04 9.395959999999999868e-01
1.580000000000000000e+04 9.240839999999999055e-01
1.590000000000000000e+04 9.267879999999999452e-01
1.600000000000000000e+04 9.463520000000000820e-01
1.610000000000000000e+04 9.361240000000000672e-01
1.620000000000000000e+04 9.374759999999999760e-01
1.630000000000000000e+04 9.382159999999999389e-01
1.640000000000000000e+04 9.262080000000000313e-01
1.650000000000000000e+04 9.363040000000001362e-01
1.660000000000000000e+04 9.303839999999998778e-01
1.670000000000000000e+04 9.377640000000000420e-01
1.680000000000000000e+04 9.395120000000000138e-01
1.690000000000000000e+04 9.406839999999998536e-01
1.700000000000000000e+04 9.390159999999998508e-01
1.710000000000000000e+04 9.415759999999999685e-01
1.720000000000000000e+04 9.376920000000000810e-01
1.730000000000000000e+04 9.259719999999999063e-01
1.740000000000000000e+04 9.349760000000000293e-01
1.750000000000000000e+04 9.519999999999999574e-01
1.760000000000000000e+04 9.452879999999999061e-01
1.770000000000000000e+04 9.325519999999999365e-01
1.780000000000000000e+04 9.418119999999999825e-01
1.790000000000000000e+04 9.269639999999998992e-01
1.800000000000000000e+04 9.285039999999999960e-01
1.810000000000000000e+04 9.334519999999999484e-01
1.820000000000000000e+04 9.314919999999999867e-01
1.830000000000000000e+04 9.390799999999998038e-01
1.840000000000000000e+04 9.374080000000001300e-01
1.850000000000000000e+04 9.418920000000000625e-01
1.860000000000000000e+04 9.486519999999999397e-01
1.870000000000000000e+04 9.363999999999998991e-01
1.880000000000000000e+04 9.403399999999999537e-01
1.890000000000000000e+04 9.374279999999998170e-01
1.900000000000000000e+04 9.448079999999998702e-01
1.910000000000000000e+04 9.397919999999999607e-01
1.920000000000000000e+04 9.483280000000000598e-01
1.930000000000000000e+04 9.367959999999999621e-01
1.940000000000000000e+04 9.481759999999999078e-01
1.950000000000000000e+04 9.362080000000000402e-01
1.960000000000000000e+04 9.440360000000000973e-01
1.970000000000000000e+04 9.363040000000000251e-01
1.980000000000000000e+04 9.334320000000000395e-01
1.990000000000000000e+04 9.444800000000000972e-01
2.000000000000000000e+04 9.470280000000000920e-01
2.010000000000000000e+04 9.355320000000000302e-01
2.020000000000000000e+04 9.370440000000000991e-01
2.030000000000000000e+04 9.497640000000000526e-01
2.040000000000000000e+04 9.305999999999998717e-01
2.050000000000000000e+04 9.364999999999998881e-01
2.060000000000000000e+04 9.423439999999999594e-01
2.070000000000000000e+04 9.334279999999999244e-01
2.080000000000000000e+04 9.405440000000000467e-01
2.090000000000000000e+04 9.354880000000000972e-01
2.100000000000000000e+04 9.323440000000000616e-01
2.110000000000000000e+04 9.463399999999999590e-01
2.120000000000000000e+04 9.395919999999999828e-01
2.130000000000000000e+04 9.363680000000000891e-01
2.140000000000000000e+04 9.276760000000000561e-01
2.150000000000000000e+04 9.392800000000000038e-01
2.160000000000000000e+04 9.520280000000000964e-01
2.170000000000000000e+04 9.435399999999999343e-01
2.180000000000000000e+04 9.425559999999999494e-01
2.190000000000000000e+04 9.428399999999999004e-01
2.200000000000000000e+04 9.354839999999999822e-01
2.210000000000000000e+04 9.385719999999999619e-01
2.220000000000000000e+04 9.446680000000000632e-01
2.230000000000000000e+04 9.476559999999999429e-01
2.240000000000000000e+04 9.370119999999999560e-01
2.250000000000000000e+04 9.348600000000000243e-01
2.260000000000000000e+04 9.364520000000000621e-01
2.270000000000000000e+04 9.329959999999999365e-01
2.280000000000000000e+04 9.449040000000000772e-01
2.290000000000000000e+04 9.312759999999999927e-01
2.300000000000000000e+04 9.378600000000000270e-01
2.310000000000000000e+04 9.412399999999999656e-01
2.320000000000000000e+04 9.459879999999999400e-01
2.330000000000000000e+04 9.457079999999999931e-01
2.340000000000000000e+04 9.317600000000000326e-01
2.350000000000000000e+04 9.428560000000000274e-01
2.360000000000000000e+04 9.421880000000000255e-01
2.370000000000000000e+04 9.344799999999999773e-01
2.380000000000000000e+04 9.278839999999999311e-01
2.390000000000000000e+04 9.424959999999998894e-01
2.400000000000000000e+04 9.370719999999999050e-01
2.410000000000000000e+04 9.398759999999999337e-01
2.420000000000000000e+04 9.514039999999999164e-01
2.430000000000000000e+04 9.460360000000000991e-01
2.440000000000000000e+04 9.417519999999999225e-01
2.450000000000000000e+04 9.391479999999998718e-01
2.460000000000000000e+04 9.541720000000000201e-01
2.470000000000000000e+04 9.280159999999999521e-01
2.480000000000000000e+04 9.460560000000000080e-01
2.490000000000000000e+04 9.267999999999998462e-01
2.500000000000000000e+04 9.373920000000000030e-01
2.510000000000000000e+04 9.387719999999999398e-01
2.520000000000000000e+04 9.381679999999998909e-01
2.530000000000000000e+04 9.403039999999999177e-01
2.540000000000000000e+04 9.454000000000000181e-01
2.550000000000000000e+04 9.392160000000000508e-01
2.560000000000000000e+04 9.399399999999999977e-01
2.570000000000000000e+04 9.441320000000000823e-01
2.580000000000000000e+04 9.374360000000000470e-01
2.590000000000000000e+04 9.481640000000000068e-01
2.600000000000000000e+04 9.379959999999999409e-01
2.610000000000000000e+04 9.424120000000000275e-01
2.620000000000000000e+04 9.439679999999999183e-01
2.630000000000000000e+04 9.434839999999999893e-01
2.640000000000000000e+04 9.343960000000001154e-01
2.650000000000000000e+04 9.351040000000000463e-01
2.660000000000000000e+04 9.355560000000000542e-01
2.670000000000000000e+04 9.284399999999999320e-01
2.680000000000000000e+04 9.366920000000000801e-01
2.690000000000000000e+04 9.484159999999999258e-01
2.700000000000000000e+04 9.409959999999999436e-01
2.710000000000000000e+04 9.304440000000000488e-01
2.720000000000000000e+04 9.286080000000001000e-01
2.730000000000000000e+04 9.348359999999998893e-01
2.740000000000000000e+04 9.436280000000000223e-01
2.750000000000000000e+04 9.469560000000000199e-01
2.760000000000000000e+04 9.342200000000000504e-01
2.770000000000000000e+04 9.440399999999999903e-01
2.780000000000000000e+04 9.420999999999999375e-01
2.790000000000000000e+04 9.344719999999999693e-01
2.800000000000000000e+04 9.444239999999999302e-01
2.810000000000000000e+04 9.498199999999998866e-01
2.820000000000000000e+04 9.311880000000001267e-01
2.830000000000000000e+04 9.361160000000000592e-01
2.840000000000000000e+04 9.459319999999998840e-01
2.850000000000000000e+04 9.426640000000000574e-01
2.860000000000000000e+04 9.350960000000001493e-01
2.870000000000000000e+04 9.385799999999999699e-01
2.880000000000000000e+04 9.342999999999999083e-01
2.890000000000000000e+04 9.340279999999998584e-01
2.900000000000000000e+04 9.465799999999999770e-01
2.910000000000000000e+04 9.428199999999999914e-01
2.920000000000000000e+04 9.345459999999999878e-01
2.930000000000000000e+04 9.368800000000000461e-01
2.940000000000000000e+04 9.311599999999999877e-01
2.950000000000000000e+04 9.442079999999999362e-01
2.960000000000000000e+04 9.463599999999999790e-01
2.970000000000000000e+04 9.265399999999999192e-01
2.980000000000000000e+04 9.260239999999998473e-01
2.990000000000000000e+04 9.390560000000001128e-01
3.000000000000000000e+04 9.348000000000000753e-01
