0.000000000000000000e+00 4.959215635774009145e-01
1.000000000000000000e+02 4.137803825738436969e-01
2.000000000000000000e+02 5.242599116942510129e-01
3.000000000000000000e+02 6.046533795872057748e-01
4.000000000000000000e+02 6.767971046769062360e-01
5.000000000000000000e+02 6.751119162090104542e-01
6.000000000000000000e+02 7.165279694444341985e-01
7.000000000000000000e+02 7.597057774748989800e-01
8.000000000000000000e+02 7.723418694770962656e-01
9.000000000000000000e+02 7.831641209055020258e-01
1.000000000000000000e+03 7.948292084374670718e-01
1.100000000000000000e+03 8.096452401792211262e-01
1.200000000000000000e+03 8.325082670939978335e-01
1.300000000000000000e+03 8.568828755628445926e-01
1.400000000000000000e+03 8.453284126434101875e-01
1.500000000000000000e+03 8.348856471210649444e-01
1.600000000000000000e+03 8.653158105766062258e-01
1.700000000000000000e+03 8.588315636066438108e-01
1.800000000000000000e+03 8.707783500571082413e-01
1.900000000000000000e+03 8.650735956024023787e-01
2.000000000000000000e+03 8.490919601426495378e-01
2.100000000000000000e+03 8.631203961506985767e-01
2.200000000000000000e+03 8.825723893327316327e-01
2.300000000000000000e+03 8.853558622961892333e-01
2.400000000000000000e+03 8.773155078483096947e-01
2.500000000000000000e+03 8.821128313936288379e-01
2.600000000000000000e+03 8.855990363573288393e-01
2.700000000000000000e+03 8.707138584532283510e-01
2.800000000000000000e+03 8.790141649310206917e-01
2.900000000000000000e+03 8.943365645539136377e-01
3.000000000000000000e+03 8.876446489214258051e-01
3.100000000000000000e+03 8.911154273519471536e-01
3.200000000000000000e+03 9.077487314879801872e-01
3.300000000000000000e+03 9.068326706625569056e-01
3.400000000000000000e+03 9.143145561805710031e-01
3.500000000000000000e+03 9.166247755555743115e-01
3.600000000000000000e+03 9.008554638660545288e-01
3.700000000000000000e+03 8.965464632886157581e-01
3.800000000000000000e+03 9.178979603429809897e-01
3.900000000000000000e+03 9.122678394664729407e-01
4.000000000000000000e+03 9.141302096356730411e-01
4.100000000000000000e+03 9.074895868512236063e-01
4.200000000000000000e+03 9.264720356120310640e-01
4.300000000000000000e+03 9.149858230761223066e-01
4.400000000000000000e+03 9.253796377897044456e-01
4.500000000000000000e+03 9.227546282091508845e-01
4.600000000000000000e+03 9.390815710674602634e-01
4.700000000000000000e+03 9.358661308134272883e-01
4.800000000000000000e+03 9.257435929174931966e-01
4.900000000000000000e+03 9.230282284689373951e-01
5.000000000000000000e+03 9.359892272385804679e-01
5.100000000000000000e+03 9.384259589292904824e-01
5.200000000000000000e+03 9.295661327805193608e-01
5.300000000000000000e+03 9.443245370100133984e-01
5.400000000000000000e+03 9.368808187984503100e-01
5.500000000000000000e+03 9.386226398965084039e-01
5.600000000000000000e+03 9.341865969820596360e-01
5.700000000000000000e+03 9.309688946587616476e-01
5.800000000000000000e+03 9.511071321844508653e-01
5.900000000000000000e+03 9.416316307284475773e-01
6.000000000000000000e+03 9.438435458183206395e-01
6.100000000000000000e+03 9.450286066977771071e-01
6.200000000000000000e+03 9.450882856476247040e-01
6.300000000000000000e+03 9.446765461520355567e-01
6.400000000000000000e+03 9.524118590707723042e-01
6.500000000000000000e+03 9.433415310581716451e-01
6.600000000000000000e+03 9.518642939580377327e-01
6.700000000000000000e+03 9.484239272520744723e-01
6.800000000000000000e+03 9.445410786793863034e-01
6.900000000000000000e+03 9.564982488403723782e-01
7.000000000000000000e+03 9.431515795097750177e-01
7.100000000000000000e+03 9.505546391533520323e-01
7.200000000000000000e+03 9.574537965720738564e-01
7.300000000000000000e+03 9.565294754833675306e-01
7.400000000000000000e+03 9.472475626432599327e-01
7.500000000000000000e+03 9.557219218013585094e-01
7.600000000000000000e+03 9.580045306096023339e-01
7.700000000000000000e+03 9.543261009681496265e-01
7.800000000000000000e+03 9.634255200860857293e-01
7.900000000000000000e+03 9.521614503255424466e-01
8.000000000000000000e+03 9.479200630930999516e-01
8.100000000000000000e+03 9.556431969551024697e-01
8.200000000000000000e+03 9.611205529093098665e-01
8.300000000000000000e+03 9.564222797004144905e-01
8.400000000000000000e+03 9.630961603515159064e-01
8.500000000000000000e+03 9.527350487373944521e-01
8.600000000000000000e+03 9.556373161330309340e-01
8.700000000000000000e+03 9.489643483287695247e-01
8.800000000000000000e+03 9.630139970537374694e-01
8.900000000000000000e+03 9.529309287293756814e-01
9.000000000000000000e+03 9.561670706901183037e-01
9.100000000000000000e+03 9.505888377028048897e-01
9.200000000000000000e+03 9.541934354531504958e-01
9.300000000000000000e+03 9.692942060488716205e-01
9.400000000000000000e+03 9.549594389123122751e-01
9.500000000000000000e+03 9.632264831906317548e-01
9.600000000000000000e+03 9.504433486138936793e-01
9.700000000000000000e+03 9.633930657155790334e-01
9.800000000000000000e+03 9.598006590175244268e-01
9.900000000000000000e+03 9.646993862578993051e-01
1.000000000000000000e+04 9.556149058434308952e-01
1.010000000000000000e+04 9.573591756671406827e-01
1.020000000000000000e+04 9.648695099040629497e-01
1.030000000000000000e+04 9.580965831396517363e-01
1.040000000000000000e+04 9.612264150744309621e-01
1.050000000000000000e+04 9.606729230947651521e-01
1.060000000000000000e+04 9.562765247162704485e-01
1.070000000000000000e+04 9.613046944079768341e-01
1.080000000000000000e+04 9.626340679268223788e-01
1.090000000000000000e+04 9.621491985135153246e-01
1.100000000000000000e+04 9.600842522761344755e-01
1.110000000000000000e+04 9.682365521448037526e-01
1.120000000000000000e+04 9.584078715519952496e-01
1.130000000000000000e+04 9.609912709966736966e-01
1.140000000000000000e+04 9.614012475070612407e-01
1.150000000000000000e+04 9.588821609195620210e-01
1.160000000000000000e+04 9.648718460398714170e-01
1.170000000000000000e+04 9.598746519229753860e-01
1.180000000000000000e+04 9.693570636073147728e-01
1.190000000000000000e+04 9.545674970690494199e-01
1.200000000000000000e+04 9.604618911965454586e-01
1.210000000000000000e+04 9.629327593801002561e-01
1.220000000000000000e+04 9.622943092678377663e-01
1.230000000000000000e+04 9.535532015632823821e-01
1.240000000000000000e+04 9.584336607393297847e-01
1.250000000000000000e+04 9.617624003559732682e-01
1.260000000000000000e+04 9.578314709361386292e-01
1.270000000000000000e+04 9.638994653639854082e-01
1.280000000000000000e+04 9.618921497435327650e-01
1.290000000000000000e+04 9.571108682855089533e-01
1.300000000000000000e+04 9.668000051318280663e-01
1.310000000000000000e+04 9.617478217868959955e-01
1.320000000000000000e+04 9.646324538579270635e-01
1.330000000000000000e+04 9.657960298640527741e-01
1.340000000000000000e+04 9.644733705010111180e-01
1.350000000000000000e+04 9.688675297621905935e-01
1.360000000000000000e+04 9.568973066281944995e-01
1.370000000000000000e+04 9.626463126611322085e-01
1.380000000000000000e+04 9.643234764002305281e-01
1.390000000000000000e+04 9.619163270638996233e-01
1.400000000000000000e+04 9.585123059473067419e-01
1.410000000000000000e+04 9.613616382093547186e-01
1.420000000000000000e+04 9.670987744634227390e-01
1.430000000000000000e+04 9.607552920945598984e-01
1.440000000000000000e+04 9.645923636482403030e-01
1.450000000000000000e+04 9.638512056839851905e-01
1.460000000000000000e+04 9.669755429375164191e-01
1.470000000000000000e+04 9.593129487498361918e-01
1.480000000000000000e+04 9.690831326405211499e-01
1.490000000000000000e+04 9.658938943477538563e-01
1.500000000000000000e+04 9.663753333262176115e-01
1.510000000000000000e+04 9.655145478489387534e-01
1.520000000000000000e+04 9.670116355026935340e-01
1.530000000000000000e+04 9.597441206615225928e-01
1.540000000000000000e+04 9.642056987126153000e-01
1.550000000000000000e+04 9.616403037641216844e-01
1.560000000000000000e+04 9.655779202843725040e-01
1.570000000000000000e+04 9.630944107071887084e-01
1.580000000000000000e+04 9.670627364659201142e-01
1.590000000000000000e+04 9.705399272054507920e-01
1.600000000000000000e+04 9.677552138170987250e-01
1.610000000000000000e+04 9.591359131555641238e-01
1.620000000000000000e+04 9.647375020001696111e-01
1.630000000000000000e+04 9.536644871181254590e-01
1.640000000000000000e+04 9.681767795301280399e-01
1.650000000000000000e+04 9.606393791292550111e-01
1.660000000000000000e+04 9.616665808333891841e-01
1.670000000000000000e+04 9.681904317684234540e-01
1.680000000000000000e+04 9.674196395603313903e-01
1.690000000000000000e+04 9.652229117133540592e-01
1.700000000000000000e+04 9.698517665370923746e-01
1.710000000000000000e+04 9.653128546201013016e-01
1.720000000000000000e+04 9.631070240118401182e-01
1.730000000000000000e+04 9.537832765161955439e-01
1.740000000000000000e+04 9.645564052398414301e-01
1.750000000000000000e+04 9.614119164319235855e-01
1.760000000000000000e+04 9.630930453450029516e-01
1.770000000000000000e+04 9.650857490117822346e-01
1.780000000000000000e+04 9.608405251403102643e-01
1.790000000000000000e+04 9.608323592662799673e-01
1.800000000000000000e+04 9.710687621188984764e-01
1.810000000000000000e+04 9.634254209848233108e-01
1.820000000000000000e+04 9.607809687464290427e-01
1.830000000000000000e+04 9.645820546621208802e-01
1.840000000000000000e+04 9.591023739171303797e-01
1.850000000000000000e+04 9.556721181333012183e-01
1.860000000000000000e+04 9.563582423236671737e-01
1.870000000000000000e+04 9.534873210518342024e-01
1.880000000000000000e+04 9.616110588614494858e-01
1.890000000000000000e+04 9.624304647338171037e-01
1.900000000000000000e+04 9.651353169563903212e-01
1.910000000000000000e+04 9.650247816359026620e-01
1.920000000000000000e+04 9.525589506422107444e-01
1.930000000000000000e+04 9.586224751036255265e-01
1.940000000000000000e+04 9.599519629934234466e-01
1.950000000000000000e+04 9.671513795777757494e-01
1.960000000000000000e+04 9.618560624745098320e-01
1.970000000000000000e+04 9.642740620329042223e-01
1.980000000000000000e+04 9.602346998490718377e-01
1.990000000000000000e+04 9.616045854674557525e-01
2.000000000000000000e+04 9.651065151068741743e-01
2.010000000000000000e+04 9.604512977371231219e-01
2.020000000000000000e+04 9.624693354497200204e-01
2.030000000000000000e+04 9.573495381259330417e-01
2.040000000000000000e+04 9.662529400716668437e-01
2.050000000000000000e+04 9.637496148671829133e-01
2.060000000000000000e+04 9.666060126192945745e-01
2.070000000000000000e+04 9.572029035335125613e-01
2.080000000000000000e+04 9.624817489078573152e-01
2.090000000000000000e+04 9.638555240710082739e-01
2.100000000000000000e+04 9.572526445933215999e-01
2.110000000000000000e+04 9.689154768238088522e-01
2.120000000000000000e+04 9.637519947755881500e-01
2.130000000000000000e+04 9.668604882631580688e-01
2.140000000000000000e+04 9.590514213873300164e-01
2.150000000000000000e+04 9.633206457642448095e-01
2.160000000000000000e+04 9.663947121573288612e-01
2.170000000000000000e+04 9.627922408505605878e-01
2.180000000000000000e+04 9.631426706412621330e-01
2.190000000000000000e+04 9.594151032886986119e-01
2.200000000000000000e+04 9.657814465784817504e-01
2.210000000000000000e+04 9.631317384118781577e-01
2.220000000000000000e+04 9.575558443101044315e-01
2.230000000000000000e+04 9.544557559340460795e-01
2.240000000000000000e+04 9.594320535537875783e-01
2.250000000000000000e+04 9.643252195250664460e-01
2.260000000000000000e+04 9.688604158027772639e-01
2.270000000000000000e+04 9.638267821663805135e-01
2.280000000000000000e+04 9.674292989040229607e-01
2.290000000000000000e+04 9.729559524274454807e-01
2.300000000000000000e+04 9.615588702057109582e-01
2.310000000000000000e+04 9.654530092798180307e-01
2.320000000000000000e+04 9.618788798238695481e-01
2.330000000000000000e+04 9.626611933980782077e-01
2.340000000000000000e+04 9.617327232730484843e-01
2.350000000000000000e+04 9.583144671729513231e-01
2.360000000000000000e+04 9.646804002104931719e-01
2.370000000000000000e+04 9.597619669182355651e-01
2.380000000000000000e+04 9.576778275063820844e-01
2.390000000000000000e+04 9.577613109035073569e-01
2.400000000000000000e+04 9.601416241210939395e-01
2.410000000000000000e+04 9.649137033068482250e-01
2.420000000000000000e+04 9.544258576242050651e-01
2.430000000000000000e+04 9.699207856130588334e-01
2.440000000000000000e+04 9.599871909699434491e-01
2.450000000000000000e+04 9.628583782519646306e-01
2.460000000000000000e+04 9.658689668816833329e-01
2.470000000000000000e+04 9.654596352193550723e-01
2.480000000000000000e+04 9.609004905840472510e-01
2.490000000000000000e+04 9.670861989377141921e-01
2.500000000000000000e+04 9.634754569685891612e-01
2.510000000000000000e+04 9.654288399933390608e-01
2.520000000000000000e+04 9.651332651222481740e-01
2.530000000000000000e+04 9.640983341963962339e-01
2.540000000000000000e+04 9.642245759257408455e-01
2.550000000000000000e+04 9.566918856524078141e-01
2.560000000000000000e+04 9.657751374906303754e-01
2.570000000000000000e+04 9.683142679212909387e-01
2.580000000000000000e+04 9.563664959941581278e-01
2.590000000000000000e+04 9.627735179127364651e-01
2.600000000000000000e+04 9.658179765580335863e-01
2.610000000000000000e+04 9.651984182794947076e-01
2.620000000000000000e+04 9.612756220809340890e-01
2.630000000000000000e+04 9.635288930491958670e-01
2.640000000000000000e+04 9.664697943347043685e-01
2.650000000000000000e+04 9.651073158992387047e-01
2.660000000000000000e+04 9.600547199003175436e-01
2.670000000000000000e+04 9.586979355129300329e-01
2.680000000000000000e+04 9.680290803080928708e-01
2.690000000000000000e+04 9.643268842451532263e-01
2.700000000000000000e+04 9.672024755534205376e-01
2.710000000000000000e+04 9.618026517615234638e-01
2.720000000000000000e+04 9.671177199496151511e-01
2.730000000000000000e+04 9.601186845548866922e-01
2.740000000000000000e+04 9.597815447682677137e-01
2.750000000000000000e+04 9.601590736957399397e-01
2.760000000000000000e+04 9.611300073354718254e-01
2.770000000000000000e+04 9.589092620220096563e-01
2.780000000000000000e+04 9.699087579220627697e-01
2.790000000000000000e+04 9.625364840194343685e-01
2.800000000000000000e+04 9.631625318177664541e-01
2.810000000000000000e+04 9.618030330659261828e-01
2.820000000000000000e+04 9.614653903508744159e-01
2.830000000000000000e+04 9.634745220954940015e-01
2.840000000000000000e+04 9.575321915220759150e-01
2.850000000000000000e+04 9.644414761375381673e-01
2.860000000000000000e+04 9.597357936763630804e-01
2.870000000000000000e+04 9.599702155920393221e-01
2.880000000000000000e+04 9.653201073381755259e-01
2.890000000000000000e+04 9.643591309987158411e-01
2.900000000000000000e+04 9.526908754738204754e-01
2.910000000000000000e+04 9.607739925492674304e-01
2.920000000000000000e+04 9.684098307063135902e-01
2.930000000000000000e+04 9.660569925785652545e-01
2.940000000000000000e+04 9.610151120051104723e-01
2.950000000000000000e+04 9.557504630731111783e-01
2.960000000000000000e+04 9.717006590222116991e-01
2.970000000000000000e+04 9.658456380086949400e-01
2.980000000000000000e+04 9.594882440895854403e-01
2.990000000000000000e+04 9.515894542095112429e-01
3.000000000000000000e+04 9.536623450539700730e-01
