0.000000000000000000e+00 4.795519999999999783e-01
1.000000000000000000e+02 3.828920000000000656e-01
2.000000000000000000e+02 5.511519999999999753e-01
3.000000000000000000e+02 6.260280000000000289e-01
4.000000000000000000e+02 6.763479999999999492e-01
5.000000000000000000e+02 6.784240000000000270e-01
6.000000000000000000e+02 7.239200000000000079e-01
7.000000000000000000e+02 7.392920000000000602e-01
8.000000000000000000e+02 7.507319999999999549e-01
9.000000000000000000e+02 7.639359999999999484e-01
1.000000000000000000e+03 7.791839999999999877e-01
1.100000000000000000e+03 7.970239999999999547e-01
1.200000000000000000e+03 8.171119999999998385e-01
1.300000000000000000e+03 8.354919999999999014e-01
1.400000000000000000e+03 8.238079999999998737e-01
1.500000000000000000e+03 8.134959999999999969e-01
1.600000000000000000e+03 8.484680000000000000e-01
1.700000000000000000e+03 8.403599999999999959e-01
1.800000000000000000e+03 8.496559999999999668e-01
1.900000000000000000e+03 8.437319999999999265e-01
2.000000000000000000e+03 8.300720000000000320e-01
2.100000000000000000e+03 8.410279999999999978e-01
2.200000000000000000e+03 8.672359999999998958e-01
2.300000000000000000e+03 8.646679999999999922e-01
2.400000000000000000e+03 8.634319999999999773e-01
2.500000000000000000e+03 8.652279999999998861e-01
2.600000000000000000e+03 8.644559999999998912e-01
2.700000000000000000e+03 8.526879999999998905e-01
2.800000000000000000e+03 8.655319999999999681e-01
2.900000000000000000e+03 8.720559999999999423e-01
3.000000000000000000e+03 8.677399999999999558e-01
3.100000000000000000e+03 8.797759999999998914e-01
3.200000000000000000e+03 8.925119999999999720e-01
3.300000000000000000e+03 8.943279999999999008e-01
3.400000000000000000e+03 9.011559999999999571e-01
3.500000000000000000e+03 9.029359999999999609e-01
3.600000000000000000e+03 8.881200000000000205e-01
3.700000000000000000e+03 8.829579999999999096e-01
3.800000000000000000e+03 9.073360000000000314e-01
3.900000000000000000e+03 8.984879999999999534e-01
4.000000000000000000e+03 9.024119999999999919e-01
4.100000000000000000e+03 8.911599999999999522e-01
4.200000000000000000e+03 9.140079999999999316e-01
4.300000000000000000e+03 8.978439999999998644e-01
4.400000000000000000e+03 9.137679999999999136e-01
4.500000000000000000e+03 9.140800000000000036e-01
4.600000000000000000e+03 9.242240000000000455e-01
4.700000000000000000e+03 9.264359999999999262e-01
4.800000000000000000e+03 9.188279999999999781e-01
4.900000000000000000e+03 9.159760000000000124e-01
5.000000000000000000e+03 9.269559999999998912e-01
5.100000000000000000e+03 9.282120000000000370e-01
5.200000000000000000e+03 9.205520000000000369e-01
5.300000000000000000e+03 9.338639999999999164e-01
5.400000000000000000e+03 9.318080000000000807e-01
5.500000000000000000e+03 9.304280000000001438e-01
5.600000000000000000e+03 9.251120000000001564e-01
5.700000000000000000e+03 9.190400000000000791e-01
5.800000000000000000e+03 9.402920000000000167e-01
5.900000000000000000e+03 9.311319999999999597e-01
6.000000000000000000e+03 9.346359999999999113e-01
6.100000000000000000e+03 9.361840000000000162e-01
6.200000000000000000e+03 9.361719999999998931e-01
6.300000000000000000e+03 9.364040000000000141e-01
6.400000000000000000e+03 9.433840000000000003e-01
6.500000000000000000e+03 9.353960000000000052e-01
6.600000000000000000e+03 9.459879999999998290e-01
6.700000000000000000e+03 9.374880000000000990e-01
6.800000000000000000e+03 9.351279999999999593e-01
6.900000000000000000e+03 9.483639999999999848e-01
7.000000000000000000e+03 9.329279999999999795e-01
7.100000000000000000e+03 9.423719999999999875e-01
7.200000000000000000e+03 9.500319999999998766e-01
7.300000000000000000e+03 9.473920000000000119e-01
7.400000000000000000e+03 9.387799999999999478e-01
7.500000000000000000e+03 9.473159999999999359e-01
7.600000000000000000e+03 9.505159999999999165e-01
7.700000000000000000e+03 9.476200000000000179e-01
7.800000000000000000e+03 9.598320000000000185e-01
7.900000000000000000e+03 9.433640000000000914e-01
8.000000000000000000e+03 9.424080000000000235e-01
8.100000000000000000e+03 9.508680000000000465e-01
8.200000000000000000e+03 9.565719999999997558e-01
8.300000000000000000e+03 9.519720000000000404e-01
8.400000000000000000e+03 9.553960000000000230e-01
8.500000000000000000e+03 9.461159999999999570e-01
8.600000000000000000e+03 9.508560000000001455e-01
8.700000000000000000e+03 9.411279999999999646e-01
8.800000000000000000e+03 9.572199999999999598e-01
8.900000000000000000e+03 9.491519999999999957e-01
9.000000000000000000e+03 9.489959999999999507e-01
9.100000000000000000e+03 9.466440000000000410e-01
9.200000000000000000e+03 9.463199999999998280e-01
9.300000000000000000e+03 9.660759999999999348e-01
9.400000000000000000e+03 9.485039999999999027e-01
9.500000000000000000e+03 9.564159999999999329e-01
9.600000000000000000e+03 9.393599999999998618e-01
9.700000000000000000e+03 9.573960000000001358e-01
9.800000000000000000e+03 9.525919999999999943e-01
9.900000000000000000e+03 9.600039999999999685e-01
1.000000000000000000e+04 9.513840000000000074e-01
1.010000000000000000e+04 9.472519999999999829e-01
1.020000000000000000e+04 9.584359999999999546e-01
1.030000000000000000e+04 9.518759999999999444e-01
1.040000000000000000e+04 9.558360000000000190e-01
1.050000000000000000e+04 9.537839999999998541e-01
1.060000000000000000e+04 9.509160000000000945e-01
1.070000000000000000e+04 9.565199999999999259e-01
1.080000000000000000e+04 9.584119999999999306e-01
1.090000000000000000e+04 9.555280000000000440e-01
1.100000000000000000e+04 9.528879999999998462e-01
1.110000000000000000e+04 9.626839999999998732e-01
1.120000000000000000e+04 9.526039999999998953e-01
1.130000000000000000e+04 9.528919999999999613e-01
1.140000000000000000e+04 9.555239999999998179e-01
1.150000000000000000e+04 9.539439999999999031e-01
1.160000000000000000e+04 9.586999999999999966e-01
1.170000000000000000e+04 9.535360000000000502e-01
1.180000000000000000e+04 9.643319999999999670e-01
1.190000000000000000e+04 9.471039999999999459e-01
1.200000000000000000e+04 9.525999999999998913e-01
1.210000000000000000e+04 9.573479999999999768e-01
1.220000000000000000e+04 9.570719999999999228e-01
1.230000000000000000e+04 9.470839999999999259e-01
1.240000000000000000e+04 9.527999999999999803e-01
1.250000000000000000e+04 9.565080000000000249e-01
1.260000000000000000e+04 9.503399999999999626e-01
1.270000000000000000e+04 9.573159999999999448e-01
1.280000000000000000e+04 9.597480000000000455e-01
1.290000000000000000e+04 9.504319999999999435e-01
1.300000000000000000e+04 9.613000000000000433e-01
1.310000000000000000e+04 9.575399999999999467e-01
1.320000000000000000e+04 9.596759999999999735e-01
1.330000000000000000e+04 9.599199999999999955e-01
1.340000000000000000e+04 9.587679999999999536e-01
1.350000000000000000e+04 9.624480000000001922e-01
1.360000000000000000e+04 9.504920000000000035e-01
1.370000000000000000e+04 9.558400000000000230e-01
1.380000000000000000e+04 9.596359999999999335e-01
1.390000000000000000e+04 9.559920000000000639e-01
1.400000000000000000e+04 9.523639999999999883e-01
1.410000000000000000e+04 9.573799999999998978e-01
1.420000000000000000e+04 9.635080000000000311e-01
1.430000000000000000e+04 9.533960000000000212e-01
1.440000000000000000e+04 9.601560000000000095e-01
1.450000000000000000e+04 9.584320000000001727e-01
1.460000000000000000e+04 9.592759999999999065e-01
1.470000000000000000e+04 9.541319999999999801e-01
1.480000000000000000e+04 9.653039999999998289e-01
1.490000000000000000e+04 9.615680000000000893e-01
1.500000000000000000e+04 9.599719999999999365e-01
1.510000000000000000e+04 9.588039999999998786e-01
1.520000000000000000e+04 9.604759999999998854e-01
1.530000000000000000e+04 9.515520000000000644e-01
1.540000000000000000e+04 9.569360000000000088e-01
1.550000000000000000e+04 9.582559999999999967e-01
1.560000000000000000e+04 9.601199999999999735e-01
1.570000000000000000e+04 9.573520000000000918e-01
1.580000000000000000e+04 9.610360000000000014e-01
1.590000000000000000e+04 9.684000000000000385e-01
1.600000000000000000e+04 9.606720000000000814e-01
1.610000000000000000e+04 9.537039999999998852e-01
1.620000000000000000e+04 9.570920000000000538e-01
1.630000000000000000e+04 9.479800000000000448e-01
1.640000000000000000e+04 9.621959999999999402e-01
1.650000000000000000e+04 9.543160000000000531e-01
1.660000000000000000e+04 9.566320000000000379e-01
1.670000000000000000e+04 9.630440000000000111e-01
1.680000000000000000e+04 9.647840000000000860e-01
1.690000000000000000e+04 9.591759999999999176e-01
1.700000000000000000e+04 9.631360000000001031e-01
1.710000000000000000e+04 9.592240000000000766e-01
1.720000000000000000e+04 9.554519999999999680e-01
1.730000000000000000e+04 9.475480000000000569e-01
1.740000000000000000e+04 9.589839999999999476e-01
1.750000000000000000e+04 9.542759999999999021e-01
1.760000000000000000e+04 9.554960000000000120e-01
1.770000000000000000e+04 9.591039999999999566e-01
1.780000000000000000e+04 9.545639999999999681e-01
1.790000000000000000e+04 9.536720000000000752e-01
1.800000000000000000e+04 9.669520000000000337e-01
1.810000000000000000e+04 9.584759999999999946e-01
1.820000000000000000e+04 9.537519999999999332e-01
1.830000000000000000e+04 9.599639999999999285e-01
1.840000000000000000e+04 9.531999999999999362e-01
1.850000000000000000e+04 9.477720000000000589e-01
1.860000000000000000e+04 9.493080000000000407e-01
1.870000000000000000e+04 9.497160000000000046e-01
1.880000000000000000e+04 9.564319999999999489e-01
1.890000000000000000e+04 9.575559999999999627e-01
1.900000000000000000e+04 9.606759999999999744e-01
1.910000000000000000e+04 9.585679999999999756e-01
1.920000000000000000e+04 9.452119999999999411e-01
1.930000000000000000e+04 9.532239999999999602e-01
1.940000000000000000e+04 9.548480000000001411e-01
1.950000000000000000e+04 9.633479999999999821e-01
1.960000000000000000e+04 9.553120000000000500e-01
1.970000000000000000e+04 9.568439999999998058e-01
1.980000000000000000e+04 9.548640000000000461e-01
1.990000000000000000e+04 9.516279999999999184e-01
2.000000000000000000e+04 9.585639999999999716e-01
2.010000000000000000e+04 9.530119999999999703e-01
2.020000000000000000e+04 9.571399999999999908e-01
2.030000000000000000e+04 9.506719999999999615e-01
2.040000000000000000e+04 9.586919999999999886e-01
2.050000000000000000e+04 9.564159999999999329e-01
2.060000000000000000e+04 9.619039999999999813e-01
2.070000000000000000e+04 9.498400000000000176e-01
2.080000000000000000e+04 9.556080000000001240e-01
2.090000000000000000e+04 9.590559999999997975e-01
2.100000000000000000e+04 9.522479999999999833e-01
2.110000000000000000e+04 9.652720000000000189e-01
2.120000000000000000e+04 9.580040000000000777e-01
2.130000000000000000e+04 9.601919999999999344e-01
2.140000000000000000e+04 9.526080000000000103e-01
2.150000000000000000e+04 9.609200000000001074e-01
2.160000000000000000e+04 9.594240000000001656e-01
2.170000000000000000e+04 9.550759999999998140e-01
2.180000000000000000e+04 9.579039999999999777e-01
2.190000000000000000e+04 9.514039999999999164e-01
2.200000000000000000e+04 9.591560000000001196e-01
2.210000000000000000e+04 9.572000000000000508e-01
2.220000000000000000e+04 9.525359999999998273e-01
2.230000000000000000e+04 9.471760000000000179e-01
2.240000000000000000e+04 9.511559999999998904e-01
2.250000000000000000e+04 9.623240000000000682e-01
2.260000000000000000e+04 9.625599999999999712e-01
2.270000000000000000e+04 9.543120000000000491e-01
2.280000000000000000e+04 9.608400000000000274e-01
2.290000000000000000e+04 9.671639999999999127e-01
2.300000000000000000e+04 9.567479999999999318e-01
2.310000000000000000e+04 9.587719999999999576e-01
2.320000000000000000e+04 9.554559999999999720e-01
2.330000000000000000e+04 9.563920000000000199e-01
2.340000000000000000e+04 9.523599999999999843e-01
2.350000000000000000e+04 9.499319999999999986e-01
2.360000000000000000e+04 9.601960000000000495e-01
2.370000000000000000e+04 9.506359999999999255e-01
2.380000000000000000e+04 9.486440000000000428e-01
2.390000000000000000e+04 9.502999999999999226e-01
2.400000000000000000e+04 9.529999999999999583e-01
2.410000000000000000e+04 9.586959999999999926e-01
2.420000000000000000e+04 9.475919999999998788e-01
2.430000000000000000e+04 9.642600000000000060e-01
2.440000000000000000e+04 9.522439999999999793e-01
2.450000000000000000e+04 9.538560000000000372e-01
2.460000000000000000e+04 9.595159999999999245e-01
2.470000000000000000e+04 9.601160000000001915e-01
2.480000000000000000e+04 9.525759999999999783e-01
2.490000000000000000e+04 9.598759999999999515e-01
2.500000000000000000e+04 9.571319999999999828e-01
2.510000000000000000e+04 9.581479999999999997e-01
2.520000000000000000e+04 9.570920000000000538e-01
2.530000000000000000e+04 9.543600000000000971e-01
2.540000000000000000e+04 9.568760000000000598e-01
2.550000000000000000e+04 9.528160000000001073e-01
2.560000000000000000e+04 9.605759999999999854e-01
2.570000000000000000e+04 9.582919999999999217e-01
2.580000000000000000e+04 9.514799999999999924e-01
2.590000000000000000e+04 9.547559999999999381e-01
2.600000000000000000e+04 9.586160000000000236e-01
2.610000000000000000e+04 9.600720000000000365e-01
2.620000000000000000e+04 9.550920000000000520e-01
2.630000000000000000e+04 9.585080000000001377e-01
2.640000000000000000e+04 9.577520000000000477e-01
2.650000000000000000e+04 9.579799999999999427e-01
2.660000000000000000e+04 9.535839999999999872e-01
2.670000000000000000e+04 9.499880000000000546e-01
2.680000000000000000e+04 9.635559999999999681e-01
2.690000000000000000e+04 9.616800000000000903e-01
2.700000000000000000e+04 9.612120000000000664e-01
2.710000000000000000e+04 9.551160000000000760e-01
2.720000000000000000e+04 9.611039999999999583e-01
2.730000000000000000e+04 9.523920000000000163e-01
2.740000000000000000e+04 9.492960000000000287e-01
2.750000000000000000e+04 9.524240000000001594e-01
2.760000000000000000e+04 9.554799999999999960e-01
2.770000000000000000e+04 9.515560000000000684e-01
2.780000000000000000e+04 9.657400000000000428e-01
2.790000000000000000e+04 9.573920000000000208e-01
2.800000000000000000e+04 9.560679999999999179e-01
2.810000000000000000e+04 9.546199999999999131e-01
2.820000000000000000e+04 9.516199999999999104e-01
2.830000000000000000e+04 9.590039999999999676e-01
2.840000000000000000e+04 9.505000000000000115e-01
2.850000000000000000e+04 9.564840000000001119e-01
2.860000000000000000e+04 9.527279999999999083e-01
2.870000000000000000e+04 9.530719999999999192e-01
2.880000000000000000e+04 9.577639999999999487e-01
2.890000000000000000e+04 9.571679999999997968e-01
2.900000000000000000e+04 9.480079999999999618e-01
2.910000000000000000e+04 9.542439999999999811e-01
2.920000000000000000e+04 9.628320000000000212e-01
2.930000000000000000e+04 9.605879999999999974e-01
2.940000000000000000e+04 9.533760000000000012e-01
2.950000000000000000e+04 9.490600000000000147e-01
2.960000000000000000e+04 9.664159999999999417e-01
2.970000000000000000e+04 9.597400000000000375e-01
2.980000000000000000e+04 9.533960000000000212e-01
2.990000000000000000e+04 9.453200000000000491e-01
3.000000000000000000e+04 9.447680000000000522e-01
