0.000000000000000000e+00 5.029073275802516951e-01
1.000000000000000000e+02 4.665923561330690417e-01
2.000000000000000000e+02 5.697564967114706613e-01
3.000000000000000000e+02 6.903361105015032306e-01
4.000000000000000000e+02 7.436862938871329209e-01
5.000000000000000000e+02 7.720958846960710442e-01
6.000000000000000000e+02 7.785279043122372844e-01
7.000000000000000000e+02 8.172766884168651824e-01
8.000000000000000000e+02 8.481051839937437942e-01
9.000000000000000000e+02 8.351885602294543132e-01
1.000000000000000000e+03 8.477135309740307934e-01
1.100000000000000000e+03 8.816942557592604146e-01
1.200000000000000000e+03 8.689587607427003979e-01
1.300000000000000000e+03 8.848221396270703476e-01
1.400000000000000000e+03 8.916027299141447982e-01
1.500000000000000000e+03 9.001191064789799690e-01
1.600000000000000000e+03 9.065081098535902049e-01
1.700000000000000000e+03 9.047430981700689268e-01
1.800000000000000000e+03 9.055695921900228651e-01
1.900000000000000000e+03 9.015673942761699422e-01
2.000000000000000000e+03 9.236618772717072323e-01
2.100000000000000000e+03 9.122703556915553458e-01
2.200000000000000000e+03 9.202493638115590846e-01
2.300000000000000000e+03 9.212398596199722345e-01
2.400000000000000000e+03 9.219967598963753064e-01
2.500000000000000000e+03 9.234478784963784381e-01
2.600000000000000000e+03 9.344402423767224075e-01
2.700000000000000000e+03 9.407294682726166091e-01
2.800000000000000000e+03 9.393563793540664619e-01
2.900000000000000000e+03 9.343634470834581984e-01
3.000000000000000000e+03 9.442242167099026418e-01
3.100000000000000000e+03 9.388539966366034051e-01
3.200000000000000000e+03 9.479493883769257723e-01
3.300000000000000000e+03 9.344603547251837394e-01
3.400000000000000000e+03 9.464909583673030147e-01
3.500000000000000000e+03 9.582289215575081620e-01
3.600000000000000000e+03 9.530568907471564932e-01
3.700000000000000000e+03 9.560569238322208507e-01
3.800000000000000000e+03 9.450568095435167848e-01
3.900000000000000000e+03 9.471919652380068610e-01
4.000000000000000000e+03 9.614450263789460216e-01
4.100000000000000000e+03 9.607069672205822419e-01
4.200000000000000000e+03 9.562389536484270369e-01
4.300000000000000000e+03 9.583216009788519951e-01
4.400000000000000000e+03 9.508922900229951347e-01
4.500000000000000000e+03 9.618811546442372906e-01
4.600000000000000000e+03 9.613533691520242952e-01
4.700000000000000000e+03 9.624992544075007261e-01
4.800000000000000000e+03 9.606201173427071360e-01
4.900000000000000000e+03 9.649608852595346065e-01
5.000000000000000000e+03 9.651092292761938030e-01
5.100000000000000000e+03 9.681688978306803861e-01
5.200000000000000000e+03 9.620058525515319259e-01
5.300000000000000000e+03 9.626649444483432738e-01
5.400000000000000000e+03 9.607677504004811242e-01
5.500000000000000000e+03 9.633531880209325049e-01
5.600000000000000000e+03 9.639933604607517914e-01
5.700000000000000000e+03 9.646003547855241944e-01
5.800000000000000000e+03 9.635934352645718626e-01
5.900000000000000000e+03 9.630399625587879875e-01
6.000000000000000000e+03 9.711217538302956420e-01
6.100000000000000000e+03 9.700711083499429233e-01
6.200000000000000000e+03 9.667923127750780443e-01
6.300000000000000000e+03 9.735311353559814584e-01
6.400000000000000000e+03 9.692121643731630432e-01
6.500000000000000000e+03 9.681956111771184981e-01
6.600000000000000000e+03 9.749064021920929024e-01
6.700000000000000000e+03 9.695801203795335610e-01
6.800000000000000000e+03 9.662542908604625502e-01
6.900000000000000000e+03 9.696674595413515840e-01
7.000000000000000000e+03 9.690654844643984411e-01
7.100000000000000000e+03 9.717241367966626964e-01
7.200000000000000000e+03 9.636982230867149335e-01
7.300000000000000000e+03 9.722294516122079733e-01
7.400000000000000000e+03 9.716460551272732005e-01
7.500000000000000000e+03 9.730547930969912773e-01
7.600000000000000000e+03 9.699920174559930608e-01
7.700000000000000000e+03 9.757059717194678239e-01
7.800000000000000000e+03 9.701859270286968817e-01
7.900000000000000000e+03 9.724086748442055672e-01
8.000000000000000000e+03 9.673318416269101050e-01
8.100000000000000000e+03 9.760486786572583062e-01
8.200000000000000000e+03 9.769791973331941604e-01
8.300000000000000000e+03 9.720124118636442878e-01
8.400000000000000000e+03 9.718852429847116836e-01
8.500000000000000000e+03 9.732949643653630023e-01
8.600000000000000000e+03 9.684073537483087746e-01
8.700000000000000000e+03 9.713121136071209971e-01
8.800000000000000000e+03 9.714747175166188464e-01
8.900000000000000000e+03 9.775051579022544512e-01
9.000000000000000000e+03 9.764415227349505511e-01
9.100000000000000000e+03 9.683366072801296021e-01
9.200000000000000000e+03 9.754544702552472302e-01
9.300000000000000000e+03 9.722915588227518668e-01
9.400000000000000000e+03 9.757644017644194756e-01
9.500000000000000000e+03 9.751495056382422089e-01
9.600000000000000000e+03 9.740516044567352205e-01
9.700000000000000000e+03 9.747990256338363579e-01
9.800000000000000000e+03 9.793701338454077199e-01
9.900000000000000000e+03 9.725989030019220882e-01
1.000000000000000000e+04 9.731961494036908134e-01
1.010000000000000000e+04 9.835288727963356070e-01
1.020000000000000000e+04 9.769561113959821519e-01
1.030000000000000000e+04 9.781167402308452719e-01
1.040000000000000000e+04 9.746016468727762838e-01
1.050000000000000000e+04 9.779735788998871193e-01
1.060000000000000000e+04 9.717609691053987753e-01
1.070000000000000000e+04 9.746333207078292649e-01
1.080000000000000000e+04 9.788556782120243493e-01
1.090000000000000000e+04 9.726591586871119466e-01
1.100000000000000000e+04 9.790463016625183812e-01
1.110000000000000000e+04 9.768735573087341528e-01
1.120000000000000000e+04 9.737446872351642746e-01
1.130000000000000000e+04 9.810822095575463253e-01
1.140000000000000000e+04 9.806812082467140090e-01
1.150000000000000000e+04 9.703203988658563039e-01
1.160000000000000000e+04 9.764154040156334258e-01
1.170000000000000000e+04 9.792130340709164216e-01
1.180000000000000000e+04 9.775218859091543422e-01
1.190000000000000000e+04 9.737264637351994434e-01
1.200000000000000000e+04 9.795957388818331557e-01
1.210000000000000000e+04 9.765450069611948392e-01
1.220000000000000000e+04 9.798508995230342800e-01
1.230000000000000000e+04 9.753594695320622066e-01
1.240000000000000000e+04 9.746927504680216181e-01
1.250000000000000000e+04 9.774718707768955683e-01
1.260000000000000000e+04 9.697849598326394593e-01
1.270000000000000000e+04 9.811019756336841757e-01
1.280000000000000000e+04 9.779593133123622994e-01
1.290000000000000000e+04 9.814796209556306827e-01
1.300000000000000000e+04 9.725247364734888045e-01
1.310000000000000000e+04 9.784330274150533358e-01
1.320000000000000000e+04 9.810500380065253490e-01
1.330000000000000000e+04 9.749113154105732981e-01
1.340000000000000000e+04 9.805183606037214394e-01
1.350000000000000000e+04 9.749967014231213369e-01
1.360000000000000000e+04 9.789663806557089565e-01
1.370000000000000000e+04 9.761946991542040930e-01
1.380000000000000000e+04 9.765105838085014200e-01
1.390000000000000000e+04 9.732702974837673660e-01
1.400000000000000000e+04 9.790078899333304330e-01
1.410000000000000000e+04 9.768764252591523034e-01
1.420000000000000000e+04 9.835135532662004909e-01
1.430000000000000000e+04 9.728828213637064071e-01
1.440000000000000000e+04 9.769839938063213935e-01
1.450000000000000000e+04 9.806346785797226406e-01
1.460000000000000000e+04 9.828630285889259355e-01
1.470000000000000000e+04 9.843769045112712446e-01
1.480000000000000000e+04 9.835197458964959338e-01
1.490000000000000000e+04 9.750559032376399093e-01
1.500000000000000000e+04 9.805175069230804841e-01
1.510000000000000000e+04 9.754420515886108589e-01
1.520000000000000000e+04 9.807261937142135455e-01
1.530000000000000000e+04 9.813055219734081458e-01
1.540000000000000000e+04 9.687547311205708667e-01
1.550000000000000000e+04 9.796820289248739932e-01
1.560000000000000000e+04 9.805243795259024342e-01
1.570000000000000000e+04 9.828315605872212091e-01
1.580000000000000000e+04 9.798248628960024575e-01
1.590000000000000000e+04 9.741928606321245132e-01
1.600000000000000000e+04 9.796105661225861239e-01
1.610000000000000000e+04 9.764967103610011634e-01
1.620000000000000000e+04 9.820487313669418183e-01
1.630000000000000000e+04 9.794459479251245160e-01
1.640000000000000000e+04 9.718752525264664488e-01
1.650000000000000000e+04 9.798597602892209490e-01
1.660000000000000000e+04 9.776314479921343059e-01
1.670000000000000000e+04 9.763178413518425192e-01
1.680000000000000000e+04 9.790791859710731293e-01
1.690000000000000000e+04 9.763017717386816008e-01
1.700000000000000000e+04 9.762134928971514247e-01
1.710000000000000000e+04 9.818742998542333567e-01
1.720000000000000000e+04 9.723113699900034490e-01
1.730000000000000000e+04 9.725525331228637160e-01
1.740000000000000000e+04 9.763377136336909290e-01
1.750000000000000000e+04 9.762352043732216433e-01
1.760000000000000000e+04 9.837014230268156245e-01
1.770000000000000000e+04 9.801659099820952958e-01
1.780000000000000000e+04 9.796272932371377085e-01
1.790000000000000000e+04 9.787579273635832466e-01
1.800000000000000000e+04 9.818402143226095946e-01
1.810000000000000000e+04 9.789591671291528741e-01
1.820000000000000000e+04 9.816909432721256934e-01
1.830000000000000000e+04 9.754005651877309946e-01
1.840000000000000000e+04 9.809699377045727475e-01
1.850000000000000000e+04 9.737414540979245636e-01
1.860000000000000000e+04 9.760867791228393653e-01
1.870000000000000000e+04 9.796707761082443788e-01
1.880000000000000000e+04 9.803864477585304549e-01
1.890000000000000000e+04 9.815666923822206069e-01
1.900000000000000000e+04 9.784911968343620314e-01
1.910000000000000000e+04 9.784202623119935271e-01
1.920000000000000000e+04 9.789505775213168670e-01
1.930000000000000000e+04 9.831123980400262585e-01
1.940000000000000000e+04 9.732553063257609605e-01
1.950000000000000000e+04 9.822268962037485895e-01
1.960000000000000000e+04 9.774424649925146369e-01
1.970000000000000000e+04 9.769157043909605376e-01
1.980000000000000000e+04 9.731964526033707319e-01
1.990000000000000000e+04 9.779087402118711303e-01
2.000000000000000000e+04 9.771062507796879348e-01
2.010000000000000000e+04 9.774364251630990319e-01
2.020000000000000000e+04 9.751068595866125843e-01
2.030000000000000000e+04 9.818526499602057145e-01
2.040000000000000000e+04 9.804372011156065048e-01
2.050000000000000000e+04 9.716084526896205942e-01
2.060000000000000000e+04 9.744230563945899259e-01
2.070000000000000000e+04 9.793891522976851949e-01
2.080000000000000000e+04 9.810224524744618479e-01
2.090000000000000000e+04 9.738822234289615798e-01
2.100000000000000000e+04 9.803182537701045085e-01
2.110000000000000000e+04 9.808191611942975729e-01
2.120000000000000000e+04 9.781134027900171279e-01
2.130000000000000000e+04 9.732053103052551446e-01
2.140000000000000000e+04 9.721628903581978065e-01
2.150000000000000000e+04 9.808754932845409336e-01
2.160000000000000000e+04 9.811939527210178369e-01
2.170000000000000000e+04 9.740664123684964482e-01
2.180000000000000000e+04 9.767527652027037099e-01
2.190000000000000000e+04 9.788992697876599536e-01
2.200000000000000000e+04 9.760715385219931317e-01
2.210000000000000000e+04 9.737482217560056164e-01
2.220000000000000000e+04 9.740208654320948733e-01
2.230000000000000000e+04 9.832519131470063289e-01
2.240000000000000000e+04 9.774393509424795790e-01
2.250000000000000000e+04 9.780465625579775057e-01
2.260000000000000000e+04 9.795849159017588903e-01
2.270000000000000000e+04 9.788902921258921808e-01
2.280000000000000000e+04 9.780412005212354432e-01
2.290000000000000000e+04 9.803169015129030717e-01
2.300000000000000000e+04 9.802043894377878708e-01
2.310000000000000000e+04 9.808038974554924572e-01
2.320000000000000000e+04 9.791567923109446570e-01
2.330000000000000000e+04 9.787981467329163188e-01
2.340000000000000000e+04 9.786519269161293444e-01
2.350000000000000000e+04 9.765793018564397077e-01
2.360000000000000000e+04 9.747490377215066726e-01
2.370000000000000000e+04 9.792856150566356943e-01
2.380000000000000000e+04 9.767917295683188339e-01
2.390000000000000000e+04 9.746937965998937470e-01
2.400000000000000000e+04 9.789011801531057877e-01
2.410000000000000000e+04 9.828513210305509507e-01
2.420000000000000000e+04 9.661493921840043075e-01
2.430000000000000000e+04 9.785229502201941987e-01
2.440000000000000000e+04 9.814630796961125725e-01
2.450000000000000000e+04 9.778650454675292814e-01
2.460000000000000000e+04 9.781466946816589347e-01
2.470000000000000000e+04 9.744040866587428962e-01
2.480000000000000000e+04 9.785232945411637129e-01
2.490000000000000000e+04 9.781350466676131949e-01
2.500000000000000000e+04 9.782686472776923603e-01
2.510000000000000000e+04 9.830252405189996434e-01
2.520000000000000000e+04 9.746890799540296468e-01
2.530000000000000000e+04 9.805744013300101702e-01
2.540000000000000000e+04 9.736469293964505889e-01
2.550000000000000000e+04 9.757173323920789176e-01
2.560000000000000000e+04 9.763995989556248922e-01
2.570000000000000000e+04 9.812395362432198009e-01
2.580000000000000000e+04 9.788596522524738441e-01
2.590000000000000000e+04 9.748663562558730344e-01
2.600000000000000000e+04 9.805073458220930904e-01
2.610000000000000000e+04 9.727338116062277384e-01
2.620000000000000000e+04 9.795048404175693557e-01
2.630000000000000000e+04 9.801435343273408041e-01
2.640000000000000000e+04 9.789750136495374289e-01
2.650000000000000000e+04 9.693733585878192560e-01
2.660000000000000000e+04 9.763144749109475828e-01
2.670000000000000000e+04 9.759286730062581849e-01
2.680000000000000000e+04 9.818281739666290253e-01
2.690000000000000000e+04 9.755713820526434876e-01
2.700000000000000000e+04 9.791091496103569991e-01
2.710000000000000000e+04 9.765731380121576155e-01
2.720000000000000000e+04 9.755663584146521128e-01
2.730000000000000000e+04 9.760132380805789376e-01
2.740000000000000000e+04 9.764269101434803755e-01
2.750000000000000000e+04 9.737628722467105424e-01
2.760000000000000000e+04 9.798590353369958095e-01
2.770000000000000000e+04 9.753706876236744039e-01
2.780000000000000000e+04 9.790270591827662239e-01
2.790000000000000000e+04 9.782873159851894762e-01
2.800000000000000000e+04 9.778120394216978095e-01
2.810000000000000000e+04 9.725699032411910805e-01
2.820000000000000000e+04 9.801926133115800299e-01
2.830000000000000000e+04 9.810195492952467067e-01
2.840000000000000000e+04 9.706736213448472483e-01
2.850000000000000000e+04 9.803393777148246002e-01
2.860000000000000000e+04 9.821219494036794728e-01
2.870000000000000000e+04 9.783095054104945509e-01
2.880000000000000000e+04 9.788022267495151141e-01
2.890000000000000000e+04 9.752624759139671973e-01
2.900000000000000000e+04 9.813246028275295352e-01
2.910000000000000000e+04 9.771664224511384944e-01
2.920000000000000000e+04 9.834697394140796689e-01
2.930000000000000000e+04 9.828677230758571248e-01
2.940000000000000000e+04 9.782471466872473265e-01
2.950000000000000000e+04 9.767051052336250816e-01
2.960000000000000000e+04 9.785993884238677332e-01
2.970000000000000000e+04 9.781860941697366751e-01
2.980000000000000000e+04 9.834168804109933992e-01
2.990000000000000000e+04 9.654967545716102162e-01
3.000000000000000000e+04 9.725436864104380907e-01
