0.000000000000000000e+00 5.095640000000000169e-01
1.000000000000000000e+02 4.745200000000000529e-01
2.000000000000000000e+02 6.008039999999998937e-01
3.000000000000000000e+02 7.117279999999999163e-01
4.000000000000000000e+02 7.416320000000000690e-01
5.000000000000000000e+02 7.790640000000000898e-01
6.000000000000000000e+02 7.710280000000000467e-01
7.000000000000000000e+02 8.146959999999999757e-01
8.000000000000000000e+02 8.392759999999999110e-01
9.000000000000000000e+02 8.191559999999999953e-01
1.000000000000000000e+03 8.255599999999998495e-01
1.100000000000000000e+03 8.695200000000000706e-01
1.200000000000000000e+03 8.488999999999999879e-01
1.300000000000000000e+03 8.656479999999999730e-01
1.400000000000000000e+03 8.777159999999999407e-01
1.500000000000000000e+03 8.808920000000000083e-01
1.600000000000000000e+03 8.866639999999998967e-01
1.700000000000000000e+03 8.904319999999998902e-01
1.800000000000000000e+03 8.901960000000000983e-01
1.900000000000000000e+03 8.823320000000001162e-01
2.000000000000000000e+03 9.069519999999999804e-01
2.100000000000000000e+03 8.958599999999999897e-01
2.200000000000000000e+03 9.050240000000000506e-01
2.300000000000000000e+03 9.041000000000000147e-01
2.400000000000000000e+03 9.067640000000000144e-01
2.500000000000000000e+03 9.111639999999999739e-01
2.600000000000000000e+03 9.241440000000000765e-01
2.700000000000000000e+03 9.322200000000000486e-01
2.800000000000000000e+03 9.283639999999999670e-01
2.900000000000000000e+03 9.252559999999999674e-01
3.000000000000000000e+03 9.357839999999999492e-01
3.100000000000000000e+03 9.294439999999999369e-01
3.200000000000000000e+03 9.407480000000000286e-01
3.300000000000000000e+03 9.286799999999999500e-01
3.400000000000000000e+03 9.373920000000000030e-01
3.500000000000000000e+03 9.489520000000000177e-01
3.600000000000000000e+03 9.414919999999999956e-01
3.700000000000000000e+03 9.504359999999999475e-01
3.800000000000000000e+03 9.367359999999999021e-01
3.900000000000000000e+03 9.400800000000000267e-01
4.000000000000000000e+03 9.579880000000001727e-01
4.100000000000000000e+03 9.545079999999999121e-01
4.200000000000000000e+03 9.460880000000000400e-01
4.300000000000000000e+03 9.522519999999998763e-01
4.400000000000000000e+03 9.381839999999999069e-01
4.500000000000000000e+03 9.561079999999999579e-01
4.600000000000000000e+03 9.543880000000000141e-01
4.700000000000000000e+03 9.561360000000000969e-01
4.800000000000000000e+03 9.506999999999999895e-01
4.900000000000000000e+03 9.588240000000000096e-01
5.000000000000000000e+03 9.575800000000000978e-01
5.100000000000000000e+03 9.599999999999999645e-01
5.200000000000000000e+03 9.550760000000000360e-01
5.300000000000000000e+03 9.547680000000000611e-01
5.400000000000000000e+03 9.553559999999999830e-01
5.500000000000000000e+03 9.563079999999999359e-01
5.600000000000000000e+03 9.587919999999998666e-01
5.700000000000000000e+03 9.586239999999999206e-01
5.800000000000000000e+03 9.599040000000000905e-01
5.900000000000000000e+03 9.557839999999999669e-01
6.000000000000000000e+03 9.641039999999999610e-01
6.100000000000000000e+03 9.660360000000000058e-01
6.200000000000000000e+03 9.618999999999999773e-01
6.300000000000000000e+03 9.695399999999999574e-01
6.400000000000000000e+03 9.625119999999999232e-01
6.500000000000000000e+03 9.644639999999999880e-01
6.600000000000000000e+03 9.708079999999998932e-01
6.700000000000000000e+03 9.639919999999999600e-01
6.800000000000000000e+03 9.601999999999999424e-01
6.900000000000000000e+03 9.664639999999999898e-01
7.000000000000000000e+03 9.674880000000000146e-01
7.100000000000000000e+03 9.681039999999999646e-01
7.200000000000000000e+03 9.594559999999998645e-01
7.300000000000000000e+03 9.691560000000000175e-01
7.400000000000000000e+03 9.683359999999999745e-01
7.500000000000000000e+03 9.686399999999999455e-01
7.600000000000000000e+03 9.650879999999999459e-01
7.700000000000000000e+03 9.729959999999999720e-01
7.800000000000000000e+03 9.664960000000000218e-01
7.900000000000000000e+03 9.695680000000000964e-01
8.000000000000000000e+03 9.629999999999999671e-01
8.100000000000000000e+03 9.717080000000000162e-01
8.200000000000000000e+03 9.726920000000001121e-01
8.300000000000000000e+03 9.702640000000000153e-01
8.400000000000000000e+03 9.710079999999999822e-01
8.500000000000000000e+03 9.692880000000000384e-01
8.600000000000000000e+03 9.663680000000000048e-01
8.700000000000000000e+03 9.676400000000000556e-01
8.800000000000000000e+03 9.705519999999998593e-01
8.900000000000000000e+03 9.739800000000000679e-01
9.000000000000000000e+03 9.733600000000000030e-01
9.100000000000000000e+03 9.648679999999999479e-01
9.200000000000000000e+03 9.733160000000000700e-01
9.300000000000000000e+03 9.701600000000000223e-01
9.400000000000000000e+03 9.725239999999999441e-01
9.500000000000000000e+03 9.726480000000000681e-01
9.600000000000000000e+03 9.708959999999999813e-01
9.700000000000000000e+03 9.717160000000000242e-01
9.800000000000000000e+03 9.771560000000001356e-01
9.900000000000000000e+03 9.692759999999999154e-01
1.000000000000000000e+04 9.707040000000001223e-01
1.010000000000000000e+04 9.809439999999999271e-01
1.020000000000000000e+04 9.755359999999999587e-01
1.030000000000000000e+04 9.754439999999999777e-01
1.040000000000000000e+04 9.721159999999999801e-01
1.050000000000000000e+04 9.749800000000000688e-01
1.060000000000000000e+04 9.697999999999999954e-01
1.070000000000000000e+04 9.724319999999999631e-01
1.080000000000000000e+04 9.778280000000000305e-01
1.090000000000000000e+04 9.685240000000000515e-01
1.100000000000000000e+04 9.760320000000000107e-01
1.110000000000000000e+04 9.734760000000000080e-01
1.120000000000000000e+04 9.711199999999999832e-01
1.130000000000000000e+04 9.795120000000000493e-01
1.140000000000000000e+04 9.769400000000000306e-01
1.150000000000000000e+04 9.701400000000000023e-01
1.160000000000000000e+04 9.757080000000000197e-01
1.170000000000000000e+04 9.753479999999999928e-01
1.180000000000000000e+04 9.760679999999999357e-01
1.190000000000000000e+04 9.728280000000000260e-01
1.200000000000000000e+04 9.752919999999999368e-01
1.210000000000000000e+04 9.730599999999999250e-01
1.220000000000000000e+04 9.774679999999998925e-01
1.230000000000000000e+04 9.716599999999998571e-01
1.240000000000000000e+04 9.739320000000000199e-01
1.250000000000000000e+04 9.741199999999999859e-01
1.260000000000000000e+04 9.682360000000000966e-01
1.270000000000000000e+04 9.774760000000001225e-01
1.280000000000000000e+04 9.748799999999998578e-01
1.290000000000000000e+04 9.792440000000000033e-01
1.300000000000000000e+04 9.728479999999999350e-01
1.310000000000000000e+04 9.740919999999999579e-01
1.320000000000000000e+04 9.788600000000000634e-01
1.330000000000000000e+04 9.714119999999999422e-01
1.340000000000000000e+04 9.778200000000001335e-01
1.350000000000000000e+04 9.721360000000000001e-01
1.360000000000000000e+04 9.768839999999999746e-01
1.370000000000000000e+04 9.716599999999999682e-01
1.380000000000000000e+04 9.743680000000000119e-01
1.390000000000000000e+04 9.710640000000000382e-01
1.400000000000000000e+04 9.753439999999999888e-01
1.410000000000000000e+04 9.729160000000000030e-01
1.420000000000000000e+04 9.818480000000000540e-01
1.430000000000000000e+04 9.717120000000000202e-01
1.440000000000000000e+04 9.737919999999999909e-01
1.450000000000000000e+04 9.780040000000000955e-01
1.460000000000000000e+04 9.817079999999999140e-01
1.470000000000000000e+04 9.823000000000000620e-01
1.480000000000000000e+04 9.810360000000000191e-01
1.490000000000000000e+04 9.734720000000000040e-01
1.500000000000000000e+04 9.781959999999999544e-01
1.510000000000000000e+04 9.730520000000000280e-01
1.520000000000000000e+04 9.783279999999999754e-01
1.530000000000000000e+04 9.778719999999999635e-01
1.540000000000000000e+04 9.689600000000000435e-01
1.550000000000000000e+04 9.773119999999999585e-01
1.560000000000000000e+04 9.789959999999999773e-01
1.570000000000000000e+04 9.809120000000000061e-01
1.580000000000000000e+04 9.769439999999999236e-01
1.590000000000000000e+04 9.697400000000000464e-01
1.600000000000000000e+04 9.777080000000000215e-01
1.610000000000000000e+04 9.724960000000000271e-01
1.620000000000000000e+04 9.799360000000000293e-01
1.630000000000000000e+04 9.773999999999999355e-01
1.640000000000000000e+04 9.724800000000000111e-01
1.650000000000000000e+04 9.769720000000000626e-01
1.660000000000000000e+04 9.748199999999999088e-01
1.670000000000000000e+04 9.727079999999999060e-01
1.680000000000000000e+04 9.762079999999999647e-01
1.690000000000000000e+04 9.755799999999998917e-01
1.700000000000000000e+04 9.743279999999999719e-01
1.710000000000000000e+04 9.795359999999999623e-01
1.720000000000000000e+04 9.731400000000000050e-01
1.730000000000000000e+04 9.687799999999999745e-01
1.740000000000000000e+04 9.734880000000001310e-01
1.750000000000000000e+04 9.746320000000000539e-01
1.760000000000000000e+04 9.817839999999999900e-01
1.770000000000000000e+04 9.773559999999998915e-01
1.780000000000000000e+04 9.769200000000000106e-01
1.790000000000000000e+04 9.741799999999999349e-01
1.800000000000000000e+04 9.784319999999999684e-01
1.810000000000000000e+04 9.760879999999999557e-01
1.820000000000000000e+04 9.797560000000000713e-01
1.830000000000000000e+04 9.725680000000000991e-01
1.840000000000000000e+04 9.781760000000000455e-01
1.850000000000000000e+04 9.706719999999999793e-01
1.860000000000000000e+04 9.740240000000000009e-01
1.870000000000000000e+04 9.773120000000000696e-01
1.880000000000000000e+04 9.785359999999998504e-01
1.890000000000000000e+04 9.793119999999999603e-01
1.900000000000000000e+04 9.739719999999999489e-01
1.910000000000000000e+04 9.751560000000000228e-01
1.920000000000000000e+04 9.767080000000000206e-01
1.930000000000000000e+04 9.809039999999998871e-01
1.940000000000000000e+04 9.724720000000000031e-01
1.950000000000000000e+04 9.802199999999999802e-01
1.960000000000000000e+04 9.757679999999999687e-01
1.970000000000000000e+04 9.739520000000001509e-01
1.980000000000000000e+04 9.714639999999999942e-01
1.990000000000000000e+04 9.738679999999999559e-01
2.000000000000000000e+04 9.735319999999998419e-01
2.010000000000000000e+04 9.744479999999999809e-01
2.020000000000000000e+04 9.727560000000000651e-01
2.030000000000000000e+04 9.789360000000000284e-01
2.040000000000000000e+04 9.776080000000000325e-01
2.050000000000000000e+04 9.668759999999999577e-01
2.060000000000000000e+04 9.710919999999999552e-01
2.070000000000000000e+04 9.765839999999998966e-01
2.080000000000000000e+04 9.783399999999999874e-01
2.090000000000000000e+04 9.697600000000000664e-01
2.100000000000000000e+04 9.777039999999999065e-01
2.110000000000000000e+04 9.770840000000000636e-01
2.120000000000000000e+04 9.742280000000000939e-01
2.130000000000000000e+04 9.691599999999999104e-01
2.140000000000000000e+04 9.671359999999999957e-01
2.150000000000000000e+04 9.800040000000000973e-01
2.160000000000000000e+04 9.776200000000000445e-01
2.170000000000000000e+04 9.702119999999999633e-01
2.180000000000000000e+04 9.721959999999999491e-01
2.190000000000000000e+04 9.763280000000000847e-01
2.200000000000000000e+04 9.752039999999999598e-01
2.210000000000000000e+04 9.709720000000000573e-01
2.220000000000000000e+04 9.695160000000000444e-01
2.230000000000000000e+04 9.805679999999999952e-01
2.240000000000000000e+04 9.785320000000000684e-01
2.250000000000000000e+04 9.752919999999999368e-01
2.260000000000000000e+04 9.761680000000000357e-01
2.270000000000000000e+04 9.756920000000000037e-01
2.280000000000000000e+04 9.756000000000000227e-01
2.290000000000000000e+04 9.778120000000000145e-01
2.300000000000000000e+04 9.776040000000000285e-01
2.310000000000000000e+04 9.786160000000000414e-01
2.320000000000000000e+04 9.750559999999999228e-01
2.330000000000000000e+04 9.743920000000000359e-01
2.340000000000000000e+04 9.747439999999999438e-01
2.350000000000000000e+04 9.727320000000000411e-01
2.360000000000000000e+04 9.720080000000000942e-01
2.370000000000000000e+04 9.772279999999999855e-01
2.380000000000000000e+04 9.729559999999999320e-01
2.390000000000000000e+04 9.723680000000001211e-01
2.400000000000000000e+04 9.758440000000000447e-01
2.410000000000000000e+04 9.799839999999999662e-01
2.420000000000000000e+04 9.652039999999999509e-01
2.430000000000000000e+04 9.744399999999998618e-01
2.440000000000000000e+04 9.775639999999999885e-01
2.450000000000000000e+04 9.750440000000000218e-01
2.460000000000000000e+04 9.747000000000000108e-01
2.470000000000000000e+04 9.716519999999999602e-01
2.480000000000000000e+04 9.753959999999999297e-01
2.490000000000000000e+04 9.749519999999999298e-01
2.500000000000000000e+04 9.738440000000000429e-01
2.510000000000000000e+04 9.812199999999999811e-01
2.520000000000000000e+04 9.724640000000001061e-01
2.530000000000000000e+04 9.771079999999999766e-01
2.540000000000000000e+04 9.698439999999999284e-01
2.550000000000000000e+04 9.715240000000000542e-01
2.560000000000000000e+04 9.706160000000000343e-01
2.570000000000000000e+04 9.797640000000000793e-01
2.580000000000000000e+04 9.765919999999999046e-01
2.590000000000000000e+04 9.704040000000000443e-01
2.600000000000000000e+04 9.767239999999999256e-01
2.610000000000000000e+04 9.687640000000000695e-01
2.620000000000000000e+04 9.754919999999999147e-01
2.630000000000000000e+04 9.758319999999999217e-01
2.640000000000000000e+04 9.764199999999999546e-01
2.650000000000000000e+04 9.711799999999999322e-01
2.660000000000000000e+04 9.705519999999999703e-01
2.670000000000000000e+04 9.710079999999999822e-01
2.680000000000000000e+04 9.780599999999999294e-01
2.690000000000000000e+04 9.725479999999999681e-01
2.700000000000000000e+04 9.757200000000000317e-01
2.710000000000000000e+04 9.735160000000000480e-01
2.720000000000000000e+04 9.719759999999999511e-01
2.730000000000000000e+04 9.720800000000000551e-01
2.740000000000000000e+04 9.718040000000000012e-01
2.750000000000000000e+04 9.694639999999999924e-01
2.760000000000000000e+04 9.757480000000000597e-01
2.770000000000000000e+04 9.713400000000000922e-01
2.780000000000000000e+04 9.751919999999999478e-01
2.790000000000000000e+04 9.747639999999999638e-01
2.800000000000000000e+04 9.730879999999998420e-01
2.810000000000000000e+04 9.688240000000000185e-01
2.820000000000000000e+04 9.794400000000000883e-01
2.830000000000000000e+04 9.763479999999999936e-01
2.840000000000000000e+04 9.670039999999999747e-01
2.850000000000000000e+04 9.775840000000000085e-01
2.860000000000000000e+04 9.791119999999999823e-01
2.870000000000000000e+04 9.758440000000000447e-01
2.880000000000000000e+04 9.747040000000000148e-01
2.890000000000000000e+04 9.737240000000000339e-01
2.900000000000000000e+04 9.777720000000000855e-01
2.910000000000000000e+04 9.734799999999999010e-01
2.920000000000000000e+04 9.812680000000000291e-01
2.930000000000000000e+04 9.800519999999999232e-01
2.940000000000000000e+04 9.737840000000000940e-01
2.950000000000000000e+04 9.722880000000000411e-01
2.960000000000000000e+04 9.755279999999999507e-01
2.970000000000000000e+04 9.741039999999999699e-01
2.980000000000000000e+04 9.806200000000000472e-01
2.990000000000000000e+04 9.674880000000000146e-01
3.000000000000000000e+04 9.703880000000000283e-01
