0.000000000000000000e+00 5.250705870536132025e-01
1.000000000000000000e+02 4.337800641477823627e-01
2.000000000000000000e+02 5.179842809984462892e-01
3.000000000000000000e+02 6.235549831463802484e-01
4.000000000000000000e+02 6.415377144852805191e-01
5.000000000000000000e+02 7.146566858167469061e-01
6.000000000000000000e+02 7.426086733105279336e-01
7.000000000000000000e+02 7.819839374525356934e-01
8.000000000000000000e+02 7.727132869622496125e-01
9.000000000000000000e+02 8.159876215520739384e-01
1.000000000000000000e+03 7.991117247661807532e-01
1.100000000000000000e+03 8.367205878357482085e-01
1.200000000000000000e+03 8.464212906326122887e-01
1.300000000000000000e+03 8.372948260982796542e-01
1.400000000000000000e+03 8.553728624993192087e-01
1.500000000000000000e+03 8.452012017317013237e-01
1.600000000000000000e+03 8.485605400871567561e-01
1.700000000000000000e+03 8.591240705936376010e-01
1.800000000000000000e+03 8.727730351134157516e-01
1.900000000000000000e+03 8.802956626906859317e-01
2.000000000000000000e+03 8.911176001537064462e-01
2.100000000000000000e+03 8.808372460044268104e-01
2.200000000000000000e+03 9.071489678067622409e-01
2.300000000000000000e+03 8.941846218627924614e-01
2.400000000000000000e+03 9.026431749681186334e-01
2.500000000000000000e+03 8.980231135575231782e-01
2.600000000000000000e+03 9.154527112102517350e-01
2.700000000000000000e+03 9.060132793657605932e-01
2.800000000000000000e+03 9.095019488298876631e-01
2.900000000000000000e+03 9.069659450975203763e-01
3.000000000000000000e+03 9.137116814705992240e-01
3.100000000000000000e+03 9.106488731913355839e-01
3.200000000000000000e+03 9.204142861254061003e-01
3.300000000000000000e+03 9.202745744486122703e-01
3.400000000000000000e+03 9.342869843855564627e-01
3.500000000000000000e+03 9.340053601407616313e-01
3.600000000000000000e+03 9.299574462129088781e-01
3.700000000000000000e+03 9.314056273045133727e-01
3.800000000000000000e+03 9.352196607078490098e-01
3.900000000000000000e+03 9.433357027971522868e-01
4.000000000000000000e+03 9.390651598687413948e-01
4.100000000000000000e+03 9.486558639155229233e-01
4.200000000000000000e+03 9.359104757868204061e-01
4.300000000000000000e+03 9.366870628745360694e-01
4.400000000000000000e+03 9.453244423051512246e-01
4.500000000000000000e+03 9.450564201766017414e-01
4.600000000000000000e+03 9.496970560910746872e-01
4.700000000000000000e+03 9.494295121635347723e-01
4.800000000000000000e+03 9.431007562645368214e-01
4.900000000000000000e+03 9.568624300036204788e-01
5.000000000000000000e+03 9.608303825378122776e-01
5.100000000000000000e+03 9.550534001235931880e-01
5.200000000000000000e+03 9.688823434223143849e-01
5.300000000000000000e+03 9.585044685337865689e-01
5.400000000000000000e+03 9.627272992941415808e-01
5.500000000000000000e+03 9.655640842912904809e-01
5.600000000000000000e+03 9.594017099855874919e-01
5.700000000000000000e+03 9.581232317869563531e-01
5.800000000000000000e+03 9.669433980229764636e-01
5.900000000000000000e+03 9.660042345312584988e-01
6.000000000000000000e+03 9.684397481091976401e-01
6.100000000000000000e+03 9.635495046416122644e-01
6.200000000000000000e+03 9.607847772874135162e-01
6.300000000000000000e+03 9.578301905648367587e-01
6.400000000000000000e+03 9.561741702964596801e-01
6.500000000000000000e+03 9.595967974957156921e-01
6.600000000000000000e+03 9.694784988920145397e-01
6.700000000000000000e+03 9.714989079399698468e-01
6.800000000000000000e+03 9.645447436025852417e-01
6.900000000000000000e+03 9.682942789583415255e-01
7.000000000000000000e+03 9.509545046359837439e-01
7.100000000000000000e+03 9.721130185667699042e-01
7.200000000000000000e+03 9.725431878582915246e-01
7.300000000000000000e+03 9.683475133987049510e-01
7.400000000000000000e+03 9.661334563805156206e-01
7.500000000000000000e+03 9.702792753126224801e-01
7.600000000000000000e+03 9.649253721224891889e-01
7.700000000000000000e+03 9.690395048885941387e-01
7.800000000000000000e+03 9.694559553227692916e-01
7.900000000000000000e+03 9.718063238326239972e-01
8.000000000000000000e+03 9.575903696339982396e-01
8.100000000000000000e+03 9.631286317627644200e-01
8.200000000000000000e+03 9.625728050334871888e-01
8.300000000000000000e+03 9.682910181209950506e-01
8.400000000000000000e+03 9.711365317181595014e-01
8.500000000000000000e+03 9.693726905226853763e-01
8.600000000000000000e+03 9.722216671570277358e-01
8.700000000000000000e+03 9.695281681823173514e-01
8.800000000000000000e+03 9.708467601310688533e-01
8.900000000000000000e+03 9.653139714160878793e-01
9.000000000000000000e+03 9.732065896069669320e-01
9.100000000000000000e+03 9.748511528661540915e-01
9.200000000000000000e+03 9.638987726212541185e-01
9.300000000000000000e+03 9.696618364682390023e-01
9.400000000000000000e+03 9.738411619101356997e-01
9.500000000000000000e+03 9.670949734120917185e-01
9.600000000000000000e+03 9.737944577518511391e-01
9.700000000000000000e+03 9.751612147257788799e-01
9.800000000000000000e+03 9.672193884252799911e-01
9.900000000000000000e+03 9.731336296571970745e-01
1.000000000000000000e+04 9.635436274719491045e-01
1.010000000000000000e+04 9.704216516823446215e-01
1.020000000000000000e+04 9.719238725413020807e-01
1.030000000000000000e+04 9.712625140841338878e-01
1.040000000000000000e+04 9.774041689455807980e-01
1.050000000000000000e+04 9.692104267707255527e-01
1.060000000000000000e+04 9.676476539983956959e-01
1.070000000000000000e+04 9.759588584842124881e-01
1.080000000000000000e+04 9.710335088233323919e-01
1.090000000000000000e+04 9.755548937400611020e-01
1.100000000000000000e+04 9.696986645048635278e-01
1.110000000000000000e+04 9.658800248925692999e-01
1.120000000000000000e+04 9.674257622009378998e-01
1.130000000000000000e+04 9.663222358530247913e-01
1.140000000000000000e+04 9.686112630856367200e-01
1.150000000000000000e+04 9.760089324496071805e-01
1.160000000000000000e+04 9.741437098156237040e-01
1.170000000000000000e+04 9.634570608461269225e-01
1.180000000000000000e+04 9.699238571838264544e-01
1.190000000000000000e+04 9.690902770126397225e-01
1.200000000000000000e+04 9.665148534769264499e-01
1.210000000000000000e+04 9.792020040741549192e-01
1.220000000000000000e+04 9.745027434511360775e-01
1.230000000000000000e+04 9.736867605499368583e-01
1.240000000000000000e+04 9.704836756468596670e-01
1.250000000000000000e+04 9.714607219284824291e-01
1.260000000000000000e+04 9.759028583559153924e-01
1.270000000000000000e+04 9.763310794993884656e-01
1.280000000000000000e+04 9.755325315464878910e-01
1.290000000000000000e+04 9.691783473169643948e-01
1.300000000000000000e+04 9.740952046092213878e-01
1.310000000000000000e+04 9.769562139667856693e-01
1.320000000000000000e+04 9.749305243840780122e-01
1.330000000000000000e+04 9.758363197425590219e-01
1.340000000000000000e+04 9.746575329035858104e-01
1.350000000000000000e+04 9.768330038195061071e-01
1.360000000000000000e+04 9.737299330044668633e-01
1.370000000000000000e+04 9.686769683702245448e-01
1.380000000000000000e+04 9.655886808197384763e-01
1.390000000000000000e+04 9.779146207682194447e-01
1.400000000000000000e+04 9.731677758529104771e-01
1.410000000000000000e+04 9.768842203342291697e-01
1.420000000000000000e+04 9.736266386107962356e-01
1.430000000000000000e+04 9.768444585517483958e-01
1.440000000000000000e+04 9.683836016992789508e-01
1.450000000000000000e+04 9.717364325869940478e-01
1.460000000000000000e+04 9.766204625309405918e-01
1.470000000000000000e+04 9.692703323102866975e-01
1.480000000000000000e+04 9.734785716355968122e-01
1.490000000000000000e+04 9.753944436987955768e-01
1.500000000000000000e+04 9.806784811641431343e-01
1.510000000000000000e+04 9.815892626409257193e-01
1.520000000000000000e+04 9.749995152446637725e-01
1.530000000000000000e+04 9.781359536221995166e-01
1.540000000000000000e+04 9.724648419841350755e-01
1.550000000000000000e+04 9.682211649082976823e-01
1.560000000000000000e+04 9.748705994878108516e-01
1.570000000000000000e+04 9.678613467412598981e-01
1.580000000000000000e+04 9.799023403800952714e-01
1.590000000000000000e+04 9.766105261531636827e-01
1.600000000000000000e+04 9.788617863372797157e-01
1.610000000000000000e+04 9.721229625487167736e-01
1.620000000000000000e+04 9.716051499369725564e-01
1.630000000000000000e+04 9.615295502068708089e-01
1.640000000000000000e+04 9.772824282956062980e-01
1.650000000000000000e+04 9.771737160863663840e-01
1.660000000000000000e+04 9.803320913160623595e-01
1.670000000000000000e+04 9.819256711873165511e-01
1.680000000000000000e+04 9.772423626688748755e-01
1.690000000000000000e+04 9.733149189234668874e-01
1.700000000000000000e+04 9.778295177094504798e-01
1.710000000000000000e+04 9.741134930231903910e-01
1.720000000000000000e+04 9.772647516925654365e-01
1.730000000000000000e+04 9.710646986128717018e-01
1.740000000000000000e+04 9.798707888954759637e-01
1.750000000000000000e+04 9.786063821447071875e-01
1.760000000000000000e+04 9.770472609882636661e-01
1.770000000000000000e+04 9.749837387648072617e-01
1.780000000000000000e+04 9.765412813214557897e-01
1.790000000000000000e+04 9.784727634473593394e-01
1.800000000000000000e+04 9.798575875093092913e-01
1.810000000000000000e+04 9.797644004747418922e-01
1.820000000000000000e+04 9.754548876899323817e-01
1.830000000000000000e+04 9.754718009836469417e-01
1.840000000000000000e+04 9.765447052461031507e-01
1.850000000000000000e+04 9.732423726048319290e-01
1.860000000000000000e+04 9.773125343829274225e-01
1.870000000000000000e+04 9.789607908621780208e-01
1.880000000000000000e+04 9.664008825025486304e-01
1.890000000000000000e+04 9.750396253476313335e-01
1.900000000000000000e+04 9.768803596601305372e-01
1.910000000000000000e+04 9.697709881084078942e-01
1.920000000000000000e+04 9.652259481603888691e-01
1.930000000000000000e+04 9.782041877877534208e-01
1.940000000000000000e+04 9.783834915700192481e-01
1.950000000000000000e+04 9.754152878827240247e-01
1.960000000000000000e+04 9.687567361136819599e-01
1.970000000000000000e+04 9.746291453356654699e-01
1.980000000000000000e+04 9.769927135283855701e-01
1.990000000000000000e+04 9.754916177978197878e-01
2.000000000000000000e+04 9.810344767412713107e-01
2.010000000000000000e+04 9.773832787015794832e-01
2.020000000000000000e+04 9.814939490872806038e-01
2.030000000000000000e+04 9.803314731263708115e-01
2.040000000000000000e+04 9.747233796866052735e-01
2.050000000000000000e+04 9.772386027818182885e-01
2.060000000000000000e+04 9.734026698810439582e-01
2.070000000000000000e+04 9.717517281976559840e-01
2.080000000000000000e+04 9.707197759439971652e-01
2.090000000000000000e+04 9.730681661372372337e-01
2.100000000000000000e+04 9.755716596724073320e-01
2.110000000000000000e+04 9.720666290915707108e-01
2.120000000000000000e+04 9.855918452438958699e-01
2.130000000000000000e+04 9.758873198646604852e-01
2.140000000000000000e+04 9.775830401329579367e-01
2.150000000000000000e+04 9.788689938187139505e-01
2.160000000000000000e+04 9.830558183273074846e-01
2.170000000000000000e+04 9.781415777964297398e-01
2.180000000000000000e+04 9.766863985278577687e-01
2.190000000000000000e+04 9.747840545947916713e-01
2.200000000000000000e+04 9.647469471513685502e-01
2.210000000000000000e+04 9.741958204596782300e-01
2.220000000000000000e+04 9.791208528497907793e-01
2.230000000000000000e+04 9.810157095265317206e-01
2.240000000000000000e+04 9.647175274666994760e-01
2.250000000000000000e+04 9.705654601747866206e-01
2.260000000000000000e+04 9.762112806783843633e-01
2.270000000000000000e+04 9.788285983065839746e-01
2.280000000000000000e+04 9.695239094667077451e-01
2.290000000000000000e+04 9.711362622163468572e-01
2.300000000000000000e+04 9.719707941895363579e-01
2.310000000000000000e+04 9.719436449088922902e-01
2.320000000000000000e+04 9.768768645977985443e-01
2.330000000000000000e+04 9.741606385105641142e-01
2.340000000000000000e+04 9.838355875933892936e-01
2.350000000000000000e+04 9.742368562810816979e-01
2.360000000000000000e+04 9.746832536479110853e-01
2.370000000000000000e+04 9.755966404854434781e-01
2.380000000000000000e+04 9.788974934900755986e-01
2.390000000000000000e+04 9.765658156488845609e-01
2.400000000000000000e+04 9.730124984548569333e-01
2.410000000000000000e+04 9.721130796702976973e-01
2.420000000000000000e+04 9.852679705014625311e-01
2.430000000000000000e+04 9.781422970763359315e-01
2.440000000000000000e+04 9.747428125425143808e-01
2.450000000000000000e+04 9.802636521684876536e-01
2.460000000000000000e+04 9.763863054684169818e-01
2.470000000000000000e+04 9.796620004600790077e-01
2.480000000000000000e+04 9.805118520554551020e-01
2.490000000000000000e+04 9.706597602100546229e-01
2.500000000000000000e+04 9.743412467712955216e-01
2.510000000000000000e+04 9.755096997278557280e-01
2.520000000000000000e+04 9.770396695797627373e-01
2.530000000000000000e+04 9.701292136024632917e-01
2.540000000000000000e+04 9.747608644300204128e-01
2.550000000000000000e+04 9.765355811804738995e-01
2.560000000000000000e+04 9.780259448126595867e-01
2.570000000000000000e+04 9.765099046297713858e-01
2.580000000000000000e+04 9.807386618356418451e-01
2.590000000000000000e+04 9.780100450672828405e-01
2.600000000000000000e+04 9.710965515910134904e-01
2.610000000000000000e+04 9.737182314098353775e-01
2.620000000000000000e+04 9.701922782201048978e-01
2.630000000000000000e+04 9.775870381700479950e-01
2.640000000000000000e+04 9.733172921123233179e-01
2.650000000000000000e+04 9.794544731976950747e-01
2.660000000000000000e+04 9.728727978160253143e-01
2.670000000000000000e+04 9.740590550496485145e-01
2.680000000000000000e+04 9.813878423818226393e-01
2.690000000000000000e+04 9.770312944920153120e-01
2.700000000000000000e+04 9.686958951604782708e-01
2.710000000000000000e+04 9.769356469982453106e-01
2.720000000000000000e+04 9.778278529818543729e-01
2.730000000000000000e+04 9.770150367664216517e-01
2.740000000000000000e+04 9.701759552314882518e-01
2.750000000000000000e+04 9.785569307951160756e-01
2.760000000000000000e+04 9.804824046760362011e-01
2.770000000000000000e+04 9.793376465563277122e-01
2.780000000000000000e+04 9.731077499224365379e-01
2.790000000000000000e+04 9.831798165751746144e-01
2.800000000000000000e+04 9.792111314694471602e-01
2.810000000000000000e+04 9.773616226915750049e-01
2.820000000000000000e+04 9.678895345805426098e-01
2.830000000000000000e+04 9.784600776957338431e-01
2.840000000000000000e+04 9.750443563933185454e-01
2.850000000000000000e+04 9.716322723116601612e-01
2.860000000000000000e+04 9.845884931599426793e-01
2.870000000000000000e+04 9.831778944249733865e-01
2.880000000000000000e+04 9.817437921167089243e-01
2.890000000000000000e+04 9.710599743823233876e-01
2.900000000000000000e+04 9.732060391382659770e-01
2.910000000000000000e+04 9.762199949585761427e-01
2.920000000000000000e+04 9.726742552848077761e-01
2.930000000000000000e+04 9.780322165952533009e-01
2.940000000000000000e+04 9.781284946734885022e-01
2.950000000000000000e+04 9.758586412162663093e-01
2.960000000000000000e+04 9.797873098034635131e-01
2.970000000000000000e+04 9.721712836546139158e-01
2.980000000000000000e+04 9.823604857681532687e-01
2.990000000000000000e+04 9.749388962467346875e-01
3.000000000000000000e+04 9.760479618745814268e-01
