0.000000000000000000e+00 5.413720000000000754e-01
1.000000000000000000e+02 4.175919999999999632e-01
2.000000000000000000e+02 5.217519999999999936e-01
3.000000000000000000e+02 6.256519999999999859e-01
4.000000000000000000e+02 6.463920000000000776e-01
5.000000000000000000e+02 7.168200000000000127e-01
6.000000000000000000e+02 7.349759999999999627e-01
7.000000000000000000e+02 7.583519999999999150e-01
8.000000000000000000e+02 7.679959999999999010e-01
9.000000000000000000e+02 7.941320000000000601e-01
1.000000000000000000e+03 7.839959999999999152e-01
1.100000000000000000e+03 8.149639999999999107e-01
1.200000000000000000e+03 8.236919999999999797e-01
1.300000000000000000e+03 8.153359999999999497e-01
1.400000000000000000e+03 8.389320000000000110e-01
1.500000000000000000e+03 8.182519999999999794e-01
1.600000000000000000e+03 8.277719999999999523e-01
1.700000000000000000e+03 8.353760000000001185e-01
1.800000000000000000e+03 8.493360000000000909e-01
1.900000000000000000e+03 8.587839999999999918e-01
2.000000000000000000e+03 8.646959999999999091e-01
2.100000000000000000e+03 8.543280000000000873e-01
2.200000000000000000e+03 8.885839999999999295e-01
2.300000000000000000e+03 8.691560000000000397e-01
2.400000000000000000e+03 8.851119999999998988e-01
2.500000000000000000e+03 8.780280000000000307e-01
2.600000000000000000e+03 8.979879999999998974e-01
2.700000000000000000e+03 8.879639999999999755e-01
2.800000000000000000e+03 8.941759999999999708e-01
2.900000000000000000e+03 8.886200000000001875e-01
3.000000000000000000e+03 8.982559999999999434e-01
3.100000000000000000e+03 8.919559999999999711e-01
3.200000000000000000e+03 9.080680000000000973e-01
3.300000000000000000e+03 9.047840000000000327e-01
3.400000000000000000e+03 9.234640000000000626e-01
3.500000000000000000e+03 9.192599999999999660e-01
3.600000000000000000e+03 9.181279999999998331e-01
3.700000000000000000e+03 9.198959999999998249e-01
3.800000000000000000e+03 9.273000000000000131e-01
3.900000000000000000e+03 9.343759999999999843e-01
4.000000000000000000e+03 9.282999999999999030e-01
4.100000000000000000e+03 9.432639999999999914e-01
4.200000000000000000e+03 9.236119999999999886e-01
4.300000000000000000e+03 9.309239999999999737e-01
4.400000000000000000e+03 9.364519999999999511e-01
4.500000000000000000e+03 9.375679999999999570e-01
4.600000000000000000e+03 9.444279999999999342e-01
4.700000000000000000e+03 9.395839999999999748e-01
4.800000000000000000e+03 9.401880000000000237e-01
4.900000000000000000e+03 9.504120000000000346e-01
5.000000000000000000e+03 9.540480000000000071e-01
5.100000000000000000e+03 9.475439999999998308e-01
5.200000000000000000e+03 9.632199999999999651e-01
5.300000000000000000e+03 9.502040000000000486e-01
5.400000000000000000e+03 9.566959999999999908e-01
5.500000000000000000e+03 9.609639999999999294e-01
5.600000000000000000e+03 9.527679999999998373e-01
5.700000000000000000e+03 9.502680000000000016e-01
5.800000000000000000e+03 9.617680000000000673e-01
5.900000000000000000e+03 9.587840000000000806e-01
6.000000000000000000e+03 9.625119999999998122e-01
6.100000000000000000e+03 9.612439999999999873e-01
6.200000000000000000e+03 9.563759999999998929e-01
6.300000000000000000e+03 9.519039999999999724e-01
6.400000000000000000e+03 9.536919999999999842e-01
6.500000000000000000e+03 9.553760000000000030e-01
6.600000000000000000e+03 9.655560000000000809e-01
6.700000000000000000e+03 9.657679999999999598e-01
6.800000000000000000e+03 9.590639999999999166e-01
6.900000000000000000e+03 9.639760000000000550e-01
7.000000000000000000e+03 9.534679999999999822e-01
7.100000000000000000e+03 9.667319999999999247e-01
7.200000000000000000e+03 9.707800000000000873e-01
7.300000000000000000e+03 9.637099999999999556e-01
7.400000000000000000e+03 9.625359999999998362e-01
7.500000000000000000e+03 9.643319999999999670e-01
7.600000000000000000e+03 9.616759999999999753e-01
7.700000000000000000e+03 9.634280000000000621e-01
7.800000000000000000e+03 9.676119999999998056e-01
7.900000000000000000e+03 9.723199999999999621e-01
8.000000000000000000e+03 9.527280000000000193e-01
8.100000000000000000e+03 9.560040000000000759e-01
8.200000000000000000e+03 9.607320000000000304e-01
8.300000000000000000e+03 9.649079999999999879e-01
8.400000000000000000e+03 9.660959999999999548e-01
8.500000000000000000e+03 9.691520000000001245e-01
8.600000000000000000e+03 9.676279999999999326e-01
8.700000000000000000e+03 9.652039999999999509e-01
8.800000000000000000e+03 9.658520000000000438e-01
8.900000000000000000e+03 9.632800000000000251e-01
9.000000000000000000e+03 9.712560000000001192e-01
9.100000000000000000e+03 9.709280000000000133e-01
9.200000000000000000e+03 9.611880000000000424e-01
9.300000000000000000e+03 9.649320000000000119e-01
9.400000000000000000e+03 9.694880000000000164e-01
9.500000000000000000e+03 9.629119999999999902e-01
9.600000000000000000e+03 9.720360000000000111e-01
9.700000000000000000e+03 9.707999999999999963e-01
9.800000000000000000e+03 9.630719999999999281e-01
9.900000000000000000e+03 9.726359999999998340e-01
1.000000000000000000e+04 9.605719999999999814e-01
1.010000000000000000e+04 9.669799999999999507e-01
1.020000000000000000e+04 9.697799999999999754e-01
1.030000000000000000e+04 9.680200000000001026e-01
1.040000000000000000e+04 9.738559999999999439e-01
1.050000000000000000e+04 9.675999999999999046e-01
1.060000000000000000e+04 9.647400000000000420e-01
1.070000000000000000e+04 9.711639999999999162e-01
1.080000000000000000e+04 9.666839999999999877e-01
1.090000000000000000e+04 9.709000000000000963e-01
1.100000000000000000e+04 9.643119999999999470e-01
1.110000000000000000e+04 9.621560000000001223e-01
1.120000000000000000e+04 9.651359999999999939e-01
1.130000000000000000e+04 9.624479999999999702e-01
1.140000000000000000e+04 9.652800000000000269e-01
1.150000000000000000e+04 9.717639999999999612e-01
1.160000000000000000e+04 9.716080000000000272e-01
1.170000000000000000e+04 9.646480000000000610e-01
1.180000000000000000e+04 9.659600000000000408e-01
1.190000000000000000e+04 9.648039999999999949e-01
1.200000000000000000e+04 9.587879999999999736e-01
1.210000000000000000e+04 9.749720000000000608e-01
1.220000000000000000e+04 9.749560000000000448e-01
1.230000000000000000e+04 9.707879999999999843e-01
1.240000000000000000e+04 9.661920000000000508e-01
1.250000000000000000e+04 9.705080000000000373e-01
1.260000000000000000e+04 9.736120000000000330e-01
1.270000000000000000e+04 9.709959999999999702e-01
1.280000000000000000e+04 9.722280000000000921e-01
1.290000000000000000e+04 9.675279999999999436e-01
1.300000000000000000e+04 9.685560000000000835e-01
1.310000000000000000e+04 9.739200000000000079e-01
1.320000000000000000e+04 9.731199999999999850e-01
1.330000000000000000e+04 9.727240000000001441e-01
1.340000000000000000e+04 9.728800000000000781e-01
1.350000000000000000e+04 9.744559999999999889e-01
1.360000000000000000e+04 9.715439999999999632e-01
1.370000000000000000e+04 9.689800000000000635e-01
1.380000000000000000e+04 9.638240000000000141e-01
1.390000000000000000e+04 9.728279999999999150e-01
1.400000000000000000e+04 9.708999999999999853e-01
1.410000000000000000e+04 9.753479999999999928e-01
1.420000000000000000e+04 9.737599999999999589e-01
1.430000000000000000e+04 9.743319999999999759e-01
1.440000000000000000e+04 9.670239999999999947e-01
1.450000000000000000e+04 9.647999999999998799e-01
1.460000000000000000e+04 9.740559999999999219e-01
1.470000000000000000e+04 9.672039999999999527e-01
1.480000000000000000e+04 9.704840000000001243e-01
1.490000000000000000e+04 9.738719999999999599e-01
1.500000000000000000e+04 9.761159999999999837e-01
1.510000000000000000e+04 9.803319999999999812e-01
1.520000000000000000e+04 9.707519999999999483e-01
1.530000000000000000e+04 9.772199999999999775e-01
1.540000000000000000e+04 9.676280000000000436e-01
1.550000000000000000e+04 9.672800000000000287e-01
1.560000000000000000e+04 9.716360000000000552e-01
1.570000000000000000e+04 9.666759999999998687e-01
1.580000000000000000e+04 9.766159999999999286e-01
1.590000000000000000e+04 9.708200000000000163e-01
1.600000000000000000e+04 9.767679999999999696e-01
1.610000000000000000e+04 9.676919999999999966e-01
1.620000000000000000e+04 9.699760000000000604e-01
1.630000000000000000e+04 9.608439999999999204e-01
1.640000000000000000e+04 9.747959999999999958e-01
1.650000000000000000e+04 9.727359999999999340e-01
1.660000000000000000e+04 9.772640000000000216e-01
1.670000000000000000e+04 9.780640000000000445e-01
1.680000000000000000e+04 9.752199999999999758e-01
1.690000000000000000e+04 9.715640000000000942e-01
1.700000000000000000e+04 9.740119999999999889e-01
1.710000000000000000e+04 9.704559999999999853e-01
1.720000000000000000e+04 9.732119999999999660e-01
1.730000000000000000e+04 9.671999999999999487e-01
1.740000000000000000e+04 9.761360000000000037e-01
1.750000000000000000e+04 9.758799999999999697e-01
1.760000000000000000e+04 9.726239999999999331e-01
1.770000000000000000e+04 9.733719999999999040e-01
1.780000000000000000e+04 9.711200000000000943e-01
1.790000000000000000e+04 9.760320000000001217e-01
1.800000000000000000e+04 9.747160000000000268e-01
1.810000000000000000e+04 9.764999999999999236e-01
1.820000000000000000e+04 9.768599999999999506e-01
1.830000000000000000e+04 9.730160000000001030e-01
1.840000000000000000e+04 9.742119999999999669e-01
1.850000000000000000e+04 9.732720000000000260e-01
1.860000000000000000e+04 9.737480000000000580e-01
1.870000000000000000e+04 9.771960000000000646e-01
1.880000000000000000e+04 9.633680000000000021e-01
1.890000000000000000e+04 9.718960000000000932e-01
1.900000000000000000e+04 9.751039999999999708e-01
1.910000000000000000e+04 9.662320000000000908e-01
1.920000000000000000e+04 9.628039999999998821e-01
1.930000000000000000e+04 9.729600000000000470e-01
1.940000000000000000e+04 9.741600000000000259e-01
1.950000000000000000e+04 9.723399999999998711e-01
1.960000000000000000e+04 9.660080000000000888e-01
1.970000000000000000e+04 9.719799999999999551e-01
1.980000000000000000e+04 9.732759999999999190e-01
1.990000000000000000e+04 9.698519999999999364e-01
2.000000000000000000e+04 9.767560000000000686e-01
2.010000000000000000e+04 9.725679999999999881e-01
2.020000000000000000e+04 9.792560000000000153e-01
2.030000000000000000e+04 9.759079999999999977e-01
2.040000000000000000e+04 9.694559999999999844e-01
2.050000000000000000e+04 9.729599999999999360e-01
2.060000000000000000e+04 9.707799999999999763e-01
2.070000000000000000e+04 9.656679999999999708e-01
2.080000000000000000e+04 9.689119999999999955e-01
2.090000000000000000e+04 9.730400000000000160e-01
2.100000000000000000e+04 9.703640000000000043e-01
2.110000000000000000e+04 9.675519999999999676e-01
2.120000000000000000e+04 9.812840000000000451e-01
2.130000000000000000e+04 9.721079999999999721e-01
2.140000000000000000e+04 9.751239999999999908e-01
2.150000000000000000e+04 9.713479999999999892e-01
2.160000000000000000e+04 9.797439999999999483e-01
2.170000000000000000e+04 9.781639999999999224e-01
2.180000000000000000e+04 9.715799999999998882e-01
2.190000000000000000e+04 9.725679999999999881e-01
2.200000000000000000e+04 9.616239999999999233e-01
2.210000000000000000e+04 9.700919999999999543e-01
2.220000000000000000e+04 9.771639999999999215e-01
2.230000000000000000e+04 9.790280000000000094e-01
2.240000000000000000e+04 9.632600000000001161e-01
2.250000000000000000e+04 9.721840000000000481e-01
2.260000000000000000e+04 9.735679999999999890e-01
2.270000000000000000e+04 9.767919999999999936e-01
2.280000000000000000e+04 9.661999999999999478e-01
2.290000000000000000e+04 9.646799999999999820e-01
2.300000000000000000e+04 9.728639999999999510e-01
2.310000000000000000e+04 9.668480000000000407e-01
2.320000000000000000e+04 9.774720000000000075e-01
2.330000000000000000e+04 9.737160000000000259e-01
2.340000000000000000e+04 9.795399999999999663e-01
2.350000000000000000e+04 9.712839999999999252e-01
2.360000000000000000e+04 9.733359999999999790e-01
2.370000000000000000e+04 9.710479999999999112e-01
2.380000000000000000e+04 9.742399999999998839e-01
2.390000000000000000e+04 9.726920000000000011e-01
2.400000000000000000e+04 9.694239999999999524e-01
2.410000000000000000e+04 9.727719999999999700e-01
2.420000000000000000e+04 9.827479999999999549e-01
2.430000000000000000e+04 9.753319999999999768e-01
2.440000000000000000e+04 9.716599999999999682e-01
2.450000000000000000e+04 9.784079999999999444e-01
2.460000000000000000e+04 9.733079999999999510e-01
2.470000000000000000e+04 9.761440000000000117e-01
2.480000000000000000e+04 9.791360000000000063e-01
2.490000000000000000e+04 9.693080000000000584e-01
2.500000000000000000e+04 9.706560000000000743e-01
2.510000000000000000e+04 9.750959999999999628e-01
2.520000000000000000e+04 9.752600000000001268e-01
2.530000000000000000e+04 9.677399999999999336e-01
2.540000000000000000e+04 9.705920000000000103e-01
2.550000000000000000e+04 9.744319999999999649e-01
2.560000000000000000e+04 9.738200000000000189e-01
2.570000000000000000e+04 9.725239999999999441e-01
2.580000000000000000e+04 9.776439999999999575e-01
2.590000000000000000e+04 9.740800000000000569e-01
2.600000000000000000e+04 9.659400000000000208e-01
2.610000000000000000e+04 9.712039999999999562e-01
2.620000000000000000e+04 9.704359999999999653e-01
2.630000000000000000e+04 9.753359999999998697e-01
2.640000000000000000e+04 9.718959999999999821e-01
2.650000000000000000e+04 9.776960000000000095e-01
2.660000000000000000e+04 9.711680000000000312e-01
2.670000000000000000e+04 9.693120000000000624e-01
2.680000000000000000e+04 9.799519999999999342e-01
2.690000000000000000e+04 9.731520000000000170e-01
2.700000000000000000e+04 9.659760000000000568e-01
2.710000000000000000e+04 9.725279999999999481e-01
2.720000000000000000e+04 9.742000000000000659e-01
2.730000000000000000e+04 9.773920000000000385e-01
2.740000000000000000e+04 9.720720000000000471e-01
2.750000000000000000e+04 9.770960000000000756e-01
2.760000000000000000e+04 9.787440000000000584e-01
2.770000000000000000e+04 9.768080000000000096e-01
2.780000000000000000e+04 9.708520000000000483e-01
2.790000000000000000e+04 9.793199999999999683e-01
2.800000000000000000e+04 9.765319999999999556e-01
2.810000000000000000e+04 9.742760000000000309e-01
2.820000000000000000e+04 9.701480000000001214e-01
2.830000000000000000e+04 9.746119999999999228e-01
2.840000000000000000e+04 9.724159999999999471e-01
2.850000000000000000e+04 9.672079999999999567e-01
2.860000000000000000e+04 9.810439999999999161e-01
2.870000000000000000e+04 9.796040000000000303e-01
2.880000000000000000e+04 9.776760000000001005e-01
2.890000000000000000e+04 9.699119999999998853e-01
2.900000000000000000e+04 9.707079999999999043e-01
2.910000000000000000e+04 9.727679999999999660e-01
2.920000000000000000e+04 9.706399999999999473e-01
2.930000000000000000e+04 9.743479999999999919e-01
2.940000000000000000e+04 9.755960000000000187e-01
2.950000000000000000e+04 9.705599999999998673e-01
2.960000000000000000e+04 9.771839999999999415e-01
2.970000000000000000e+04 9.688839999999998565e-01
2.980000000000000000e+04 9.797719999999999763e-01
2.990000000000000000e+04 9.714760000000000062e-01
3.000000000000000000e+04 9.726280000000000481e-01
