0.000000000000000000e+00 4.977305203846387194e-01
1.000000000000000000e+02 4.140524544419954545e-01
2.000000000000000000e+02 4.567566080045529220e-01
3.000000000000000000e+02 5.050608135328222836e-01
4.000000000000000000e+02 5.206940526264765001e-01
5.000000000000000000e+02 5.960470324731759195e-01
6.000000000000000000e+02 6.590871972785342647e-01
7.000000000000000000e+02 6.440919180852268111e-01
8.000000000000000000e+02 7.158357557202416066e-01
9.000000000000000000e+02 7.356170989855297382e-01
1.000000000000000000e+03 7.260896230406421736e-01
1.100000000000000000e+03 7.753363261269641260e-01
1.200000000000000000e+03 7.502490719064844882e-01
1.300000000000000000e+03 7.733116674232960452e-01
1.400000000000000000e+03 7.730515663031177764e-01
1.500000000000000000e+03 7.989429777111625164e-01
1.600000000000000000e+03 8.132146598271143834e-01
1.700000000000000000e+03 8.069998270020523057e-01
1.800000000000000000e+03 7.912800392181170706e-01
1.900000000000000000e+03 8.239221994631835688e-01
2.000000000000000000e+03 8.351456939813279856e-01
2.100000000000000000e+03 8.339830157393044452e-01
2.200000000000000000e+03 8.194241378503638318e-01
2.300000000000000000e+03 8.459735450799982237e-01
2.400000000000000000e+03 8.575372990119032313e-01
2.500000000000000000e+03 8.347293929419765668e-01
2.600000000000000000e+03 8.397501411694855422e-01
2.700000000000000000e+03 8.335144570393393515e-01
2.800000000000000000e+03 8.680001718969200253e-01
2.900000000000000000e+03 8.674756990907186438e-01
3.000000000000000000e+03 8.522557191035404767e-01
3.100000000000000000e+03 8.502624372567741950e-01
3.200000000000000000e+03 8.858010223603896005e-01
3.300000000000000000e+03 8.536907506008408753e-01
3.400000000000000000e+03 8.668665741102310474e-01
3.500000000000000000e+03 8.716535876928229731e-01
3.600000000000000000e+03 8.723966887849194940e-01
3.700000000000000000e+03 8.687333530020686645e-01
3.800000000000000000e+03 8.877017892071901173e-01
3.900000000000000000e+03 8.763472939993151023e-01
4.000000000000000000e+03 8.799867297620834750e-01
4.100000000000000000e+03 8.843350913027142601e-01
4.200000000000000000e+03 8.853626704437249639e-01
4.300000000000000000e+03 8.986386588858761293e-01
4.400000000000000000e+03 8.981484754991861941e-01
4.500000000000000000e+03 8.820901133900177493e-01
4.600000000000000000e+03 8.850844069604240083e-01
4.700000000000000000e+03 8.870001625854444516e-01
4.800000000000000000e+03 8.997847174076072374e-01
4.900000000000000000e+03 8.786445583267002979e-01
5.000000000000000000e+03 8.982554634361638035e-01
5.100000000000000000e+03 8.893185535936524166e-01
5.200000000000000000e+03 8.870175126979812363e-01
5.300000000000000000e+03 8.863857826116328109e-01
5.400000000000000000e+03 8.982973175815828215e-01
5.500000000000000000e+03 9.024090942391042036e-01
5.600000000000000000e+03 8.992674703723938512e-01
5.700000000000000000e+03 9.139368537454770625e-01
5.800000000000000000e+03 8.973825811915012718e-01
5.900000000000000000e+03 9.031281066844543126e-01
6.000000000000000000e+03 9.126690349053671047e-01
6.100000000000000000e+03 8.963919417231773767e-01
6.200000000000000000e+03 8.948153372697114083e-01
6.300000000000000000e+03 9.109741804750468575e-01
6.400000000000000000e+03 9.052341338874200227e-01
6.500000000000000000e+03 8.990872729535909214e-01
6.600000000000000000e+03 9.120041321918279653e-01
6.700000000000000000e+03 8.908255728094670589e-01
6.800000000000000000e+03 9.029996380964344649e-01
6.900000000000000000e+03 8.966425837074849525e-01
7.000000000000000000e+03 9.120104522711180994e-01
7.100000000000000000e+03 9.046597822853973403e-01
7.200000000000000000e+03 9.222721191464819945e-01
7.300000000000000000e+03 9.098703867194559702e-01
7.400000000000000000e+03 9.050947684196138932e-01
7.500000000000000000e+03 9.085604353070709793e-01
7.600000000000000000e+03 9.092063487776145259e-01
7.700000000000000000e+03 9.108383601207059588e-01
7.800000000000000000e+03 9.056480162355345920e-01
7.900000000000000000e+03 9.186485778411231928e-01
8.000000000000000000e+03 9.066711920338381692e-01
8.100000000000000000e+03 9.200481306382488622e-01
8.200000000000000000e+03 9.159759554235131773e-01
8.300000000000000000e+03 9.268788342987893669e-01
8.400000000000000000e+03 9.095356338376439087e-01
8.500000000000000000e+03 9.091270822321312339e-01
8.600000000000000000e+03 9.166095295287222111e-01
8.700000000000000000e+03 9.063406814026149227e-01
8.800000000000000000e+03 9.189616913502203221e-01
8.900000000000000000e+03 9.172915965246103420e-01
9.000000000000000000e+03 9.065476077610823413e-01
9.100000000000000000e+03 9.226605201098346809e-01
9.200000000000000000e+03 9.196071591090593245e-01
9.300000000000000000e+03 9.255923841970755683e-01
9.400000000000000000e+03 9.374197415195721916e-01
9.500000000000000000e+03 9.151562052518296131e-01
9.600000000000000000e+03 9.275604791369768121e-01
9.700000000000000000e+03 9.136560772758419713e-01
9.800000000000000000e+03 9.184235118605738046e-01
9.900000000000000000e+03 9.095310960518362409e-01
1.000000000000000000e+04 9.316135525933862960e-01
1.010000000000000000e+04 9.117788188493320956e-01
1.020000000000000000e+04 9.374357548866953938e-01
1.030000000000000000e+04 9.338106791721222377e-01
1.040000000000000000e+04 9.187297439792969644e-01
1.050000000000000000e+04 9.147120205973560125e-01
1.060000000000000000e+04 9.134553533469942366e-01
1.070000000000000000e+04 9.154525909893448388e-01
1.080000000000000000e+04 9.226361431549892078e-01
1.090000000000000000e+04 9.294311998478125281e-01
1.100000000000000000e+04 9.427278603901284582e-01
1.110000000000000000e+04 9.276847782785837548e-01
1.120000000000000000e+04 9.291144971429927679e-01
1.130000000000000000e+04 9.260346496325401189e-01
1.140000000000000000e+04 9.250345364182939178e-01
1.150000000000000000e+04 9.208218343078377055e-01
1.160000000000000000e+04 9.041676202751200986e-01
1.170000000000000000e+04 9.158784739207562753e-01
1.180000000000000000e+04 9.197815587729025744e-01
1.190000000000000000e+04 9.126142326180810560e-01
1.200000000000000000e+04 9.381911618588965052e-01
1.210000000000000000e+04 9.440456995812228636e-01
1.220000000000000000e+04 9.238276348847445085e-01
1.230000000000000000e+04 9.369680582525323764e-01
1.240000000000000000e+04 9.163856919432856740e-01
1.250000000000000000e+04 9.285854245106861526e-01
1.260000000000000000e+04 9.302936581115148762e-01
1.270000000000000000e+04 9.277651522141976415e-01
1.280000000000000000e+04 9.111098278148266338e-01
1.290000000000000000e+04 9.232093808753583097e-01
1.300000000000000000e+04 9.139389239709738710e-01
1.310000000000000000e+04 9.193813837785210774e-01
1.320000000000000000e+04 9.298302180052313570e-01
1.330000000000000000e+04 9.367521141477437308e-01
1.340000000000000000e+04 9.300132837344918801e-01
1.350000000000000000e+04 9.321025016767410243e-01
1.360000000000000000e+04 9.257892741249188484e-01
1.370000000000000000e+04 9.279723554781739159e-01
1.380000000000000000e+04 9.176431557734485711e-01
1.390000000000000000e+04 9.362562682926860447e-01
1.400000000000000000e+04 9.293504864430001122e-01
1.410000000000000000e+04 9.283716935755874644e-01
1.420000000000000000e+04 9.378334758892559186e-01
1.430000000000000000e+04 9.406443402441337920e-01
1.440000000000000000e+04 9.296532155072900760e-01
1.450000000000000000e+04 9.394207321772645169e-01
1.460000000000000000e+04 9.304794918144818627e-01
1.470000000000000000e+04 9.240406517580314061e-01
1.480000000000000000e+04 9.286880519586946381e-01
1.490000000000000000e+04 9.179142807334716991e-01
1.500000000000000000e+04 9.290032051328787066e-01
1.510000000000000000e+04 9.236102554414473698e-01
1.520000000000000000e+04 9.264559105355830715e-01
1.530000000000000000e+04 9.485038476862972523e-01
1.540000000000000000e+04 9.357887484399192157e-01
1.550000000000000000e+04 9.317178803549052146e-01
1.560000000000000000e+04 9.257171770658643162e-01
1.570000000000000000e+04 9.309788567707115714e-01
1.580000000000000000e+04 9.233966155407036247e-01
1.590000000000000000e+04 9.116508486472878481e-01
1.600000000000000000e+04 9.247937348149655179e-01
1.610000000000000000e+04 9.241937440723703157e-01
1.620000000000000000e+04 9.260723776538399843e-01
1.630000000000000000e+04 9.423222981297778578e-01
1.640000000000000000e+04 9.227108879115262230e-01
1.650000000000000000e+04 9.280619093157660426e-01
1.660000000000000000e+04 9.249643908077468391e-01
1.670000000000000000e+04 9.337897011202969111e-01
1.680000000000000000e+04 9.146535829917606941e-01
1.690000000000000000e+04 9.357055538623564317e-01
1.700000000000000000e+04 9.262194393756906230e-01
1.710000000000000000e+04 9.334103249042112749e-01
1.720000000000000000e+04 9.407871140653198960e-01
1.730000000000000000e+04 9.312777468324791030e-01
1.740000000000000000e+04 9.292586419552377741e-01
1.750000000000000000e+04 9.402099574236443269e-01
1.760000000000000000e+04 9.406764480406131224e-01
1.770000000000000000e+04 9.306852778595402498e-01
1.780000000000000000e+04 9.345978194382856818e-01
1.790000000000000000e+04 9.282058976608275058e-01
1.800000000000000000e+04 9.289178622368946536e-01
1.810000000000000000e+04 9.294705761972914537e-01
1.820000000000000000e+04 9.195422497984687693e-01
1.830000000000000000e+04 9.316169504125318968e-01
1.840000000000000000e+04 9.349402464998763929e-01
1.850000000000000000e+04 9.397469317643951658e-01
1.860000000000000000e+04 9.291264197543324110e-01
1.870000000000000000e+04 9.291435796818456883e-01
1.880000000000000000e+04 9.230195718219160739e-01
1.890000000000000000e+04 9.285506676659236458e-01
1.900000000000000000e+04 9.253218493240837894e-01
1.910000000000000000e+04 9.319542357267632804e-01
1.920000000000000000e+04 9.315987512753273192e-01
1.930000000000000000e+04 9.145614080508179811e-01
1.940000000000000000e+04 9.387218469066354043e-01
1.950000000000000000e+04 9.403092855690839968e-01
1.960000000000000000e+04 9.383389808897013573e-01
1.970000000000000000e+04 9.186871016760678188e-01
1.980000000000000000e+04 9.429475925551031867e-01
1.990000000000000000e+04 9.298484241044033816e-01
2.000000000000000000e+04 9.252907232116452940e-01
2.010000000000000000e+04 9.428288217560071294e-01
2.020000000000000000e+04 9.297609795830994450e-01
2.030000000000000000e+04 9.235832673914143864e-01
2.040000000000000000e+04 9.288789946028277456e-01
2.050000000000000000e+04 9.339537772651462788e-01
2.060000000000000000e+04 9.235089333269622669e-01
2.070000000000000000e+04 9.270647842079600132e-01
2.080000000000000000e+04 9.182950845801182149e-01
2.090000000000000000e+04 9.189367571220896647e-01
2.100000000000000000e+04 9.313195178287259068e-01
2.110000000000000000e+04 9.324592745322308751e-01
2.120000000000000000e+04 9.328457027426894088e-01
2.130000000000000000e+04 9.355089555275343249e-01
2.140000000000000000e+04 9.313343516473443495e-01
2.150000000000000000e+04 9.448691568566160992e-01
2.160000000000000000e+04 9.298505376795827004e-01
2.170000000000000000e+04 9.217546962065426008e-01
2.180000000000000000e+04 9.254194663943884347e-01
2.190000000000000000e+04 9.251227968245929745e-01
2.200000000000000000e+04 9.341595454239803864e-01
2.210000000000000000e+04 9.366729904984890664e-01
2.220000000000000000e+04 9.331917474968742798e-01
2.230000000000000000e+04 9.463060866040866603e-01
2.240000000000000000e+04 9.274943233771105744e-01
2.250000000000000000e+04 9.369185622285284287e-01
2.260000000000000000e+04 9.165088507283822850e-01
2.270000000000000000e+04 9.405643466112076911e-01
2.280000000000000000e+04 9.376727250142476988e-01
2.290000000000000000e+04 9.262951367244156575e-01
2.300000000000000000e+04 9.309317931285073788e-01
2.310000000000000000e+04 9.387414995454080868e-01
2.320000000000000000e+04 9.387486794407297053e-01
2.330000000000000000e+04 9.239941416029597843e-01
2.340000000000000000e+04 9.276580741288813492e-01
2.350000000000000000e+04 9.442968894999955731e-01
2.360000000000000000e+04 9.202541527115342124e-01
2.370000000000000000e+04 9.354770808034227336e-01
2.380000000000000000e+04 9.257822829120128105e-01
2.390000000000000000e+04 9.297439537103296958e-01
2.400000000000000000e+04 9.319876653326822913e-01
2.410000000000000000e+04 9.439695983742060204e-01
2.420000000000000000e+04 9.366108686127165850e-01
2.430000000000000000e+04 9.308461133274950061e-01
2.440000000000000000e+04 9.412072336110209880e-01
2.450000000000000000e+04 9.357325737445487679e-01
2.460000000000000000e+04 9.196060734471721565e-01
2.470000000000000000e+04 9.347573337310868258e-01
2.480000000000000000e+04 9.294716075630911067e-01
2.490000000000000000e+04 9.355547817324063598e-01
2.500000000000000000e+04 9.332454152483716792e-01
2.510000000000000000e+04 9.304772515342797368e-01
2.520000000000000000e+04 9.259153507231935309e-01
2.530000000000000000e+04 9.412651680870252058e-01
2.540000000000000000e+04 9.283081722549687553e-01
2.550000000000000000e+04 9.281842168403189319e-01
2.560000000000000000e+04 9.303944257660399231e-01
2.570000000000000000e+04 9.335772908524411218e-01
2.580000000000000000e+04 9.242225242624302339e-01
2.590000000000000000e+04 9.396133487930363737e-01
2.600000000000000000e+04 9.291024934540563773e-01
2.610000000000000000e+04 9.422732542803584632e-01
2.620000000000000000e+04 9.351023360322263667e-01
2.630000000000000000e+04 9.345722281180436353e-01
2.640000000000000000e+04 9.321573383348258357e-01
2.650000000000000000e+04 9.317278373508344202e-01
2.660000000000000000e+04 9.325052708304467641e-01
2.670000000000000000e+04 9.364050022530475692e-01
2.680000000000000000e+04 9.276310013468289650e-01
2.690000000000000000e+04 9.297761599619303041e-01
2.700000000000000000e+04 9.426674370344700904e-01
2.710000000000000000e+04 9.425675902990057198e-01
2.720000000000000000e+04 9.364476641746506402e-01
2.730000000000000000e+04 9.395438569282618113e-01
2.740000000000000000e+04 9.337359325654817077e-01
2.750000000000000000e+04 9.401344882129257785e-01
2.760000000000000000e+04 9.375191215880542828e-01
2.770000000000000000e+04 9.375946811385377222e-01
2.780000000000000000e+04 9.254942660115440534e-01
2.790000000000000000e+04 9.278244375832908064e-01
2.800000000000000000e+04 9.294070629029360653e-01
2.810000000000000000e+04 9.296130952355734500e-01
2.820000000000000000e+04 9.351365255782724262e-01
2.830000000000000000e+04 9.325304616680638592e-01
2.840000000000000000e+04 9.416588337700630973e-01
2.850000000000000000e+04 9.377347034166195749e-01
2.860000000000000000e+04 9.378835281714673622e-01
2.870000000000000000e+04 9.291503460512706702e-01
2.880000000000000000e+04 9.245407054516505685e-01
2.890000000000000000e+04 9.230549051278703621e-01
2.900000000000000000e+04 9.520159526250814297e-01
2.910000000000000000e+04 9.351486921559342136e-01
2.920000000000000000e+04 9.262317765067145103e-01
2.930000000000000000e+04 9.163916453498801573e-01
2.940000000000000000e+04 9.333817666947965552e-01
2.950000000000000000e+04 9.438407627772413822e-01
2.960000000000000000e+04 9.183064020121619597e-01
2.970000000000000000e+04 9.361906589877473372e-01
2.980000000000000000e+04 9.352852157677732370e-01
2.990000000000000000e+04 9.334404364812933785e-01
3.000000000000000000e+04 9.284918179931875848e-01
