0.000000000000000000e+00 4.927080000000000348e-01
1.000000000000000000e+02 3.690599999999999437e-01
2.000000000000000000e+02 4.412159999999999971e-01
3.000000000000000000e+02 5.228919999999999124e-01
4.000000000000000000e+02 5.313200000000000145e-01
5.000000000000000000e+02 5.976719999999999811e-01
6.000000000000000000e+02 6.634639999999999427e-01
7.000000000000000000e+02 6.416560000000000041e-01
8.000000000000000000e+02 6.813199999999999257e-01
9.000000000000000000e+02 7.133080000000000531e-01
1.000000000000000000e+03 6.906200000000000117e-01
1.100000000000000000e+03 7.341440000000001298e-01
1.200000000000000000e+03 7.122640000000000082e-01
1.300000000000000000e+03 7.501359999999999140e-01
1.400000000000000000e+03 7.436559999999998727e-01
1.500000000000000000e+03 7.633959999999999635e-01
1.600000000000000000e+03 7.734600000000000364e-01
1.700000000000000000e+03 7.780959999999998988e-01
1.800000000000000000e+03 7.657519999999999882e-01
1.900000000000000000e+03 7.854919999999998570e-01
2.000000000000000000e+03 8.139440000000000008e-01
2.100000000000000000e+03 8.039680000000000160e-01
2.200000000000000000e+03 7.914599999999999413e-01
2.300000000000000000e+03 8.230560000000000098e-01
2.400000000000000000e+03 8.272039999999999393e-01
2.500000000000000000e+03 8.030640000000000001e-01
2.600000000000000000e+03 8.187759999999999483e-01
2.700000000000000000e+03 8.045599999999999419e-01
2.800000000000000000e+03 8.469240000000000101e-01
2.900000000000000000e+03 8.403279999999999639e-01
3.000000000000000000e+03 8.213759999999999950e-01
3.100000000000000000e+03 8.248839999999999506e-01
3.200000000000000000e+03 8.576799999999998869e-01
3.300000000000000000e+03 8.305719999999999770e-01
3.400000000000000000e+03 8.420039999999998637e-01
3.500000000000000000e+03 8.488479999999999359e-01
3.600000000000000000e+03 8.476319999999999411e-01
3.700000000000000000e+03 8.416440000000000587e-01
3.800000000000000000e+03 8.644880000000000342e-01
3.900000000000000000e+03 8.530480000000000285e-01
4.000000000000000000e+03 8.589199999999999058e-01
4.100000000000000000e+03 8.611320000000001196e-01
4.200000000000000000e+03 8.611439999999999095e-01
4.300000000000000000e+03 8.781879999999999686e-01
4.400000000000000000e+03 8.810160000000000213e-01
4.500000000000000000e+03 8.600759999999998406e-01
4.600000000000000000e+03 8.650120000000000031e-01
4.700000000000000000e+03 8.685840000000000227e-01
4.800000000000000000e+03 8.805080000000000684e-01
4.900000000000000000e+03 8.540720000000000534e-01
5.000000000000000000e+03 8.794880000000000475e-01
5.100000000000000000e+03 8.684160000000000768e-01
5.200000000000000000e+03 8.675440000000000929e-01
5.300000000000000000e+03 8.668839999999999879e-01
5.400000000000000000e+03 8.756679999999998909e-01
5.500000000000000000e+03 8.819280000000000452e-01
5.600000000000000000e+03 8.786720000000000086e-01
5.700000000000000000e+03 9.002480000000000482e-01
5.800000000000000000e+03 8.810039999999998983e-01
5.900000000000000000e+03 8.877960000000001406e-01
6.000000000000000000e+03 8.981939999999999369e-01
6.100000000000000000e+03 8.812480000000000313e-01
6.200000000000000000e+03 8.765039999999999498e-01
6.300000000000000000e+03 8.958360000000001877e-01
6.400000000000000000e+03 8.877239999999999576e-01
6.500000000000000000e+03 8.845960000000000489e-01
6.600000000000000000e+03 8.973119999999999985e-01
6.700000000000000000e+03 8.727640000000000953e-01
6.800000000000000000e+03 8.894799999999998263e-01
6.900000000000000000e+03 8.766239999999998478e-01
7.000000000000000000e+03 8.944159999999999888e-01
7.100000000000000000e+03 8.897640000000001104e-01
7.200000000000000000e+03 9.118800000000001349e-01
7.300000000000000000e+03 8.927800000000000180e-01
7.400000000000000000e+03 8.819039999999999102e-01
7.500000000000000000e+03 8.895779999999999799e-01
7.600000000000000000e+03 8.954880000000000617e-01
7.700000000000000000e+03 8.915599999999999081e-01
7.800000000000000000e+03 8.873280000000001166e-01
7.900000000000000000e+03 9.104520000000000390e-01
8.000000000000000000e+03 8.896119999999999584e-01
8.100000000000000000e+03 9.072640000000000704e-01
8.200000000000000000e+03 9.068040000000000544e-01
8.300000000000000000e+03 9.133720000000000727e-01
8.400000000000000000e+03 9.000799999999999912e-01
8.500000000000000000e+03 8.998519999999998742e-01
8.600000000000000000e+03 9.044360000000001287e-01
8.700000000000000000e+03 8.910479999999998402e-01
8.800000000000000000e+03 9.083280000000000243e-01
8.900000000000000000e+03 8.985879999999999423e-01
9.000000000000000000e+03 8.915960000000000552e-01
9.100000000000000000e+03 9.106319999999998860e-01
9.200000000000000000e+03 9.053559999999999386e-01
9.300000000000000000e+03 9.151920000000000055e-01
9.400000000000000000e+03 9.251679999999999904e-01
9.500000000000000000e+03 8.985760000000000414e-01
9.600000000000000000e+03 9.145119999999998806e-01
9.700000000000000000e+03 9.022680000000000700e-01
9.800000000000000000e+03 9.063719999999999555e-01
9.900000000000000000e+03 9.026079999999999659e-01
1.000000000000000000e+04 9.203080000000000149e-01
1.010000000000000000e+04 9.015959999999999530e-01
1.020000000000000000e+04 9.257519999999999083e-01
1.030000000000000000e+04 9.270720000000001182e-01
1.040000000000000000e+04 9.022639999999999549e-01
1.050000000000000000e+04 9.021200000000000330e-01
1.060000000000000000e+04 9.021799999999998709e-01
1.070000000000000000e+04 9.064799999999999525e-01
1.080000000000000000e+04 9.161239999999999384e-01
1.090000000000000000e+04 9.187559999999999061e-01
1.100000000000000000e+04 9.356199999999998962e-01
1.110000000000000000e+04 9.187079999999998581e-01
1.120000000000000000e+04 9.142959999999999976e-01
1.130000000000000000e+04 9.164599999999999413e-01
1.140000000000000000e+04 9.125279999999998948e-01
1.150000000000000000e+04 9.116560000000001329e-01
1.160000000000000000e+04 8.906600000000000072e-01
1.170000000000000000e+04 9.083200000000000163e-01
1.180000000000000000e+04 9.036399999999999988e-01
1.190000000000000000e+04 9.022519999999999429e-01
1.200000000000000000e+04 9.299839999999999218e-01
1.210000000000000000e+04 9.373639999999999750e-01
1.220000000000000000e+04 9.132480000000001708e-01
1.230000000000000000e+04 9.266919999999998492e-01
1.240000000000000000e+04 9.087399999999998812e-01
1.250000000000000000e+04 9.172439999999998372e-01
1.260000000000000000e+04 9.201479999999998549e-01
1.270000000000000000e+04 9.198760000000000270e-01
1.280000000000000000e+04 9.023519999999999319e-01
1.290000000000000000e+04 9.095039999999999791e-01
1.300000000000000000e+04 8.977159999999999584e-01
1.310000000000000000e+04 9.126279999999999948e-01
1.320000000000000000e+04 9.173720000000000763e-01
1.330000000000000000e+04 9.272639999999998661e-01
1.340000000000000000e+04 9.204600000000000559e-01
1.350000000000000000e+04 9.205279999999999019e-01
1.360000000000000000e+04 9.117760000000000309e-01
1.370000000000000000e+04 9.185279999999999001e-01
1.380000000000000000e+04 9.073480000000000434e-01
1.390000000000000000e+04 9.243319999999999315e-01
1.400000000000000000e+04 9.187520000000000131e-01
1.410000000000000000e+04 9.193799999999999750e-01
1.420000000000000000e+04 9.271519999999999762e-01
1.430000000000000000e+04 9.303519999999999568e-01
1.440000000000000000e+04 9.213720000000000798e-01
1.450000000000000000e+04 9.298840000000001549e-01
1.460000000000000000e+04 9.170160000000000533e-01
1.470000000000000000e+04 9.159959999999999214e-01
1.480000000000000000e+04 9.188799999999999191e-01
1.490000000000000000e+04 9.066440000000000055e-01
1.500000000000000000e+04 9.154639999999999445e-01
1.510000000000000000e+04 9.093839999999999701e-01
1.520000000000000000e+04 9.116240000000001009e-01
1.530000000000000000e+04 9.403799999999999937e-01
1.540000000000000000e+04 9.241679999999999895e-01
1.550000000000000000e+04 9.239560000000001105e-01
1.560000000000000000e+04 9.135799999999999477e-01
1.570000000000000000e+04 9.168439999999999923e-01
1.580000000000000000e+04 9.094240000000000101e-01
1.590000000000000000e+04 9.025360000000000049e-01
1.600000000000000000e+04 9.113520000000001620e-01
1.610000000000000000e+04 9.128440000000000998e-01
1.620000000000000000e+04 9.184520000000000461e-01
1.630000000000000000e+04 9.314160000000000217e-01
1.640000000000000000e+04 9.107999999999999430e-01
1.650000000000000000e+04 9.198319999999999830e-01
1.660000000000000000e+04 9.106159999999999810e-01
1.670000000000000000e+04 9.218120000000000758e-01
1.680000000000000000e+04 9.025800000000000489e-01
1.690000000000000000e+04 9.270200000000000662e-01
1.700000000000000000e+04 9.150120000000000475e-01
1.710000000000000000e+04 9.222159999999999247e-01
1.720000000000000000e+04 9.295639999999999459e-01
1.730000000000000000e+04 9.190639999999998810e-01
1.740000000000000000e+04 9.185800000000000631e-01
1.750000000000000000e+04 9.347840000000000593e-01
1.760000000000000000e+04 9.308879999999999377e-01
1.770000000000000000e+04 9.216039999999999788e-01
1.780000000000000000e+04 9.251719999999998834e-01
1.790000000000000000e+04 9.161559999999999704e-01
1.800000000000000000e+04 9.206919999999999549e-01
1.810000000000000000e+04 9.129720000000001168e-01
1.820000000000000000e+04 9.087319999999999842e-01
1.830000000000000000e+04 9.162920000000001064e-01
1.840000000000000000e+04 9.250400000000000844e-01
1.850000000000000000e+04 9.309600000000000097e-01
1.860000000000000000e+04 9.153120000000001255e-01
1.870000000000000000e+04 9.181599999999999762e-01
1.880000000000000000e+04 9.108720000000000150e-01
1.890000000000000000e+04 9.153759999999999675e-01
1.900000000000000000e+04 9.202439999999999509e-01
1.910000000000000000e+04 9.175360000000000182e-01
1.920000000000000000e+04 9.255919999999999703e-01
1.930000000000000000e+04 9.001480000000000592e-01
1.940000000000000000e+04 9.265240000000000142e-01
1.950000000000000000e+04 9.296079999999999899e-01
1.960000000000000000e+04 9.297679999999999279e-01
1.970000000000000000e+04 9.086239999999999872e-01
1.980000000000000000e+04 9.318720000000000336e-01
1.990000000000000000e+04 9.212040000000001339e-01
2.000000000000000000e+04 9.145760000000000556e-01
2.010000000000000000e+04 9.361080000000000512e-01
2.020000000000000000e+04 9.182520000000000682e-01
2.030000000000000000e+04 9.033839999999999648e-01
2.040000000000000000e+04 9.211279999999999468e-01
2.050000000000000000e+04 9.209559999999999969e-01
2.060000000000000000e+04 9.108279999999998600e-01
2.070000000000000000e+04 9.135119999999998797e-01
2.080000000000000000e+04 9.062399999999999345e-01
2.090000000000000000e+04 9.047519999999998896e-01
2.100000000000000000e+04 9.224319999999999187e-01
2.110000000000000000e+04 9.216480000000000228e-01
2.120000000000000000e+04 9.203080000000000149e-01
2.130000000000000000e+04 9.259519999999998863e-01
2.140000000000000000e+04 9.196120000000000960e-01
2.150000000000000000e+04 9.384560000000000679e-01
2.160000000000000000e+04 9.169120000000000603e-01
2.170000000000000000e+04 9.124999999999998668e-01
2.180000000000000000e+04 9.091519999999999602e-01
2.190000000000000000e+04 9.141399999999999526e-01
2.200000000000000000e+04 9.261079999999999313e-01
2.210000000000000000e+04 9.263119999999999132e-01
2.220000000000000000e+04 9.218760000000000288e-01
2.230000000000000000e+04 9.399560000000000137e-01
2.240000000000000000e+04 9.220839999999999037e-01
2.250000000000000000e+04 9.273519999999999541e-01
2.260000000000000000e+04 9.060120000000000395e-01
2.270000000000000000e+04 9.292680000000000939e-01
2.280000000000000000e+04 9.266759999999999442e-01
2.290000000000000000e+04 9.118119999999999559e-01
2.300000000000000000e+04 9.205439999999999179e-01
2.310000000000000000e+04 9.256960000000000743e-01
2.320000000000000000e+04 9.251359999999999584e-01
2.330000000000000000e+04 9.158439999999998804e-01
2.340000000000000000e+04 9.160000000000000364e-01
2.350000000000000000e+04 9.394360000000000488e-01
2.360000000000000000e+04 9.091079999999999162e-01
2.370000000000000000e+04 9.275120000000000031e-01
2.380000000000000000e+04 9.121239999999999348e-01
2.390000000000000000e+04 9.191599999999999770e-01
2.400000000000000000e+04 9.208359999999999879e-01
2.410000000000000000e+04 9.370800000000000241e-01
2.420000000000000000e+04 9.245999999999999774e-01
2.430000000000000000e+04 9.182960000000000012e-01
2.440000000000000000e+04 9.307560000000000278e-01
2.450000000000000000e+04 9.237159999999999815e-01
2.460000000000000000e+04 9.078040000000000553e-01
2.470000000000000000e+04 9.249720000000000164e-01
2.480000000000000000e+04 9.148839999999999195e-01
2.490000000000000000e+04 9.274040000000001172e-01
2.500000000000000000e+04 9.232160000000000366e-01
2.510000000000000000e+04 9.188199999999999701e-01
2.520000000000000000e+04 9.143239999999999146e-01
2.530000000000000000e+04 9.302199999999999358e-01
2.540000000000000000e+04 9.206359999999998989e-01
2.550000000000000000e+04 9.195199999999998930e-01
2.560000000000000000e+04 9.200000000000000400e-01
2.570000000000000000e+04 9.227519999999999056e-01
2.580000000000000000e+04 9.082559999999999523e-01
2.590000000000000000e+04 9.318400000000000016e-01
2.600000000000000000e+04 9.195919999999999650e-01
2.610000000000000000e+04 9.325720000000000676e-01
2.620000000000000000e+04 9.214319999999999178e-01
2.630000000000000000e+04 9.225440000000000307e-01
2.640000000000000000e+04 9.180880000000000152e-01
2.650000000000000000e+04 9.171719999999998763e-01
2.660000000000000000e+04 9.234280000000000266e-01
2.670000000000000000e+04 9.269079999999998432e-01
2.680000000000000000e+04 9.200599999999999890e-01
2.690000000000000000e+04 9.163000000000001144e-01
2.700000000000000000e+04 9.325759999999999605e-01
2.710000000000000000e+04 9.363960000000000061e-01
2.720000000000000000e+04 9.236799999999999455e-01
2.730000000000000000e+04 9.298039999999999639e-01
2.740000000000000000e+04 9.212400000000000588e-01
2.750000000000000000e+04 9.272000000000000242e-01
2.760000000000000000e+04 9.276640000000000441e-01
2.770000000000000000e+04 9.253439999999999444e-01
2.780000000000000000e+04 9.115079999999999849e-01
2.790000000000000000e+04 9.140119999999999356e-01
2.800000000000000000e+04 9.181520000000000792e-01
2.810000000000000000e+04 9.153400000000000425e-01
2.820000000000000000e+04 9.222839999999998817e-01
2.830000000000000000e+04 9.224719999999999587e-01
2.840000000000000000e+04 9.257239999999999913e-01
2.850000000000000000e+04 9.268879999999999342e-01
2.860000000000000000e+04 9.241679999999999895e-01
2.870000000000000000e+04 9.202039999999999109e-01
2.880000000000000000e+04 9.141639999999999766e-01
2.890000000000000000e+04 9.124679999999999458e-01
2.900000000000000000e+04 9.415759999999999685e-01
2.910000000000000000e+04 9.249760000000000204e-01
2.920000000000000000e+04 9.122319999999999318e-01
2.930000000000000000e+04 9.083000000000001073e-01
2.940000000000000000e+04 9.251039999999999264e-01
2.950000000000000000e+04 9.359760000000000302e-01
2.960000000000000000e+04 9.027919999999999279e-01
2.970000000000000000e+04 9.239199999999999635e-01
2.980000000000000000e+04 9.239640000000000075e-01
2.990000000000000000e+04 9.174160000000000093e-01
3.000000000000000000e+04 9.144079999999998876e-01
