0.000000000000000000e+00 4.976512700155841795e-01
1.000000000000000000e+02 4.038927025367065049e-01
2.000000000000000000e+02 4.179266482811304084e-01
3.000000000000000000e+02 4.516948193752751139e-01
4.000000000000000000e+02 4.275837519041910118e-01
5.000000000000000000e+02 4.284856545655778004e-01
6.000000000000000000e+02 4.284031357646005400e-01
7.000000000000000000e+02 4.435418361681482402e-01
8.000000000000000000e+02 4.390825931065465149e-01
9.000000000000000000e+02 4.291754184136129524e-01
1.000000000000000000e+03 4.434357633499556028e-01
1.100000000000000000e+03 4.368014690166203695e-01
1.200000000000000000e+03 4.473884357058739991e-01
1.300000000000000000e+03 4.321573570668507114e-01
1.400000000000000000e+03 4.580718053724096572e-01
1.500000000000000000e+03 4.529438756651825715e-01
1.600000000000000000e+03 4.414808775309558286e-01
1.700000000000000000e+03 4.455357440115395029e-01
1.800000000000000000e+03 4.549952340393540462e-01
1.900000000000000000e+03 4.513732849938972280e-01
2.000000000000000000e+03 4.386448257516976645e-01
2.100000000000000000e+03 4.461849664586909903e-01
2.200000000000000000e+03 4.788240047624797158e-01
2.300000000000000000e+03 4.545654033939526828e-01
2.400000000000000000e+03 4.514809355789485279e-01
2.500000000000000000e+03 4.580921773165197441e-01
2.600000000000000000e+03 4.490414691006029413e-01
2.700000000000000000e+03 4.619977191429129326e-01
2.800000000000000000e+03 4.529826803769442800e-01
2.900000000000000000e+03 4.653289373654636574e-01
3.000000000000000000e+03 4.731473150252604731e-01
3.100000000000000000e+03 4.732890099266633399e-01
3.200000000000000000e+03 4.668651151738160143e-01
3.300000000000000000e+03 4.665410861249989494e-01
3.400000000000000000e+03 4.762692178042627900e-01
3.500000000000000000e+03 4.987607837073605443e-01
3.600000000000000000e+03 4.881262558796336526e-01
3.700000000000000000e+03 4.777476575281690008e-01
3.800000000000000000e+03 5.300403604946155589e-01
3.900000000000000000e+03 4.994855133496807209e-01
4.000000000000000000e+03 4.985471589604264508e-01
4.100000000000000000e+03 4.798283476233935474e-01
4.200000000000000000e+03 4.851517185318688363e-01
4.300000000000000000e+03 4.701718003811116708e-01
4.400000000000000000e+03 5.124767982847231451e-01
4.500000000000000000e+03 5.008533695787824591e-01
4.600000000000000000e+03 5.054542452396304508e-01
4.700000000000000000e+03 5.310608222687477342e-01
4.800000000000000000e+03 5.109694853266282255e-01
4.900000000000000000e+03 5.162464104161305078e-01
5.000000000000000000e+03 5.208850230052377572e-01
5.100000000000000000e+03 5.137038863141236700e-01
5.200000000000000000e+03 5.265311151061140560e-01
5.300000000000000000e+03 5.397725286469392536e-01
5.400000000000000000e+03 5.390488510974336123e-01
5.500000000000000000e+03 5.347908785849493363e-01
5.600000000000000000e+03 5.306172121761465466e-01
5.700000000000000000e+03 5.612668699309844023e-01
5.800000000000000000e+03 5.536941988347804378e-01
5.900000000000000000e+03 5.486636728927345441e-01
6.000000000000000000e+03 5.430663887440769777e-01
6.100000000000000000e+03 5.578637381213842339e-01
6.200000000000000000e+03 5.538276664307577590e-01
6.300000000000000000e+03 5.580111711510569172e-01
6.400000000000000000e+03 6.013852079045911569e-01
6.500000000000000000e+03 5.818503302349489203e-01
6.600000000000000000e+03 6.059668508199914649e-01
6.700000000000000000e+03 5.538433200895328534e-01
6.800000000000000000e+03 5.935928676054909037e-01
6.900000000000000000e+03 6.036623577623831949e-01
7.000000000000000000e+03 6.195543626986664831e-01
7.100000000000000000e+03 5.721825937868210143e-01
7.200000000000000000e+03 5.983064038745652402e-01
7.300000000000000000e+03 6.316529861628459308e-01
7.400000000000000000e+03 6.180041188040974465e-01
7.500000000000000000e+03 5.982673614065092682e-01
7.600000000000000000e+03 6.335957285847172438e-01
7.700000000000000000e+03 6.566970576877727561e-01
7.800000000000000000e+03 6.602607300596425866e-01
7.900000000000000000e+03 6.113918346788967950e-01
8.000000000000000000e+03 6.472755905769249640e-01
8.100000000000000000e+03 6.168650338296833846e-01
8.200000000000000000e+03 6.374824433150267922e-01
8.300000000000000000e+03 6.200775198454866466e-01
8.400000000000000000e+03 6.229856006242078248e-01
8.500000000000000000e+03 6.713051223746213658e-01
8.600000000000000000e+03 6.645710497208880962e-01
8.700000000000000000e+03 6.918974297254413264e-01
8.800000000000000000e+03 6.707493978001292101e-01
8.900000000000000000e+03 6.658224651913641212e-01
9.000000000000000000e+03 6.366658025357276873e-01
9.100000000000000000e+03 6.818089233287043527e-01
9.200000000000000000e+03 6.872146190901355922e-01
9.300000000000000000e+03 6.775373202007715090e-01
9.400000000000000000e+03 6.689577601800825724e-01
9.500000000000000000e+03 6.895221356384417799e-01
9.600000000000000000e+03 6.961613248299227674e-01
9.700000000000000000e+03 6.935417352101997945e-01
9.800000000000000000e+03 7.042666505963892654e-01
9.900000000000000000e+03 7.025528704024324167e-01
1.000000000000000000e+04 6.946172654654043654e-01
1.010000000000000000e+04 7.152774368372256664e-01
1.020000000000000000e+04 7.071728452073724469e-01
1.030000000000000000e+04 7.170266659081324656e-01
1.040000000000000000e+04 7.144402609430343665e-01
1.050000000000000000e+04 7.309066371420485098e-01
1.060000000000000000e+04 7.267268972072928879e-01
1.070000000000000000e+04 7.247708598427672344e-01
1.080000000000000000e+04 7.090636596787743828e-01
1.090000000000000000e+04 7.291085409624058489e-01
1.100000000000000000e+04 7.031882127554305306e-01
1.110000000000000000e+04 7.264804273657955447e-01
1.120000000000000000e+04 7.143491781647982597e-01
1.130000000000000000e+04 7.434618366066447770e-01
1.140000000000000000e+04 7.454339732537613727e-01
1.150000000000000000e+04 7.458127465904529352e-01
1.160000000000000000e+04 7.266820425577330544e-01
1.170000000000000000e+04 7.711385276487561224e-01
1.180000000000000000e+04 7.702224205239600607e-01
1.190000000000000000e+04 7.619616200563722463e-01
1.200000000000000000e+04 7.465210338057213235e-01
1.210000000000000000e+04 7.467232036779899440e-01
1.220000000000000000e+04 7.480055864691986800e-01
1.230000000000000000e+04 7.562863263165791050e-01
1.240000000000000000e+04 7.892233656926752605e-01
1.250000000000000000e+04 7.500352469478039907e-01
1.260000000000000000e+04 7.693233269089030379e-01
1.270000000000000000e+04 8.006338929345055977e-01
1.280000000000000000e+04 7.868171257452309941e-01
1.290000000000000000e+04 7.879132803176531752e-01
1.300000000000000000e+04 8.001336232819461491e-01
1.310000000000000000e+04 7.910832192743273428e-01
1.320000000000000000e+04 7.759629024455992896e-01
1.330000000000000000e+04 8.005842473176422169e-01
1.340000000000000000e+04 7.948558104239266120e-01
1.350000000000000000e+04 7.959376687311828791e-01
1.360000000000000000e+04 7.892587639895870533e-01
1.370000000000000000e+04 8.014682108637050106e-01
1.380000000000000000e+04 7.958734537774421192e-01
1.390000000000000000e+04 8.106549756729943823e-01
1.400000000000000000e+04 8.078737037477903282e-01
1.410000000000000000e+04 8.077731279237319040e-01
1.420000000000000000e+04 8.296587098165653096e-01
1.430000000000000000e+04 8.260434322541228003e-01
1.440000000000000000e+04 8.527062274618111282e-01
1.450000000000000000e+04 8.256342966032771402e-01
1.460000000000000000e+04 8.294456963133084448e-01
1.470000000000000000e+04 8.348030447187605452e-01
1.480000000000000000e+04 8.243265666157836291e-01
1.490000000000000000e+04 8.209755426707133763e-01
1.500000000000000000e+04 8.421423617743699630e-01
1.510000000000000000e+04 8.243009760400553665e-01
1.520000000000000000e+04 8.629068614386296021e-01
1.530000000000000000e+04 8.516676056796610439e-01
1.540000000000000000e+04 8.628505542954182372e-01
1.550000000000000000e+04 8.686122903545513418e-01
1.560000000000000000e+04 8.523572482179084808e-01
1.570000000000000000e+04 8.691355490826750962e-01
1.580000000000000000e+04 8.822224909262321724e-01
1.590000000000000000e+04 8.798405636610020508e-01
1.600000000000000000e+04 8.748438191287765120e-01
1.610000000000000000e+04 8.807737314956471941e-01
1.620000000000000000e+04 8.779610826397363788e-01
1.630000000000000000e+04 8.682220946782912563e-01
1.640000000000000000e+04 8.847028879071753282e-01
1.650000000000000000e+04 8.758135011134777770e-01
1.660000000000000000e+04 8.817659610418258076e-01
1.670000000000000000e+04 8.933776805490696304e-01
1.680000000000000000e+04 8.833416998851130186e-01
1.690000000000000000e+04 8.949270181981786587e-01
1.700000000000000000e+04 8.900071080313309846e-01
1.710000000000000000e+04 8.888824099662671063e-01
1.720000000000000000e+04 9.070733091728576669e-01
1.730000000000000000e+04 9.014891775024365117e-01
1.740000000000000000e+04 9.067149478802878360e-01
1.750000000000000000e+04 9.046035516627639606e-01
1.760000000000000000e+04 9.140595746412680800e-01
1.770000000000000000e+04 9.164380252490544887e-01
1.780000000000000000e+04 9.124875868154600500e-01
1.790000000000000000e+04 8.983832347996254519e-01
1.800000000000000000e+04 9.210558306066066736e-01
1.810000000000000000e+04 9.239457570700795319e-01
1.820000000000000000e+04 9.130218769061511086e-01
1.830000000000000000e+04 9.189758349032853824e-01
1.840000000000000000e+04 9.127001288844736049e-01
1.850000000000000000e+04 9.117597642528122437e-01
1.860000000000000000e+04 9.344858439634844416e-01
1.870000000000000000e+04 9.186314970264523039e-01
1.880000000000000000e+04 9.252294304335453301e-01
1.890000000000000000e+04 9.273725543590809473e-01
1.900000000000000000e+04 9.138746486229520904e-01
1.910000000000000000e+04 9.220849628663223552e-01
1.920000000000000000e+04 9.349227960120527481e-01
1.930000000000000000e+04 9.317682207233730640e-01
1.940000000000000000e+04 9.155824460182125923e-01
1.950000000000000000e+04 9.294035900568610176e-01
1.960000000000000000e+04 9.380041075697221897e-01
1.970000000000000000e+04 9.412895112944255072e-01
1.980000000000000000e+04 9.344658026821603958e-01
1.990000000000000000e+04 9.363711467611709471e-01
2.000000000000000000e+04 9.364373141256232547e-01
2.010000000000000000e+04 9.340314967402477686e-01
2.020000000000000000e+04 9.300098596371169091e-01
2.030000000000000000e+04 9.273075528654552979e-01
2.040000000000000000e+04 9.461866209244363946e-01
2.050000000000000000e+04 9.199979084173517396e-01
2.060000000000000000e+04 9.310726617833193774e-01
2.070000000000000000e+04 9.442845402607749072e-01
2.080000000000000000e+04 9.380355122703809556e-01
2.090000000000000000e+04 9.378472678200362456e-01
2.100000000000000000e+04 9.247363026937065467e-01
2.110000000000000000e+04 9.287748343871530254e-01
2.120000000000000000e+04 9.345623219484546773e-01
2.130000000000000000e+04 9.397004931449629561e-01
2.140000000000000000e+04 9.271733290662718119e-01
2.150000000000000000e+04 9.294978182532303013e-01
2.160000000000000000e+04 9.379963977711996970e-01
2.170000000000000000e+04 9.404342064933843837e-01
2.180000000000000000e+04 9.430278801910703113e-01
2.190000000000000000e+04 9.409848801561995213e-01
2.200000000000000000e+04 9.383715766676704595e-01
2.210000000000000000e+04 9.427030571126213676e-01
2.220000000000000000e+04 9.436091333290747007e-01
2.230000000000000000e+04 9.486459428062161692e-01
2.240000000000000000e+04 9.382926419545376540e-01
2.250000000000000000e+04 9.371170681273511827e-01
2.260000000000000000e+04 9.257313713680785927e-01
2.270000000000000000e+04 9.334723248272460694e-01
2.280000000000000000e+04 9.341379658447541701e-01
2.290000000000000000e+04 9.399859890097164161e-01
2.300000000000000000e+04 9.417286584642514669e-01
2.310000000000000000e+04 9.430958009215247850e-01
2.320000000000000000e+04 9.443776180667712294e-01
2.330000000000000000e+04 9.373310362768108028e-01
2.340000000000000000e+04 9.413457469131137900e-01
2.350000000000000000e+04 9.545521832627128500e-01
2.360000000000000000e+04 9.448950537276983308e-01
2.370000000000000000e+04 9.329757446447056735e-01
2.380000000000000000e+04 9.497261722028843556e-01
2.390000000000000000e+04 9.502364102787027589e-01
2.400000000000000000e+04 9.422129925552347185e-01
2.410000000000000000e+04 9.543840028375089046e-01
2.420000000000000000e+04 9.333909852274004937e-01
2.430000000000000000e+04 9.512082603858524887e-01
2.440000000000000000e+04 9.465029084518644664e-01
2.450000000000000000e+04 9.432164290397435646e-01
2.460000000000000000e+04 9.400614416767728576e-01
2.470000000000000000e+04 9.486518095590643629e-01
2.480000000000000000e+04 9.467920852482172300e-01
2.490000000000000000e+04 9.415433290101006270e-01
2.500000000000000000e+04 9.364001205897803937e-01
2.510000000000000000e+04 9.511139527435444885e-01
2.520000000000000000e+04 9.429096096268145821e-01
2.530000000000000000e+04 9.417308765781902125e-01
2.540000000000000000e+04 9.504397980283598724e-01
2.550000000000000000e+04 9.439700709187837102e-01
2.560000000000000000e+04 9.423650530557378113e-01
2.570000000000000000e+04 9.507255363916849999e-01
2.580000000000000000e+04 9.528184447181111683e-01
2.590000000000000000e+04 9.425065715625684515e-01
2.600000000000000000e+04 9.476261507324310607e-01
2.610000000000000000e+04 9.578566463489244232e-01
2.620000000000000000e+04 9.433114117194012493e-01
2.630000000000000000e+04 9.513859784407764364e-01
2.640000000000000000e+04 9.353737257769820790e-01
2.650000000000000000e+04 9.518609284659178549e-01
2.660000000000000000e+04 9.445766645297486441e-01
2.670000000000000000e+04 9.389061065101926840e-01
2.680000000000000000e+04 9.470601815227074338e-01
2.690000000000000000e+04 9.355170355399542448e-01
2.700000000000000000e+04 9.417039506121900327e-01
2.710000000000000000e+04 9.520555296090080777e-01
2.720000000000000000e+04 9.470853945053218093e-01
2.730000000000000000e+04 9.516674168245086163e-01
2.740000000000000000e+04 9.574854250472152328e-01
2.750000000000000000e+04 9.513825723892802566e-01
2.760000000000000000e+04 9.535240632692137952e-01
2.770000000000000000e+04 9.568581784302636617e-01
2.780000000000000000e+04 9.574814134284982403e-01
2.790000000000000000e+04 9.518569064690046710e-01
2.800000000000000000e+04 9.602310446064691307e-01
2.810000000000000000e+04 9.451468508189301287e-01
2.820000000000000000e+04 9.392573570138935679e-01
2.830000000000000000e+04 9.465100444519282119e-01
2.840000000000000000e+04 9.588010720259472208e-01
2.850000000000000000e+04 9.510083715625007317e-01
2.860000000000000000e+04 9.371500709992778289e-01
2.870000000000000000e+04 9.518863346475108234e-01
2.880000000000000000e+04 9.428930924770502209e-01
2.890000000000000000e+04 9.534629103203468015e-01
2.900000000000000000e+04 9.424285747343861264e-01
2.910000000000000000e+04 9.421523115090950640e-01
2.920000000000000000e+04 9.556104608981866866e-01
2.930000000000000000e+04 9.523000848904936699e-01
2.940000000000000000e+04 9.417823359714158071e-01
2.950000000000000000e+04 9.404163442327424516e-01
2.960000000000000000e+04 9.516309629473475029e-01
2.970000000000000000e+04 9.572131188138685021e-01
2.980000000000000000e+04 9.434272984975730081e-01
2.990000000000000000e+04 9.553536522725839530e-01
3.000000000000000000e+04 9.486410015462289902e-01
