0.000000000000000000e+00 4.974680000000000213e-01
1.000000000000000000e+02 3.464960000000000262e-01
2.000000000000000000e+02 3.771520000000000428e-01
3.000000000000000000e+02 4.373239999999999905e-01
4.000000000000000000e+02 3.958679999999999977e-01
5.000000000000000000e+02 3.994400000000000173e-01
6.000000000000000000e+02 3.994520000000000293e-01
7.000000000000000000e+02 4.229439999999999866e-01
8.000000000000000000e+02 4.232160000000000366e-01
9.000000000000000000e+02 4.076319999999999943e-01
1.000000000000000000e+03 4.297159999999999869e-01
1.100000000000000000e+03 4.266559999999999797e-01
1.200000000000000000e+03 4.301220000000000043e-01
1.300000000000000000e+03 4.095999999999999641e-01
1.400000000000000000e+03 4.419879999999999920e-01
1.500000000000000000e+03 4.408919999999999506e-01
1.600000000000000000e+03 4.343620000000000259e-01
1.700000000000000000e+03 4.252639999999999754e-01
1.800000000000000000e+03 4.562559999999999394e-01
1.900000000000000000e+03 4.417799999999999505e-01
2.000000000000000000e+03 4.225159999999999472e-01
2.100000000000000000e+03 4.381180000000000074e-01
2.200000000000000000e+03 4.797400000000000553e-01
2.300000000000000000e+03 4.430000000000000049e-01
2.400000000000000000e+03 4.450560000000000072e-01
2.500000000000000000e+03 4.568440000000000278e-01
2.600000000000000000e+03 4.455999999999999961e-01
2.700000000000000000e+03 4.568520000000000358e-01
2.800000000000000000e+03 4.393400000000000083e-01
2.900000000000000000e+03 4.508839999999999515e-01
3.000000000000000000e+03 4.845279999999999587e-01
3.100000000000000000e+03 4.787760000000000349e-01
3.200000000000000000e+03 4.751919999999999478e-01
3.300000000000000000e+03 4.601360000000000450e-01
3.400000000000000000e+03 4.782480000000000064e-01
3.500000000000000000e+03 5.037840000000000096e-01
3.600000000000000000e+03 4.755440000000000222e-01
3.700000000000000000e+03 4.745680000000000454e-01
3.800000000000000000e+03 5.249319999999999542e-01
3.900000000000000000e+03 5.225120000000000875e-01
4.000000000000000000e+03 4.882800000000000473e-01
4.100000000000000000e+03 4.877239999999999909e-01
4.200000000000000000e+03 4.830240000000000089e-01
4.300000000000000000e+03 4.691400000000000015e-01
4.400000000000000000e+03 5.155119999999999703e-01
4.500000000000000000e+03 5.198639999999999928e-01
4.600000000000000000e+03 5.104880000000000528e-01
4.700000000000000000e+03 5.437959999999999461e-01
4.800000000000000000e+03 5.210320000000000507e-01
4.900000000000000000e+03 5.238760000000000083e-01
5.000000000000000000e+03 5.228519999999999834e-01
5.100000000000000000e+03 5.113320000000000087e-01
5.200000000000000000e+03 5.408359999999999834e-01
5.300000000000000000e+03 5.475680000000000547e-01
5.400000000000000000e+03 5.610280000000000822e-01
5.500000000000000000e+03 5.511479999999999713e-01
5.600000000000000000e+03 5.397960000000000536e-01
5.700000000000000000e+03 5.744759999999999867e-01
5.800000000000000000e+03 5.698280000000000012e-01
5.900000000000000000e+03 5.619200000000000861e-01
6.000000000000000000e+03 5.629560000000000120e-01
6.100000000000000000e+03 5.730039999999999578e-01
6.200000000000000000e+03 5.640920000000000378e-01
6.300000000000000000e+03 5.742920000000000247e-01
6.400000000000000000e+03 6.124079999999999524e-01
6.500000000000000000e+03 5.843240000000000656e-01
6.600000000000000000e+03 5.966519999999999602e-01
6.700000000000000000e+03 5.802199999999999580e-01
6.800000000000000000e+03 6.015519999999998646e-01
6.900000000000000000e+03 6.007080000000000197e-01
7.000000000000000000e+03 6.083199999999999719e-01
7.100000000000000000e+03 5.700680000000000192e-01
7.200000000000000000e+03 6.154239999999999711e-01
7.300000000000000000e+03 6.260880000000000889e-01
7.400000000000000000e+03 6.232240000000000002e-01
7.500000000000000000e+03 5.998559999999999448e-01
7.600000000000000000e+03 6.112919999999999465e-01
7.700000000000000000e+03 6.412039999999999962e-01
7.800000000000000000e+03 6.422839999999999661e-01
7.900000000000000000e+03 6.063439999999999941e-01
8.000000000000000000e+03 6.402999999999999803e-01
8.100000000000000000e+03 6.156000000000000361e-01
8.200000000000000000e+03 6.255599999999998939e-01
8.300000000000000000e+03 6.205959999999999255e-01
8.400000000000000000e+03 6.169599999999999529e-01
8.500000000000000000e+03 6.676760000000000472e-01
8.600000000000000000e+03 6.541480000000000627e-01
8.700000000000000000e+03 6.843480000000000674e-01
8.800000000000000000e+03 6.720520000000000937e-01
8.900000000000000000e+03 6.468160000000000576e-01
9.000000000000000000e+03 6.176479999999999748e-01
9.100000000000000000e+03 6.752440000000000664e-01
9.200000000000000000e+03 6.732880000000001086e-01
9.300000000000000000e+03 6.663879999999999804e-01
9.400000000000000000e+03 6.623599999999999488e-01
9.500000000000000000e+03 6.798599999999999088e-01
9.600000000000000000e+03 7.001399999999999846e-01
9.700000000000000000e+03 6.837959999999999594e-01
9.800000000000000000e+03 6.731840000000000046e-01
9.900000000000000000e+03 6.884719999999999729e-01
1.000000000000000000e+04 6.822639999999999816e-01
1.010000000000000000e+04 6.960199999999999720e-01
1.020000000000000000e+04 7.093800000000000106e-01
1.030000000000000000e+04 7.082720000000000127e-01
1.040000000000000000e+04 7.030760000000000343e-01
1.050000000000000000e+04 7.211199999999999832e-01
1.060000000000000000e+04 7.191199999999999815e-01
1.070000000000000000e+04 7.199039999999998773e-01
1.080000000000000000e+04 7.015719999999999734e-01
1.090000000000000000e+04 7.077679999999999527e-01
1.100000000000000000e+04 6.978539999999999743e-01
1.110000000000000000e+04 7.156719999999999748e-01
1.120000000000000000e+04 7.009919999999999485e-01
1.130000000000000000e+04 7.351160000000001027e-01
1.140000000000000000e+04 7.430360000000000298e-01
1.150000000000000000e+04 7.262040000000000717e-01
1.160000000000000000e+04 7.289959999999999773e-01
1.170000000000000000e+04 7.550239999999999174e-01
1.180000000000000000e+04 7.545759999999999135e-01
1.190000000000000000e+04 7.573159999999999892e-01
1.200000000000000000e+04 7.364920000000000355e-01
1.210000000000000000e+04 7.314119999999999511e-01
1.220000000000000000e+04 7.444680000000000186e-01
1.230000000000000000e+04 7.437840000000000007e-01
1.240000000000000000e+04 7.760320000000000551e-01
1.250000000000000000e+04 7.584400000000000031e-01
1.260000000000000000e+04 7.550799999999999734e-01
1.270000000000000000e+04 7.848040000000000571e-01
1.280000000000000000e+04 7.769719999999999960e-01
1.290000000000000000e+04 7.758039999999999381e-01
1.300000000000000000e+04 7.772720000000000740e-01
1.310000000000000000e+04 7.732399999999999274e-01
1.320000000000000000e+04 7.622560000000000446e-01
1.330000000000000000e+04 7.861620000000000275e-01
1.340000000000000000e+04 7.731719999999999704e-01
1.350000000000000000e+04 7.903719999999999635e-01
1.360000000000000000e+04 7.868559999999999999e-01
1.370000000000000000e+04 8.013320000000000443e-01
1.380000000000000000e+04 7.872079999999999078e-01
1.390000000000000000e+04 7.955039999999999889e-01
1.400000000000000000e+04 8.001120000000000454e-01
1.410000000000000000e+04 7.992360000000000575e-01
1.420000000000000000e+04 8.271560000000000024e-01
1.430000000000000000e+04 8.202440000000001952e-01
1.440000000000000000e+04 8.443640000000000034e-01
1.450000000000000000e+04 8.189079999999999693e-01
1.460000000000000000e+04 8.142599999999999838e-01
1.470000000000000000e+04 8.170159999999999645e-01
1.480000000000000000e+04 8.148239999999999927e-01
1.490000000000000000e+04 8.161880000000000246e-01
1.500000000000000000e+04 8.282880000000000242e-01
1.510000000000000000e+04 8.235519999999999508e-01
1.520000000000000000e+04 8.566239999999999410e-01
1.530000000000000000e+04 8.463920000000000332e-01
1.540000000000000000e+04 8.527279999999999305e-01
1.550000000000000000e+04 8.629479999999999373e-01
1.560000000000000000e+04 8.469240000000000101e-01
1.570000000000000000e+04 8.656199999999998340e-01
1.580000000000000000e+04 8.789679999999999715e-01
1.590000000000000000e+04 8.681159999999999988e-01
1.600000000000000000e+04 8.622039999999999704e-01
1.610000000000000000e+04 8.695479999999999876e-01
1.620000000000000000e+04 8.679799999999999738e-01
1.630000000000000000e+04 8.654959999999999321e-01
1.640000000000000000e+04 8.822719999999999452e-01
1.650000000000000000e+04 8.674719999999999098e-01
1.660000000000000000e+04 8.810319999999999263e-01
1.670000000000000000e+04 8.848200000000000509e-01
1.680000000000000000e+04 8.723000000000000753e-01
1.690000000000000000e+04 8.919160000000000421e-01
1.700000000000000000e+04 8.782439999999999136e-01
1.710000000000000000e+04 8.815679999999999072e-01
1.720000000000000000e+04 8.933320000000000149e-01
1.730000000000000000e+04 8.919799999999999951e-01
1.740000000000000000e+04 8.988879999999999093e-01
1.750000000000000000e+04 8.950160000000000338e-01
1.760000000000000000e+04 9.078279999999999683e-01
1.770000000000000000e+04 9.023640000000000549e-01
1.780000000000000000e+04 9.046680000000000277e-01
1.790000000000000000e+04 8.940919999999999979e-01
1.800000000000000000e+04 9.137560000000000127e-01
1.810000000000000000e+04 9.214760000000000728e-01
1.820000000000000000e+04 9.090719999999998802e-01
1.830000000000000000e+04 9.129639999999999977e-01
1.840000000000000000e+04 9.079440000000000843e-01
1.850000000000000000e+04 9.056199999999999806e-01
1.860000000000000000e+04 9.274720000000000741e-01
1.870000000000000000e+04 9.081919999999998883e-01
1.880000000000000000e+04 9.185320000000001261e-01
1.890000000000000000e+04 9.174200000000000133e-01
1.900000000000000000e+04 9.054880000000000706e-01
1.910000000000000000e+04 9.189519999999999911e-01
1.920000000000000000e+04 9.283479999999999510e-01
1.930000000000000000e+04 9.267959999999999532e-01
1.940000000000000000e+04 9.073759999999999604e-01
1.950000000000000000e+04 9.265160000000000062e-01
1.960000000000000000e+04 9.325480000000000436e-01
1.970000000000000000e+04 9.368760000000000421e-01
1.980000000000000000e+04 9.301800000000000068e-01
1.990000000000000000e+04 9.328600000000000225e-01
2.000000000000000000e+04 9.331680000000001085e-01
2.010000000000000000e+04 9.286200000000000010e-01
2.020000000000000000e+04 9.226360000000000117e-01
2.030000000000000000e+04 9.214279999999999138e-01
2.040000000000000000e+04 9.381639999999999979e-01
2.050000000000000000e+04 9.205399999999999139e-01
2.060000000000000000e+04 9.278520000000001211e-01
2.070000000000000000e+04 9.416599999999999415e-01
2.080000000000000000e+04 9.296480000000000299e-01
2.090000000000000000e+04 9.315440000000000387e-01
2.100000000000000000e+04 9.160760000000001124e-01
2.110000000000000000e+04 9.279440000000001021e-01
2.120000000000000000e+04 9.270079999999999432e-01
2.130000000000000000e+04 9.302919999999998968e-01
2.140000000000000000e+04 9.244079999999998964e-01
2.150000000000000000e+04 9.234280000000000266e-01
2.160000000000000000e+04 9.308359999999998857e-01
2.170000000000000000e+04 9.345680000000000653e-01
2.180000000000000000e+04 9.349199999999999733e-01
2.190000000000000000e+04 9.345239999999999103e-01
2.200000000000000000e+04 9.311880000000000157e-01
2.210000000000000000e+04 9.349439999999999973e-01
2.220000000000000000e+04 9.319720000000000226e-01
2.230000000000000000e+04 9.394680000000000808e-01
2.240000000000000000e+04 9.320999999999999286e-01
2.250000000000000000e+04 9.286080000000001000e-01
2.260000000000000000e+04 9.203279999999999239e-01
2.270000000000000000e+04 9.287919999999998399e-01
2.280000000000000000e+04 9.313120000000000287e-01
2.290000000000000000e+04 9.345599999999999463e-01
2.300000000000000000e+04 9.367360000000000131e-01
2.310000000000000000e+04 9.418439999999999035e-01
2.320000000000000000e+04 9.380239999999998579e-01
2.330000000000000000e+04 9.350039999999999463e-01
2.340000000000000000e+04 9.385479999999999379e-01
2.350000000000000000e+04 9.494200000000001527e-01
2.360000000000000000e+04 9.383839999999999959e-01
2.370000000000000000e+04 9.279800000000000271e-01
2.380000000000000000e+04 9.451119999999999521e-01
2.390000000000000000e+04 9.447199999999998932e-01
2.400000000000000000e+04 9.389880000000001559e-01
2.410000000000000000e+04 9.496759999999999646e-01
2.420000000000000000e+04 9.307000000000000828e-01
2.430000000000000000e+04 9.459679999999999200e-01
2.440000000000000000e+04 9.437119999999998843e-01
2.450000000000000000e+04 9.399039999999998507e-01
2.460000000000000000e+04 9.382199999999999429e-01
2.470000000000000000e+04 9.437799999999999523e-01
2.480000000000000000e+04 9.428520000000000234e-01
2.490000000000000000e+04 9.350319999999999743e-01
2.500000000000000000e+04 9.307480000000000198e-01
2.510000000000000000e+04 9.453400000000000691e-01
2.520000000000000000e+04 9.401239999999999597e-01
2.530000000000000000e+04 9.380459999999999354e-01
2.540000000000000000e+04 9.467320000000000180e-01
2.550000000000000000e+04 9.432320000000000704e-01
2.560000000000000000e+04 9.354799999999998672e-01
2.570000000000000000e+04 9.474160000000000359e-01
2.580000000000000000e+04 9.485319999999999308e-01
2.590000000000000000e+04 9.375600000000000600e-01
2.600000000000000000e+04 9.417200000000000015e-01
2.610000000000000000e+04 9.534479999999999622e-01
2.620000000000000000e+04 9.346959999999999713e-01
2.630000000000000000e+04 9.466480000000001560e-01
2.640000000000000000e+04 9.294159999999999089e-01
2.650000000000000000e+04 9.472239999999999549e-01
2.660000000000000000e+04 9.386320000000000219e-01
2.670000000000000000e+04 9.347360000000000113e-01
2.680000000000000000e+04 9.418639999999999235e-01
2.690000000000000000e+04 9.366880000000000761e-01
2.700000000000000000e+04 9.329600000000000115e-01
2.710000000000000000e+04 9.506760000000000765e-01
2.720000000000000000e+04 9.436600000000000543e-01
2.730000000000000000e+04 9.479260000000000463e-01
2.740000000000000000e+04 9.551040000000000640e-01
2.750000000000000000e+04 9.453639999999999821e-01
2.760000000000000000e+04 9.492739999999999512e-01
2.770000000000000000e+04 9.530639999999999112e-01
2.780000000000000000e+04 9.518519999999999204e-01
2.790000000000000000e+04 9.487119999999998887e-01
2.800000000000000000e+04 9.563860000000000694e-01
2.810000000000000000e+04 9.419199999999999795e-01
2.820000000000000000e+04 9.385519999999999419e-01
2.830000000000000000e+04 9.388680000000000359e-01
2.840000000000000000e+04 9.547460000000000946e-01
2.850000000000000000e+04 9.459160000000000901e-01
2.860000000000000000e+04 9.324839999999999796e-01
2.870000000000000000e+04 9.488159999999999927e-01
2.880000000000000000e+04 9.396740000000001203e-01
2.890000000000000000e+04 9.526639999999999553e-01
2.900000000000000000e+04 9.407719999999999416e-01
2.910000000000000000e+04 9.399980000000001112e-01
2.920000000000000000e+04 9.522839999999999083e-01
2.930000000000000000e+04 9.515879999999999894e-01
2.940000000000000000e+04 9.413399999999999546e-01
2.950000000000000000e+04 9.338239999999999874e-01
2.960000000000000000e+04 9.508240000000001135e-01
2.970000000000000000e+04 9.557519999999999349e-01
2.980000000000000000e+04 9.408039999999999736e-01
2.990000000000000000e+04 9.537839999999998541e-01
3.000000000000000000e+04 9.440640000000000143e-01
