0.000000000000000000e+00 4.941570368841545213e-01
1.000000000000000000e+02 4.224522158855101850e-01
2.000000000000000000e+02 4.818957864860048956e-01
3.000000000000000000e+02 5.360083158610864373e-01
4.000000000000000000e+02 5.442391748805610607e-01
5.000000000000000000e+02 5.867202643088420544e-01
6.000000000000000000e+02 5.950234044662147115e-01
7.000000000000000000e+02 5.848098099968721542e-01
8.000000000000000000e+02 6.076674155448791304e-01
9.000000000000000000e+02 6.220005573303677426e-01
1.000000000000000000e+03 6.259833752422976350e-01
1.100000000000000000e+03 6.487282236308885564e-01
1.200000000000000000e+03 6.824971661058041317e-01
1.300000000000000000e+03 6.577324353248783506e-01
1.400000000000000000e+03 6.679011373825521902e-01
1.500000000000000000e+03 6.963420942113379697e-01
1.600000000000000000e+03 6.834846218641588145e-01
1.700000000000000000e+03 6.729338217047904358e-01
1.800000000000000000e+03 6.964095686343193536e-01
1.900000000000000000e+03 7.216585468023251071e-01
2.000000000000000000e+03 7.072933111803817452e-01
2.100000000000000000e+03 7.093711331355461169e-01
2.200000000000000000e+03 7.538702357620714611e-01
2.300000000000000000e+03 7.035752527864810313e-01
2.400000000000000000e+03 7.302650929375595901e-01
2.500000000000000000e+03 7.488938524472581459e-01
2.600000000000000000e+03 7.240854517934990353e-01
2.700000000000000000e+03 7.473259784084278490e-01
2.800000000000000000e+03 7.642489014772462230e-01
2.900000000000000000e+03 7.764627427836038320e-01
3.000000000000000000e+03 7.638406059036156881e-01
3.100000000000000000e+03 7.719918207351695871e-01
3.200000000000000000e+03 7.718992093407051058e-01
3.300000000000000000e+03 7.493328943415246135e-01
3.400000000000000000e+03 8.179162627129210605e-01
3.500000000000000000e+03 7.742585413942069117e-01
3.600000000000000000e+03 7.764653649722360607e-01
3.700000000000000000e+03 8.284110286035375470e-01
3.800000000000000000e+03 8.024187961491183740e-01
3.900000000000000000e+03 8.432050977612026710e-01
4.000000000000000000e+03 8.105901538770453607e-01
4.100000000000000000e+03 8.249167293603015816e-01
4.200000000000000000e+03 8.307699629914855333e-01
4.300000000000000000e+03 8.121029776431979430e-01
4.400000000000000000e+03 8.341918349975316893e-01
4.500000000000000000e+03 8.523601397417769343e-01
4.600000000000000000e+03 8.132819252985176162e-01
4.700000000000000000e+03 8.267204400272374354e-01
4.800000000000000000e+03 8.500354062426048740e-01
4.900000000000000000e+03 8.590359780946923429e-01
5.000000000000000000e+03 8.394289615481974609e-01
5.100000000000000000e+03 8.655656093729954259e-01
5.200000000000000000e+03 8.587865398772629444e-01
5.300000000000000000e+03 8.821870218210743353e-01
5.400000000000000000e+03 8.571528087125492856e-01
5.500000000000000000e+03 8.685715203324188005e-01
5.600000000000000000e+03 8.704437848043620196e-01
5.700000000000000000e+03 8.780748233195347918e-01
5.800000000000000000e+03 8.913337797926064177e-01
5.900000000000000000e+03 8.909535068712639561e-01
6.000000000000000000e+03 8.758997808486951309e-01
6.100000000000000000e+03 8.776909423884657890e-01
6.200000000000000000e+03 8.800328682127580571e-01
6.300000000000000000e+03 8.878581610808895519e-01
6.400000000000000000e+03 8.891851640952507241e-01
6.500000000000000000e+03 9.020460227112696572e-01
6.600000000000000000e+03 9.043490676936043471e-01
6.700000000000000000e+03 8.994304391723617620e-01
6.800000000000000000e+03 9.127700702236833941e-01
6.900000000000000000e+03 9.121809522574679807e-01
7.000000000000000000e+03 9.107508458908801785e-01
7.100000000000000000e+03 9.225968100214856360e-01
7.200000000000000000e+03 9.055221154394257344e-01
7.300000000000000000e+03 9.128254006022191724e-01
7.400000000000000000e+03 9.112317770257862826e-01
7.500000000000000000e+03 9.093853357580166108e-01
7.600000000000000000e+03 9.160949080038458536e-01
7.700000000000000000e+03 9.345922500666329347e-01
7.800000000000000000e+03 9.365842289952500677e-01
7.900000000000000000e+03 9.246410557866105995e-01
8.000000000000000000e+03 9.359865986256810100e-01
8.100000000000000000e+03 9.367395799716877747e-01
8.200000000000000000e+03 9.327229788333677440e-01
8.300000000000000000e+03 9.338612004563567881e-01
8.400000000000000000e+03 9.307432983270824689e-01
8.500000000000000000e+03 9.271840605245340594e-01
8.600000000000000000e+03 9.235516055810140124e-01
8.700000000000000000e+03 9.283944261049688063e-01
8.800000000000000000e+03 9.381041918738606267e-01
8.900000000000000000e+03 9.385864007829387567e-01
9.000000000000000000e+03 9.371626116234088588e-01
9.100000000000000000e+03 9.262178599950440239e-01
9.200000000000000000e+03 9.399261977669788326e-01
9.300000000000000000e+03 9.372201231078176598e-01
9.400000000000000000e+03 9.466701879308775380e-01
9.500000000000000000e+03 9.267379835700102486e-01
9.600000000000000000e+03 9.397607733244718320e-01
9.700000000000000000e+03 9.418139601444641684e-01
9.800000000000000000e+03 9.563013828761132151e-01
9.900000000000000000e+03 9.534650356758974654e-01
1.000000000000000000e+04 9.346237561591222986e-01
1.010000000000000000e+04 9.497528385823179597e-01
1.020000000000000000e+04 9.432147900631242532e-01
1.030000000000000000e+04 9.502399729607673429e-01
1.040000000000000000e+04 9.447080326136230166e-01
1.050000000000000000e+04 9.515115068820965138e-01
1.060000000000000000e+04 9.378042127741130773e-01
1.070000000000000000e+04 9.440201924117238574e-01
1.080000000000000000e+04 9.424595914982356604e-01
1.090000000000000000e+04 9.525494058865765501e-01
1.100000000000000000e+04 9.500858111575999354e-01
1.110000000000000000e+04 9.490414889605633952e-01
1.120000000000000000e+04 9.535180135508862787e-01
1.130000000000000000e+04 9.479859345894108280e-01
1.140000000000000000e+04 9.455017677260703080e-01
1.150000000000000000e+04 9.459658894920384142e-01
1.160000000000000000e+04 9.548262981431191454e-01
1.170000000000000000e+04 9.595950339585082034e-01
1.180000000000000000e+04 9.481454711291068538e-01
1.190000000000000000e+04 9.459974019193522210e-01
1.200000000000000000e+04 9.489574293830641549e-01
1.210000000000000000e+04 9.542010921401419266e-01
1.220000000000000000e+04 9.567459370652674489e-01
1.230000000000000000e+04 9.537893462628049823e-01
1.240000000000000000e+04 9.550306741206314731e-01
1.250000000000000000e+04 9.528336459810733405e-01
1.260000000000000000e+04 9.539151402498973198e-01
1.270000000000000000e+04 9.521617277591652995e-01
1.280000000000000000e+04 9.533840434069674741e-01
1.290000000000000000e+04 9.655665314910577557e-01
1.300000000000000000e+04 9.596501840350053492e-01
1.310000000000000000e+04 9.516051454737292081e-01
1.320000000000000000e+04 9.574633407705969157e-01
1.330000000000000000e+04 9.524186737098921940e-01
1.340000000000000000e+04 9.560828760213133659e-01
1.350000000000000000e+04 9.525498693485461299e-01
1.360000000000000000e+04 9.474842411315111956e-01
1.370000000000000000e+04 9.638466431130709999e-01
1.380000000000000000e+04 9.682273565526486880e-01
1.390000000000000000e+04 9.497885963468580828e-01
1.400000000000000000e+04 9.654352420066456553e-01
1.410000000000000000e+04 9.560488061063657783e-01
1.420000000000000000e+04 9.515995888388768531e-01
1.430000000000000000e+04 9.552105070937575437e-01
1.440000000000000000e+04 9.602023520802843715e-01
1.450000000000000000e+04 9.560451476378512004e-01
1.460000000000000000e+04 9.614983202281973673e-01
1.470000000000000000e+04 9.584364757737661167e-01
1.480000000000000000e+04 9.527209387673721830e-01
1.490000000000000000e+04 9.682563270439091818e-01
1.500000000000000000e+04 9.505253046801718231e-01
1.510000000000000000e+04 9.495666196877429188e-01
1.520000000000000000e+04 9.626658343631537829e-01
1.530000000000000000e+04 9.664478785121523030e-01
1.540000000000000000e+04 9.560291971861580862e-01
1.550000000000000000e+04 9.600137339870271624e-01
1.560000000000000000e+04 9.590161071965789263e-01
1.570000000000000000e+04 9.681478016179245749e-01
1.580000000000000000e+04 9.499694860826637388e-01
1.590000000000000000e+04 9.545511504224756250e-01
1.600000000000000000e+04 9.610798282150105898e-01
1.610000000000000000e+04 9.507977316642199916e-01
1.620000000000000000e+04 9.599565263501829149e-01
1.630000000000000000e+04 9.642789849805298852e-01
1.640000000000000000e+04 9.565281191903494129e-01
1.650000000000000000e+04 9.422116129207495083e-01
1.660000000000000000e+04 9.568459671766592622e-01
1.670000000000000000e+04 9.617845971916851866e-01
1.680000000000000000e+04 9.531362899507562769e-01
1.690000000000000000e+04 9.550331126444839835e-01
1.700000000000000000e+04 9.601479637570349279e-01
1.710000000000000000e+04 9.615400426644981069e-01
1.720000000000000000e+04 9.561576021896108779e-01
1.730000000000000000e+04 9.500697223592109442e-01
1.740000000000000000e+04 9.572697170790964716e-01
1.750000000000000000e+04 9.501031182664874120e-01
1.760000000000000000e+04 9.543849550207840204e-01
1.770000000000000000e+04 9.479716775185057509e-01
1.780000000000000000e+04 9.575692995371235527e-01
1.790000000000000000e+04 9.535711653629780349e-01
1.800000000000000000e+04 9.631389616625574135e-01
1.810000000000000000e+04 9.642535045390906445e-01
1.820000000000000000e+04 9.463522641855490747e-01
1.830000000000000000e+04 9.557757148740614328e-01
1.840000000000000000e+04 9.586303679913464881e-01
1.850000000000000000e+04 9.653911867300357663e-01
1.860000000000000000e+04 9.613167758140773733e-01
1.870000000000000000e+04 9.524132057711657273e-01
1.880000000000000000e+04 9.648648656148436364e-01
1.890000000000000000e+04 9.596505771146165431e-01
1.900000000000000000e+04 9.581555731912693163e-01
1.910000000000000000e+04 9.494377111089757904e-01
1.920000000000000000e+04 9.540332449931760994e-01
1.930000000000000000e+04 9.608118336525727221e-01
1.940000000000000000e+04 9.579598417587861237e-01
1.950000000000000000e+04 9.566857343897262611e-01
1.960000000000000000e+04 9.630604924141952239e-01
1.970000000000000000e+04 9.596296177545299289e-01
1.980000000000000000e+04 9.543495565941574332e-01
1.990000000000000000e+04 9.574000941761232619e-01
2.000000000000000000e+04 9.704307282367365950e-01
2.010000000000000000e+04 9.610078051843482516e-01
2.020000000000000000e+04 9.574151964758477185e-01
2.030000000000000000e+04 9.583152121899192188e-01
2.040000000000000000e+04 9.485206747814537431e-01
2.050000000000000000e+04 9.587139143237118910e-01
2.060000000000000000e+04 9.608872803960817333e-01
2.070000000000000000e+04 9.459495071725061432e-01
2.080000000000000000e+04 9.610687454009003705e-01
2.090000000000000000e+04 9.644977450215115322e-01
2.100000000000000000e+04 9.644938279443930895e-01
2.110000000000000000e+04 9.565230872011369900e-01
2.120000000000000000e+04 9.558958279844975703e-01
2.130000000000000000e+04 9.552602378232808444e-01
2.140000000000000000e+04 9.678404435772168801e-01
2.150000000000000000e+04 9.633983760196884738e-01
2.160000000000000000e+04 9.607908405085661130e-01
2.170000000000000000e+04 9.583469180569456070e-01
2.180000000000000000e+04 9.567589732186356777e-01
2.190000000000000000e+04 9.591372499338078894e-01
2.200000000000000000e+04 9.536217646428065686e-01
2.210000000000000000e+04 9.666521210098975025e-01
2.220000000000000000e+04 9.619131163347116598e-01
2.230000000000000000e+04 9.586318919724372556e-01
2.240000000000000000e+04 9.637084237481480242e-01
2.250000000000000000e+04 9.633685923925880967e-01
2.260000000000000000e+04 9.573617864757170137e-01
2.270000000000000000e+04 9.632788453863683209e-01
2.280000000000000000e+04 9.588678436588582432e-01
2.290000000000000000e+04 9.570419192885588622e-01
2.300000000000000000e+04 9.642159245592626382e-01
2.310000000000000000e+04 9.645834226316779558e-01
2.320000000000000000e+04 9.615555013813588126e-01
2.330000000000000000e+04 9.630141244334430306e-01
2.340000000000000000e+04 9.578965345569618872e-01
2.350000000000000000e+04 9.604614372176656367e-01
2.360000000000000000e+04 9.515730002181915781e-01
2.370000000000000000e+04 9.588843927070050954e-01
2.380000000000000000e+04 9.579028497994119817e-01
2.390000000000000000e+04 9.675238457698094319e-01
2.400000000000000000e+04 9.644825519783585266e-01
2.410000000000000000e+04 9.694430571540992858e-01
2.420000000000000000e+04 9.551815362282597421e-01
2.430000000000000000e+04 9.654559026612943295e-01
2.440000000000000000e+04 9.593194527478834388e-01
2.450000000000000000e+04 9.583411740051643868e-01
2.460000000000000000e+04 9.680917388434114867e-01
2.470000000000000000e+04 9.685807114181832489e-01
2.480000000000000000e+04 9.649557749967009324e-01
2.490000000000000000e+04 9.565031812252451360e-01
2.500000000000000000e+04 9.608069178214496686e-01
2.510000000000000000e+04 9.644383277337077454e-01
2.520000000000000000e+04 9.584122528810783415e-01
2.530000000000000000e+04 9.535673419692276553e-01
2.540000000000000000e+04 9.588926555795971307e-01
2.550000000000000000e+04 9.549695180149577745e-01
2.560000000000000000e+04 9.600671729026515333e-01
2.570000000000000000e+04 9.546075758729619665e-01
2.580000000000000000e+04 9.548554547277031679e-01
2.590000000000000000e+04 9.616834579045038245e-01
2.600000000000000000e+04 9.605760275786252578e-01
2.610000000000000000e+04 9.584326417159627631e-01
2.620000000000000000e+04 9.537349617402789415e-01
2.630000000000000000e+04 9.657996821131805687e-01
2.640000000000000000e+04 9.588406849024400103e-01
2.650000000000000000e+04 9.577239099785010978e-01
2.660000000000000000e+04 9.651898503844528188e-01
2.670000000000000000e+04 9.563480713968490754e-01
2.680000000000000000e+04 9.680716625265253228e-01
2.690000000000000000e+04 9.528644978769785778e-01
2.700000000000000000e+04 9.620012424547588203e-01
2.710000000000000000e+04 9.581863058296186120e-01
2.720000000000000000e+04 9.657302500432495274e-01
2.730000000000000000e+04 9.626808727374520647e-01
2.740000000000000000e+04 9.585947924222739669e-01
2.750000000000000000e+04 9.548122037487583036e-01
2.760000000000000000e+04 9.643980945914287783e-01
2.770000000000000000e+04 9.608726200360677705e-01
2.780000000000000000e+04 9.638961888939099332e-01
2.790000000000000000e+04 9.653263914554330860e-01
2.800000000000000000e+04 9.656140776891443123e-01
2.810000000000000000e+04 9.599251748505138737e-01
2.820000000000000000e+04 9.595739629203056120e-01
2.830000000000000000e+04 9.613015994112248386e-01
2.840000000000000000e+04 9.608199082330228791e-01
2.850000000000000000e+04 9.614915265208787698e-01
2.860000000000000000e+04 9.561812341960723716e-01
2.870000000000000000e+04 9.593528911198929698e-01
2.880000000000000000e+04 9.598521545690249512e-01
2.890000000000000000e+04 9.606803171105360306e-01
2.900000000000000000e+04 9.592352121531856346e-01
2.910000000000000000e+04 9.511870129016957165e-01
2.920000000000000000e+04 9.675495369667307388e-01
2.930000000000000000e+04 9.553998071758937893e-01
2.940000000000000000e+04 9.638392621836198160e-01
2.950000000000000000e+04 9.523245910486288768e-01
2.960000000000000000e+04 9.587270095446076557e-01
2.970000000000000000e+04 9.610335195023380628e-01
2.980000000000000000e+04 9.575589831150661535e-01
2.990000000000000000e+04 9.573810530761883708e-01
3.000000000000000000e+04 9.675779236834114450e-01
