0.000000000000000000e+00 4.950199999999999600e-01
1.000000000000000000e+02 3.762759999999999994e-01
2.000000000000000000e+02 4.798439999999999928e-01
3.000000000000000000e+02 5.080360000000000431e-01
4.000000000000000000e+02 5.220200000000000395e-01
5.000000000000000000e+02 5.612960000000000171e-01
6.000000000000000000e+02 5.704279999999999351e-01
7.000000000000000000e+02 5.792439999999999811e-01
8.000000000000000000e+02 5.800799999999999290e-01
9.000000000000000000e+02 5.985360000000000680e-01
1.000000000000000000e+03 6.093120000000000758e-01
1.100000000000000000e+03 6.309559999999999613e-01
1.200000000000000000e+03 6.516640000000000210e-01
1.300000000000000000e+03 6.241399999999999171e-01
1.400000000000000000e+03 6.344319999999999959e-01
1.500000000000000000e+03 6.656960000000000655e-01
1.600000000000000000e+03 6.619720000000000049e-01
1.700000000000000000e+03 6.535079999999998668e-01
1.800000000000000000e+03 6.630519999999999747e-01
1.900000000000000000e+03 7.076999999999998847e-01
2.000000000000000000e+03 6.751599999999999824e-01
2.100000000000000000e+03 7.010160000000000835e-01
2.200000000000000000e+03 7.312120000000000841e-01
2.300000000000000000e+03 6.889640000000001319e-01
2.400000000000000000e+03 7.070680000000000298e-01
2.500000000000000000e+03 7.281599999999999184e-01
2.600000000000000000e+03 7.037639999999999452e-01
2.700000000000000000e+03 7.120199999999999863e-01
2.800000000000000000e+03 7.466939999999999689e-01
2.900000000000000000e+03 7.491039999999999921e-01
3.000000000000000000e+03 7.410239999999999050e-01
3.100000000000000000e+03 7.438080000000000247e-01
3.200000000000000000e+03 7.472400000000000153e-01
3.300000000000000000e+03 7.258640000000000647e-01
3.400000000000000000e+03 7.886439999999999007e-01
3.500000000000000000e+03 7.562999999999999723e-01
3.600000000000000000e+03 7.516519999999999868e-01
3.700000000000000000e+03 8.041959999999997999e-01
3.800000000000000000e+03 7.853520000000000501e-01
3.900000000000000000e+03 8.258479999999999155e-01
4.000000000000000000e+03 7.771679999999999700e-01
4.100000000000000000e+03 8.089040000000000674e-01
4.200000000000000000e+03 8.147120000000001028e-01
4.300000000000000000e+03 7.911879999999998914e-01
4.400000000000000000e+03 8.135399999999999299e-01
4.500000000000000000e+03 8.331800000000000317e-01
4.600000000000000000e+03 7.881719999999999837e-01
4.700000000000000000e+03 8.176959999999999784e-01
4.800000000000000000e+03 8.364719999999999933e-01
4.900000000000000000e+03 8.431440000000000046e-01
5.000000000000000000e+03 8.322479999999999878e-01
5.100000000000000000e+03 8.440320000000000045e-01
5.200000000000000000e+03 8.472240000000000881e-01
5.300000000000000000e+03 8.725800000000000223e-01
5.400000000000000000e+03 8.469480000000000341e-01
5.500000000000000000e+03 8.454959999999999143e-01
5.600000000000000000e+03 8.511840000000000517e-01
5.700000000000000000e+03 8.636799999999998922e-01
5.800000000000000000e+03 8.831240000000000201e-01
5.900000000000000000e+03 8.745439999999999880e-01
6.000000000000000000e+03 8.604199999999999626e-01
6.100000000000000000e+03 8.661800000000000610e-01
6.200000000000000000e+03 8.720239999999999103e-01
6.300000000000000000e+03 8.753279999999998839e-01
6.400000000000000000e+03 8.878000000000000336e-01
6.500000000000000000e+03 8.868640000000000967e-01
6.600000000000000000e+03 8.932799999999998519e-01
6.700000000000000000e+03 8.850119999999999099e-01
6.800000000000000000e+03 9.019920000000001270e-01
6.900000000000000000e+03 8.959759999999999946e-01
7.000000000000000000e+03 8.974239999999999995e-01
7.100000000000000000e+03 9.116679999999999229e-01
7.200000000000000000e+03 8.963880000000000736e-01
7.300000000000000000e+03 9.022279999999999189e-01
7.400000000000000000e+03 8.987199999999999633e-01
7.500000000000000000e+03 9.015880000000000560e-01
7.600000000000000000e+03 9.083120000000000083e-01
7.700000000000000000e+03 9.260519999999999863e-01
7.800000000000000000e+03 9.261360000000000703e-01
7.900000000000000000e+03 9.115640000000000409e-01
8.000000000000000000e+03 9.278520000000001211e-01
8.100000000000000000e+03 9.259959999999999303e-01
8.200000000000000000e+03 9.209679999999998978e-01
8.300000000000000000e+03 9.206640000000000379e-01
8.400000000000000000e+03 9.244719999999999605e-01
8.500000000000000000e+03 9.168760000000000243e-01
8.600000000000000000e+03 9.165200000000000014e-01
8.700000000000000000e+03 9.183319999999999261e-01
8.800000000000000000e+03 9.317359999999998976e-01
8.900000000000000000e+03 9.296479999999998078e-01
9.000000000000000000e+03 9.278919999999999391e-01
9.100000000000000000e+03 9.194600000000000550e-01
9.200000000000000000e+03 9.314280000000001447e-01
9.300000000000000000e+03 9.240920000000000245e-01
9.400000000000000000e+03 9.390999999999999348e-01
9.500000000000000000e+03 9.187359999999999971e-01
9.600000000000000000e+03 9.295919999999999739e-01
9.700000000000000000e+03 9.339039999999999564e-01
9.800000000000000000e+03 9.496200000000000196e-01
9.900000000000000000e+03 9.457000000000000961e-01
1.000000000000000000e+04 9.226079999999999837e-01
1.010000000000000000e+04 9.429480000000000084e-01
1.020000000000000000e+04 9.337280000000000024e-01
1.030000000000000000e+04 9.430560000000000054e-01
1.040000000000000000e+04 9.384559999999999569e-01
1.050000000000000000e+04 9.459239999999999871e-01
1.060000000000000000e+04 9.241679999999999895e-01
1.070000000000000000e+04 9.350199999999999623e-01
1.080000000000000000e+04 9.342039999999999234e-01
1.090000000000000000e+04 9.452640000000001042e-01
1.100000000000000000e+04 9.445840000000000902e-01
1.110000000000000000e+04 9.420079999999999565e-01
1.120000000000000000e+04 9.466319999999999180e-01
1.130000000000000000e+04 9.418480000000000185e-01
1.140000000000000000e+04 9.397799999999999487e-01
1.150000000000000000e+04 9.380680000000000129e-01
1.160000000000000000e+04 9.449639999999999151e-01
1.170000000000000000e+04 9.544519999999999671e-01
1.180000000000000000e+04 9.400839999999999197e-01
1.190000000000000000e+04 9.362959999999999061e-01
1.200000000000000000e+04 9.385920000000000929e-01
1.210000000000000000e+04 9.475679999999998548e-01
1.220000000000000000e+04 9.518759999999999444e-01
1.230000000000000000e+04 9.476999999999999869e-01
1.240000000000000000e+04 9.462399999999999700e-01
1.250000000000000000e+04 9.445120000000001292e-01
1.260000000000000000e+04 9.488240000000000007e-01
1.270000000000000000e+04 9.466879999999999740e-01
1.280000000000000000e+04 9.477079999999999949e-01
1.290000000000000000e+04 9.593039999999999345e-01
1.300000000000000000e+04 9.506400000000000405e-01
1.310000000000000000e+04 9.430040000000000644e-01
1.320000000000000000e+04 9.504039999999998045e-01
1.330000000000000000e+04 9.456840000000000801e-01
1.340000000000000000e+04 9.482479999999999798e-01
1.350000000000000000e+04 9.455559999999998411e-01
1.360000000000000000e+04 9.360080000000000622e-01
1.370000000000000000e+04 9.572280000000000788e-01
1.380000000000000000e+04 9.621519999999998962e-01
1.390000000000000000e+04 9.415480000000000516e-01
1.400000000000000000e+04 9.606000000000001204e-01
1.410000000000000000e+04 9.495279999999999276e-01
1.420000000000000000e+04 9.447799999999999532e-01
1.430000000000000000e+04 9.459800000000000431e-01
1.440000000000000000e+04 9.572279999999999678e-01
1.450000000000000000e+04 9.484399999999999498e-01
1.460000000000000000e+04 9.550440000000000040e-01
1.470000000000000000e+04 9.506759999999999655e-01
1.480000000000000000e+04 9.479599999999999138e-01
1.490000000000000000e+04 9.634719999999999951e-01
1.500000000000000000e+04 9.417520000000000335e-01
1.510000000000000000e+04 9.413919999999998955e-01
1.520000000000000000e+04 9.554439999999999600e-01
1.530000000000000000e+04 9.627959999999999852e-01
1.540000000000000000e+04 9.486479999999999357e-01
1.550000000000000000e+04 9.573439999999999728e-01
1.560000000000000000e+04 9.539159999999998751e-01
1.570000000000000000e+04 9.628600000000000492e-01
1.580000000000000000e+04 9.424720000000000875e-01
1.590000000000000000e+04 9.470199999999999729e-01
1.600000000000000000e+04 9.555160000000000320e-01
1.610000000000000000e+04 9.432679999999999954e-01
1.620000000000000000e+04 9.539839999999999431e-01
1.630000000000000000e+04 9.570519999999997918e-01
1.640000000000000000e+04 9.524080000000000323e-01
1.650000000000000000e+04 9.341559999999999864e-01
1.660000000000000000e+04 9.504599999999999715e-01
1.670000000000000000e+04 9.546760000000000801e-01
1.680000000000000000e+04 9.471399999999999819e-01
1.690000000000000000e+04 9.526840000000000863e-01
1.700000000000000000e+04 9.555279999999999330e-01
1.710000000000000000e+04 9.553239999999999510e-01
1.720000000000000000e+04 9.458479999999999110e-01
1.730000000000000000e+04 9.448879999999999502e-01
1.740000000000000000e+04 9.526800000000000823e-01
1.750000000000000000e+04 9.416479999999999295e-01
1.760000000000000000e+04 9.491559999999999997e-01
1.770000000000000000e+04 9.382679999999999909e-01
1.780000000000000000e+04 9.526599999999999513e-01
1.790000000000000000e+04 9.468719999999999359e-01
1.800000000000000000e+04 9.590720000000000356e-01
1.810000000000000000e+04 9.612359999999999793e-01
1.820000000000000000e+04 9.390679999999999028e-01
1.830000000000000000e+04 9.500960000000000516e-01
1.840000000000000000e+04 9.526159999999999073e-01
1.850000000000000000e+04 9.610119999999999774e-01
1.860000000000000000e+04 9.568479999999999208e-01
1.870000000000000000e+04 9.450759999999998051e-01
1.880000000000000000e+04 9.591760000000000286e-01
1.890000000000000000e+04 9.523439999999998573e-01
1.900000000000000000e+04 9.504920000000000035e-01
1.910000000000000000e+04 9.419119999999999715e-01
1.920000000000000000e+04 9.469839999999999369e-01
1.930000000000000000e+04 9.537240000000000162e-01
1.940000000000000000e+04 9.510919999999999375e-01
1.950000000000000000e+04 9.496719999999999606e-01
1.960000000000000000e+04 9.566840000000000899e-01
1.970000000000000000e+04 9.532720000000000082e-01
1.980000000000000000e+04 9.460800000000000320e-01
1.990000000000000000e+04 9.512119999999999465e-01
2.000000000000000000e+04 9.657120000000000148e-01
2.010000000000000000e+04 9.543800000000000061e-01
2.020000000000000000e+04 9.492639999999999967e-01
2.030000000000000000e+04 9.514799999999999924e-01
2.040000000000000000e+04 9.361319999999999641e-01
2.050000000000000000e+04 9.543360000000000731e-01
2.060000000000000000e+04 9.527839999999999643e-01
2.070000000000000000e+04 9.387959999999999638e-01
2.080000000000000000e+04 9.554519999999999680e-01
2.090000000000000000e+04 9.577199999999999047e-01
2.100000000000000000e+04 9.609919999999999574e-01
2.110000000000000000e+04 9.497960000000000846e-01
2.120000000000000000e+04 9.492880000000001317e-01
2.130000000000000000e+04 9.479319999999999968e-01
2.140000000000000000e+04 9.619360000000000133e-01
2.150000000000000000e+04 9.595120000000000315e-01
2.160000000000000000e+04 9.539279999999999982e-01
2.170000000000000000e+04 9.513880000000001225e-01
2.180000000000000000e+04 9.506160000000000165e-01
2.190000000000000000e+04 9.538480000000000292e-01
2.200000000000000000e+04 9.463439999999999630e-01
2.210000000000000000e+04 9.604240000000000554e-01
2.220000000000000000e+04 9.537639999999999452e-01
2.230000000000000000e+04 9.521760000000000224e-01
2.240000000000000000e+04 9.594280000000000586e-01
2.250000000000000000e+04 9.595160000000000355e-01
2.260000000000000000e+04 9.483519999999999728e-01
2.270000000000000000e+04 9.572399999999998688e-01
2.280000000000000000e+04 9.524799999999999933e-01
2.290000000000000000e+04 9.517320000000000224e-01
2.300000000000000000e+04 9.581959999999999367e-01
2.310000000000000000e+04 9.607120000000000104e-01
2.320000000000000000e+04 9.569039999999999768e-01
2.330000000000000000e+04 9.549039999999999750e-01
2.340000000000000000e+04 9.527999999999999803e-01
2.350000000000000000e+04 9.517279999999999074e-01
2.360000000000000000e+04 9.436840000000000783e-01
2.370000000000000000e+04 9.512999999999999234e-01
2.380000000000000000e+04 9.527839999999998533e-01
2.390000000000000000e+04 9.612040000000000584e-01
2.400000000000000000e+04 9.588600000000000456e-01
2.410000000000000000e+04 9.639480000000000270e-01
2.420000000000000000e+04 9.505440000000001666e-01
2.430000000000000000e+04 9.601800000000000335e-01
2.440000000000000000e+04 9.510160000000000835e-01
2.450000000000000000e+04 9.514040000000001385e-01
2.460000000000000000e+04 9.642360000000000930e-01
2.470000000000000000e+04 9.629479999999999151e-01
2.480000000000000000e+04 9.594120000000000426e-01
2.490000000000000000e+04 9.492880000000000207e-01
2.500000000000000000e+04 9.534359999999999502e-01
2.510000000000000000e+04 9.596559999999999535e-01
2.520000000000000000e+04 9.493040000000001477e-01
2.530000000000000000e+04 9.471519999999999939e-01
2.540000000000000000e+04 9.520159999999999734e-01
2.550000000000000000e+04 9.497280000000000166e-01
2.560000000000000000e+04 9.569320000000000048e-01
2.570000000000000000e+04 9.483600000000000918e-01
2.580000000000000000e+04 9.515079999999999094e-01
2.590000000000000000e+04 9.547600000000000531e-01
2.600000000000000000e+04 9.543919999999999071e-01
2.610000000000000000e+04 9.507879999999999665e-01
2.620000000000000000e+04 9.471040000000000569e-01
2.630000000000000000e+04 9.588119999999999976e-01
2.640000000000000000e+04 9.530560000000000143e-01
2.650000000000000000e+04 9.512559999999998794e-01
2.660000000000000000e+04 9.606799999999999784e-01
2.670000000000000000e+04 9.476199999999999068e-01
2.680000000000000000e+04 9.625840000000001062e-01
2.690000000000000000e+04 9.467639999999999390e-01
2.700000000000000000e+04 9.555879999999998820e-01
2.710000000000000000e+04 9.505660000000000220e-01
2.720000000000000000e+04 9.596999999999999975e-01
2.730000000000000000e+04 9.566920000000000979e-01
2.740000000000000000e+04 9.522599999999999953e-01
2.750000000000000000e+04 9.505039999999999045e-01
2.760000000000000000e+04 9.557240000000000180e-01
2.770000000000000000e+04 9.549280000000001101e-01
2.780000000000000000e+04 9.595319999999998295e-01
2.790000000000000000e+04 9.614560000000000883e-01
2.800000000000000000e+04 9.619839999999999502e-01
2.810000000000000000e+04 9.539600000000001412e-01
2.820000000000000000e+04 9.553160000000000540e-01
2.830000000000000000e+04 9.542120000000000601e-01
2.840000000000000000e+04 9.538839999999999542e-01
2.850000000000000000e+04 9.548599999999998200e-01
2.860000000000000000e+04 9.480959999999999388e-01
2.870000000000000000e+04 9.547160000000000091e-01
2.880000000000000000e+04 9.511799999999999145e-01
2.890000000000000000e+04 9.534719999999999862e-01
2.900000000000000000e+04 9.514919999999998934e-01
2.910000000000000000e+04 9.416600000000000525e-01
2.920000000000000000e+04 9.608600000000000474e-01
2.930000000000000000e+04 9.481399999999998718e-01
2.940000000000000000e+04 9.555440000000000600e-01
2.950000000000000000e+04 9.465839999999999810e-01
2.960000000000000000e+04 9.544280000000000541e-01
2.970000000000000000e+04 9.570400000000000018e-01
2.980000000000000000e+04 9.519440000000000124e-01
2.990000000000000000e+04 9.501039999999999486e-01
3.000000000000000000e+04 9.620199999999999863e-01
