0.000000000000000000e+00 5.130907788933394276e-01
1.000000000000000000e+02 3.928978976769534892e-01
2.000000000000000000e+02 3.962466300307615485e-01
3.000000000000000000e+02 4.833561314255920838e-01
4.000000000000000000e+02 5.484608687197890520e-01
5.000000000000000000e+02 5.866056541915555256e-01
6.000000000000000000e+02 6.291843718669936081e-01
7.000000000000000000e+02 6.420488189121880129e-01
8.000000000000000000e+02 6.552448039279494818e-01
9.000000000000000000e+02 7.118992271553263862e-01
1.000000000000000000e+03 6.806117438524321717e-01
1.100000000000000000e+03 7.189465770980114634e-01
1.200000000000000000e+03 7.314065836842693624e-01
1.300000000000000000e+03 7.129780518561631419e-01
1.400000000000000000e+03 7.467335371783710984e-01
1.500000000000000000e+03 7.718123306707416198e-01
1.600000000000000000e+03 7.441321905074000931e-01
1.700000000000000000e+03 7.383170327136028277e-01
1.800000000000000000e+03 7.483815946316298984e-01
1.900000000000000000e+03 7.535300303066244654e-01
2.000000000000000000e+03 7.724741670841546171e-01
2.100000000000000000e+03 7.672822369137617393e-01
2.200000000000000000e+03 7.540065734557992450e-01
2.300000000000000000e+03 7.900914465005284271e-01
2.400000000000000000e+03 7.732110912887968368e-01
2.500000000000000000e+03 7.691594333284987872e-01
2.600000000000000000e+03 7.814182894621782838e-01
2.700000000000000000e+03 7.896124269454363187e-01
2.800000000000000000e+03 7.994286784391906320e-01
2.900000000000000000e+03 8.045017850754500044e-01
3.000000000000000000e+03 8.062966332043931539e-01
3.100000000000000000e+03 8.047659854795505829e-01
3.200000000000000000e+03 8.028136852223205500e-01
3.300000000000000000e+03 8.050056242789535021e-01
3.400000000000000000e+03 7.917221107761225340e-01
3.500000000000000000e+03 8.327518084291976042e-01
3.600000000000000000e+03 8.259949996307589526e-01
3.700000000000000000e+03 8.365370531243238039e-01
3.800000000000000000e+03 8.320474707308721518e-01
3.900000000000000000e+03 8.366356041206441940e-01
4.000000000000000000e+03 8.348970637705898090e-01
4.100000000000000000e+03 8.335325575444301194e-01
4.200000000000000000e+03 8.218359923993134863e-01
4.300000000000000000e+03 8.228367214290976950e-01
4.400000000000000000e+03 7.894233127620093882e-01
4.500000000000000000e+03 8.341034698549651960e-01
4.600000000000000000e+03 8.015507232561190909e-01
4.700000000000000000e+03 8.378624785561121779e-01
4.800000000000000000e+03 8.335224395255393937e-01
4.900000000000000000e+03 8.393724828951847350e-01
5.000000000000000000e+03 8.214043782043141118e-01
5.100000000000000000e+03 8.401336147675454447e-01
5.200000000000000000e+03 8.532487408173281551e-01
5.300000000000000000e+03 8.542743443112170709e-01
5.400000000000000000e+03 8.577003080035416893e-01
5.500000000000000000e+03 8.360496263152006335e-01
5.600000000000000000e+03 8.752257224162495186e-01
5.700000000000000000e+03 8.429750728321467879e-01
5.800000000000000000e+03 8.562280167503755202e-01
5.900000000000000000e+03 8.521304263195688122e-01
6.000000000000000000e+03 8.321629134501731251e-01
6.100000000000000000e+03 8.547686829265901398e-01
6.200000000000000000e+03 8.699866997607015318e-01
6.300000000000000000e+03 8.657187754373155686e-01
6.400000000000000000e+03 8.757023799881530346e-01
6.500000000000000000e+03 8.514123894785143865e-01
6.600000000000000000e+03 8.627938232605311120e-01
6.700000000000000000e+03 8.485759862897319650e-01
6.800000000000000000e+03 8.589957672714143566e-01
6.900000000000000000e+03 8.450950306022068093e-01
7.000000000000000000e+03 8.739907745486896751e-01
7.100000000000000000e+03 8.736723210582766352e-01
7.200000000000000000e+03 8.673724165545101394e-01
7.300000000000000000e+03 8.691875263556209097e-01
7.400000000000000000e+03 8.708674383640195860e-01
7.500000000000000000e+03 8.785617730226908950e-01
7.600000000000000000e+03 8.802105042981005489e-01
7.700000000000000000e+03 8.660549362113221239e-01
7.800000000000000000e+03 8.698004851731450104e-01
7.900000000000000000e+03 8.780095360426207751e-01
8.000000000000000000e+03 8.855015664569572120e-01
8.100000000000000000e+03 8.698855216265590773e-01
8.200000000000000000e+03 8.935826071635517565e-01
8.300000000000000000e+03 8.633254067976069424e-01
8.400000000000000000e+03 8.769312846734425015e-01
8.500000000000000000e+03 8.800079033553269703e-01
8.600000000000000000e+03 8.615848046156697748e-01
8.700000000000000000e+03 8.694544436756310724e-01
8.800000000000000000e+03 8.786575710893362867e-01
8.900000000000000000e+03 8.817131875681576414e-01
9.000000000000000000e+03 8.982655320873658145e-01
9.100000000000000000e+03 8.704326395699121255e-01
9.200000000000000000e+03 8.847323542013114661e-01
9.300000000000000000e+03 8.895754419779917654e-01
9.400000000000000000e+03 8.851069057903075965e-01
9.500000000000000000e+03 8.869072247967710876e-01
9.600000000000000000e+03 8.972498501757772971e-01
9.700000000000000000e+03 8.739690385361867930e-01
9.800000000000000000e+03 8.881586773379217536e-01
9.900000000000000000e+03 8.994066548189032506e-01
1.000000000000000000e+04 8.715188604211866474e-01
1.010000000000000000e+04 8.851670284594949090e-01
1.020000000000000000e+04 8.872735420929953598e-01
1.030000000000000000e+04 8.845416589633163795e-01
1.040000000000000000e+04 8.772067062509478763e-01
1.050000000000000000e+04 8.914723364523486904e-01
1.060000000000000000e+04 8.896628279289473529e-01
1.070000000000000000e+04 8.868911387977207461e-01
1.080000000000000000e+04 8.845812951648988065e-01
1.090000000000000000e+04 8.918955878451093611e-01
1.100000000000000000e+04 8.838663944913136561e-01
1.110000000000000000e+04 8.834122772867560869e-01
1.120000000000000000e+04 8.886808682730780173e-01
1.130000000000000000e+04 8.978422139320854090e-01
1.140000000000000000e+04 8.766901631395912498e-01
1.150000000000000000e+04 8.641778856457880131e-01
1.160000000000000000e+04 8.897013228009468255e-01
1.170000000000000000e+04 9.088396731392800465e-01
1.180000000000000000e+04 9.042942236901945208e-01
1.190000000000000000e+04 8.844455445675539762e-01
1.200000000000000000e+04 8.942712153709297951e-01
1.210000000000000000e+04 9.007014692819347301e-01
1.220000000000000000e+04 8.881693441799366484e-01
1.230000000000000000e+04 8.893931932614347335e-01
1.240000000000000000e+04 8.940691764897777949e-01
1.250000000000000000e+04 8.903202054846426350e-01
1.260000000000000000e+04 8.898921014046773381e-01
1.270000000000000000e+04 8.939883449158567696e-01
1.280000000000000000e+04 8.697300874378749436e-01
1.290000000000000000e+04 8.952045627693269170e-01
1.300000000000000000e+04 8.840104308645867492e-01
1.310000000000000000e+04 8.978130512225039883e-01
1.320000000000000000e+04 8.915182913654735586e-01
1.330000000000000000e+04 8.992165905636857470e-01
1.340000000000000000e+04 8.980820082098843748e-01
1.350000000000000000e+04 9.163560896803188971e-01
1.360000000000000000e+04 8.863653338635397727e-01
1.370000000000000000e+04 8.913575325023030960e-01
1.380000000000000000e+04 8.959725080774056938e-01
1.390000000000000000e+04 8.951365037592285967e-01
1.400000000000000000e+04 9.024024329880817596e-01
1.410000000000000000e+04 9.043870714447628245e-01
1.420000000000000000e+04 9.003330802332646376e-01
1.430000000000000000e+04 9.008075077922380602e-01
1.440000000000000000e+04 9.040890596182658001e-01
1.450000000000000000e+04 9.183497372052089602e-01
1.460000000000000000e+04 8.997392236530228349e-01
1.470000000000000000e+04 8.910807163477333370e-01
1.480000000000000000e+04 9.096774027402412255e-01
1.490000000000000000e+04 9.170157034101069637e-01
1.500000000000000000e+04 8.988154499223077742e-01
1.510000000000000000e+04 9.053978941465969932e-01
1.520000000000000000e+04 9.067263772502193175e-01
1.530000000000000000e+04 9.099325061845892071e-01
1.540000000000000000e+04 9.145989418452020736e-01
1.550000000000000000e+04 9.154430299239718627e-01
1.560000000000000000e+04 9.069995742139909112e-01
1.570000000000000000e+04 8.911311733761612119e-01
1.580000000000000000e+04 8.971416198498387562e-01
1.590000000000000000e+04 9.188451344941926946e-01
1.600000000000000000e+04 9.122755191074278791e-01
1.610000000000000000e+04 9.168495633484606833e-01
1.620000000000000000e+04 8.945827397018362159e-01
1.630000000000000000e+04 9.088855007907279404e-01
1.640000000000000000e+04 9.130129254099996761e-01
1.650000000000000000e+04 8.930627939662818537e-01
1.660000000000000000e+04 9.023077730827689935e-01
1.670000000000000000e+04 9.067265246447909766e-01
1.680000000000000000e+04 9.062462092642857847e-01
1.690000000000000000e+04 9.014651594480787011e-01
1.700000000000000000e+04 9.165927491596342902e-01
1.710000000000000000e+04 9.091561120929776418e-01
1.720000000000000000e+04 9.111677304460534810e-01
1.730000000000000000e+04 9.151246734838336394e-01
1.740000000000000000e+04 8.982984570159449067e-01
1.750000000000000000e+04 9.173324396578277362e-01
1.760000000000000000e+04 9.141278221150246353e-01
1.770000000000000000e+04 9.038225643049127012e-01
1.780000000000000000e+04 9.010352128775301894e-01
1.790000000000000000e+04 9.005285665494826564e-01
1.800000000000000000e+04 8.963106917299894505e-01
1.810000000000000000e+04 9.152533044586343980e-01
1.820000000000000000e+04 9.159211257333734757e-01
1.830000000000000000e+04 9.067513341711770369e-01
1.840000000000000000e+04 9.151489130966894425e-01
1.850000000000000000e+04 9.140920618595133051e-01
1.860000000000000000e+04 9.259406408755070927e-01
1.870000000000000000e+04 9.112848361377063888e-01
1.880000000000000000e+04 9.064870429703999477e-01
1.890000000000000000e+04 9.037270036746536395e-01
1.900000000000000000e+04 9.069803963911099443e-01
1.910000000000000000e+04 8.916861424066802044e-01
1.920000000000000000e+04 9.071285627437961629e-01
1.930000000000000000e+04 9.175105695978782450e-01
1.940000000000000000e+04 9.069525649836465142e-01
1.950000000000000000e+04 9.129225654201035267e-01
1.960000000000000000e+04 9.307067445196728350e-01
1.970000000000000000e+04 9.176712033365058696e-01
1.980000000000000000e+04 8.982796321006151219e-01
1.990000000000000000e+04 8.878790692386990813e-01
2.000000000000000000e+04 9.141528265020921751e-01
2.010000000000000000e+04 9.106599815642469897e-01
2.020000000000000000e+04 9.163031015523226408e-01
2.030000000000000000e+04 9.230068778356412817e-01
2.040000000000000000e+04 9.197716144914775960e-01
2.050000000000000000e+04 9.292364170968843151e-01
2.060000000000000000e+04 8.926692560675186794e-01
2.070000000000000000e+04 9.098917402750851258e-01
2.080000000000000000e+04 9.208340718074705666e-01
2.090000000000000000e+04 9.184043554768144269e-01
2.100000000000000000e+04 9.099341870963835177e-01
2.110000000000000000e+04 9.115515280339193671e-01
2.120000000000000000e+04 9.294785272737102755e-01
2.130000000000000000e+04 9.257386204788911055e-01
2.140000000000000000e+04 9.242525159399496149e-01
2.150000000000000000e+04 9.021138774384492853e-01
2.160000000000000000e+04 9.065008763346940057e-01
2.170000000000000000e+04 9.237599798209477076e-01
2.180000000000000000e+04 9.065821831249649687e-01
2.190000000000000000e+04 9.210210167687135074e-01
2.200000000000000000e+04 9.108451746980300578e-01
2.210000000000000000e+04 9.187796147052483819e-01
2.220000000000000000e+04 9.126154032133384497e-01
2.230000000000000000e+04 9.233815174800071857e-01
2.240000000000000000e+04 9.198489440518839988e-01
2.250000000000000000e+04 9.095364162516248463e-01
2.260000000000000000e+04 9.155149441486324369e-01
2.270000000000000000e+04 9.230465283926405640e-01
2.280000000000000000e+04 9.114604544157058896e-01
2.290000000000000000e+04 9.136142598463873332e-01
2.300000000000000000e+04 8.907342346309761183e-01
2.310000000000000000e+04 9.211245710299348355e-01
2.320000000000000000e+04 9.122113990820708285e-01
2.330000000000000000e+04 9.043378166633906368e-01
2.340000000000000000e+04 9.146075497178116631e-01
2.350000000000000000e+04 9.232836584346099107e-01
2.360000000000000000e+04 9.164436166816896101e-01
2.370000000000000000e+04 9.030604088326077417e-01
2.380000000000000000e+04 9.115030853022441093e-01
2.390000000000000000e+04 8.947073240346178347e-01
2.400000000000000000e+04 9.197992839302805423e-01
2.410000000000000000e+04 9.148934136592077326e-01
2.420000000000000000e+04 9.156188060632892700e-01
2.430000000000000000e+04 9.066687330016751645e-01
2.440000000000000000e+04 9.262990189806974417e-01
2.450000000000000000e+04 9.083755186651065738e-01
2.460000000000000000e+04 9.122483929285906123e-01
2.470000000000000000e+04 8.981807387037178403e-01
2.480000000000000000e+04 8.951838824457380994e-01
2.490000000000000000e+04 9.228422420000286230e-01
2.500000000000000000e+04 9.204231428885477628e-01
2.510000000000000000e+04 9.246669370801474663e-01
2.520000000000000000e+04 9.106965818500400989e-01
2.530000000000000000e+04 9.187234519930957966e-01
2.540000000000000000e+04 9.322998523811988347e-01
2.550000000000000000e+04 9.248889704138260059e-01
2.560000000000000000e+04 9.320328736538188164e-01
2.570000000000000000e+04 9.189807522716205712e-01
2.580000000000000000e+04 9.052722973693243524e-01
2.590000000000000000e+04 9.236105729955752519e-01
2.600000000000000000e+04 9.090107576244603749e-01
2.610000000000000000e+04 9.300387862889988311e-01
2.620000000000000000e+04 9.209403747058116929e-01
2.630000000000000000e+04 9.043858267839218756e-01
2.640000000000000000e+04 9.149548059512876419e-01
2.650000000000000000e+04 9.295622608891264127e-01
2.660000000000000000e+04 9.335211553315155841e-01
2.670000000000000000e+04 9.260540478540851828e-01
2.680000000000000000e+04 9.252884116031603323e-01
2.690000000000000000e+04 9.051322392431777608e-01
2.700000000000000000e+04 9.011000994982055756e-01
2.710000000000000000e+04 9.241208383767198775e-01
2.720000000000000000e+04 9.152383624755914271e-01
2.730000000000000000e+04 9.203731544162088163e-01
2.740000000000000000e+04 9.141669187375607297e-01
2.750000000000000000e+04 9.232972265208507778e-01
2.760000000000000000e+04 9.162175385586008858e-01
2.770000000000000000e+04 9.282414915710031078e-01
2.780000000000000000e+04 9.147180943387633878e-01
2.790000000000000000e+04 8.967948370577947248e-01
2.800000000000000000e+04 9.249298621678795351e-01
2.810000000000000000e+04 9.246449858005625355e-01
2.820000000000000000e+04 9.183661050096044720e-01
2.830000000000000000e+04 9.220594558475935232e-01
2.840000000000000000e+04 9.229637361156809439e-01
2.850000000000000000e+04 9.201948338243350900e-01
2.860000000000000000e+04 9.168621331668534991e-01
2.870000000000000000e+04 9.044553295761379452e-01
2.880000000000000000e+04 9.256212377933152879e-01
2.890000000000000000e+04 9.184091720007940829e-01
2.900000000000000000e+04 9.247494752735895274e-01
2.910000000000000000e+04 9.097341966455990692e-01
2.920000000000000000e+04 9.293927314500833869e-01
2.930000000000000000e+04 9.238858141288229797e-01
2.940000000000000000e+04 9.069854255409670607e-01
2.950000000000000000e+04 9.245852163373661226e-01
2.960000000000000000e+04 9.074481302676924432e-01
2.970000000000000000e+04 9.336141537931850198e-01
2.980000000000000000e+04 9.049786705836547762e-01
2.990000000000000000e+04 9.269259539014753635e-01
3.000000000000000000e+04 9.044406670447145968e-01
