0.000000000000000000e+00 5.243400000000000283e-01
1.000000000000000000e+02 3.272359999999999713e-01
2.000000000000000000e+02 3.471480000000000121e-01
3.000000000000000000e+02 4.926880000000000148e-01
4.000000000000000000e+02 5.787599999999999412e-01
5.000000000000000000e+02 6.116040000000000365e-01
6.000000000000000000e+02 6.247000000000000330e-01
7.000000000000000000e+02 6.400239999999999263e-01
8.000000000000000000e+02 6.360239999999999227e-01
9.000000000000000000e+02 6.999839999999998286e-01
1.000000000000000000e+03 6.687760000000000371e-01
1.100000000000000000e+03 6.900279999999999747e-01
1.200000000000000000e+03 6.941040000000000543e-01
1.300000000000000000e+03 6.789999999999999369e-01
1.400000000000000000e+03 7.228519999999999390e-01
1.500000000000000000e+03 7.577840000000000131e-01
1.600000000000000000e+03 7.299960000000000893e-01
1.700000000000000000e+03 7.101239999999999775e-01
1.800000000000000000e+03 7.325959999999999139e-01
1.900000000000000000e+03 7.314999999999999281e-01
2.000000000000000000e+03 7.314880000000000271e-01
2.100000000000000000e+03 7.368360000000000465e-01
2.200000000000000000e+03 7.231360000000000010e-01
2.300000000000000000e+03 7.670319999999999361e-01
2.400000000000000000e+03 7.510879999999999779e-01
2.500000000000000000e+03 7.424879999999999258e-01
2.600000000000000000e+03 7.489759999999999751e-01
2.700000000000000000e+03 7.527479999999999727e-01
2.800000000000000000e+03 7.695640000000000258e-01
2.900000000000000000e+03 7.666680000000000161e-01
3.000000000000000000e+03 7.883639999999999537e-01
3.100000000000000000e+03 7.830000000000001403e-01
3.200000000000000000e+03 7.761719999999998620e-01
3.300000000000000000e+03 7.713039999999998786e-01
3.400000000000000000e+03 7.606760000000000188e-01
3.500000000000000000e+03 8.048319999999999919e-01
3.600000000000000000e+03 7.881999999999999007e-01
3.700000000000000000e+03 8.129119999999999679e-01
3.800000000000000000e+03 8.100800000000000223e-01
3.900000000000000000e+03 8.097360000000000113e-01
4.000000000000000000e+03 8.167559999999999265e-01
4.100000000000000000e+03 8.071880000000000166e-01
4.200000000000000000e+03 8.008879999999999333e-01
4.300000000000000000e+03 7.949880000000000280e-01
4.400000000000000000e+03 7.660320000000000462e-01
4.500000000000000000e+03 8.076480000000001436e-01
4.600000000000000000e+03 7.775680000000000369e-01
4.700000000000000000e+03 8.183460000000000178e-01
4.800000000000000000e+03 8.062160000000000437e-01
4.900000000000000000e+03 8.141959999999999198e-01
5.000000000000000000e+03 8.020599999999999952e-01
5.100000000000000000e+03 8.148279999999999967e-01
5.200000000000000000e+03 8.261680000000000135e-01
5.300000000000000000e+03 8.371680000000000232e-01
5.400000000000000000e+03 8.328200000000000047e-01
5.500000000000000000e+03 8.087239999999999984e-01
5.600000000000000000e+03 8.560360000000000191e-01
5.700000000000000000e+03 8.283080000000000442e-01
5.800000000000000000e+03 8.412879999999999248e-01
5.900000000000000000e+03 8.349919999999999565e-01
6.000000000000000000e+03 8.067440000000000166e-01
6.100000000000000000e+03 8.369479999999999142e-01
6.200000000000000000e+03 8.465279999999999472e-01
6.300000000000000000e+03 8.441200000000000925e-01
6.400000000000000000e+03 8.564039999999999431e-01
6.500000000000000000e+03 8.353279999999998484e-01
6.600000000000000000e+03 8.446839999999999904e-01
6.700000000000000000e+03 8.357399999999999274e-01
6.800000000000000000e+03 8.444199999999999484e-01
6.900000000000000000e+03 8.362360000000000904e-01
7.000000000000000000e+03 8.590160000000002238e-01
7.100000000000000000e+03 8.656399999999999650e-01
7.200000000000000000e+03 8.595559999999999867e-01
7.300000000000000000e+03 8.567279999999999340e-01
7.400000000000000000e+03 8.617679999999999785e-01
7.500000000000000000e+03 8.654479999999999951e-01
7.600000000000000000e+03 8.690280000000000227e-01
7.700000000000000000e+03 8.495560000000000889e-01
7.800000000000000000e+03 8.659039999999998960e-01
7.900000000000000000e+03 8.736079999999999401e-01
8.000000000000000000e+03 8.686359999999999637e-01
8.100000000000000000e+03 8.598120000000001317e-01
8.200000000000000000e+03 8.807639999999999914e-01
8.300000000000000000e+03 8.506719999999998727e-01
8.400000000000000000e+03 8.648000000000000131e-01
8.500000000000000000e+03 8.647679999999999811e-01
8.600000000000000000e+03 8.489959999999998619e-01
8.700000000000000000e+03 8.571079999999999810e-01
8.800000000000000000e+03 8.662879999999999470e-01
8.900000000000000000e+03 8.662640000000000340e-01
9.000000000000000000e+03 8.841039999999998900e-01
9.100000000000000000e+03 8.568520000000001691e-01
9.200000000000000000e+03 8.725680000000000103e-01
9.300000000000000000e+03 8.756599999999999939e-01
9.400000000000000000e+03 8.734199999999998631e-01
9.500000000000000000e+03 8.761120000000000019e-01
9.600000000000000000e+03 8.821680000000000632e-01
9.700000000000000000e+03 8.652600000000000291e-01
9.800000000000000000e+03 8.780000000000000027e-01
9.900000000000000000e+03 8.825840000000000352e-01
1.000000000000000000e+04 8.596559999999999757e-01
1.010000000000000000e+04 8.699120000000000186e-01
1.020000000000000000e+04 8.776800000000000157e-01
1.030000000000000000e+04 8.716080000000000494e-01
1.040000000000000000e+04 8.623119999999999674e-01
1.050000000000000000e+04 8.742879999999999541e-01
1.060000000000000000e+04 8.689759999999998596e-01
1.070000000000000000e+04 8.728159999999999252e-01
1.080000000000000000e+04 8.691680000000000517e-01
1.090000000000000000e+04 8.822959999999999692e-01
1.100000000000000000e+04 8.823479999999999102e-01
1.110000000000000000e+04 8.697359999999998426e-01
1.120000000000000000e+04 8.815759999999999152e-01
1.130000000000000000e+04 8.897239999999999593e-01
1.140000000000000000e+04 8.675199999999999578e-01
1.150000000000000000e+04 8.565199999999999481e-01
1.160000000000000000e+04 8.751519999999998189e-01
1.170000000000000000e+04 9.021479999999999499e-01
1.180000000000000000e+04 8.952080000000000037e-01
1.190000000000000000e+04 8.782039999999999846e-01
1.200000000000000000e+04 8.875960000000000516e-01
1.210000000000000000e+04 8.919999999999999041e-01
1.220000000000000000e+04 8.889759999999999884e-01
1.230000000000000000e+04 8.799480000000000635e-01
1.240000000000000000e+04 8.806479999999999864e-01
1.250000000000000000e+04 8.819319999999999382e-01
1.260000000000000000e+04 8.817239999999999522e-01
1.270000000000000000e+04 8.886040000000001715e-01
1.280000000000000000e+04 8.638679999999999692e-01
1.290000000000000000e+04 8.809719999999999773e-01
1.300000000000000000e+04 8.762440000000001339e-01
1.310000000000000000e+04 8.862680000000000557e-01
1.320000000000000000e+04 8.810719999999998553e-01
1.330000000000000000e+04 8.867839999999999057e-01
1.340000000000000000e+04 8.910080000000000222e-01
1.350000000000000000e+04 9.079479999999999773e-01
1.360000000000000000e+04 8.707880000000000065e-01
1.370000000000000000e+04 8.827960000000000251e-01
1.380000000000000000e+04 8.860279999999999268e-01
1.390000000000000000e+04 8.862119999999999997e-01
1.400000000000000000e+04 8.930799999999999850e-01
1.410000000000000000e+04 8.875840000000000396e-01
1.420000000000000000e+04 8.916279999999998651e-01
1.430000000000000000e+04 8.911799999999999722e-01
1.440000000000000000e+04 9.006840000000000401e-01
1.450000000000000000e+04 9.125159999999999938e-01
1.460000000000000000e+04 8.913240000000000052e-01
1.470000000000000000e+04 8.863159999999999927e-01
1.480000000000000000e+04 9.066000000000000725e-01
1.490000000000000000e+04 9.091199999999999282e-01
1.500000000000000000e+04 8.883320000000000105e-01
1.510000000000000000e+04 8.935079999999999689e-01
1.520000000000000000e+04 8.993400000000000283e-01
1.530000000000000000e+04 9.008640000000001091e-01
1.540000000000000000e+04 9.083999999999999853e-01
1.550000000000000000e+04 9.077399999999999913e-01
1.560000000000000000e+04 9.017319999999999780e-01
1.570000000000000000e+04 8.837079999999999380e-01
1.580000000000000000e+04 8.878199999999998315e-01
1.590000000000000000e+04 9.082040000000000113e-01
1.600000000000000000e+04 9.060840000000000005e-01
1.610000000000000000e+04 9.095640000000000391e-01
1.620000000000000000e+04 8.895080000000000764e-01
1.630000000000000000e+04 9.039719999999998867e-01
1.640000000000000000e+04 9.030639999999999779e-01
1.650000000000000000e+04 8.824239999999998751e-01
1.660000000000000000e+04 8.952719999999999567e-01
1.670000000000000000e+04 9.002599999999999492e-01
1.680000000000000000e+04 9.059840000000000115e-01
1.690000000000000000e+04 8.909040000000000292e-01
1.700000000000000000e+04 9.115560000000000329e-01
1.710000000000000000e+04 9.022719999999999629e-01
1.720000000000000000e+04 9.018599999999999950e-01
1.730000000000000000e+04 9.079840000000000133e-01
1.740000000000000000e+04 8.905159999999999743e-01
1.750000000000000000e+04 9.101359999999999451e-01
1.760000000000000000e+04 9.095959999999999601e-01
1.770000000000000000e+04 8.945599999999997998e-01
1.780000000000000000e+04 9.024400000000000199e-01
1.790000000000000000e+04 8.963320000000000176e-01
1.800000000000000000e+04 8.966640000000000166e-01
1.810000000000000000e+04 9.077479999999999993e-01
1.820000000000000000e+04 9.085119999999999862e-01
1.830000000000000000e+04 8.991280000000000383e-01
1.840000000000000000e+04 9.115759999999999419e-01
1.850000000000000000e+04 9.094800000000000662e-01
1.860000000000000000e+04 9.215359999999999108e-01
1.870000000000000000e+04 9.011240000000001471e-01
1.880000000000000000e+04 9.039199999999999458e-01
1.890000000000000000e+04 8.943200000000000038e-01
1.900000000000000000e+04 9.049960000000001337e-01
1.910000000000000000e+04 8.937359999999998639e-01
1.920000000000000000e+04 9.032839999999999758e-01
1.930000000000000000e+04 9.119240000000000679e-01
1.940000000000000000e+04 9.008479999999999821e-01
1.950000000000000000e+04 9.015199999999999880e-01
1.960000000000000000e+04 9.205160000000000009e-01
1.970000000000000000e+04 9.124239999999999018e-01
1.980000000000000000e+04 8.978319999999999634e-01
1.990000000000000000e+04 8.858479999999999688e-01
2.000000000000000000e+04 9.036560000000000148e-01
2.010000000000000000e+04 8.969599999999998685e-01
2.020000000000000000e+04 9.068719999999999004e-01
2.030000000000000000e+04 9.190320000000000711e-01
2.040000000000000000e+04 9.145919999999999606e-01
2.050000000000000000e+04 9.252640000000000864e-01
2.060000000000000000e+04 8.821719999999999562e-01
2.070000000000000000e+04 8.994920000000000693e-01
2.080000000000000000e+04 9.127239999999999798e-01
2.090000000000000000e+04 9.077520000000001144e-01
2.100000000000000000e+04 9.002599999999999492e-01
2.110000000000000000e+04 9.005760000000001542e-01
2.120000000000000000e+04 9.221439999999999637e-01
2.130000000000000000e+04 9.190799999999998970e-01
2.140000000000000000e+04 9.162119999999999154e-01
2.150000000000000000e+04 8.916920000000000401e-01
2.160000000000000000e+04 9.051080000000000236e-01
2.170000000000000000e+04 9.150279999999999525e-01
2.180000000000000000e+04 9.013879999999999670e-01
2.190000000000000000e+04 9.111080000000000290e-01
2.200000000000000000e+04 9.018440000000000900e-01
2.210000000000000000e+04 9.081719999999998683e-01
2.220000000000000000e+04 9.081439999999999513e-01
2.230000000000000000e+04 9.148399999999999865e-01
2.240000000000000000e+04 9.094080000000001052e-01
2.250000000000000000e+04 9.037960000000000438e-01
2.260000000000000000e+04 9.080799999999998873e-01
2.270000000000000000e+04 9.195160000000000000e-01
2.280000000000000000e+04 9.081639999999999713e-01
2.290000000000000000e+04 9.088039999999999452e-01
2.300000000000000000e+04 8.843159999999999910e-01
2.310000000000000000e+04 9.181479999999999642e-01
2.320000000000000000e+04 9.042679999999999607e-01
2.330000000000000000e+04 8.958359999999998546e-01
2.340000000000000000e+04 9.090840000000000032e-01
2.350000000000000000e+04 9.154599999999999405e-01
2.360000000000000000e+04 9.096479999999999011e-01
2.370000000000000000e+04 8.981360000000000454e-01
2.380000000000000000e+04 9.067560000000000064e-01
2.390000000000000000e+04 8.896999999999999353e-01
2.400000000000000000e+04 9.095919999999999561e-01
2.410000000000000000e+04 9.063359999999999195e-01
2.420000000000000000e+04 9.106840000000000490e-01
2.430000000000000000e+04 9.002279999999999172e-01
2.440000000000000000e+04 9.148480000000001056e-01
2.450000000000000000e+04 9.014680000000000470e-01
2.460000000000000000e+04 9.070319999999999494e-01
2.470000000000000000e+04 8.955239999999999867e-01
2.480000000000000000e+04 8.901000000000001133e-01
2.490000000000000000e+04 9.162679999999999714e-01
2.500000000000000000e+04 9.150279999999999525e-01
2.510000000000000000e+04 9.157959999999999434e-01
2.520000000000000000e+04 9.000079999999999192e-01
2.530000000000000000e+04 9.163639999999999564e-01
2.540000000000000000e+04 9.221440000000000747e-01
2.550000000000000000e+04 9.221199999999998287e-01
2.560000000000000000e+04 9.245319999999999094e-01
2.570000000000000000e+04 9.120919999999999028e-01
2.580000000000000000e+04 9.039839999999998987e-01
2.590000000000000000e+04 9.156520000000000215e-01
2.600000000000000000e+04 9.048439999999998706e-01
2.610000000000000000e+04 9.261759999999998882e-01
2.620000000000000000e+04 9.141919999999998936e-01
2.630000000000000000e+04 9.031480000000000619e-01
2.640000000000000000e+04 9.170720000000001093e-01
2.650000000000000000e+04 9.204159999999999009e-01
2.660000000000000000e+04 9.268440000000000012e-01
2.670000000000000000e+04 9.166520000000000223e-01
2.680000000000000000e+04 9.145879999999999566e-01
2.690000000000000000e+04 9.020119999999999250e-01
2.700000000000000000e+04 8.926080000000000680e-01
2.710000000000000000e+04 9.248960000000000514e-01
2.720000000000000000e+04 9.156399999999998984e-01
2.730000000000000000e+04 9.142960000000001086e-01
2.740000000000000000e+04 9.153319999999999235e-01
2.750000000000000000e+04 9.145959999999998535e-01
2.760000000000000000e+04 9.118519999999999959e-01
2.770000000000000000e+04 9.221039999999999237e-01
2.780000000000000000e+04 9.160159999999999414e-01
2.790000000000000000e+04 8.984719999999999374e-01
2.800000000000000000e+04 9.169399999999999773e-01
2.810000000000000000e+04 9.142479999999999496e-01
2.820000000000000000e+04 9.065079999999999805e-01
2.830000000000000000e+04 9.123759999999998538e-01
2.840000000000000000e+04 9.191759999999998820e-01
2.850000000000000000e+04 9.177559999999999052e-01
2.860000000000000000e+04 9.136520000000000197e-01
2.870000000000000000e+04 8.975920000000001675e-01
2.880000000000000000e+04 9.195880000000000720e-01
2.890000000000000000e+04 9.125679999999998238e-01
2.900000000000000000e+04 9.187400000000000011e-01
2.910000000000000000e+04 9.047320000000000917e-01
2.920000000000000000e+04 9.178640000000000132e-01
2.930000000000000000e+04 9.218159999999999688e-01
2.940000000000000000e+04 9.063440000000000385e-01
2.950000000000000000e+04 9.184519999999999351e-01
2.960000000000000000e+04 9.042080000000000117e-01
2.970000000000000000e+04 9.244959999999999845e-01
2.980000000000000000e+04 9.050400000000000666e-01
2.990000000000000000e+04 9.179160000000001762e-01
3.000000000000000000e+04 8.961679999999999646e-01
