0
1
2
3
6
7
9
10
11
12
15
17
18
19
20
21
23
24
25
26
31
32
33
34
35
36
37
38
43
44
45
46
47
50
53
54
55
56
57
59
61
63
65
66
67
71
72
74
76
78
79
80
81
82
86
90
91
92
93
100
101
103
104
108
110
111
113
114
115
120
121
123
124
128
131
132
133
135
136
137
138
139
142
143
146
147
148
149
151
153
154
155
156
157
158
160
161
162
164
166
169
173
175
177
179
180
181
182
185
188
189
191
196
197
199
200
205
206
208
209
210
211
212
214
216
217
218
219
221
224
226
228
229
230
231
232
233
234
236
237
238
239
241
242
244
245
246
248
249
252
253
254
255
256
258
259
260
264
265
266
267
268
272
273
274
276
278
281
284
285
289
290
295
296
297
298
299
300
301
302
303
304
305
306
307
308
310
311
313
314
315
316
318
321
322
323
326
327
328
329
330
331
332
333
334
336
339
341
342
343
344
345
347
348
349
350
352
354
355
357
359
362
363
364
365
366
367
370
374
375
377
378
382
383
384
385
388
389
390
391
393
395
397
398
399
400
401
402
403
404
405
408
410
412
414
415
417
419
420
421
422
423
424
425
427
428
430
432
433
434
435
436
437
439
440
441
444
445
446
447
449
450
451
454
455
456
458
464
465
467
469
473
474
476
477
480
481
482
483
485
487
488
489
490
492
494
502
503
505
507
508
509
510
511
512
514
517
518
519
521
522
523
524
526
528
532
533
539
540
546
547
549
550
551
552
554
555
557
559
562
563
564
565
566
567
570
571
572
575
576
578
579
581
582
583
584
585
586
587
588
589
590
591
592
593
594
596
599
602
603
605
606
607
608
609
611
612
615
620
621
624
626
627
631
633
634
635
636
638
639
642
647
648
650
651
652
653
654
655
658
665
666
669
670
674
677
678
679
683
684
685
686
687
688
689
690
691
692
693
694
695
696
697
698
699
700
702
704
705
706
708
709
711
712
713
714
715
718
719
720
722
724
725
726
728
729
732
733
736
737
739
741
742
744
745
746
747
749
750
751
753
754
757
758
760
761
762
763
764
765
766
769
770
771
772
773
774
776
777
778
779
780
781
782
783
784
786
787
788
789
790
791
792
793
794
795
796
797
798
799
801
803
804
805
807
808
810
811
812
813
814
815
816
817
818
820
821
822
823
824
825
826
828
829
830
832
833
834
836
837
838
839
840
841
842
843
844
845
847
848
850
851
852
853
854
855
856
857
859
860
861
862
863
864
865
866
867
868
869
870
871
872
875
876
877
878
879
880
881
883
885
887
888
889
890
891
892
893
894
895
897
898
899
900
901
902
903
904
905
906
909
910
911
912
913
914
916
917
919
920
921
922
923
924
925
926
927
928
929
930
931
932
933
935
937
938
939
940
941
942
943
945
947
948
950
951
952
953
954
955
956
957
958
960
961
962
963
964
965
966
967
969
970
971
972
973
974
975
976
977
980
981
982
983
984
985
986
987
988
989
990
991
992
993
994
995
996
997
998
999
1000
1001
1002
1003
1007
1008
1009
1010
1011
1012
1013
1014
1016
1017
1018
1022
1023
1024
1027
1028
1029
1030
1031
1032
1033
1034
1037
1040
1041
1042
1043
1044
1046
1049
1050
1051
1053
1054
1056
1059
1061
1062
1063
1065
1066
1067
1068
1069
1070
1071
1072
1073
1074
1075
1076
1077
1078
1079
1080
1082
1083
1084
1085
1086
1087
1090
1091
1093
1094
1095
1096
1097
1098
1099
1100
1101
1102
1103
1104
1105
1107
1108
1111
1112
1113
1116
1118
1119
1120
1122
1123
1124
1125
1126
1128
1129
1130
1131
1133
1134
1135
1137
1139
1140
1143
1148
1149
1150
1151
1152
1154
1155
1156
1157
1158
1159
1160
1161
1162
1163
1164
1165
1166
1167
1168
1169
1170
1171
1172
1173
1174
1175
1177
1178
1179
1180
1181
1182
1183
1184
1186
1187
1188
1189
1190
1191
1192
1193
1194
1195
1196
1197
1198
1199
1200
1201
1202
1203
1204
1205
1206
1207
1208
1209
1210
1211
1212
1213
1214
1217
1218
1219
1220
1221
1222
1223
1225
1226
1227
1229
1230
1231
1232
1233
1234
1235
1236
1237
1239
1240
1246
1247
1248
1253
1255
1256
1260
1261
1263
1265
1266
1267
1268
1269
1271
1273
1275
1276
1277
1278
1279
1281
1282
1285
1287
1288
1290
1296
1297
1298
1300
1301
1302
1303
1304
1306
1307
1308
1309
1311
1315
1316
1320
1322
1325
1328
1332
1333
1335
1337
1338
1339
1343
1344
1347
1349
1350
1351
1352
1353
1355
1356
1357
1359
1360
1362
1365
1366
1367
1368
1371
1372
1374
1375
1376
1377
1378
1379
1380
1381
1383
1387
1388
1391
1393
1395
1396
1397
1398
1407
1408
1409
1410
1411
1413
1417
1418
1419
1421
1424
1425
1426
1427
1428
1436
1437
1439
1440
1442
1443
1447
1450
1455
1456
1458
1459
1461
1462
1465
1466
1473
1474
1476
1478
1480
1483
1485
1486
1488
1490
1491
1494
1497
1498
1500
1502
1504
1506
1507
1508
1511
1514
1517
1518
1522
1527
1531
1532
1534
1536
1538
1539
1544
1545
1547
1549
1552
1553
1556
1557
1563
1565
1566
1567
1569
1570
1571
1572
1573
1574
1575
1576
1577
1578
1580
1582
1583
1585
1586
1588
1591
1592
1593
1594
1595
1596
1597
1598
1600
1601
1602
1603
1604
1606
1608
1609
1610
1611
1612
1613
1614
1615
1616
1617
1618
1619
1620
1621
1622
1623
1624
1627
1628
1629
1630
1631
1632
1633
1634
1635
1636
1637
1639
1640
1641
1643
1644
1645
1647
1649
1650
1652
1656
1657
1658
1662
1663
1664
1666
1671
1676
1679
1682
1683
1686
1688
1689
1690
1694
1695
1697
1698
1699
1701
1702
1703
1704
1707
1709
1710
1713
1714
1716
1717
1718
1719
1724
1726
1727
1728
1730
1731
1732
1735
1736
1738
1741
1742
1743
1744
1745
1746
1747
1751
1753
1755
1756
1758
1759
1761
1762
1763
1764
1765
1767
1768
1769
1771
1772
1773
1775
1776
1777
1778
1780
1781
1782
1783
1784
1785
1786
1787
1789
1790
1791
1792
1793
1794
1796
1797
1801
1803
1804
1806
1807
1810
1811
1812
1814
1816
1817
1818
1820
1822
1824
1829
1830
1833
1835
1836
1837
1838
1842
1844
1845
1846
1847
1848
1849
1850
1851
1853
1854
1855
1857
1859
1862
1866
1867
1869
1871
1872
1873
1874
1875
1877
1878
1880
1883
1886
1895
1896
1899
1900
1904
1905
1908
1911
1913
1914
1916
1920
1922
1924
1925
1927
1930
1931
1933
1934
1935
1936
1938
1940
1941
1943
1944
1945
1946
1948
1951
1952
1954
1955
1958
1960
1963
1964
1965
1967
1968
1970
1971
1973
1975
1976
1977
1979
1981
1986
1987
1989
1990
1991
1992
1996
1999
2000
2001
2002
2003
2004
2006
2008
2010
2011
2012
2013
2018
2019
2020
2021
2022
2023
2024
2025
2026
2028
2029
2030
2031
2035
2037
2038
2040
2041
2044
2045
2046
2047
2048
2049
2052
2055
2058
2059
2060
2061
2063
2066
2067
2069
2070
2071
2072
2073
2074
2075
2076
2077
2078
2080
2081
2082
2085
2086
2087
2088
2089
2091
2094
2095
2097
2098
2099
2100
2102
2103
2106
2107
2110
2112
2113
2114
2116
2117
2119
2122
2124
2125
2126
2128
2130
2136
2137
2138
2139
2140
2141
2142
2144
2149
2150
2151
2152
2153
2157
2159
2160
2163
2164
2166
2168
2169
2170
2172
2173
2175
2176
2177
2178
2179
2180
2184
2185
2187
2188
2189
2190
2191
2193
2194
2195
2196
2197
2201
2203
2204
2205
2206
2208
2211
2212
2213
2214
2216
2217
2218
2222
2223
2225
2232
2234
2235
2236
2237
2238
2239
2240
2243
2244
2245
2250
2253
2256
2258
2259
2260
2261
2262
2264
2265
2266
2267
2268
2270
2271
2274
2276
2281
2282
2283
2284
2285
2288
2289
2292
2294
2296
2304
2305
2306
2308
2310
2311
2312
2313
2314
2315
2317
2318
2319
2320
2321
2322
2323
2325
2326
2327
2328
2329
2330
2334
2337
2339
2342
2346
2347
2348
2349
2351
2354
2356
2358
2359
2360
2361
2362
2363
2364
2365
2367
2368
2371
2372
2375
2376
2377
2381
2385
2386
2387
2388
2391
2393
2395
2396
2397
2402
2403
2404
2408
2409
2410
2411
2413
2415
2417
2418
2419
2421
2422
2423
2425
2426
2427
2428
2429
2431
2432
2435
2437
2438
2439
2440
2441
2443
2444
2445
2446
2448
2449
2450
2451
2452
2455
2456
2457
2458
2460
2463
2464
2465
2466
2469
2470
2471
2474
2478
2479
2481
2483
2484
2488
2490
2492
2493
2494
2496
2497
2498
2499
2500
2501
2503
2504
2505
2506
2508
2509
2510
2512
2514
2515
2516
2518
2520
2521
2522
2523
2524
2525
2526
2528
2529
2531
2533
2535
2536
2537
2541
2543
2545
2546
2548
2549
2550
2551
2552
2553
2558
2560
2565
2568
2572
2575
2578
2579
2580
2581
2582
2583
2584
2586
2587
2588
2589
2590
2591
2592
2593
2594
2596
2597
2598
2599
2603
2606
2608
2610
2613
2614
2616
2617
2618
2619
2621
2623
2627
2628
2630
2631
2632
2634
2636
2637
2638
2640
2642
2643
2645
2647
2651
2652
2653
2654
2656
2659
2660
2661
2662
2663
2664
2665
2666
2667
2670
2671
2672
2673
2674
2675
2677
2678
2679
2680
2681
2683
2685
2686
2687
2688
2689
2693
2695
2697
2698
2699
2700
2701
2702
2703
2704
2706
2707
2709
2710
2711
2712
2715
2717
2718
2719
2721
2723
2724
2727
2728
2729
2731
2732
2733
2737
2739
2740
2742
2743
2744
2745
2748
2750
2751
2752
2755
2756
2759
2762
2764
2766
2769
2770
2772
2773
2774
2775
2776
2777
2779
2780
2781
2783
2784
2785
2786
2789
2791
2792
2794
2795
2796
2797
2798
2799
2802
2803
2804
2806
2808
2810
2812
2813
2814
2815
2817
2820
2821
2822
2825
2826
2827
2828
2831
2833
2835
2836
2837
2838
2841
2842
2843
2845
2846
2850
2854
2856
2857
2858
2859
2860
2861
2862
2863
2865
2866
2867
2868
2869
2870
2871
2872
2874
2875
2877
2879
2881
2882
2883
2886
2889
2890
2892
2894
2895
2896
2898
2900
2901
2905
2908
2909
2910
2913
2914
2915
2917
2918
2919
2920
2921
2923
2924
2925
2926
2927
2928
2929
2930
2932
2933
2934
2936
2938
2941
2942
2943
2945
2946
2948
2949
2952
2953
2954
2955
2956
2958
2961
2966
2967
2968
2972
2974
2975
2978
2979
2980
2985
2987
2988
2989
2990
2992
2993
2994
2998
3001
3006
3007
3008
3010
3011
3012
3013
3014
3015
3018
3019
3021
3022
3025
3026
3028
3029
3030
3031
3032
3033
3035
3037
3038
3040
3042
3044
3045
3046
3047
3052
3053
3054
3055
3057
3058
3059
3061
3062
3063
3066
3069
3071
3072
3074
3076
3077
3079
3080
3081
3082
3083
3084
3085
3086
3088
3089
3090
3091
3092
3093
3095
3096
3097
3099
3103
3104
3105
3109
3113
3114
3115
3116
3117
3119
3120
3121
3122
3123
3124
3125
3126
3127
3128
3129
3130
3132
3133
3134
3137
3138
3139
3140
3141
3142
3143
3144
3145
3146
3147
3148
3150
3151
3153
3155
3158
3160
3161
3162
3163
3165
3168
3169
3170
3175
3176
3177
3179
3180
3181
3182
3184
3185
3186
3187
3188
3189
3190
3192
3195
3196
3198
3201
3202
3205
3207
3209
3210
3212
3215
3217
3218
3219
3221
3223
3225
3226
3228
3229
3232
3233
3234
3235
3238
3240
3241
3242
3243
3244
3246
3248
3250
3252
3253
3254
3258
3259
3261
3262
3263
3265
3266
3268
3270
3271
3272
3273
3276
3277
3279
3280
3281
3283
3284
3287
3288
3289
3290
3292
3294
3296
3297
3298
3299
3300
3301
3304
3306
3309
3310
3311
3312
3314
3315
3317
3318
3319
3321
3322
3323
3325
3326
3327
3329
3332
3335
3336
3341
3345
3346
3348
3351
3352
3353
3354
3355
3356
3358
3360
3361
3363
3364
3367
3370
3371
3372
3373
3375
3376
3378
3379
3380
3381
3382
3383
3385
3386
3388
3389
3392
3393
3394
3395
3399
3400
3401
3402
3404
3405
3406
3407
3408
3409
3410
3412
3413
3414
3415
3416
3417
3418
3419
3422
3425
3426
3428
3430
3431
3432
3433
3434
3436
3440
3441
3442
3443
3444
3446
3448
3451
3452
3453
3455
3456
3457
3460
3461
3462
3464
3468
3469
3470
3471
3473
3474
3476
3478
3481
3482
3483
3484
3485
3487
3489
3492
3493
3496
3497
3498
3499
3500
3503
3504
3505
3506
3507
3509
3510
3511
3512
3513
3514
3515
3520
3522
3524
3525
3527
3529
3530
3531
3532
3534
3535
3537
3538
3539
3540
3544
3545
3548
3549
3550
3551
3552
3553
3554
3555
3556
3557
3558
3559
3560
3561
3562
3563
3564
3565
3566
3570
3573
3574
3579
3581
3582
3583
3586
3589
3590
3593
3594
3595
3597
3598
3599
3600
3602
3604
3606
3607
3608
3609
3611
3613
3616
3617
3619
3621
3622
3624
3626
3627
3628
3629
3631
3632
3633
3634
3636
3637
3638
3640
3641
3643
3644
3646
3647
3649
3651
3652
3654
3657
3658
3659
3660
3661
3662
3663
3665
3666
3667
3668
3669
3670
3671
3673
3674
3675
3677
3678
3680
3683
3685
3686
3687
3689
3690
3693
3695
3702
3704
3706
3708
3709
3713
3714
3715
3716
3717
3718
3720
3721
3722
3723
3724
3725
3726
3727
3728
3729
3730
3731
3732
3734
3735
3738
3739
3741
3743
3744
3745
3746
3747
3748
3751
3757
3760
3761
3762
3763
3764
3765
3767
3768
3769
3770
3772
3773
3774
3775
3777
3778
3780
3781
3782
3783
3784
3785
3786
3787
3788
3789
3790
3792
3793
3794
3798
3801
3802
3803
3804
3807
3808
3811
3812
3813
3814
3816
3819
3821
3822
3823
3824
3827
3828
3829
3830
3832
3833
3834
3835
3837
3838
3839
3840
3841
3845
3846
3847
3848
3849
3850
3851
3852
3853
3854
3855
3856
3857
3860
3862
3864
3866
3868
3869
3871
3873
3874
3875
3877
3878
3881
3883
3884
3885
3888
3889
3890
3892
3896
3897
3898
3900
3904
3905
3907
3908
3910
3911
3914
3916
3917
3918
3920
3921
3926
3927
3928
3929
3930
3931
3932
3933
3934
3935
3936
3937
3939
3940
3941
3942
3943
3944
3946
3947
3949
3951
3952
3954
3955
3956
3957
3958
3961
3962
3963
3964
3965
3966
3967
3968
3969
3971
3973
3974
3975
3976
3977
3978
3979
3980
3981
3985
3987
3988
3989
3990
3991
3992
3993
3995
3996
3997
3998
4000
4001
4005
4006
4008
4009
4010
4011
4014
4016
4017
4019
4020
4021
4024
4025
4027
4028
4030
4031
4032
4033
4034
4037
4039
4040
4041
4042
4043
4045
4047
4048
4049
4050
4051
4052
4053
4054
4057
4058
4059
4060
4061
4062
4063
4065
4066
4067
4068
4070
4071
4073
4075
4076
4077
4079
4080
4081
4082
4084
4085
4087
4088
4089
4093
4094
4095
4096
4097
4098
4099
4101
4104
4105
4107
4108
4111
4112
4113
4114
4115
4116
4117
4118
4119
4121
4122
4123
4126
4127
4128
4131
4132
4134
4135
4136
4137
4138
4139
4140
4142
4144
4145
4146
4147
4149
4150
4152
4154
4155
4156
4157
4158
4159
4160
4161
4162
4163
4165
4166
4168
4169
4170
4172
4173
4174
4175
4177
4178
4182
4183
4185
4186
4187
4188
4189
4190
4191
4193
4194
4195
4196
4197
4198
4199
4200
4201
4203
4205
4207
4208
4210
4211
4212
4213
4214
4216
4218
4219
4220
4222
4224
4225
4226
4227
4228
4229
4230
4231
4232
4233
4235
4236
4237
4238
4239
4240
4241
4243
4244
4245
4246
4248
4249
4250
4253
4255
4256
4257
4258
4259
4260
4261
4262
4264
4265
4266
4267
4269
4271
4273
4274
4275
4278
4279
4281
4283
4284
4285
4287
4288
4290
4291
4292
4293
4294
4296
4297
4298
4299
4300
4301
4302
4303
4304
4305
4306
4307
4308
4309
4310
4311
4312
4313
4314
4316
4317
4318
4320
4321
4325
4327
4328
4329
4330
4331
4332
4333
4334
4335
4336
4337
4338
4339
4341
4342
4343
4344
4345
4346
4347
4348
4349
4350
4351
4352
4353
4354
4355
4356
4357
4358
4359
4360
4366
4367
4368
4369
4371
4372
4373
4374
4375
4376
4378
4379
4380
4381
4382
4383
4384
4387
4388
4389
4390
4392
4395
4396
4397
4398
4399
4400
4401
4402
4403
4405
4406
4407
4408
4410
4411
4412
4413
4414
4415
4417
4418
4419
4420
4424
4425
4426
4427
4428
4429
4430
4431
4432
4433
4434
4435
4436
4437
4439
4440
4441
4442
4444
4445
4446
4447
4448
4449
4450
4451
4452
4453
4454
4455
4456
4458
4461
4463
4464
4465
4467
4468
4469
4470
4471
4473
4474
4475
4476
4477
4479
4480
4481
4484
4485
4487
4488
4489
4491
4492
4493
4495
4496
4497
4499
4500
4501
4502
4503
4504
4505
4507
4509
4511
4512
4513
4514
4515
4516
4517
4518
4521
4522
4523
4524
4525
4526
4527
4528
4530
4531
4533
4536
4537
4540
4541
4542
4543
4544
4546
4549
4550
4552
4554
4555
4556
4557
4558
4560
4561
4562
4563
4564
4566
4567
4568
4571
4574
4575
4576
4577
4578
4579
4581
4582
4584
4585
4586
4587
4591
4593
4594
4595
4596
4597
4598
4599
4600
4601
4603
4604
4606
4607
4608
4610
4611
4612
4613
4614
4615
4616
4617
4619
4620
4622
4624
4625
4626
4627
4628
4629
4631
4632
4633
4634
4635
4636
4638
4639
4640
4641
4642
4643
4645
4646
4648
4650
4651
4652
4653
4655
4656
4657
4658
4659
4660
4661
4662
4663
4664
4665
4666
4667
4668
4669
4670
4671
4672
4673
4674
4675
4676
4677
4678
4681
4682
4683
4684
4686
4688
4689
4690
4691
4692
4693
4695
4696
4697
4698
4699
4700
4702
4703
4704
4706
4707
4708
4709
4711
4712
4713
4714
4715
4716
4717
4719
4720
4722
4723
4724
4726
4727
4728
4729
4730
4731
4733
4734
4735
4736
4738
4739
4741
4743
4744
4745
4747
4748
4749
4750
4751
4752
4753
4754
4755
4756
4757
4758
4759
4760
4761
4762
4763
4764
4765
4766
4768
4769
4770
4771
4772
4773
4774
4775
4777
4778
4779
4780
4781
4782
4783
4784
4785
4786
4787
4788
4789
4790
4791
4792
4793
4794
4795
4796
4797
4798
4799
4800
4801
4802
4803
4805
4806
4807
4809
4810
4811
4812
4814
4815
4817
4818
4819
4820
4821
4822
4825
4826
4827
4828
4829
4832
4833
4834
4835
4837
4838
4839
4840
4841
4843
4844
4846
4847
4848
4850
4851
4852
4853
4854
4855
4856
4857
4858
4859
4860
4861
4863
4864
4865
4866
4868
4869
4870
4871
4872
4873
4874
4876
4879
4880
4881
4882
4883
4884
4885
4886
4887
4888
4889
4890
4891
4892
4893
4894
4898
4899
4900
4904
4908
4909
4910
4912
4913
4916
4917
4919
4920
4923
4924
4925
4926
4927
4930
4934
4937
4938
4939
4940
4941
4942
4946
4947
4948
4950
4951
4953
4954
4955
4956
4957
4960
4961
4962
4963
4964
4965
4966
4967
4969
4970
4972
4973
4974
4975
4976
4977
4981
4982
4983
4984
4985
4986
4987
4988
4989
4990
4991
4992
4995
4997
5000
5003
5004
5005
5007
5008
5009
5010
5011
5012
5014
5015
5016
5017
5018
5020
5021
5022
5023
5027
5028
5029
5030
5032
5034
5035
5036
5037
5038
5039
5040
5041
5042
5043
5044
5045
5047
5048
5049
5052
5053
5054
5055
5056
5057
5058
5060
5061
5062
5063
5064
5066
5068
5070
5071
5072
5073
5075
5076
5077
5078
5079
5080
5081
5082
5083
5084
5085
5086
5088
5089
5090
5092
5093
5095
5097
5098
5099
5100
5101
5102
5103
5104
5105
5106
5107
5108
5109
5110
5112
5113
5114
5116
5117
5118
5119
5120
5121
5122
5123
5124
5125
5126
5127
5128
5129
5130
5131
5132
5133
5134
5135
5136
5139
5140
5142
5143
5144
5145
5146
5147
5148
5149
5150
5151
5153
5154
5155
5156
5158
5159
5160
5161
5162
5163
5164
5165
5166
5167
5168
5169
5170
5171
5172
5173
5174
5175
5176
5179
5180
5181
5182
5183
5184
5185
5186
5188
5189
5190
5192
5193
5195
5196
5197
5198
5199
5200
5201
5202
5203
5204
5205
5206
5207
5208
5209
5210
5211
5212
5213
5214
5215
5216
5217
5218
5219
5220
5221
5222
5223
5224
5225
5226
5227
5228
5229
5230
5231
5232
5233
5234
5235
5236
5237
5238
5239
5240
5241
5242
5243
5244
5245
5246
5247
5248
5249
5250
5252
5253
5256
5257
5258
5259
5260
5261
5262
5263
5264
5265
5266
5267
5268
5269
5270
5271
5273
5274
5275
5276
5277
5278
5280
5282
5283
5284
5285
5286
5288
5289
5290
5291
5293
5294
5295
5296
5297
5298
5299
5302
5304
5305
5306
5307
5308
5309
5310
5311
5312
5313
5314
5315
5316
5317
5318
5319
5322
5324
5325
5326
5327
5328
5329
5330
5331
5333
5334
5335
5337
5338
5340
5341
5343
5344
5345
5346
5347
5349
5350
5352
5353
5354
5355
5356
5357
5358
5359
5360
5361
5363
5364
5365
5366
5367
5369
5372
5373
5374
5376
5378
5379
5381
5382
5385
5386
5387
5388
5389
5390
5392
5393
5394
5395
5396
5397
5398
5399
5400
5401
5402
5403
5404
5405
5406
5407
5408
5409
5410
5411
5412
5413
5414
5416
5417
5419
5420
5421
5422
5423
5426
5427
5428
5430
5431
5432
5433
5434
5435
5436
5437
5438
5439
5440
5441
5442
5443
5444
5445
5446
5447
5448
5449
5450
5451
5452
5453
5454
5455
5456
5457
5458
5459
5460
5461
5462
5463
5464
5466
5468
5471
5472
5473
5474
5475
5476
5477
5478
5479
5480
5481
5482
5483
5484
5485
5486
5487
5488
5489
5490
5491
5492
5493
5494
5497
5498
5499
