0.000000000000000000e+00 4.716211232367036876e-01
1.000000000000000000e+02 4.028318178559541773e-01
2.000000000000000000e+02 4.203323638110612048e-01
3.000000000000000000e+02 4.607184466362898023e-01
4.000000000000000000e+02 4.991471052977735079e-01
5.000000000000000000e+02 4.856776284829825707e-01
6.000000000000000000e+02 5.719002843540955672e-01
7.000000000000000000e+02 5.948112726805531159e-01
8.000000000000000000e+02 6.104362005376986478e-01
9.000000000000000000e+02 6.543229168281173846e-01
1.000000000000000000e+03 6.559156951645508382e-01
1.100000000000000000e+03 7.003218633141207183e-01
1.200000000000000000e+03 6.863056315583346834e-01
1.300000000000000000e+03 6.910457231468321027e-01
1.400000000000000000e+03 7.099406175592867241e-01
1.500000000000000000e+03 6.864178901651208919e-01
1.600000000000000000e+03 7.429816271758221680e-01
1.700000000000000000e+03 7.231133363835389183e-01
1.800000000000000000e+03 6.879216374856440552e-01
1.900000000000000000e+03 7.394750514744699021e-01
2.000000000000000000e+03 7.032679294108794554e-01
2.100000000000000000e+03 7.321292890990325208e-01
2.200000000000000000e+03 7.373929963497232176e-01
2.300000000000000000e+03 7.264499723400917874e-01
2.400000000000000000e+03 7.452008190966031842e-01
2.500000000000000000e+03 7.813916086523816640e-01
2.600000000000000000e+03 7.470650390210366032e-01
2.700000000000000000e+03 7.616954834278378828e-01
2.800000000000000000e+03 7.401312968494856426e-01
2.900000000000000000e+03 7.327472454424499571e-01
3.000000000000000000e+03 7.600682092581688698e-01
3.100000000000000000e+03 7.601447906345751848e-01
3.200000000000000000e+03 7.765949091824561057e-01
3.300000000000000000e+03 7.679135897859519222e-01
3.400000000000000000e+03 7.402186404396069452e-01
3.500000000000000000e+03 7.689516642702474147e-01
3.600000000000000000e+03 7.789207967970659396e-01
3.700000000000000000e+03 7.705469934966033829e-01
3.800000000000000000e+03 7.704800679200696223e-01
3.900000000000000000e+03 7.795805606139517563e-01
4.000000000000000000e+03 7.802765797378794499e-01
4.100000000000000000e+03 7.985146283080886143e-01
4.200000000000000000e+03 8.103885079207220343e-01
4.300000000000000000e+03 7.982676030237429998e-01
4.400000000000000000e+03 8.136156373139514786e-01
4.500000000000000000e+03 8.190877584992610760e-01
4.600000000000000000e+03 7.962773176753518145e-01
4.700000000000000000e+03 8.133765135460553353e-01
4.800000000000000000e+03 8.068704149880217003e-01
4.900000000000000000e+03 8.114588936938789132e-01
5.000000000000000000e+03 8.167671480781285576e-01
5.100000000000000000e+03 8.231662655452312016e-01
5.200000000000000000e+03 8.248731016985009212e-01
5.300000000000000000e+03 8.418982337265682458e-01
5.400000000000000000e+03 8.391236975504585693e-01
5.500000000000000000e+03 8.301836718226783818e-01
5.600000000000000000e+03 8.323986442897959304e-01
5.700000000000000000e+03 8.196223049264297345e-01
5.800000000000000000e+03 8.565408619218131125e-01
5.900000000000000000e+03 8.414882608900340344e-01
6.000000000000000000e+03 8.502931321872351234e-01
6.100000000000000000e+03 8.078715234726725480e-01
6.200000000000000000e+03 8.367487552745407342e-01
6.300000000000000000e+03 8.639859559291187541e-01
6.400000000000000000e+03 8.336991865437854976e-01
6.500000000000000000e+03 8.570235118489537562e-01
6.600000000000000000e+03 8.639254040261068468e-01
6.700000000000000000e+03 8.355806953689757233e-01
6.800000000000000000e+03 8.451851825103304794e-01
6.900000000000000000e+03 8.385397177944149405e-01
7.000000000000000000e+03 8.602217506179664630e-01
7.100000000000000000e+03 8.391201038578453009e-01
7.200000000000000000e+03 8.434289042721578866e-01
7.300000000000000000e+03 8.710564750221310160e-01
7.400000000000000000e+03 8.869833469579926355e-01
7.500000000000000000e+03 8.591817634355951583e-01
7.600000000000000000e+03 8.820337809223421921e-01
7.700000000000000000e+03 8.462989741129893773e-01
7.800000000000000000e+03 8.739099318644319991e-01
7.900000000000000000e+03 8.666976883100246942e-01
8.000000000000000000e+03 8.613642277307822503e-01
8.100000000000000000e+03 8.640737540030007935e-01
8.200000000000000000e+03 8.590448090741281684e-01
8.300000000000000000e+03 8.621741117090230277e-01
8.400000000000000000e+03 8.718903358147450655e-01
8.500000000000000000e+03 8.714883266851576327e-01
8.600000000000000000e+03 8.602108795535450270e-01
8.700000000000000000e+03 8.684232582143128765e-01
8.800000000000000000e+03 8.723464284188668927e-01
8.900000000000000000e+03 8.756589214756446138e-01
9.000000000000000000e+03 8.945837517912560433e-01
9.100000000000000000e+03 8.841924051064602441e-01
9.200000000000000000e+03 8.742145342297706900e-01
9.300000000000000000e+03 8.890312524926995419e-01
9.400000000000000000e+03 8.988202723893132795e-01
9.500000000000000000e+03 8.743442280219068108e-01
9.600000000000000000e+03 8.917263519403598737e-01
9.700000000000000000e+03 8.919795143035760265e-01
9.800000000000000000e+03 8.865360960989474570e-01
9.900000000000000000e+03 8.688532971733812227e-01
1.000000000000000000e+04 8.904294098680650693e-01
1.010000000000000000e+04 9.024853138062778335e-01
1.020000000000000000e+04 8.945103441771321551e-01
1.030000000000000000e+04 8.892709079137303130e-01
1.040000000000000000e+04 8.792183125466179749e-01
1.050000000000000000e+04 8.896898535367533389e-01
1.060000000000000000e+04 8.727940661824259427e-01
1.070000000000000000e+04 8.858181716312634180e-01
1.080000000000000000e+04 8.876594952468406241e-01
1.090000000000000000e+04 8.813329364610019701e-01
1.100000000000000000e+04 8.825140697885907048e-01
1.110000000000000000e+04 8.937309540764541982e-01
1.120000000000000000e+04 9.004096460320377693e-01
1.130000000000000000e+04 9.036628666448903724e-01
1.140000000000000000e+04 9.072065541693967727e-01
1.150000000000000000e+04 8.988205358019717428e-01
1.160000000000000000e+04 9.148662723700344834e-01
1.170000000000000000e+04 8.921385689814168574e-01
1.180000000000000000e+04 9.102081614071845239e-01
1.190000000000000000e+04 9.143658153745579664e-01
1.200000000000000000e+04 8.984676575575823998e-01
1.210000000000000000e+04 8.877867198782141145e-01
1.220000000000000000e+04 8.911605335343839585e-01
1.230000000000000000e+04 9.176118449232173457e-01
1.240000000000000000e+04 9.145233585359234807e-01
1.250000000000000000e+04 9.045298476710603719e-01
1.260000000000000000e+04 9.015891576390382411e-01
1.270000000000000000e+04 9.159971175947293487e-01
1.280000000000000000e+04 9.122632596260141780e-01
1.290000000000000000e+04 8.934623425532381980e-01
1.300000000000000000e+04 9.083232987800319291e-01
1.310000000000000000e+04 9.049147647995687826e-01
1.320000000000000000e+04 8.942758343488971251e-01
1.330000000000000000e+04 8.898178093631270436e-01
1.340000000000000000e+04 9.095585506096698358e-01
1.350000000000000000e+04 9.035720018274748799e-01
1.360000000000000000e+04 9.119628759347773173e-01
1.370000000000000000e+04 9.021994320943460544e-01
1.380000000000000000e+04 9.046035613367628958e-01
1.390000000000000000e+04 9.141264238248895113e-01
1.400000000000000000e+04 9.063947803735491471e-01
1.410000000000000000e+04 8.912874043666840773e-01
1.420000000000000000e+04 9.108094569469400437e-01
1.430000000000000000e+04 8.863058073302705342e-01
1.440000000000000000e+04 9.007052425525228223e-01
1.450000000000000000e+04 9.298548195670643945e-01
1.460000000000000000e+04 9.181944187589052842e-01
1.470000000000000000e+04 9.076075606179351274e-01
1.480000000000000000e+04 9.123428770125433518e-01
1.490000000000000000e+04 9.059121779995322754e-01
1.500000000000000000e+04 9.165943958555273774e-01
1.510000000000000000e+04 9.143388263254073056e-01
1.520000000000000000e+04 9.123270753898780061e-01
1.530000000000000000e+04 9.058746339809720105e-01
1.540000000000000000e+04 9.128177843360014698e-01
1.550000000000000000e+04 9.107971182328713500e-01
1.560000000000000000e+04 8.967847894981264556e-01
1.570000000000000000e+04 9.093412954441958407e-01
1.580000000000000000e+04 9.055942456198591284e-01
1.590000000000000000e+04 9.075511164185114943e-01
1.600000000000000000e+04 9.027943291431970163e-01
1.610000000000000000e+04 9.091571752158262854e-01
1.620000000000000000e+04 9.147053034119998483e-01
1.630000000000000000e+04 9.125274833143781628e-01
1.640000000000000000e+04 9.019193246590798685e-01
1.650000000000000000e+04 9.219003766739145567e-01
1.660000000000000000e+04 9.182301149191436362e-01
1.670000000000000000e+04 9.214074952963073883e-01
1.680000000000000000e+04 9.166802946361188864e-01
1.690000000000000000e+04 9.079258939058830746e-01
1.700000000000000000e+04 9.087277924524105321e-01
1.710000000000000000e+04 9.247122515732512094e-01
1.720000000000000000e+04 9.200695493392888613e-01
1.730000000000000000e+04 9.137032750904424683e-01
1.740000000000000000e+04 9.006989978149299025e-01
1.750000000000000000e+04 9.336044088151147502e-01
1.760000000000000000e+04 8.953598405152312090e-01
1.770000000000000000e+04 9.234295070786159298e-01
1.780000000000000000e+04 9.046859766918458057e-01
1.790000000000000000e+04 9.272840756148548191e-01
1.800000000000000000e+04 9.155307246811763555e-01
1.810000000000000000e+04 9.029031018159252575e-01
1.820000000000000000e+04 9.065298088503860319e-01
1.830000000000000000e+04 9.194875383784412159e-01
1.840000000000000000e+04 9.173855675959038392e-01
1.850000000000000000e+04 9.286647752842458470e-01
1.860000000000000000e+04 9.204052827097182199e-01
1.870000000000000000e+04 9.152797366142353397e-01
1.880000000000000000e+04 8.993510977413212704e-01
1.890000000000000000e+04 9.176908535918651966e-01
1.900000000000000000e+04 9.108071664660377653e-01
1.910000000000000000e+04 9.246006346963860922e-01
1.920000000000000000e+04 9.074595108662938392e-01
1.930000000000000000e+04 9.089539158114733342e-01
1.940000000000000000e+04 9.160950086245817081e-01
1.950000000000000000e+04 9.294384615624886603e-01
1.960000000000000000e+04 9.091954882081341172e-01
1.970000000000000000e+04 9.132426869384550061e-01
1.980000000000000000e+04 9.273393878267330859e-01
1.990000000000000000e+04 9.164952887100843437e-01
2.000000000000000000e+04 9.123207369186008275e-01
2.010000000000000000e+04 9.177518681206607853e-01
2.020000000000000000e+04 9.283012587759493783e-01
2.030000000000000000e+04 9.337142596541486705e-01
2.040000000000000000e+04 9.231767972199439454e-01
2.050000000000000000e+04 9.152628233553804504e-01
2.060000000000000000e+04 9.164376385168955252e-01
2.070000000000000000e+04 9.219539155405765962e-01
2.080000000000000000e+04 9.256535009640582956e-01
2.090000000000000000e+04 9.265278196751467465e-01
2.100000000000000000e+04 9.252719001397642362e-01
2.110000000000000000e+04 9.336628125915518162e-01
2.120000000000000000e+04 9.147629639892540521e-01
2.130000000000000000e+04 9.325344696116000254e-01
2.140000000000000000e+04 9.197321780503311395e-01
2.150000000000000000e+04 9.313190081722692026e-01
2.160000000000000000e+04 9.364986025017355553e-01
2.170000000000000000e+04 9.172583209132549875e-01
2.180000000000000000e+04 9.229247163085518846e-01
2.190000000000000000e+04 9.193999468105106265e-01
2.200000000000000000e+04 9.236169924418072830e-01
2.210000000000000000e+04 9.296299995056913623e-01
2.220000000000000000e+04 9.256998053686408268e-01
2.230000000000000000e+04 9.312870169683741262e-01
2.240000000000000000e+04 9.274056827432035632e-01
2.250000000000000000e+04 9.194176511999567758e-01
2.260000000000000000e+04 9.176419034623362059e-01
2.270000000000000000e+04 9.209596328071585347e-01
2.280000000000000000e+04 9.294167038700171801e-01
2.290000000000000000e+04 9.287201281726652491e-01
2.300000000000000000e+04 9.369724681684807877e-01
2.310000000000000000e+04 9.152354302429328570e-01
2.320000000000000000e+04 9.294379769022721449e-01
2.330000000000000000e+04 9.219724470753969392e-01
2.340000000000000000e+04 9.166630424390900256e-01
2.350000000000000000e+04 9.253114107845097358e-01
2.360000000000000000e+04 9.179391034539421401e-01
2.370000000000000000e+04 9.332852458463321010e-01
2.380000000000000000e+04 9.230818819831760891e-01
2.390000000000000000e+04 9.201229159534657365e-01
2.400000000000000000e+04 9.213031943975006355e-01
2.410000000000000000e+04 9.372897820150419834e-01
2.420000000000000000e+04 9.234612418767975672e-01
2.430000000000000000e+04 9.172930751359189561e-01
2.440000000000000000e+04 9.424318584308701841e-01
2.450000000000000000e+04 9.352865444822349161e-01
2.460000000000000000e+04 9.290020729556406343e-01
2.470000000000000000e+04 9.283995280213230838e-01
2.480000000000000000e+04 9.381962756477386645e-01
2.490000000000000000e+04 9.436464915018780708e-01
2.500000000000000000e+04 9.267108175113973889e-01
2.510000000000000000e+04 9.304918869977675255e-01
2.520000000000000000e+04 9.347910814467937923e-01
2.530000000000000000e+04 9.256007893522552044e-01
2.540000000000000000e+04 9.257766873579108546e-01
2.550000000000000000e+04 9.275815347671114708e-01
2.560000000000000000e+04 9.223373328144908179e-01
2.570000000000000000e+04 9.223474482816664821e-01
2.580000000000000000e+04 9.363141853648704327e-01
2.590000000000000000e+04 9.239869225065869829e-01
2.600000000000000000e+04 9.422810688631102494e-01
2.610000000000000000e+04 9.361386460352251193e-01
2.620000000000000000e+04 9.399335106448727384e-01
2.630000000000000000e+04 9.178256533846358423e-01
2.640000000000000000e+04 9.321747411608337641e-01
2.650000000000000000e+04 9.424468582068190603e-01
2.660000000000000000e+04 9.231372138601228183e-01
2.670000000000000000e+04 9.388438419655862344e-01
2.680000000000000000e+04 9.243401162531786897e-01
2.690000000000000000e+04 9.337433923427348459e-01
2.700000000000000000e+04 9.303275410251912181e-01
2.710000000000000000e+04 9.364736573583203327e-01
2.720000000000000000e+04 9.359503835320566179e-01
2.730000000000000000e+04 9.185051647529774987e-01
2.740000000000000000e+04 9.124176429341366301e-01
2.750000000000000000e+04 9.195335713852353932e-01
2.760000000000000000e+04 9.472736794841357666e-01
2.770000000000000000e+04 9.184302506911355968e-01
2.780000000000000000e+04 9.326106918713282790e-01
2.790000000000000000e+04 9.309683151924882383e-01
2.800000000000000000e+04 9.271487617319034147e-01
2.810000000000000000e+04 9.218563538202276808e-01
2.820000000000000000e+04 9.391647963239218022e-01
2.830000000000000000e+04 9.240932788031964717e-01
2.840000000000000000e+04 9.285781959140321229e-01
2.850000000000000000e+04 9.256224715644918444e-01
2.860000000000000000e+04 9.280636978682265115e-01
2.870000000000000000e+04 9.232927114358318033e-01
2.880000000000000000e+04 9.314248496906986086e-01
2.890000000000000000e+04 9.281811076050949794e-01
2.900000000000000000e+04 9.281656212814490825e-01
2.910000000000000000e+04 9.248408674006647345e-01
2.920000000000000000e+04 9.224804623095677059e-01
2.930000000000000000e+04 9.331937010305288993e-01
2.940000000000000000e+04 9.444350682314937018e-01
2.950000000000000000e+04 9.321515954667471959e-01
2.960000000000000000e+04 9.159682271659560504e-01
2.970000000000000000e+04 9.112479253999828943e-01
2.980000000000000000e+04 9.173739830453006006e-01
2.990000000000000000e+04 9.340187010403261381e-01
3.000000000000000000e+04 9.319430992554216253e-01
