0.000000000000000000e+00 4.649240000000000039e-01
1.000000000000000000e+02 3.471919999999999451e-01
2.000000000000000000e+02 3.758960000000000079e-01
3.000000000000000000e+02 4.823879999999999835e-01
4.000000000000000000e+02 5.193399999999999128e-01
5.000000000000000000e+02 5.055520000000000014e-01
6.000000000000000000e+02 5.951680000000000303e-01
7.000000000000000000e+02 6.019240000000000146e-01
8.000000000000000000e+02 6.262360000000000149e-01
9.000000000000000000e+02 6.567879999999999274e-01
1.000000000000000000e+03 6.445640000000000258e-01
1.100000000000000000e+03 6.542120000000000157e-01
1.200000000000000000e+03 6.805120000000000058e-01
1.300000000000000000e+03 6.808760000000000367e-01
1.400000000000000000e+03 7.026360000000000383e-01
1.500000000000000000e+03 6.771159999999998291e-01
1.600000000000000000e+03 7.241599999999999149e-01
1.700000000000000000e+03 7.092680000000000096e-01
1.800000000000000000e+03 6.631279999999999397e-01
1.900000000000000000e+03 7.041279999999999761e-01
2.000000000000000000e+03 6.850640000000000063e-01
2.100000000000000000e+03 7.028679999999998262e-01
2.200000000000000000e+03 7.120519999999999072e-01
2.300000000000000000e+03 7.129479999999999151e-01
2.400000000000000000e+03 7.152880000000000349e-01
2.500000000000000000e+03 7.575760000000000272e-01
2.600000000000000000e+03 7.162600000000001188e-01
2.700000000000000000e+03 7.236479999999999579e-01
2.800000000000000000e+03 7.109079999999999844e-01
2.900000000000000000e+03 6.958040000000000891e-01
3.000000000000000000e+03 7.311400000000000121e-01
3.100000000000000000e+03 7.214519999999999822e-01
3.200000000000000000e+03 7.531279999999999086e-01
3.300000000000000000e+03 7.325239999999999529e-01
3.400000000000000000e+03 7.128559999999999341e-01
3.500000000000000000e+03 7.449719999999999676e-01
3.600000000000000000e+03 7.571399999999999242e-01
3.700000000000000000e+03 7.401919999999999611e-01
3.800000000000000000e+03 7.416159999999999419e-01
3.900000000000000000e+03 7.517319999999999558e-01
4.000000000000000000e+03 7.479240000000000332e-01
4.100000000000000000e+03 7.657360000000000833e-01
4.200000000000000000e+03 7.865599999999999259e-01
4.300000000000000000e+03 7.756639999999999091e-01
4.400000000000000000e+03 7.890999999999999126e-01
4.500000000000000000e+03 7.966199999999999948e-01
4.600000000000000000e+03 7.696479999999998878e-01
4.700000000000000000e+03 7.871799999999999908e-01
4.800000000000000000e+03 7.936879999999999491e-01
4.900000000000000000e+03 7.853879999999999750e-01
5.000000000000000000e+03 7.905039999999998734e-01
5.100000000000000000e+03 7.957479999999998999e-01
5.200000000000000000e+03 7.993040000000000145e-01
5.300000000000000000e+03 8.221519999999999939e-01
5.400000000000000000e+03 8.120680000000000121e-01
5.500000000000000000e+03 8.036719999999999420e-01
5.600000000000000000e+03 8.136039999999999939e-01
5.700000000000000000e+03 8.025519999999999321e-01
5.800000000000000000e+03 8.377999999999999892e-01
5.900000000000000000e+03 8.246120000000001227e-01
6.000000000000000000e+03 8.328999999999999737e-01
6.100000000000000000e+03 7.962719999999999798e-01
6.200000000000000000e+03 8.149880000000000457e-01
6.300000000000000000e+03 8.402559999999998919e-01
6.400000000000000000e+03 8.209480000000000111e-01
6.500000000000000000e+03 8.370760000000001533e-01
6.600000000000000000e+03 8.513439999999998786e-01
6.700000000000000000e+03 8.073479999999999546e-01
6.800000000000000000e+03 8.293720000000001091e-01
6.900000000000000000e+03 8.253960000000000186e-01
7.000000000000000000e+03 8.421799999999999287e-01
7.100000000000000000e+03 8.168800000000000505e-01
7.200000000000000000e+03 8.202079999999999371e-01
7.300000000000000000e+03 8.545119999999999383e-01
7.400000000000000000e+03 8.685039999999999427e-01
7.500000000000000000e+03 8.351239999999999775e-01
7.600000000000000000e+03 8.683040000000000758e-01
7.700000000000000000e+03 8.380960000000000631e-01
7.800000000000000000e+03 8.514079999999999426e-01
7.900000000000000000e+03 8.449199999999998933e-01
8.000000000000000000e+03 8.461719999999999242e-01
8.100000000000000000e+03 8.551920000000000632e-01
8.200000000000000000e+03 8.431279999999998775e-01
8.300000000000000000e+03 8.528000000000000025e-01
8.400000000000000000e+03 8.578919999999999879e-01
8.500000000000000000e+03 8.585880000000000178e-01
8.600000000000000000e+03 8.437200000000001365e-01
8.700000000000000000e+03 8.588520000000000598e-01
8.800000000000000000e+03 8.629640000000001754e-01
8.900000000000000000e+03 8.642799999999999372e-01
9.000000000000000000e+03 8.814239999999999853e-01
9.100000000000000000e+03 8.735119999999999552e-01
9.200000000000000000e+03 8.612520000000001286e-01
9.300000000000000000e+03 8.756920000000000259e-01
9.400000000000000000e+03 8.818639999999999812e-01
9.500000000000000000e+03 8.627040000000001374e-01
9.600000000000000000e+03 8.783840000000000536e-01
9.700000000000000000e+03 8.874600000000000266e-01
9.800000000000000000e+03 8.696880000000000166e-01
9.900000000000000000e+03 8.484560000000000990e-01
1.000000000000000000e+04 8.748480000000000700e-01
1.010000000000000000e+04 8.861520000000000508e-01
1.020000000000000000e+04 8.779000000000001247e-01
1.030000000000000000e+04 8.784119999999999706e-01
1.040000000000000000e+04 8.702239999999999975e-01
1.050000000000000000e+04 8.773759999999999337e-01
1.060000000000000000e+04 8.630120000000001124e-01
1.070000000000000000e+04 8.764039999999999608e-01
1.080000000000000000e+04 8.754960000000000520e-01
1.090000000000000000e+04 8.627519999999999634e-01
1.100000000000000000e+04 8.688900000000001622e-01
1.110000000000000000e+04 8.888000000000000345e-01
1.120000000000000000e+04 8.922919999999999741e-01
1.130000000000000000e+04 8.900599999999999623e-01
1.140000000000000000e+04 8.962680000000000646e-01
1.150000000000000000e+04 8.883199999999998875e-01
1.160000000000000000e+04 9.048479999999998746e-01
1.170000000000000000e+04 8.832680000000000531e-01
1.180000000000000000e+04 8.978720000000001145e-01
1.190000000000000000e+04 9.072560000000000624e-01
1.200000000000000000e+04 8.848639999999999839e-01
1.210000000000000000e+04 8.796120000000000605e-01
1.220000000000000000e+04 8.784119999999998596e-01
1.230000000000000000e+04 9.035959999999998438e-01
1.240000000000000000e+04 9.030760000000001009e-01
1.250000000000000000e+04 9.024159999999999959e-01
1.260000000000000000e+04 8.883959999999999635e-01
1.270000000000000000e+04 9.051239999999998176e-01
1.280000000000000000e+04 9.014959999999999640e-01
1.290000000000000000e+04 8.845039999999999569e-01
1.300000000000000000e+04 9.024399999999999089e-01
1.310000000000000000e+04 8.970319999999998295e-01
1.320000000000000000e+04 8.833519999999998040e-01
1.330000000000000000e+04 8.790400000000000436e-01
1.340000000000000000e+04 9.019479999999998610e-01
1.350000000000000000e+04 8.969759999999999955e-01
1.360000000000000000e+04 9.062520000000000575e-01
1.370000000000000000e+04 8.906439999999999912e-01
1.380000000000000000e+04 8.951719999999999677e-01
1.390000000000000000e+04 8.966400000000001036e-01
1.400000000000000000e+04 9.007399999999998741e-01
1.410000000000000000e+04 8.844799999999999329e-01
1.420000000000000000e+04 8.981120000000000214e-01
1.430000000000000000e+04 8.804359999999999964e-01
1.440000000000000000e+04 8.936600000000000099e-01
1.450000000000000000e+04 9.220479999999998677e-01
1.460000000000000000e+04 9.129600000000001048e-01
1.470000000000000000e+04 9.017119999999999580e-01
1.480000000000000000e+04 9.027640000000000109e-01
1.490000000000000000e+04 8.995279999999999943e-01
1.500000000000000000e+04 9.098800000000000221e-01
1.510000000000000000e+04 9.065919999999998424e-01
1.520000000000000000e+04 8.974880000000000635e-01
1.530000000000000000e+04 8.976800000000001445e-01
1.540000000000000000e+04 9.035440000000000138e-01
1.550000000000000000e+04 9.056920000000001636e-01
1.560000000000000000e+04 8.812399999999999123e-01
1.570000000000000000e+04 9.002360000000000362e-01
1.580000000000000000e+04 9.006119999999999681e-01
1.590000000000000000e+04 8.972119999999998985e-01
1.600000000000000000e+04 8.958800000000000097e-01
1.610000000000000000e+04 9.013159999999998950e-01
1.620000000000000000e+04 9.020520000000000760e-01
1.630000000000000000e+04 9.058559999999999945e-01
1.640000000000000000e+04 8.890360000000001595e-01
1.650000000000000000e+04 9.079800000000000093e-01
1.660000000000000000e+04 9.069880000000000164e-01
1.670000000000000000e+04 9.135680000000000467e-01
1.680000000000000000e+04 9.059920000000001306e-01
1.690000000000000000e+04 8.941000000000000059e-01
1.700000000000000000e+04 9.041439999999999477e-01
1.710000000000000000e+04 9.212439999999999518e-01
1.720000000000000000e+04 9.124280000000000168e-01
1.730000000000000000e+04 9.004679999999999351e-01
1.740000000000000000e+04 8.939679999999999849e-01
1.750000000000000000e+04 9.312320000000000597e-01
1.760000000000000000e+04 8.897279999999999633e-01
1.770000000000000000e+04 9.113079999999998959e-01
1.780000000000000000e+04 8.939719999999999889e-01
1.790000000000000000e+04 9.187960000000000571e-01
1.800000000000000000e+04 9.018159999999999510e-01
1.810000000000000000e+04 8.937120000000000619e-01
1.820000000000000000e+04 9.000679999999999792e-01
1.830000000000000000e+04 9.102480000000001681e-01
1.840000000000000000e+04 9.106760000000000410e-01
1.850000000000000000e+04 9.147079999999999655e-01
1.860000000000000000e+04 9.149599999999999955e-01
1.870000000000000000e+04 9.116600000000000259e-01
1.880000000000000000e+04 8.993800000000000683e-01
1.890000000000000000e+04 9.075360000000000094e-01
1.900000000000000000e+04 9.011160000000000281e-01
1.910000000000000000e+04 9.151759999999999895e-01
1.920000000000000000e+04 9.034799999999999498e-01
1.930000000000000000e+04 8.983440000000000314e-01
1.940000000000000000e+04 9.036480000000000068e-01
1.950000000000000000e+04 9.187799999999999301e-01
1.960000000000000000e+04 9.062280000000001445e-01
1.970000000000000000e+04 9.013039999999999941e-01
1.980000000000000000e+04 9.198520000000000030e-01
1.990000000000000000e+04 9.104959999999999720e-01
2.000000000000000000e+04 9.046399999999999997e-01
2.010000000000000000e+04 9.047040000000000637e-01
2.020000000000000000e+04 9.246839999999998394e-01
2.030000000000000000e+04 9.299840000000000328e-01
2.040000000000000000e+04 9.151679999999999815e-01
2.050000000000000000e+04 9.070920000000000094e-01
2.060000000000000000e+04 9.088880000000000292e-01
2.070000000000000000e+04 9.158840000000000314e-01
2.080000000000000000e+04 9.178799999999999182e-01
2.090000000000000000e+04 9.179200000000000692e-01
2.100000000000000000e+04 9.189000000000000501e-01
2.110000000000000000e+04 9.332279999999999465e-01
2.120000000000000000e+04 9.111199999999999299e-01
2.130000000000000000e+04 9.251080000000000414e-01
2.140000000000000000e+04 9.174160000000000093e-01
2.150000000000000000e+04 9.221239999999999437e-01
2.160000000000000000e+04 9.308920000000001638e-01
2.170000000000000000e+04 9.082439999999999403e-01
2.180000000000000000e+04 9.185719999999998331e-01
2.190000000000000000e+04 9.110679999999999890e-01
2.200000000000000000e+04 9.180880000000000152e-01
2.210000000000000000e+04 9.188920000000000421e-01
2.220000000000000000e+04 9.224480000000000457e-01
2.230000000000000000e+04 9.251440000000000774e-01
2.240000000000000000e+04 9.310439999999999827e-01
2.250000000000000000e+04 9.131399999999999517e-01
2.260000000000000000e+04 9.131560000000000787e-01
2.270000000000000000e+04 9.140240000000001697e-01
2.280000000000000000e+04 9.154599999999999405e-01
2.290000000000000000e+04 9.210280000000000689e-01
2.300000000000000000e+04 9.310919999999999197e-01
2.310000000000000000e+04 9.051199999999999246e-01
2.320000000000000000e+04 9.300480000000000969e-01
2.330000000000000000e+04 9.144800000000000706e-01
2.340000000000000000e+04 9.109080000000000510e-01
2.350000000000000000e+04 9.199040000000001660e-01
2.360000000000000000e+04 9.150840000000000085e-01
2.370000000000000000e+04 9.268119999999999692e-01
2.380000000000000000e+04 9.223439999999999417e-01
2.390000000000000000e+04 9.200399999999999689e-01
2.400000000000000000e+04 9.134160000000000057e-01
2.410000000000000000e+04 9.335080000000000044e-01
2.420000000000000000e+04 9.208319999999999839e-01
2.430000000000000000e+04 9.187479999999998981e-01
2.440000000000000000e+04 9.351599999999999913e-01
2.450000000000000000e+04 9.258640000000001313e-01
2.460000000000000000e+04 9.210239999999999538e-01
2.470000000000000000e+04 9.224720000000000697e-01
2.480000000000000000e+04 9.334679999999998534e-01
2.490000000000000000e+04 9.355800000000000782e-01
2.500000000000000000e+04 9.236720000000000486e-01
2.510000000000000000e+04 9.211240000000000538e-01
2.520000000000000000e+04 9.337959999999999594e-01
2.530000000000000000e+04 9.218519999999998937e-01
2.540000000000000000e+04 9.187920000000000531e-01
2.550000000000000000e+04 9.236439999999999095e-01
2.560000000000000000e+04 9.183400000000000452e-01
2.570000000000000000e+04 9.170519999999999783e-01
2.580000000000000000e+04 9.256639999999999313e-01
2.590000000000000000e+04 9.222719999999998697e-01
2.600000000000000000e+04 9.390959999999998198e-01
2.610000000000000000e+04 9.293120000000000269e-01
2.620000000000000000e+04 9.342080000000000384e-01
2.630000000000000000e+04 9.104279999999999040e-01
2.640000000000000000e+04 9.252279999999999394e-01
2.650000000000000000e+04 9.362559999999999771e-01
2.660000000000000000e+04 9.166559999999999153e-01
2.670000000000000000e+04 9.296920000000000739e-01
2.680000000000000000e+04 9.189479999999999871e-01
2.690000000000000000e+04 9.278919999999999391e-01
2.700000000000000000e+04 9.230880000000000196e-01
2.710000000000000000e+04 9.276439999999999131e-01
2.720000000000000000e+04 9.316200000000001147e-01
2.730000000000000000e+04 9.134839999999998517e-01
2.740000000000000000e+04 9.038840000000000208e-01
2.750000000000000000e+04 9.109999999999999210e-01
2.760000000000000000e+04 9.407040000000000957e-01
2.770000000000000000e+04 9.156720000000000415e-01
2.780000000000000000e+04 9.304879999999999818e-01
2.790000000000000000e+04 9.266439999999999122e-01
2.800000000000000000e+04 9.167560000000000153e-01
2.810000000000000000e+04 9.175159999999999982e-01
2.820000000000000000e+04 9.363839999999998831e-01
2.830000000000000000e+04 9.178239999999999732e-01
2.840000000000000000e+04 9.253679999999999684e-01
2.850000000000000000e+04 9.162759999999999794e-01
2.860000000000000000e+04 9.211440000000000738e-01
2.870000000000000000e+04 9.202999999999998959e-01
2.880000000000000000e+04 9.229039999999999466e-01
2.890000000000000000e+04 9.199799999999999089e-01
2.900000000000000000e+04 9.240319999999999645e-01
2.910000000000000000e+04 9.193200000000001371e-01
2.920000000000000000e+04 9.157160000000000855e-01
2.930000000000000000e+04 9.243919999999999915e-01
2.940000000000000000e+04 9.391599999999998838e-01
2.950000000000000000e+04 9.241800000000000015e-01
2.960000000000000000e+04 9.072159999999998004e-01
2.970000000000000000e+04 9.039679999999998827e-01
2.980000000000000000e+04 9.145200000000001106e-01
2.990000000000000000e+04 9.300040000000000529e-01
3.000000000000000000e+04 9.232000000000000206e-01
