0.000000000000000000e+00 4.926667646555820124e-01
1.000000000000000000e+02 4.977959740679076539e-01
2.000000000000000000e+02 6.347325168128112871e-01
3.000000000000000000e+02 7.372994567795685406e-01
4.000000000000000000e+02 7.940205957566528472e-01
5.000000000000000000e+02 8.106096837060581262e-01
6.000000000000000000e+02 8.184092782562140123e-01
7.000000000000000000e+02 8.370523924942090410e-01
8.000000000000000000e+02 8.433297741117019575e-01
9.000000000000000000e+02 8.521791080954407294e-01
1.000000000000000000e+03 8.666956764658174661e-01
1.100000000000000000e+03 8.702841527181424119e-01
1.200000000000000000e+03 8.707739915984584744e-01
1.300000000000000000e+03 8.748680759543638885e-01
1.400000000000000000e+03 8.947787538060389956e-01
1.500000000000000000e+03 8.692017151567805744e-01
1.600000000000000000e+03 8.854686044921171728e-01
1.700000000000000000e+03 8.993083290022099163e-01
1.800000000000000000e+03 9.024041816961214657e-01
1.900000000000000000e+03 9.051214338001236648e-01
2.000000000000000000e+03 8.912502622933233809e-01
2.100000000000000000e+03 9.104895693677768076e-01
2.200000000000000000e+03 9.145488191555501967e-01
2.300000000000000000e+03 9.121881010681369695e-01
2.400000000000000000e+03 9.177340790955293981e-01
2.500000000000000000e+03 9.100269763305149917e-01
2.600000000000000000e+03 9.159432967791345526e-01
2.700000000000000000e+03 9.114682570387024896e-01
2.800000000000000000e+03 9.290838531815419632e-01
2.900000000000000000e+03 9.271709776341378051e-01
3.000000000000000000e+03 9.211666906160177470e-01
3.100000000000000000e+03 9.155814504807527898e-01
3.200000000000000000e+03 9.210300864503155882e-01
3.300000000000000000e+03 9.198652489720677838e-01
3.400000000000000000e+03 9.314184845919181166e-01
3.500000000000000000e+03 9.211019345374692469e-01
3.600000000000000000e+03 9.216001604748000897e-01
3.700000000000000000e+03 9.070896449792760219e-01
3.800000000000000000e+03 9.348609245800388878e-01
3.900000000000000000e+03 9.174636897751051734e-01
4.000000000000000000e+03 9.238516814047269543e-01
4.100000000000000000e+03 9.316863648067852388e-01
4.200000000000000000e+03 9.287656384808417043e-01
4.300000000000000000e+03 9.376698544854856765e-01
4.400000000000000000e+03 9.229589666844496554e-01
4.500000000000000000e+03 9.250011655335268479e-01
4.600000000000000000e+03 9.072500647079688729e-01
4.700000000000000000e+03 9.217821189073355237e-01
4.800000000000000000e+03 9.201954226246816804e-01
4.900000000000000000e+03 9.217996660632500339e-01
5.000000000000000000e+03 9.433645875226376321e-01
5.100000000000000000e+03 9.281265003364038702e-01
5.200000000000000000e+03 9.122732433588569556e-01
5.300000000000000000e+03 9.296462071477781253e-01
5.400000000000000000e+03 9.235111390551902222e-01
5.500000000000000000e+03 9.296169510614679110e-01
5.600000000000000000e+03 9.317987384204862167e-01
5.700000000000000000e+03 9.331560731359234140e-01
5.800000000000000000e+03 9.200902098560869158e-01
5.900000000000000000e+03 9.399090041874775814e-01
6.000000000000000000e+03 9.306028284372993564e-01
6.100000000000000000e+03 9.311383639750224761e-01
6.200000000000000000e+03 9.298287358202260711e-01
6.300000000000000000e+03 9.398262010531730493e-01
6.400000000000000000e+03 9.253594710891974717e-01
6.500000000000000000e+03 9.281174493916035662e-01
6.600000000000000000e+03 9.252752618863901990e-01
6.700000000000000000e+03 9.332251524634038731e-01
6.800000000000000000e+03 9.320312708985234451e-01
6.900000000000000000e+03 9.169560976839137290e-01
7.000000000000000000e+03 9.280995321044864799e-01
7.100000000000000000e+03 9.249666089097605681e-01
7.200000000000000000e+03 9.276343389312552423e-01
7.300000000000000000e+03 9.323040496915824260e-01
7.400000000000000000e+03 9.363407215438358522e-01
7.500000000000000000e+03 9.380495908932773297e-01
7.600000000000000000e+03 9.271003748390053145e-01
7.700000000000000000e+03 9.403665173014641443e-01
7.800000000000000000e+03 9.377703568974213866e-01
7.900000000000000000e+03 9.303411007984426773e-01
8.000000000000000000e+03 9.396010873763590565e-01
8.100000000000000000e+03 9.212936054266454011e-01
8.200000000000000000e+03 9.338655589868691820e-01
8.300000000000000000e+03 9.362834948771836530e-01
8.400000000000000000e+03 9.291710743812229278e-01
8.500000000000000000e+03 9.271398854517582944e-01
8.600000000000000000e+03 9.172697675293327579e-01
8.700000000000000000e+03 9.293822241990538080e-01
8.800000000000000000e+03 9.388008242534857661e-01
8.900000000000000000e+03 9.370168334079296280e-01
9.000000000000000000e+03 9.403775317130232958e-01
9.100000000000000000e+03 9.313937307509901897e-01
9.200000000000000000e+03 9.391950823873727039e-01
9.300000000000000000e+03 9.391720662336787706e-01
9.400000000000000000e+03 9.223684871216484282e-01
9.500000000000000000e+03 9.357459113737832679e-01
9.600000000000000000e+03 9.330260224090864973e-01
9.700000000000000000e+03 9.307408028163353109e-01
9.800000000000000000e+03 9.435727407366296671e-01
9.900000000000000000e+03 9.379616281339431261e-01
1.000000000000000000e+04 9.226298159367287699e-01
1.010000000000000000e+04 9.313946351366976240e-01
1.020000000000000000e+04 9.386525928822324616e-01
1.030000000000000000e+04 9.276026361913585205e-01
1.040000000000000000e+04 9.353926487507592258e-01
1.050000000000000000e+04 9.269498199122193638e-01
1.060000000000000000e+04 9.374635048776363000e-01
1.070000000000000000e+04 9.374378273523499283e-01
1.080000000000000000e+04 9.373346527712145271e-01
1.090000000000000000e+04 9.340894429875837846e-01
1.100000000000000000e+04 9.361766037973049404e-01
1.110000000000000000e+04 9.255314521946460538e-01
1.120000000000000000e+04 9.345795080433584312e-01
1.130000000000000000e+04 9.200340231607631036e-01
1.140000000000000000e+04 9.265315240060365554e-01
1.150000000000000000e+04 9.395693439776162670e-01
1.160000000000000000e+04 9.080124057582963371e-01
1.170000000000000000e+04 9.367787461651204683e-01
1.180000000000000000e+04 9.331220779394491238e-01
1.190000000000000000e+04 9.334246150448251012e-01
1.200000000000000000e+04 9.502061920106100734e-01
1.210000000000000000e+04 9.389464687173740831e-01
1.220000000000000000e+04 9.310403226555138412e-01
1.230000000000000000e+04 9.319251920779230147e-01
1.240000000000000000e+04 9.339634865629112825e-01
1.250000000000000000e+04 9.389488553589899755e-01
1.260000000000000000e+04 9.184424427850711448e-01
1.270000000000000000e+04 9.332993289413393789e-01
1.280000000000000000e+04 9.465445445239231148e-01
1.290000000000000000e+04 9.307443104251205135e-01
1.300000000000000000e+04 9.387007933723386932e-01
1.310000000000000000e+04 9.407731460598441897e-01
1.320000000000000000e+04 9.392149727648746449e-01
1.330000000000000000e+04 9.324723971610757722e-01
1.340000000000000000e+04 9.371765870452408720e-01
1.350000000000000000e+04 9.329732451314813879e-01
1.360000000000000000e+04 9.240440445536550751e-01
1.370000000000000000e+04 9.381154045560599064e-01
1.380000000000000000e+04 9.305398088406791057e-01
1.390000000000000000e+04 9.225439958333411239e-01
1.400000000000000000e+04 9.316544737145684429e-01
1.410000000000000000e+04 9.348932398688640788e-01
1.420000000000000000e+04 9.273537515841286938e-01
1.430000000000000000e+04 9.475142438396889633e-01
1.440000000000000000e+04 9.377912098887561942e-01
1.450000000000000000e+04 9.335628235231405725e-01
1.460000000000000000e+04 9.193458364601505561e-01
1.470000000000000000e+04 9.311782333657488975e-01
1.480000000000000000e+04 9.350057487792320376e-01
1.490000000000000000e+04 9.300285984591081245e-01
1.500000000000000000e+04 9.341168601486043999e-01
1.510000000000000000e+04 9.385145504051036758e-01
1.520000000000000000e+04 9.289025190639477181e-01
1.530000000000000000e+04 9.226114815344566011e-01
1.540000000000000000e+04 9.430305454069132232e-01
1.550000000000000000e+04 9.303773398893104840e-01
1.560000000000000000e+04 9.372197906519655897e-01
1.570000000000000000e+04 9.364455690540045563e-01
1.580000000000000000e+04 9.424157546901332783e-01
1.590000000000000000e+04 9.296511049855322728e-01
1.600000000000000000e+04 9.360298195326046677e-01
1.610000000000000000e+04 9.370515766512386158e-01
1.620000000000000000e+04 9.197297419415880748e-01
1.630000000000000000e+04 9.343661018460374112e-01
1.640000000000000000e+04 9.298231293528310681e-01
1.650000000000000000e+04 9.365010756423413074e-01
1.660000000000000000e+04 9.334587272205358000e-01
1.670000000000000000e+04 9.376940076611066655e-01
1.680000000000000000e+04 9.348636959952800751e-01
1.690000000000000000e+04 9.283117183221785140e-01
1.700000000000000000e+04 9.262646440444769480e-01
1.710000000000000000e+04 9.287379133167142919e-01
1.720000000000000000e+04 9.311538633219054173e-01
1.730000000000000000e+04 9.416869818175641615e-01
1.740000000000000000e+04 9.378998121934171150e-01
1.750000000000000000e+04 9.429103333773459772e-01
1.760000000000000000e+04 9.307233600149042996e-01
1.770000000000000000e+04 9.257896948497631451e-01
1.780000000000000000e+04 9.374347104662270613e-01
1.790000000000000000e+04 9.289425448777488548e-01
1.800000000000000000e+04 9.307733551365358071e-01
1.810000000000000000e+04 9.358497023096126188e-01
1.820000000000000000e+04 9.251155518328859628e-01
1.830000000000000000e+04 9.417437457313690974e-01
1.840000000000000000e+04 9.224208728210772090e-01
1.850000000000000000e+04 9.259670626143865491e-01
1.860000000000000000e+04 9.308384073349619259e-01
1.870000000000000000e+04 9.330224337353646424e-01
1.880000000000000000e+04 9.349346563603835314e-01
1.890000000000000000e+04 9.287408591842840622e-01
1.900000000000000000e+04 9.299164847753759178e-01
1.910000000000000000e+04 9.340308673013184571e-01
1.920000000000000000e+04 9.287759440742737738e-01
1.930000000000000000e+04 9.309818091967140274e-01
1.940000000000000000e+04 9.407485863307760710e-01
1.950000000000000000e+04 9.293834881908390466e-01
1.960000000000000000e+04 9.273239933694290560e-01
1.970000000000000000e+04 9.441960646347243857e-01
1.980000000000000000e+04 9.366884319509930501e-01
1.990000000000000000e+04 9.334605264205013686e-01
2.000000000000000000e+04 9.411808764745261957e-01
2.010000000000000000e+04 9.351142001547607663e-01
2.020000000000000000e+04 9.324734159427763291e-01
2.030000000000000000e+04 9.390446513326377032e-01
2.040000000000000000e+04 9.343233368712188236e-01
2.050000000000000000e+04 9.338969833810272236e-01
2.060000000000000000e+04 9.370190680705204889e-01
2.070000000000000000e+04 9.191993268576236220e-01
2.080000000000000000e+04 9.338511368692761216e-01
2.090000000000000000e+04 9.312420984767221244e-01
2.100000000000000000e+04 9.370062482268051163e-01
2.110000000000000000e+04 9.311428228279089447e-01
2.120000000000000000e+04 9.379337059606271954e-01
2.130000000000000000e+04 9.309196175600192857e-01
2.140000000000000000e+04 9.251141516181237145e-01
2.150000000000000000e+04 9.364664956878527846e-01
2.160000000000000000e+04 9.215409471814419717e-01
2.170000000000000000e+04 9.291253157920357220e-01
2.180000000000000000e+04 9.431170406498556869e-01
2.190000000000000000e+04 9.433921810999663649e-01
2.200000000000000000e+04 9.245167081459275682e-01
2.210000000000000000e+04 9.327731008330663043e-01
2.220000000000000000e+04 9.302293338408093026e-01
2.230000000000000000e+04 9.390270068950754556e-01
2.240000000000000000e+04 9.323113116605753481e-01
2.250000000000000000e+04 9.360998817674948125e-01
2.260000000000000000e+04 9.394706142682390793e-01
2.270000000000000000e+04 9.237520419639401181e-01
2.280000000000000000e+04 9.392408031321785034e-01
2.290000000000000000e+04 9.423327145403015415e-01
2.300000000000000000e+04 9.279229599310359067e-01
2.310000000000000000e+04 9.351489475552143826e-01
2.320000000000000000e+04 9.370461074687669312e-01
2.330000000000000000e+04 9.254645348950742978e-01
2.340000000000000000e+04 9.519070117103533013e-01
2.350000000000000000e+04 9.408286676474110211e-01
2.360000000000000000e+04 9.338436122082199864e-01
2.370000000000000000e+04 9.462222723854085693e-01
2.380000000000000000e+04 9.293072406532874030e-01
2.390000000000000000e+04 9.305966810335855044e-01
2.400000000000000000e+04 9.447829340156741473e-01
2.410000000000000000e+04 9.409620605467040599e-01
2.420000000000000000e+04 9.363613254265009678e-01
2.430000000000000000e+04 9.319191054955021647e-01
2.440000000000000000e+04 9.270978180366911126e-01
2.450000000000000000e+04 9.303889170359178618e-01
2.460000000000000000e+04 9.394178435960935936e-01
2.470000000000000000e+04 9.372344845942481850e-01
2.480000000000000000e+04 9.337079486298041076e-01
2.490000000000000000e+04 9.438386877218207793e-01
2.500000000000000000e+04 9.393200063001063693e-01
2.510000000000000000e+04 9.350959854848590602e-01
2.520000000000000000e+04 9.291010660274983124e-01
2.530000000000000000e+04 9.386937622890225708e-01
2.540000000000000000e+04 9.315810163866481419e-01
2.550000000000000000e+04 9.284803976165947326e-01
2.560000000000000000e+04 9.384623313507514109e-01
2.570000000000000000e+04 9.365775554337671949e-01
2.580000000000000000e+04 9.302063971689398247e-01
2.590000000000000000e+04 9.406205165748845465e-01
2.600000000000000000e+04 9.301596066087547410e-01
2.610000000000000000e+04 9.437766909946094795e-01
2.620000000000000000e+04 9.317014779367198685e-01
2.630000000000000000e+04 9.315283022828152459e-01
2.640000000000000000e+04 9.391338718657040729e-01
2.650000000000000000e+04 9.244364122464601152e-01
2.660000000000000000e+04 9.434010060010782350e-01
2.670000000000000000e+04 9.309422093561150469e-01
2.680000000000000000e+04 9.351545540861033734e-01
2.690000000000000000e+04 9.337172630814262186e-01
2.700000000000000000e+04 9.344752344528427512e-01
2.710000000000000000e+04 9.381584131458831077e-01
2.720000000000000000e+04 9.399945268467412296e-01
2.730000000000000000e+04 9.474853614947816860e-01
2.740000000000000000e+04 9.347697241748089692e-01
2.750000000000000000e+04 9.327819881748260489e-01
2.760000000000000000e+04 9.358000759973755800e-01
2.770000000000000000e+04 9.247559380027542408e-01
2.780000000000000000e+04 9.380290261073958025e-01
2.790000000000000000e+04 9.356770140050760798e-01
2.800000000000000000e+04 9.321863052285852547e-01
2.810000000000000000e+04 9.372294610446273433e-01
2.820000000000000000e+04 9.321421408566352707e-01
2.830000000000000000e+04 9.336217825931902858e-01
2.840000000000000000e+04 9.328472207722344756e-01
2.850000000000000000e+04 9.339871756298157024e-01
2.860000000000000000e+04 9.298762645999740784e-01
2.870000000000000000e+04 9.217767479213265780e-01
2.880000000000000000e+04 9.353914872747408626e-01
2.890000000000000000e+04 9.339064904001646017e-01
2.900000000000000000e+04 9.433467651528043563e-01
2.910000000000000000e+04 9.267149600874602378e-01
2.920000000000000000e+04 9.366048499479716627e-01
2.930000000000000000e+04 9.463509090259968337e-01
2.940000000000000000e+04 9.346827386970449902e-01
2.950000000000000000e+04 9.455473333652490986e-01
2.960000000000000000e+04 9.320989612099639388e-01
2.970000000000000000e+04 9.292836023490458341e-01
2.980000000000000000e+04 9.311877324639833420e-01
2.990000000000000000e+04 9.294101713044455870e-01
3.000000000000000000e+04 9.258710906657999784e-01
