0.000000000000000000e+00 4.903999999999999471e-01
1.000000000000000000e+02 5.131120000000000125e-01
2.000000000000000000e+02 6.468439999999999745e-01
3.000000000000000000e+02 7.143719999999998960e-01
4.000000000000000000e+02 7.697639999999998928e-01
5.000000000000000000e+02 7.792179999999999662e-01
6.000000000000000000e+02 7.819119999999999404e-01
7.000000000000000000e+02 8.086720000000000574e-01
8.000000000000000000e+02 8.083799999999998764e-01
9.000000000000000000e+02 8.215280000000000360e-01
1.000000000000000000e+03 8.383559999999999901e-01
1.100000000000000000e+03 8.400119999999999809e-01
1.200000000000000000e+03 8.426339999999998831e-01
1.300000000000000000e+03 8.476359999999999451e-01
1.400000000000000000e+03 8.686079999999999357e-01
1.500000000000000000e+03 8.394039999999999280e-01
1.600000000000000000e+03 8.608240000000000336e-01
1.700000000000000000e+03 8.743999999999999551e-01
1.800000000000000000e+03 8.796200000000000685e-01
1.900000000000000000e+03 8.845999999999999419e-01
2.000000000000000000e+03 8.666359999999999619e-01
2.100000000000000000e+03 8.933799999999999519e-01
2.200000000000000000e+03 8.986399999999999944e-01
2.300000000000000000e+03 8.910039999999999072e-01
2.400000000000000000e+03 9.001680000000000792e-01
2.500000000000000000e+03 8.903559999999999253e-01
2.600000000000000000e+03 8.986000000000000654e-01
2.700000000000000000e+03 8.850519999999999499e-01
2.800000000000000000e+03 9.135960000000000747e-01
2.900000000000000000e+03 9.138119999999998466e-01
3.000000000000000000e+03 9.060399999999999565e-01
3.100000000000000000e+03 8.937199999999999589e-01
3.200000000000000000e+03 9.004120000000001012e-01
3.300000000000000000e+03 9.038159999999998417e-01
3.400000000000000000e+03 9.171519999999998563e-01
3.500000000000000000e+03 9.117880000000000429e-01
3.600000000000000000e+03 9.078399999999999803e-01
3.700000000000000000e+03 8.854239999999999888e-01
3.800000000000000000e+03 9.198279999999999790e-01
3.900000000000000000e+03 9.023480000000000389e-01
4.000000000000000000e+03 9.093080000000000052e-01
4.100000000000000000e+03 9.184199999999999031e-01
4.200000000000000000e+03 9.127960000000000518e-01
4.300000000000000000e+03 9.236439999999999095e-01
4.400000000000000000e+03 9.045800000000000507e-01
4.500000000000000000e+03 9.120880000000000098e-01
4.600000000000000000e+03 8.892880000000000784e-01
4.700000000000000000e+03 9.054920000000000746e-01
4.800000000000000000e+03 9.028879999999999129e-01
4.900000000000000000e+03 9.046199999999999797e-01
5.000000000000000000e+03 9.289960000000000440e-01
5.100000000000000000e+03 9.146799999999999375e-01
5.200000000000000000e+03 8.923920000000000741e-01
5.300000000000000000e+03 9.152480000000000615e-01
5.400000000000000000e+03 9.097920000000001561e-01
5.500000000000000000e+03 9.151080000000000325e-01
5.600000000000000000e+03 9.206719999999999349e-01
5.700000000000000000e+03 9.215639999999999388e-01
5.800000000000000000e+03 9.004000000000000892e-01
5.900000000000000000e+03 9.288039999999999630e-01
6.000000000000000000e+03 9.192279999999999340e-01
6.100000000000000000e+03 9.181559999999998611e-01
6.200000000000000000e+03 9.121159999999999268e-01
6.300000000000000000e+03 9.285560000000000480e-01
6.400000000000000000e+03 9.100639999999998730e-01
6.500000000000000000e+03 9.125320000000000098e-01
6.600000000000000000e+03 9.106560000000001320e-01
6.700000000000000000e+03 9.203359999999999319e-01
6.800000000000000000e+03 9.153039999999998955e-01
6.900000000000000000e+03 8.953119999999999967e-01
7.000000000000000000e+03 9.138279999999999736e-01
7.100000000000000000e+03 9.061439999999999495e-01
7.200000000000000000e+03 9.114320000000000199e-01
7.300000000000000000e+03 9.144560000000000466e-01
7.400000000000000000e+03 9.204559999999999409e-01
7.500000000000000000e+03 9.235519999999999285e-01
7.600000000000000000e+03 9.102840000000000931e-01
7.700000000000000000e+03 9.288560000000000150e-01
7.800000000000000000e+03 9.255919999999999703e-01
7.900000000000000000e+03 9.160319999999999574e-01
8.000000000000000000e+03 9.284599999999999520e-01
8.100000000000000000e+03 9.017199999999999660e-01
8.200000000000000000e+03 9.209600000000000009e-01
8.300000000000000000e+03 9.256960000000000743e-01
8.400000000000000000e+03 9.124239999999999018e-01
8.500000000000000000e+03 9.123040000000000038e-01
8.600000000000000000e+03 8.983679999999999444e-01
8.700000000000000000e+03 9.108880000000000310e-01
8.800000000000000000e+03 9.235679999999999445e-01
8.900000000000000000e+03 9.237600000000001366e-01
9.000000000000000000e+03 9.271599999999999842e-01
9.100000000000000000e+03 9.171920000000000073e-01
9.200000000000000000e+03 9.248239999999998684e-01
9.300000000000000000e+03 9.236600000000001476e-01
9.400000000000000000e+03 9.089960000000000262e-01
9.500000000000000000e+03 9.218979999999999952e-01
9.600000000000000000e+03 9.199600000000000000e-01
9.700000000000000000e+03 9.171959999999999003e-01
9.800000000000000000e+03 9.339120000000000754e-01
9.900000000000000000e+03 9.260760000000000103e-01
1.000000000000000000e+04 9.049080000000000457e-01
1.010000000000000000e+04 9.186400000000000121e-01
1.020000000000000000e+04 9.250519999999999854e-01
1.030000000000000000e+04 9.090199999999999392e-01
1.040000000000000000e+04 9.191599999999999770e-01
1.050000000000000000e+04 9.124039999999999928e-01
1.060000000000000000e+04 9.253879999999999884e-01
1.070000000000000000e+04 9.262880000000000003e-01
1.080000000000000000e+04 9.265959999999999752e-01
1.090000000000000000e+04 9.214799999999999658e-01
1.100000000000000000e+04 9.257439999999999003e-01
1.110000000000000000e+04 9.098520000000001051e-01
1.120000000000000000e+04 9.212480000000000668e-01
1.130000000000000000e+04 9.036359999999998838e-01
1.140000000000000000e+04 9.096120000000000871e-01
1.150000000000000000e+04 9.296279999999998989e-01
1.160000000000000000e+04 8.891679999999999584e-01
1.170000000000000000e+04 9.248480000000000034e-01
1.180000000000000000e+04 9.225320000000000187e-01
1.190000000000000000e+04 9.141480000000001827e-01
1.200000000000000000e+04 9.438839999999999453e-01
1.210000000000000000e+04 9.272199999999999331e-01
1.220000000000000000e+04 9.155679999999999374e-01
1.230000000000000000e+04 9.243600000000000705e-01
1.240000000000000000e+04 9.174360000000000293e-01
1.250000000000000000e+04 9.245039999999999925e-01
1.260000000000000000e+04 9.016159999999999730e-01
1.270000000000000000e+04 9.191000000000000281e-01
1.280000000000000000e+04 9.334359999999999324e-01
1.290000000000000000e+04 9.162919999999999954e-01
1.300000000000000000e+04 9.249880000000000324e-01
1.310000000000000000e+04 9.279119999999999591e-01
1.320000000000000000e+04 9.264879999999999782e-01
1.330000000000000000e+04 9.194999999999999840e-01
1.340000000000000000e+04 9.270160000000000622e-01
1.350000000000000000e+04 9.201479999999999659e-01
1.360000000000000000e+04 9.100999999999999091e-01
1.370000000000000000e+04 9.236599999999999255e-01
1.380000000000000000e+04 9.169519999999999893e-01
1.390000000000000000e+04 9.066600000000000215e-01
1.400000000000000000e+04 9.176799999999999402e-01
1.410000000000000000e+04 9.220800000000000107e-01
1.420000000000000000e+04 9.128560000000001118e-01
1.430000000000000000e+04 9.377320000000000100e-01
1.440000000000000000e+04 9.234639999999999516e-01
1.450000000000000000e+04 9.202559999999999629e-01
1.460000000000000000e+04 8.982920000000000904e-01
1.470000000000000000e+04 9.150399999999998535e-01
1.480000000000000000e+04 9.204239999999999089e-01
1.490000000000000000e+04 9.182320000000000482e-01
1.500000000000000000e+04 9.213079999999999048e-01
1.510000000000000000e+04 9.271119999999999362e-01
1.520000000000000000e+04 9.168080000000000673e-01
1.530000000000000000e+04 9.150760000000001115e-01
1.540000000000000000e+04 9.336880000000000734e-01
1.550000000000000000e+04 9.121000000000000218e-01
1.560000000000000000e+04 9.238600000000000145e-01
1.570000000000000000e+04 9.239800000000000235e-01
1.580000000000000000e+04 9.305479999999999308e-01
1.590000000000000000e+04 9.198479999999999990e-01
1.600000000000000000e+04 9.174120000000000053e-01
1.610000000000000000e+04 9.243839999999998724e-01
1.620000000000000000e+04 9.055959999999999566e-01
1.630000000000000000e+04 9.189039999999999431e-01
1.640000000000000000e+04 9.142439999999998346e-01
1.650000000000000000e+04 9.222960000000000047e-01
1.660000000000000000e+04 9.188840000000000341e-01
1.670000000000000000e+04 9.265040000000001053e-01
1.680000000000000000e+04 9.232999999999997875e-01
1.690000000000000000e+04 9.154039999999999955e-01
1.700000000000000000e+04 9.110280000000000600e-01
1.710000000000000000e+04 9.139359999999998596e-01
1.720000000000000000e+04 9.150040000000000395e-01
1.730000000000000000e+04 9.292240000000000499e-01
1.740000000000000000e+04 9.225360000000000227e-01
1.750000000000000000e+04 9.306080000000001018e-01
1.760000000000000000e+04 9.133479999999999377e-01
1.770000000000000000e+04 9.063400000000000345e-01
1.780000000000000000e+04 9.245999999999999774e-01
1.790000000000000000e+04 9.212160000000000348e-01
1.800000000000000000e+04 9.181079999999999242e-01
1.810000000000000000e+04 9.230679999999998886e-01
1.820000000000000000e+04 9.115319999999998979e-01
1.830000000000000000e+04 9.329359999999999875e-01
1.840000000000000000e+04 9.082159999999999123e-01
1.850000000000000000e+04 9.178640000000000132e-01
1.860000000000000000e+04 9.133359999999999257e-01
1.870000000000000000e+04 9.180039999999999312e-01
1.880000000000000000e+04 9.213279999999999248e-01
1.890000000000000000e+04 9.166239999999998833e-01
1.900000000000000000e+04 9.164959999999998663e-01
1.910000000000000000e+04 9.208240000000000869e-01
1.920000000000000000e+04 9.102359999999999340e-01
1.930000000000000000e+04 9.182399999999999451e-01
1.940000000000000000e+04 9.268919999999999382e-01
1.950000000000000000e+04 9.173000000000000043e-01
1.960000000000000000e+04 9.120599999999998708e-01
1.970000000000000000e+04 9.323240000000001526e-01
1.980000000000000000e+04 9.219999999999999307e-01
1.990000000000000000e+04 9.182679999999999731e-01
2.000000000000000000e+04 9.311599999999998767e-01
2.010000000000000000e+04 9.212679999999999758e-01
2.020000000000000000e+04 9.180840000000001222e-01
2.030000000000000000e+04 9.254759999999999653e-01
2.040000000000000000e+04 9.216400000000000148e-01
2.050000000000000000e+04 9.188999999999999391e-01
2.060000000000000000e+04 9.215999999999998638e-01
2.070000000000000000e+04 8.965440000000000076e-01
2.080000000000000000e+04 9.209920000000000329e-01
2.090000000000000000e+04 9.188719999999999111e-01
2.100000000000000000e+04 9.233039999999999026e-01
2.110000000000000000e+04 9.148719999999999075e-01
2.120000000000000000e+04 9.234839999999999716e-01
2.130000000000000000e+04 9.169519999999999893e-01
2.140000000000000000e+04 9.085360000000000102e-01
2.150000000000000000e+04 9.242600000000000815e-01
2.160000000000000000e+04 9.104079999999999950e-01
2.170000000000000000e+04 9.152479999999999505e-01
2.180000000000000000e+04 9.332519999999999705e-01
2.190000000000000000e+04 9.315239999999999077e-01
2.200000000000000000e+04 9.105320000000000080e-01
2.210000000000000000e+04 9.190319999999998490e-01
2.220000000000000000e+04 9.144959999999999756e-01
2.230000000000000000e+04 9.254000000000000004e-01
2.240000000000000000e+04 9.215440000000000298e-01
2.250000000000000000e+04 9.216720000000000468e-01
2.260000000000000000e+04 9.283360000000000500e-01
2.270000000000000000e+04 9.029400000000000759e-01
2.280000000000000000e+04 9.254799999999999693e-01
2.290000000000000000e+04 9.310439999999999827e-01
2.300000000000000000e+04 9.162000000000000144e-01
2.310000000000000000e+04 9.218480000000000008e-01
2.320000000000000000e+04 9.234199999999999076e-01
2.330000000000000000e+04 9.099680000000001101e-01
2.340000000000000000e+04 9.415080000000000116e-01
2.350000000000000000e+04 9.265959999999999752e-01
2.360000000000000000e+04 9.197039999999998550e-01
2.370000000000000000e+04 9.352239999999998332e-01
2.380000000000000000e+04 9.121040000000000258e-01
2.390000000000000000e+04 9.144079999999999986e-01
2.400000000000000000e+04 9.360840000000000272e-01
2.410000000000000000e+04 9.264319999999999222e-01
2.420000000000000000e+04 9.216199999999999948e-01
2.430000000000000000e+04 9.174400000000000333e-01
2.440000000000000000e+04 9.137720000000000287e-01
2.450000000000000000e+04 9.138319999999999776e-01
2.460000000000000000e+04 9.247039999999999704e-01
2.470000000000000000e+04 9.224080000000000057e-01
2.480000000000000000e+04 9.179839999999999112e-01
2.490000000000000000e+04 9.344959999999999933e-01
2.500000000000000000e+04 9.291199999999999459e-01
2.510000000000000000e+04 9.224639999999999507e-01
2.520000000000000000e+04 9.131720000000000947e-01
2.530000000000000000e+04 9.286679999999999380e-01
2.540000000000000000e+04 9.183920000000000972e-01
2.550000000000000000e+04 9.144599999999999396e-01
2.560000000000000000e+04 9.248439999999998884e-01
2.570000000000000000e+04 9.211679999999999868e-01
2.580000000000000000e+04 9.129120000000000568e-01
2.590000000000000000e+04 9.289960000000000440e-01
2.600000000000000000e+04 9.118999999999999329e-01
2.610000000000000000e+04 9.309760000000000257e-01
2.620000000000000000e+04 9.166159999999998753e-01
2.630000000000000000e+04 9.141239999999999366e-01
2.640000000000000000e+04 9.273959999999999981e-01
2.650000000000000000e+04 9.067639999999999034e-01
2.660000000000000000e+04 9.334439999999999404e-01
2.670000000000000000e+04 9.204039999999998889e-01
2.680000000000000000e+04 9.212919999999999998e-01
2.690000000000000000e+04 9.192960000000000020e-01
2.700000000000000000e+04 9.197999999999999510e-01
2.710000000000000000e+04 9.251319999999998434e-01
2.720000000000000000e+04 9.248399999999999954e-01
2.730000000000000000e+04 9.357799999999999452e-01
2.740000000000000000e+04 9.187159999999999771e-01
2.750000000000000000e+04 9.196159999999999890e-01
2.760000000000000000e+04 9.212280000000001579e-01
2.770000000000000000e+04 9.065039999999999765e-01
2.780000000000000000e+04 9.303200000000000358e-01
2.790000000000000000e+04 9.233199999999999186e-01
2.800000000000000000e+04 9.183240000000000292e-01
2.810000000000000000e+04 9.234719999999998485e-01
2.820000000000000000e+04 9.178639999999999022e-01
2.830000000000000000e+04 9.221960000000000157e-01
2.840000000000000000e+04 9.224560000000000537e-01
2.850000000000000000e+04 9.181640000000000912e-01
2.860000000000000000e+04 9.125360000000000138e-01
2.870000000000000000e+04 9.045759999999998247e-01
2.880000000000000000e+04 9.231320000000000636e-01
2.890000000000000000e+04 9.205800000000000649e-01
2.900000000000000000e+04 9.329279999999999795e-01
2.910000000000000000e+04 9.177760000000000362e-01
2.920000000000000000e+04 9.202399999999999469e-01
2.930000000000000000e+04 9.337079999999999824e-01
2.940000000000000000e+04 9.223319999999999297e-01
2.950000000000000000e+04 9.335200000000000164e-01
2.960000000000000000e+04 9.200359999999998539e-01
2.970000000000000000e+04 9.154279999999999085e-01
2.980000000000000000e+04 9.155560000000000365e-01
2.990000000000000000e+04 9.127839999999999288e-01
3.000000000000000000e+04 9.070960000000001244e-01
