0.000000000000000000e+00 5.171095518361283894e-01
1.000000000000000000e+02 4.288191678925625805e-01
2.000000000000000000e+02 4.079112696533401805e-01
3.000000000000000000e+02 4.311434731732008419e-01
4.000000000000000000e+02 4.289395625794399369e-01
5.000000000000000000e+02 4.659740921663709234e-01
6.000000000000000000e+02 5.252376356035481919e-01
7.000000000000000000e+02 5.705518193236494007e-01
8.000000000000000000e+02 5.548904926853147623e-01
9.000000000000000000e+02 5.583950389920842028e-01
1.000000000000000000e+03 5.796387271172154243e-01
1.100000000000000000e+03 6.080761271876811147e-01
1.200000000000000000e+03 6.190816588644901808e-01
1.300000000000000000e+03 6.213604728222944518e-01
1.400000000000000000e+03 6.018382025002360081e-01
1.500000000000000000e+03 6.570832207255186130e-01
1.600000000000000000e+03 6.665084540011849690e-01
1.700000000000000000e+03 6.670880308443468687e-01
1.800000000000000000e+03 6.591992477175361298e-01
1.900000000000000000e+03 6.708941528200733639e-01
2.000000000000000000e+03 7.028886380881689266e-01
2.100000000000000000e+03 6.959791828628069110e-01
2.200000000000000000e+03 7.119128859575166723e-01
2.300000000000000000e+03 6.978453074826513891e-01
2.400000000000000000e+03 6.889035694314715741e-01
2.500000000000000000e+03 7.060358101862443947e-01
2.600000000000000000e+03 7.299167401827504342e-01
2.700000000000000000e+03 7.120002257523800893e-01
2.800000000000000000e+03 7.138265234077052490e-01
2.900000000000000000e+03 7.299864418453643200e-01
3.000000000000000000e+03 7.290734138350558613e-01
3.100000000000000000e+03 7.371623161193644469e-01
3.200000000000000000e+03 7.042298677378777683e-01
3.300000000000000000e+03 7.503758768892319075e-01
3.400000000000000000e+03 7.602937742451663095e-01
3.500000000000000000e+03 7.457502272975935487e-01
3.600000000000000000e+03 7.354400666025178168e-01
3.700000000000000000e+03 7.784210791247432315e-01
3.800000000000000000e+03 7.499877358129628524e-01
3.900000000000000000e+03 7.504090488322276986e-01
4.000000000000000000e+03 7.671969630722327294e-01
4.100000000000000000e+03 7.473273765417476344e-01
4.200000000000000000e+03 7.786936670294328788e-01
4.300000000000000000e+03 7.795856952083384250e-01
4.400000000000000000e+03 7.778722868637057974e-01
4.500000000000000000e+03 7.485135109568213929e-01
4.600000000000000000e+03 7.836815796762112152e-01
4.700000000000000000e+03 7.762026060546641792e-01
4.800000000000000000e+03 7.870223400239537703e-01
4.900000000000000000e+03 7.757729535230430962e-01
5.000000000000000000e+03 7.751159649705819943e-01
5.100000000000000000e+03 7.747007083448157472e-01
5.200000000000000000e+03 7.819988828840829242e-01
5.300000000000000000e+03 7.979016893837056479e-01
5.400000000000000000e+03 8.073662074555699730e-01
5.500000000000000000e+03 7.867186468096161178e-01
5.600000000000000000e+03 7.740820610041438954e-01
5.700000000000000000e+03 7.830552295178695443e-01
5.800000000000000000e+03 7.891438333180561537e-01
5.900000000000000000e+03 7.966136295247803201e-01
6.000000000000000000e+03 7.937834087707440478e-01
6.100000000000000000e+03 8.053453775686745253e-01
6.200000000000000000e+03 7.804352636049927128e-01
6.300000000000000000e+03 8.196299834170245324e-01
6.400000000000000000e+03 7.906882005489928034e-01
6.500000000000000000e+03 8.064054713786412698e-01
6.600000000000000000e+03 8.152139737673440578e-01
6.700000000000000000e+03 8.091245699417031201e-01
6.800000000000000000e+03 7.886489876931487286e-01
6.900000000000000000e+03 7.895957204551720121e-01
7.000000000000000000e+03 8.248194506617714250e-01
7.100000000000000000e+03 8.241002300489602694e-01
7.200000000000000000e+03 8.473414685221076770e-01
7.300000000000000000e+03 8.372654383373467901e-01
7.400000000000000000e+03 8.370163341546377200e-01
7.500000000000000000e+03 7.922409173016752293e-01
7.600000000000000000e+03 8.318991405722382382e-01
7.700000000000000000e+03 8.405568676935728512e-01
7.800000000000000000e+03 8.376482568277634488e-01
7.900000000000000000e+03 8.314758103524574340e-01
8.000000000000000000e+03 8.195972184886042289e-01
8.100000000000000000e+03 8.485367708750948257e-01
8.200000000000000000e+03 8.384994911237275694e-01
8.300000000000000000e+03 8.542763808066426989e-01
8.400000000000000000e+03 8.379744970631595180e-01
8.500000000000000000e+03 8.436282982544089926e-01
8.600000000000000000e+03 8.398336285626658571e-01
8.700000000000000000e+03 8.432390646788400224e-01
8.800000000000000000e+03 8.430810220855846637e-01
8.900000000000000000e+03 8.284802449478665398e-01
9.000000000000000000e+03 8.419035786542081734e-01
9.100000000000000000e+03 8.694810755224967602e-01
9.200000000000000000e+03 8.601284543458511678e-01
9.300000000000000000e+03 8.759201989850873282e-01
9.400000000000000000e+03 8.707654441863970085e-01
9.500000000000000000e+03 8.529642265703735182e-01
9.600000000000000000e+03 8.685930923749601851e-01
9.700000000000000000e+03 8.583406205885100171e-01
9.800000000000000000e+03 8.673095242731465593e-01
9.900000000000000000e+03 8.748875445171457876e-01
1.000000000000000000e+04 8.676924328239929984e-01
1.010000000000000000e+04 8.687867706365530740e-01
1.020000000000000000e+04 8.523913168471826118e-01
1.030000000000000000e+04 8.755396772738619493e-01
1.040000000000000000e+04 8.549926595557776343e-01
1.050000000000000000e+04 8.840321593678461820e-01
1.060000000000000000e+04 8.705383753572094596e-01
1.070000000000000000e+04 8.743062049721856965e-01
1.080000000000000000e+04 8.915564518016761975e-01
1.090000000000000000e+04 8.753017750442412259e-01
1.100000000000000000e+04 8.734814599920373013e-01
1.110000000000000000e+04 8.897156346369374802e-01
1.120000000000000000e+04 8.940859112402478326e-01
1.130000000000000000e+04 8.712010375527494688e-01
1.140000000000000000e+04 8.877480735328373562e-01
1.150000000000000000e+04 8.674019386012699062e-01
1.160000000000000000e+04 8.845096297750754122e-01
1.170000000000000000e+04 8.905613148094188025e-01
1.180000000000000000e+04 8.978571977576755847e-01
1.190000000000000000e+04 8.758887897763567576e-01
1.200000000000000000e+04 8.742917456313228364e-01
1.210000000000000000e+04 8.956456091354129123e-01
1.220000000000000000e+04 8.679606746100767545e-01
1.230000000000000000e+04 8.912182814769923356e-01
1.240000000000000000e+04 9.033868483884368583e-01
1.250000000000000000e+04 8.916039170632272803e-01
1.260000000000000000e+04 8.904615534150973621e-01
1.270000000000000000e+04 9.078325105622324642e-01
1.280000000000000000e+04 8.916540176497682602e-01
1.290000000000000000e+04 8.877473369568743555e-01
1.300000000000000000e+04 8.959878328356938315e-01
1.310000000000000000e+04 8.851568337621922300e-01
1.320000000000000000e+04 8.927157101791205474e-01
1.330000000000000000e+04 8.982726500975235506e-01
1.340000000000000000e+04 8.985050053759194855e-01
1.350000000000000000e+04 8.916581241059898799e-01
1.360000000000000000e+04 8.972092700021783163e-01
1.370000000000000000e+04 8.906052788530868236e-01
1.380000000000000000e+04 8.857101759710268585e-01
1.390000000000000000e+04 8.957471008475142993e-01
1.400000000000000000e+04 9.089258637273256447e-01
1.410000000000000000e+04 8.873353984169873865e-01
1.420000000000000000e+04 8.800898258543322639e-01
1.430000000000000000e+04 8.927785690971067334e-01
1.440000000000000000e+04 8.933426756284874592e-01
1.450000000000000000e+04 9.048108888624099011e-01
1.460000000000000000e+04 9.005439334188072298e-01
1.470000000000000000e+04 8.870338115001249468e-01
1.480000000000000000e+04 9.064363889276281228e-01
1.490000000000000000e+04 9.018870559811683618e-01
1.500000000000000000e+04 8.893324405030463842e-01
1.510000000000000000e+04 9.012619737817497700e-01
1.520000000000000000e+04 9.139524794945148578e-01
1.530000000000000000e+04 9.101887712207523684e-01
1.540000000000000000e+04 8.973912760876533445e-01
1.550000000000000000e+04 9.160963260153067722e-01
1.560000000000000000e+04 9.073727918831926420e-01
1.570000000000000000e+04 9.092710117271598502e-01
1.580000000000000000e+04 9.245561293196045138e-01
1.590000000000000000e+04 8.921336832531991945e-01
1.600000000000000000e+04 8.992752683439479977e-01
1.610000000000000000e+04 8.912445334773485550e-01
1.620000000000000000e+04 9.046820359634607511e-01
1.630000000000000000e+04 9.062568988901846812e-01
1.640000000000000000e+04 8.925376321829459059e-01
1.650000000000000000e+04 9.129600651007732104e-01
1.660000000000000000e+04 9.187443585740382446e-01
1.670000000000000000e+04 9.076280027972484232e-01
1.680000000000000000e+04 9.015911554008682049e-01
1.690000000000000000e+04 9.272824402021052625e-01
1.700000000000000000e+04 9.055420433293781546e-01
1.710000000000000000e+04 9.078720333206293791e-01
1.720000000000000000e+04 9.139597864879281941e-01
1.730000000000000000e+04 9.119557144515051395e-01
1.740000000000000000e+04 8.876695263996765561e-01
1.750000000000000000e+04 9.176157636376440774e-01
1.760000000000000000e+04 9.081016136732178445e-01
1.770000000000000000e+04 9.171373860756597551e-01
1.780000000000000000e+04 8.980135821949137842e-01
1.790000000000000000e+04 8.973896466777567804e-01
1.800000000000000000e+04 8.919192269165427955e-01
1.810000000000000000e+04 8.981246922858294734e-01
1.820000000000000000e+04 9.185538495910535728e-01
1.830000000000000000e+04 9.125977779336336138e-01
1.840000000000000000e+04 9.061250768756607954e-01
1.850000000000000000e+04 9.192318325401273027e-01
1.860000000000000000e+04 9.035704718532562296e-01
1.870000000000000000e+04 8.944424648362196972e-01
1.880000000000000000e+04 9.134017832782679314e-01
1.890000000000000000e+04 9.047131277313857911e-01
1.900000000000000000e+04 9.020300177660549590e-01
1.910000000000000000e+04 9.195335033652327628e-01
1.920000000000000000e+04 9.026401756284677669e-01
1.930000000000000000e+04 9.011283543887498304e-01
1.940000000000000000e+04 9.166211877231871252e-01
1.950000000000000000e+04 8.987784909624030316e-01
1.960000000000000000e+04 9.010899584943898866e-01
1.970000000000000000e+04 8.991677573627614439e-01
1.980000000000000000e+04 9.126970843144681655e-01
1.990000000000000000e+04 8.927314999232864867e-01
2.000000000000000000e+04 9.004789721017514292e-01
2.010000000000000000e+04 9.060278844219047389e-01
2.020000000000000000e+04 9.044923442724475127e-01
2.030000000000000000e+04 9.196982539159477277e-01
2.040000000000000000e+04 9.230040827395168401e-01
2.050000000000000000e+04 9.170062210866363195e-01
2.060000000000000000e+04 9.157515276706932328e-01
2.070000000000000000e+04 9.091979768581714971e-01
2.080000000000000000e+04 9.127243927106305499e-01
2.090000000000000000e+04 9.175009024854996476e-01
2.100000000000000000e+04 9.193484297008178707e-01
2.110000000000000000e+04 9.051184823190030482e-01
2.120000000000000000e+04 9.103106814962649285e-01
2.130000000000000000e+04 9.073010551628943876e-01
2.140000000000000000e+04 9.011545106303097130e-01
2.150000000000000000e+04 8.998152785193895831e-01
2.160000000000000000e+04 9.152610577690205584e-01
2.170000000000000000e+04 9.192268903152021053e-01
2.180000000000000000e+04 8.856359073532957815e-01
2.190000000000000000e+04 8.916669395735085102e-01
2.200000000000000000e+04 9.106466310672257647e-01
2.210000000000000000e+04 9.039379587076999956e-01
2.220000000000000000e+04 9.339421904857364565e-01
2.230000000000000000e+04 9.128838750704212357e-01
2.240000000000000000e+04 9.235230919590600163e-01
2.250000000000000000e+04 9.172240004140805869e-01
2.260000000000000000e+04 9.195118453038877426e-01
2.270000000000000000e+04 9.179367759129744009e-01
2.280000000000000000e+04 9.102248697804049549e-01
2.290000000000000000e+04 9.169116778003699730e-01
2.300000000000000000e+04 9.182424809296336754e-01
2.310000000000000000e+04 9.050291601317224099e-01
2.320000000000000000e+04 9.077367107342506625e-01
2.330000000000000000e+04 9.267875326879725373e-01
2.340000000000000000e+04 9.061758207304793089e-01
2.350000000000000000e+04 9.121964096103674091e-01
2.360000000000000000e+04 9.224132223979312206e-01
2.370000000000000000e+04 9.235072348322685976e-01
2.380000000000000000e+04 8.967028983875575676e-01
2.390000000000000000e+04 9.196081890506266898e-01
2.400000000000000000e+04 8.969569167390137876e-01
2.410000000000000000e+04 9.232146625654751304e-01
2.420000000000000000e+04 9.165842463153228703e-01
2.430000000000000000e+04 9.153733090388976867e-01
2.440000000000000000e+04 8.997445054804631415e-01
2.450000000000000000e+04 9.144617193198547600e-01
2.460000000000000000e+04 9.039424752207692038e-01
2.470000000000000000e+04 9.215273088841748894e-01
2.480000000000000000e+04 9.154269057220696393e-01
2.490000000000000000e+04 9.359877791060431385e-01
2.500000000000000000e+04 9.144320681921218608e-01
2.510000000000000000e+04 9.149364947196243492e-01
2.520000000000000000e+04 9.151871678496148466e-01
2.530000000000000000e+04 9.088079576183025754e-01
2.540000000000000000e+04 9.314513375619295488e-01
2.550000000000000000e+04 9.146426949756607527e-01
2.560000000000000000e+04 9.409603823484259388e-01
2.570000000000000000e+04 9.236699565906008047e-01
2.580000000000000000e+04 9.280151446844189245e-01
2.590000000000000000e+04 8.930013990179290762e-01
2.600000000000000000e+04 9.059399716189937557e-01
2.610000000000000000e+04 9.109356263479937432e-01
2.620000000000000000e+04 9.221472780048749485e-01
2.630000000000000000e+04 9.168278750540662658e-01
2.640000000000000000e+04 9.188340910952751406e-01
2.650000000000000000e+04 9.289842994384140962e-01
2.660000000000000000e+04 9.245535296433763373e-01
2.670000000000000000e+04 9.369940844669339963e-01
2.680000000000000000e+04 9.277794056234109910e-01
2.690000000000000000e+04 9.217101243478271755e-01
2.700000000000000000e+04 9.267513965431903866e-01
2.710000000000000000e+04 8.945713600317010128e-01
2.720000000000000000e+04 9.086266098541516678e-01
2.730000000000000000e+04 9.243677938011594097e-01
2.740000000000000000e+04 9.165667856392559765e-01
2.750000000000000000e+04 9.225814129689402510e-01
2.760000000000000000e+04 9.278650403981377748e-01
2.770000000000000000e+04 9.197733911693987130e-01
2.780000000000000000e+04 9.265547934022282384e-01
2.790000000000000000e+04 9.182154104000364025e-01
2.800000000000000000e+04 9.438284933172336189e-01
2.810000000000000000e+04 9.143074735729589397e-01
2.820000000000000000e+04 9.178814330500766339e-01
2.830000000000000000e+04 9.166754288734559886e-01
2.840000000000000000e+04 9.184814021276859197e-01
2.850000000000000000e+04 9.196867989313903813e-01
2.860000000000000000e+04 9.050887848903130806e-01
2.870000000000000000e+04 8.992856352321442204e-01
2.880000000000000000e+04 9.211157482295656562e-01
2.890000000000000000e+04 9.200348979977264197e-01
2.900000000000000000e+04 9.270653642159285557e-01
2.910000000000000000e+04 9.067541612800892326e-01
2.920000000000000000e+04 9.182724304691241013e-01
2.930000000000000000e+04 9.109447079614894083e-01
2.940000000000000000e+04 9.279397792034848047e-01
2.950000000000000000e+04 9.222717861687860230e-01
2.960000000000000000e+04 9.085023174372430788e-01
2.970000000000000000e+04 9.349173848941085829e-01
2.980000000000000000e+04 9.128322354896515334e-01
2.990000000000000000e+04 9.210180715222185954e-01
3.000000000000000000e+04 9.142909357819152261e-01
