0.000000000000000000e+00 5.086600000000000010e-01
1.000000000000000000e+02 3.963240000000000096e-01
2.000000000000000000e+02 3.631159999999999943e-01
3.000000000000000000e+02 4.068559999999999954e-01
4.000000000000000000e+02 4.120679999999999898e-01
5.000000000000000000e+02 4.431479999999999864e-01
6.000000000000000000e+02 5.226279999999999815e-01
7.000000000000000000e+02 5.572960000000000136e-01
8.000000000000000000e+02 5.419480000000000963e-01
9.000000000000000000e+02 5.513520000000000643e-01
1.000000000000000000e+03 5.758159999999999945e-01
1.100000000000000000e+03 5.888039999999999941e-01
1.200000000000000000e+03 6.123520000000000074e-01
1.300000000000000000e+03 6.111039999999999806e-01
1.400000000000000000e+03 5.969480000000000341e-01
1.500000000000000000e+03 6.426319999999999810e-01
1.600000000000000000e+03 6.440159999999999219e-01
1.700000000000000000e+03 6.563080000000000025e-01
1.800000000000000000e+03 6.485919999999999463e-01
1.900000000000000000e+03 6.482200000000000184e-01
2.000000000000000000e+03 6.952359999999999651e-01
2.100000000000000000e+03 6.648040000000000616e-01
2.200000000000000000e+03 6.697600000000001330e-01
2.300000000000000000e+03 6.817039999999999766e-01
2.400000000000000000e+03 6.722360000000000557e-01
2.500000000000000000e+03 6.770840000000000192e-01
2.600000000000000000e+03 6.991000000000000547e-01
2.700000000000000000e+03 6.951039999999999441e-01
2.800000000000000000e+03 6.886240000000001249e-01
2.900000000000000000e+03 7.161239999999999828e-01
3.000000000000000000e+03 7.190039999999999765e-01
3.100000000000000000e+03 7.297599999999999643e-01
3.200000000000000000e+03 6.926360000000000294e-01
3.300000000000000000e+03 7.340879999999999628e-01
3.400000000000000000e+03 7.429679999999999618e-01
3.500000000000000000e+03 7.147799999999999709e-01
3.600000000000000000e+03 7.316639999999999810e-01
3.700000000000000000e+03 7.611160000000000148e-01
3.800000000000000000e+03 7.360479999999999245e-01
3.900000000000000000e+03 7.362519999999999065e-01
4.000000000000000000e+03 7.574239999999998751e-01
4.100000000000000000e+03 7.314039999999999431e-01
4.200000000000000000e+03 7.632079999999998865e-01
4.300000000000000000e+03 7.563120000000000953e-01
4.400000000000000000e+03 7.582480000000000331e-01
4.500000000000000000e+03 7.485580000000000567e-01
4.600000000000000000e+03 7.717519999999999936e-01
4.700000000000000000e+03 7.565359999999999863e-01
4.800000000000000000e+03 7.643959999999999644e-01
4.900000000000000000e+03 7.662839999999999652e-01
5.000000000000000000e+03 7.600240000000000329e-01
5.100000000000000000e+03 7.586799999999999100e-01
5.200000000000000000e+03 7.637279999999999625e-01
5.300000000000000000e+03 7.767399999999999860e-01
5.400000000000000000e+03 7.872640000000000748e-01
5.500000000000000000e+03 7.632959999999999745e-01
5.600000000000000000e+03 7.551399999999999224e-01
5.700000000000000000e+03 7.634319999999999995e-01
5.800000000000000000e+03 7.794439999999999147e-01
5.900000000000000000e+03 7.820160000000000444e-01
6.000000000000000000e+03 7.790559999999999707e-01
6.100000000000000000e+03 8.039239999999998609e-01
6.200000000000000000e+03 7.732419999999999849e-01
6.300000000000000000e+03 8.020800000000001262e-01
6.400000000000000000e+03 7.780160000000000409e-01
6.500000000000000000e+03 7.919519999999999893e-01
6.600000000000000000e+03 8.024839999999999751e-01
6.700000000000000000e+03 7.935639999999999361e-01
6.800000000000000000e+03 7.778119999999999479e-01
6.900000000000000000e+03 7.817040000000000655e-01
7.000000000000000000e+03 8.108400000000000052e-01
7.100000000000000000e+03 8.097879999999999523e-01
7.200000000000000000e+03 8.352120000000000655e-01
7.300000000000000000e+03 8.179320000000001034e-01
7.400000000000000000e+03 8.286560000000000592e-01
7.500000000000000000e+03 7.759119999999999351e-01
7.600000000000000000e+03 8.240999999999999437e-01
7.700000000000000000e+03 8.272279999999998523e-01
7.800000000000000000e+03 8.221680000000000099e-01
7.900000000000000000e+03 8.115080000000000071e-01
8.000000000000000000e+03 8.109919999999999352e-01
8.100000000000000000e+03 8.411960000000000548e-01
8.200000000000000000e+03 8.363119999999999443e-01
8.300000000000000000e+03 8.416719999999999757e-01
8.400000000000000000e+03 8.290399999999999991e-01
8.500000000000000000e+03 8.419280000000000097e-01
8.600000000000000000e+03 8.333200000000000607e-01
8.700000000000000000e+03 8.334319999999999506e-01
8.800000000000000000e+03 8.377720000000000722e-01
8.900000000000000000e+03 8.173020000000000840e-01
9.000000000000000000e+03 8.350920000000000565e-01
9.100000000000000000e+03 8.611879999999998425e-01
9.200000000000000000e+03 8.448319999999999164e-01
9.300000000000000000e+03 8.667959999999998999e-01
9.400000000000000000e+03 8.675040000000000529e-01
9.500000000000000000e+03 8.384079999999999311e-01
9.600000000000000000e+03 8.581280000000000019e-01
9.700000000000000000e+03 8.558919999999999861e-01
9.800000000000000000e+03 8.669200000000000239e-01
9.900000000000000000e+03 8.738960000000000061e-01
1.000000000000000000e+04 8.562159999999999771e-01
1.010000000000000000e+04 8.637079999999999202e-01
1.020000000000000000e+04 8.552599999999999092e-01
1.030000000000000000e+04 8.761559999999999349e-01
1.040000000000000000e+04 8.491199999999999859e-01
1.050000000000000000e+04 8.718680000000000874e-01
1.060000000000000000e+04 8.631560000000000343e-01
1.070000000000000000e+04 8.629999999999999893e-01
1.080000000000000000e+04 8.814359999999998863e-01
1.090000000000000000e+04 8.712479999999999114e-01
1.100000000000000000e+04 8.626919999999999034e-01
1.110000000000000000e+04 8.862879999999999647e-01
1.120000000000000000e+04 8.847519999999999829e-01
1.130000000000000000e+04 8.651719999999998301e-01
1.140000000000000000e+04 8.844879999999999409e-01
1.150000000000000000e+04 8.619519999999999404e-01
1.160000000000000000e+04 8.831080000000000041e-01
1.170000000000000000e+04 8.912440000000000362e-01
1.180000000000000000e+04 8.855439999999998868e-01
1.190000000000000000e+04 8.710279999999999134e-01
1.200000000000000000e+04 8.770999999999999908e-01
1.210000000000000000e+04 8.861759999999999637e-01
1.220000000000000000e+04 8.669959999999999889e-01
1.230000000000000000e+04 8.831839999999999691e-01
1.240000000000000000e+04 8.973079999999999945e-01
1.250000000000000000e+04 8.878319999999999546e-01
1.260000000000000000e+04 8.895159999999999734e-01
1.270000000000000000e+04 9.003399999999999181e-01
1.280000000000000000e+04 8.847080000000000499e-01
1.290000000000000000e+04 8.825280000000000902e-01
1.300000000000000000e+04 8.864639999999999187e-01
1.310000000000000000e+04 8.787880000000000136e-01
1.320000000000000000e+04 8.916399999999999881e-01
1.330000000000000000e+04 8.895159999999999734e-01
1.340000000000000000e+04 8.965879999999999406e-01
1.350000000000000000e+04 8.827120000000000521e-01
1.360000000000000000e+04 8.940359999999999419e-01
1.370000000000000000e+04 8.853919999999999568e-01
1.380000000000000000e+04 8.844159999999998689e-01
1.390000000000000000e+04 8.979240000000000554e-01
1.400000000000000000e+04 8.980839999999999934e-01
1.410000000000000000e+04 8.795079999999999565e-01
1.420000000000000000e+04 8.790000000000000036e-01
1.430000000000000000e+04 8.882199999999998985e-01
1.440000000000000000e+04 8.941719999999999668e-01
1.450000000000000000e+04 8.979960000000000164e-01
1.460000000000000000e+04 8.935239999999999849e-01
1.470000000000000000e+04 8.926600000000000090e-01
1.480000000000000000e+04 9.065839999999999455e-01
1.490000000000000000e+04 8.970279999999999365e-01
1.500000000000000000e+04 8.814359999999998863e-01
1.510000000000000000e+04 8.908039999999999292e-01
1.520000000000000000e+04 9.041759999999998687e-01
1.530000000000000000e+04 9.153399999999999315e-01
1.540000000000000000e+04 8.930120000000000280e-01
1.550000000000000000e+04 9.101599999999999691e-01
1.560000000000000000e+04 8.984079999999999844e-01
1.570000000000000000e+04 9.047960000000000447e-01
1.580000000000000000e+04 9.237400000000001166e-01
1.590000000000000000e+04 8.840240000000000320e-01
1.600000000000000000e+04 8.963440000000000296e-01
1.610000000000000000e+04 8.870919999999998806e-01
1.620000000000000000e+04 9.041679999999998607e-01
1.630000000000000000e+04 9.024760000000000559e-01
1.640000000000000000e+04 8.885039999999998495e-01
1.650000000000000000e+04 9.071919999999999984e-01
1.660000000000000000e+04 9.150120000000001586e-01
1.670000000000000000e+04 9.006560000000000121e-01
1.680000000000000000e+04 8.948799999999998978e-01
1.690000000000000000e+04 9.247720000000000384e-01
1.700000000000000000e+04 9.002520000000000522e-01
1.710000000000000000e+04 9.058559999999999945e-01
1.720000000000000000e+04 9.099679999999998881e-01
1.730000000000000000e+04 9.020079999999999210e-01
1.740000000000000000e+04 8.851120000000001209e-01
1.750000000000000000e+04 9.149879999999999125e-01
1.760000000000000000e+04 9.009679999999999911e-01
1.770000000000000000e+04 9.092319999999999292e-01
1.780000000000000000e+04 8.972240000000000215e-01
1.790000000000000000e+04 8.953239999999998977e-01
1.800000000000000000e+04 8.913919999999999622e-01
1.810000000000000000e+04 8.935520000000000129e-01
1.820000000000000000e+04 9.133839999999999737e-01
1.830000000000000000e+04 9.066840000000000455e-01
1.840000000000000000e+04 8.969799999999999995e-01
1.850000000000000000e+04 9.121799999999998798e-01
1.860000000000000000e+04 9.005800000000000471e-01
1.870000000000000000e+04 8.924160000000000981e-01
1.880000000000000000e+04 9.013320000000000221e-01
1.890000000000000000e+04 9.023560000000000469e-01
1.900000000000000000e+04 8.981599999999998474e-01
1.910000000000000000e+04 9.141639999999999766e-01
1.920000000000000000e+04 8.980479999999999574e-01
1.930000000000000000e+04 8.955479999999998997e-01
1.940000000000000000e+04 9.145839999999999526e-01
1.950000000000000000e+04 8.942280000000000229e-01
1.960000000000000000e+04 8.946159999999999668e-01
1.970000000000000000e+04 8.947359999999999758e-01
1.980000000000000000e+04 9.064679999999999405e-01
1.990000000000000000e+04 8.837680000000001090e-01
2.000000000000000000e+04 8.969239999999999435e-01
2.010000000000000000e+04 9.110319999999999530e-01
2.020000000000000000e+04 9.062879999999999825e-01
2.030000000000000000e+04 9.143159999999999066e-01
2.040000000000000000e+04 9.181359999999999522e-01
2.050000000000000000e+04 9.128680000000000128e-01
2.060000000000000000e+04 9.165439999999999143e-01
2.070000000000000000e+04 9.066239999999998744e-01
2.080000000000000000e+04 9.036639999999999118e-01
2.090000000000000000e+04 9.154079999999999995e-01
2.100000000000000000e+04 9.157559999999999034e-01
2.110000000000000000e+04 8.982200000000000184e-01
2.120000000000000000e+04 9.070080000000001474e-01
2.130000000000000000e+04 9.128479999999998817e-01
2.140000000000000000e+04 8.949880000000000058e-01
2.150000000000000000e+04 8.968760000000000066e-01
2.160000000000000000e+04 9.032919999999999838e-01
2.170000000000000000e+04 9.150679999999999925e-01
2.180000000000000000e+04 8.814079999999998583e-01
2.190000000000000000e+04 8.833640000000000381e-01
2.200000000000000000e+04 9.022319999999999229e-01
2.210000000000000000e+04 8.988439999999999763e-01
2.220000000000000000e+04 9.312959999999999017e-01
2.230000000000000000e+04 9.151559999999999695e-01
2.240000000000000000e+04 9.187679999999999181e-01
2.250000000000000000e+04 9.186479999999999091e-01
2.260000000000000000e+04 9.179759999999999032e-01
2.270000000000000000e+04 9.147560000000000136e-01
2.280000000000000000e+04 8.997800000000000242e-01
2.290000000000000000e+04 9.116159999999999819e-01
2.300000000000000000e+04 9.190439999999999721e-01
2.310000000000000000e+04 8.967320000000000846e-01
2.320000000000000000e+04 9.025400000000000089e-01
2.330000000000000000e+04 9.226639999999999286e-01
2.340000000000000000e+04 9.019760000000000000e-01
2.350000000000000000e+04 9.117079999999998519e-01
2.360000000000000000e+04 9.147399999999998865e-01
2.370000000000000000e+04 9.204399999999999249e-01
2.380000000000000000e+04 9.029639999999999889e-01
2.390000000000000000e+04 9.143160000000000176e-01
2.400000000000000000e+04 8.946519999999998918e-01
2.410000000000000000e+04 9.184319999999999151e-01
2.420000000000000000e+04 9.113919999999999799e-01
2.430000000000000000e+04 9.076360000000001094e-01
2.440000000000000000e+04 8.981479999999998354e-01
2.450000000000000000e+04 9.087199999999999722e-01
2.460000000000000000e+04 8.986240000000000894e-01
2.470000000000000000e+04 9.072520000000000584e-01
2.480000000000000000e+04 9.167159999999999753e-01
2.490000000000000000e+04 9.288720000000000310e-01
2.500000000000000000e+04 9.174399999999999222e-01
2.510000000000000000e+04 9.034400000000000208e-01
2.520000000000000000e+04 9.106399999999998940e-01
2.530000000000000000e+04 9.115759999999999419e-01
2.540000000000000000e+04 9.253959999999999964e-01
2.550000000000000000e+04 9.093879999999999741e-01
2.560000000000000000e+04 9.354319999999999302e-01
2.570000000000000000e+04 9.183519999999999461e-01
2.580000000000000000e+04 9.220680000000001098e-01
2.590000000000000000e+04 8.938639999999999919e-01
2.600000000000000000e+04 9.017479999999998830e-01
2.610000000000000000e+04 9.083080000000000043e-01
2.620000000000000000e+04 9.199880000000000280e-01
2.630000000000000000e+04 9.136519999999997976e-01
2.640000000000000000e+04 9.106559999999999100e-01
2.650000000000000000e+04 9.274319999999999231e-01
2.660000000000000000e+04 9.156080000000001995e-01
2.670000000000000000e+04 9.328799999999999315e-01
2.680000000000000000e+04 9.230040000000000466e-01
2.690000000000000000e+04 9.151960000000000095e-01
2.700000000000000000e+04 9.178120000000000722e-01
2.710000000000000000e+04 8.862600000000000477e-01
2.720000000000000000e+04 9.007999999999998231e-01
2.730000000000000000e+04 9.214879999999999738e-01
2.740000000000000000e+04 9.202000000000001290e-01
2.750000000000000000e+04 9.220159999999999467e-01
2.760000000000000000e+04 9.275079999999999991e-01
2.770000000000000000e+04 9.077039999999999553e-01
2.780000000000000000e+04 9.206959999999999589e-01
2.790000000000000000e+04 9.162040000000000184e-01
2.800000000000000000e+04 9.368679999999999231e-01
2.810000000000000000e+04 9.162999999999998924e-01
2.820000000000000000e+04 9.065239999999998854e-01
2.830000000000000000e+04 9.173279999999999212e-01
2.840000000000000000e+04 9.136239999999999917e-01
2.850000000000000000e+04 9.177640000000000242e-01
2.860000000000000000e+04 8.997239999999998572e-01
2.870000000000000000e+04 9.066319999999999935e-01
2.880000000000000000e+04 9.183279999999999221e-01
2.890000000000000000e+04 9.202640000000001930e-01
2.900000000000000000e+04 9.247519999999999074e-01
2.910000000000000000e+04 9.043240000000000167e-01
2.920000000000000000e+04 9.167960000000001664e-01
2.930000000000000000e+04 9.086960000000000592e-01
2.940000000000000000e+04 9.230080000000000506e-01
2.950000000000000000e+04 9.149840000000000195e-01
2.960000000000000000e+04 9.027000000000000579e-01
2.970000000000000000e+04 9.294240000000000279e-01
2.980000000000000000e+04 9.099919999999999121e-01
2.990000000000000000e+04 9.190479999999999761e-01
3.000000000000000000e+04 9.124320000000000208e-01
