0.000000000000000000e+00 4.881866714000413499e-01
1.000000000000000000e+02 4.012756209471577962e-01
2.000000000000000000e+02 4.226825054313553820e-01
3.000000000000000000e+02 4.541911600887423850e-01
4.000000000000000000e+02 4.851782906312287480e-01
5.000000000000000000e+02 4.696827385769447027e-01
6.000000000000000000e+02 4.890797527942769563e-01
7.000000000000000000e+02 4.851282774312609680e-01
8.000000000000000000e+02 5.206423096365467851e-01
9.000000000000000000e+02 5.330911404231324369e-01
1.000000000000000000e+03 5.143663021214819331e-01
1.100000000000000000e+03 5.681462568310224892e-01
1.200000000000000000e+03 5.627592125327328665e-01
1.300000000000000000e+03 5.562456626577884089e-01
1.400000000000000000e+03 5.698012784822865662e-01
1.500000000000000000e+03 5.891291174840498357e-01
1.600000000000000000e+03 5.926601283387538111e-01
1.700000000000000000e+03 5.918101291242476858e-01
1.800000000000000000e+03 6.024284630211325098e-01
1.900000000000000000e+03 6.147226422771722154e-01
2.000000000000000000e+03 6.176866966760686806e-01
2.100000000000000000e+03 6.153133112440725139e-01
2.200000000000000000e+03 6.412471037790610229e-01
2.300000000000000000e+03 6.341731476813536883e-01
2.400000000000000000e+03 6.269336919106092143e-01
2.500000000000000000e+03 6.349181836884927321e-01
2.600000000000000000e+03 6.466704380497094728e-01
2.700000000000000000e+03 6.473871276549990617e-01
2.800000000000000000e+03 6.373099035238709575e-01
2.900000000000000000e+03 6.647071379448902251e-01
3.000000000000000000e+03 6.715794149995926166e-01
3.100000000000000000e+03 6.527957669010507891e-01
3.200000000000000000e+03 6.763652819840455521e-01
3.300000000000000000e+03 6.551713133238072917e-01
3.400000000000000000e+03 7.035025756952538734e-01
3.500000000000000000e+03 7.022504179350419484e-01
3.600000000000000000e+03 6.896169614264678893e-01
3.700000000000000000e+03 7.077580180947088406e-01
3.800000000000000000e+03 7.116057886718636372e-01
3.900000000000000000e+03 7.007904312528849822e-01
4.000000000000000000e+03 7.295581687941730120e-01
4.100000000000000000e+03 7.168486167408218979e-01
4.200000000000000000e+03 7.305793810724866555e-01
4.300000000000000000e+03 7.219833574014711264e-01
4.400000000000000000e+03 7.042051612581542441e-01
4.500000000000000000e+03 7.302397227936836543e-01
4.600000000000000000e+03 7.044398567778202835e-01
4.700000000000000000e+03 7.670963972329998271e-01
4.800000000000000000e+03 7.442497594490449231e-01
4.900000000000000000e+03 7.440732700707770597e-01
5.000000000000000000e+03 7.555902633771027777e-01
5.100000000000000000e+03 7.572551144883210572e-01
5.200000000000000000e+03 7.576467708336127593e-01
5.300000000000000000e+03 7.565510868038237691e-01
5.400000000000000000e+03 7.823359222317628481e-01
5.500000000000000000e+03 7.730293539851683660e-01
5.600000000000000000e+03 7.802289851716632807e-01
5.700000000000000000e+03 7.810199350763201709e-01
5.800000000000000000e+03 7.638799052960189018e-01
5.900000000000000000e+03 7.701091456059732110e-01
6.000000000000000000e+03 7.962880291326074333e-01
6.100000000000000000e+03 7.987153898670867891e-01
6.200000000000000000e+03 7.988060332365496397e-01
6.300000000000000000e+03 7.935726545939281174e-01
6.400000000000000000e+03 7.837886897407118081e-01
6.500000000000000000e+03 7.844112996950826089e-01
6.600000000000000000e+03 8.102114268017787113e-01
6.700000000000000000e+03 8.233720593886241224e-01
6.800000000000000000e+03 8.014699879614972655e-01
6.900000000000000000e+03 8.249976144164161695e-01
7.000000000000000000e+03 8.111750402266915128e-01
7.100000000000000000e+03 8.231075132291758578e-01
7.200000000000000000e+03 8.382271441693847081e-01
7.300000000000000000e+03 8.311912611749124880e-01
7.400000000000000000e+03 8.303667399437318908e-01
7.500000000000000000e+03 8.546919280381839457e-01
7.600000000000000000e+03 8.294135691554193057e-01
7.700000000000000000e+03 8.524704974194474705e-01
7.800000000000000000e+03 8.480101300637472583e-01
7.900000000000000000e+03 8.506403221949873084e-01
8.000000000000000000e+03 8.598955275649808883e-01
8.100000000000000000e+03 8.657906127892477377e-01
8.200000000000000000e+03 8.558491572482044285e-01
8.300000000000000000e+03 8.633417472835031026e-01
8.400000000000000000e+03 8.751775456116037688e-01
8.500000000000000000e+03 8.799956863529960760e-01
8.600000000000000000e+03 8.666876483658012553e-01
8.700000000000000000e+03 8.692048032068215857e-01
8.800000000000000000e+03 8.817764415618734031e-01
8.900000000000000000e+03 9.078778262514275443e-01
9.000000000000000000e+03 8.832096757958950439e-01
9.100000000000000000e+03 8.989211491308607416e-01
9.200000000000000000e+03 9.029915358799081027e-01
9.300000000000000000e+03 8.948161172561177601e-01
9.400000000000000000e+03 8.979091819613516101e-01
9.500000000000000000e+03 8.862698340273597042e-01
9.600000000000000000e+03 8.940153203784588776e-01
9.700000000000000000e+03 9.130114660031797280e-01
9.800000000000000000e+03 9.031850925250219930e-01
9.900000000000000000e+03 9.044650982003337170e-01
1.000000000000000000e+04 9.108135743535883400e-01
1.010000000000000000e+04 9.156617594863639686e-01
1.020000000000000000e+04 9.142322262133315558e-01
1.030000000000000000e+04 9.064578253531279106e-01
1.040000000000000000e+04 9.121083870721647946e-01
1.050000000000000000e+04 9.178684878467013863e-01
1.060000000000000000e+04 9.054172355056531174e-01
1.070000000000000000e+04 9.133696439609666484e-01
1.080000000000000000e+04 9.231831203822895571e-01
1.090000000000000000e+04 9.276558525117271081e-01
1.100000000000000000e+04 9.338784983383225935e-01
1.110000000000000000e+04 9.113991166786223896e-01
1.120000000000000000e+04 9.300932219062539863e-01
1.130000000000000000e+04 9.326544923531567832e-01
1.140000000000000000e+04 9.407837584676210785e-01
1.150000000000000000e+04 9.473148998004838894e-01
1.160000000000000000e+04 9.447352491906766403e-01
1.170000000000000000e+04 9.307310070153064219e-01
1.180000000000000000e+04 9.373180469046256125e-01
1.190000000000000000e+04 9.355950867902858015e-01
1.200000000000000000e+04 9.461858991834449784e-01
1.210000000000000000e+04 9.334609282500895278e-01
1.220000000000000000e+04 9.499629424731871330e-01
1.230000000000000000e+04 9.318767008855450840e-01
1.240000000000000000e+04 9.301173840267786819e-01
1.250000000000000000e+04 9.450851003698989006e-01
1.260000000000000000e+04 9.538147797218243795e-01
1.270000000000000000e+04 9.503129440734345845e-01
1.280000000000000000e+04 9.317353815693215635e-01
1.290000000000000000e+04 9.402043770553102364e-01
1.300000000000000000e+04 9.493989307486074836e-01
1.310000000000000000e+04 9.422564566745351700e-01
1.320000000000000000e+04 9.546673585142225749e-01
1.330000000000000000e+04 9.534674913182652478e-01
1.340000000000000000e+04 9.405918643832389403e-01
1.350000000000000000e+04 9.482504260677819818e-01
1.360000000000000000e+04 9.500964157457365555e-01
1.370000000000000000e+04 9.543560612607855376e-01
1.380000000000000000e+04 9.481182791280596822e-01
1.390000000000000000e+04 9.548760685343202770e-01
1.400000000000000000e+04 9.425700115022039860e-01
1.410000000000000000e+04 9.605586940580896904e-01
1.420000000000000000e+04 9.519953963304590427e-01
1.430000000000000000e+04 9.508516668973601149e-01
1.440000000000000000e+04 9.484311966990461862e-01
1.450000000000000000e+04 9.472080810785684646e-01
1.460000000000000000e+04 9.597768275853846287e-01
1.470000000000000000e+04 9.655522838014430898e-01
1.480000000000000000e+04 9.581429300891581846e-01
1.490000000000000000e+04 9.514624422687441019e-01
1.500000000000000000e+04 9.505634571800425370e-01
1.510000000000000000e+04 9.593694221541391176e-01
1.520000000000000000e+04 9.478876146416749249e-01
1.530000000000000000e+04 9.536694878488154448e-01
1.540000000000000000e+04 9.609584359703727818e-01
1.550000000000000000e+04 9.564110570771542363e-01
1.560000000000000000e+04 9.487381946545266898e-01
1.570000000000000000e+04 9.588419184925627281e-01
1.580000000000000000e+04 9.533278158990816653e-01
1.590000000000000000e+04 9.529120288696147911e-01
1.600000000000000000e+04 9.553662982606355714e-01
1.610000000000000000e+04 9.488538117546354567e-01
1.620000000000000000e+04 9.540383254991449125e-01
1.630000000000000000e+04 9.564754765510306012e-01
1.640000000000000000e+04 9.634869062660482708e-01
1.650000000000000000e+04 9.421943585796772602e-01
1.660000000000000000e+04 9.608603411803865457e-01
1.670000000000000000e+04 9.613205284687328378e-01
1.680000000000000000e+04 9.535026415283832657e-01
1.690000000000000000e+04 9.601901270917427844e-01
1.700000000000000000e+04 9.508935254116736013e-01
1.710000000000000000e+04 9.620819570998560000e-01
1.720000000000000000e+04 9.554479156053069522e-01
1.730000000000000000e+04 9.456334779845908534e-01
1.740000000000000000e+04 9.516682774255104116e-01
1.750000000000000000e+04 9.538724899365554899e-01
1.760000000000000000e+04 9.522856615162459404e-01
1.770000000000000000e+04 9.555132911262694817e-01
1.780000000000000000e+04 9.552348615500817486e-01
1.790000000000000000e+04 9.621194706916561534e-01
1.800000000000000000e+04 9.699710576361454395e-01
1.810000000000000000e+04 9.640844975131399597e-01
1.820000000000000000e+04 9.533442914466515594e-01
1.830000000000000000e+04 9.562481962199431695e-01
1.840000000000000000e+04 9.609637014216425577e-01
1.850000000000000000e+04 9.654433682325292976e-01
1.860000000000000000e+04 9.568489773434514234e-01
1.870000000000000000e+04 9.517242606027351837e-01
1.880000000000000000e+04 9.535175074940375195e-01
1.890000000000000000e+04 9.593133006864155155e-01
1.900000000000000000e+04 9.565646716733452459e-01
1.910000000000000000e+04 9.616061374025388631e-01
1.920000000000000000e+04 9.449252438819206734e-01
1.930000000000000000e+04 9.607223960097299731e-01
1.940000000000000000e+04 9.601113837925345784e-01
1.950000000000000000e+04 9.548424688140494387e-01
1.960000000000000000e+04 9.580569261491982402e-01
1.970000000000000000e+04 9.677956178583696500e-01
1.980000000000000000e+04 9.580363696124987172e-01
1.990000000000000000e+04 9.485766270637477904e-01
2.000000000000000000e+04 9.612514036565495967e-01
2.010000000000000000e+04 9.571683632821157417e-01
2.020000000000000000e+04 9.588960061122616674e-01
2.030000000000000000e+04 9.569472661340989728e-01
2.040000000000000000e+04 9.647976648917542253e-01
2.050000000000000000e+04 9.513658244851438406e-01
2.060000000000000000e+04 9.628212443140895527e-01
2.070000000000000000e+04 9.595180886980652080e-01
2.080000000000000000e+04 9.588108558534567116e-01
2.090000000000000000e+04 9.533114519841083823e-01
2.100000000000000000e+04 9.585173782778731999e-01
2.110000000000000000e+04 9.629382898543841218e-01
2.120000000000000000e+04 9.513578209549500286e-01
2.130000000000000000e+04 9.576525841281856577e-01
2.140000000000000000e+04 9.610803020727058943e-01
2.150000000000000000e+04 9.636008132484455979e-01
2.160000000000000000e+04 9.598698483943370885e-01
2.170000000000000000e+04 9.617176527212121240e-01
2.180000000000000000e+04 9.605513446744519124e-01
2.190000000000000000e+04 9.530158332284732747e-01
2.200000000000000000e+04 9.549386306945615299e-01
2.210000000000000000e+04 9.726389769503300808e-01
2.220000000000000000e+04 9.705536831980103862e-01
2.230000000000000000e+04 9.683289552491282093e-01
2.240000000000000000e+04 9.597842593730006033e-01
2.250000000000000000e+04 9.625010428789241290e-01
2.260000000000000000e+04 9.580108228504543577e-01
2.270000000000000000e+04 9.624032239227457985e-01
2.280000000000000000e+04 9.612357715394496127e-01
2.290000000000000000e+04 9.627869660440340205e-01
2.300000000000000000e+04 9.564176080707325056e-01
2.310000000000000000e+04 9.652181484553441493e-01
2.320000000000000000e+04 9.548681089057242666e-01
2.330000000000000000e+04 9.664232209267517026e-01
2.340000000000000000e+04 9.646068833275582843e-01
2.350000000000000000e+04 9.609165064191348415e-01
2.360000000000000000e+04 9.640170415337938614e-01
2.370000000000000000e+04 9.687356517631890984e-01
2.380000000000000000e+04 9.638069067753832764e-01
2.390000000000000000e+04 9.581437530243219758e-01
2.400000000000000000e+04 9.673463072619142844e-01
2.410000000000000000e+04 9.656375900095212073e-01
2.420000000000000000e+04 9.682711976423195033e-01
2.430000000000000000e+04 9.586724871476161036e-01
2.440000000000000000e+04 9.575832346192759692e-01
2.450000000000000000e+04 9.690878529905102567e-01
2.460000000000000000e+04 9.761575200179160028e-01
2.470000000000000000e+04 9.623980521009716238e-01
2.480000000000000000e+04 9.668620140037391675e-01
2.490000000000000000e+04 9.681587664475358457e-01
2.500000000000000000e+04 9.586138912839683446e-01
2.510000000000000000e+04 9.688002571320559753e-01
2.520000000000000000e+04 9.623334293128296135e-01
2.530000000000000000e+04 9.716371294400567571e-01
2.540000000000000000e+04 9.671521002447102111e-01
2.550000000000000000e+04 9.730327252500050594e-01
2.560000000000000000e+04 9.583593297396593158e-01
2.570000000000000000e+04 9.578115188089302290e-01
2.580000000000000000e+04 9.683279756308884600e-01
2.590000000000000000e+04 9.646026310295052753e-01
2.600000000000000000e+04 9.751156849177917696e-01
2.610000000000000000e+04 9.673009638237642926e-01
2.620000000000000000e+04 9.633758750726202358e-01
2.630000000000000000e+04 9.667603926431781458e-01
2.640000000000000000e+04 9.721508695907493669e-01
2.650000000000000000e+04 9.720517673714226259e-01
2.660000000000000000e+04 9.625483604029236862e-01
2.670000000000000000e+04 9.561726987440017922e-01
2.680000000000000000e+04 9.601951603287145476e-01
2.690000000000000000e+04 9.695625866730142040e-01
2.700000000000000000e+04 9.558243094566766240e-01
2.710000000000000000e+04 9.628927949588438340e-01
2.720000000000000000e+04 9.688105230983012905e-01
2.730000000000000000e+04 9.639045082978380252e-01
2.740000000000000000e+04 9.617658566643733087e-01
2.750000000000000000e+04 9.585112163315501199e-01
2.760000000000000000e+04 9.599316176908289089e-01
2.770000000000000000e+04 9.613895130689007473e-01
2.780000000000000000e+04 9.605176129925060424e-01
2.790000000000000000e+04 9.673397200862946521e-01
2.800000000000000000e+04 9.723933688384182039e-01
2.810000000000000000e+04 9.619931940806412118e-01
2.820000000000000000e+04 9.609958448225551786e-01
2.830000000000000000e+04 9.651655678251841453e-01
2.840000000000000000e+04 9.725002348051486889e-01
2.850000000000000000e+04 9.585436441266779184e-01
2.860000000000000000e+04 9.587397898083103165e-01
2.870000000000000000e+04 9.692571655972610500e-01
2.880000000000000000e+04 9.605597535311349855e-01
2.890000000000000000e+04 9.632004975887051845e-01
2.900000000000000000e+04 9.668249733912209765e-01
2.910000000000000000e+04 9.654608341583477138e-01
2.920000000000000000e+04 9.666554714791423253e-01
2.930000000000000000e+04 9.540018338542674003e-01
2.940000000000000000e+04 9.657715177862655764e-01
2.950000000000000000e+04 9.638215110966533716e-01
2.960000000000000000e+04 9.648927705534211530e-01
2.970000000000000000e+04 9.603950043782847334e-01
2.980000000000000000e+04 9.555038325087747975e-01
2.990000000000000000e+04 9.592503995727992283e-01
3.000000000000000000e+04 9.551018954817545037e-01
