0.000000000000000000e+00 4.814559999999999951e-01
1.000000000000000000e+02 3.350180000000000380e-01
2.000000000000000000e+02 3.860720000000000263e-01
3.000000000000000000e+02 4.458200000000000496e-01
4.000000000000000000e+02 4.840160000000000018e-01
5.000000000000000000e+02 4.669240000000000057e-01
6.000000000000000000e+02 4.978440000000000087e-01
7.000000000000000000e+02 4.845559999999999867e-01
8.000000000000000000e+02 5.163440000000000252e-01
9.000000000000000000e+02 5.338720000000000132e-01
1.000000000000000000e+03 5.201519999999999477e-01
1.100000000000000000e+03 5.587400000000000144e-01
1.200000000000000000e+03 5.518399999999998862e-01
1.300000000000000000e+03 5.625280000000000280e-01
1.400000000000000000e+03 5.721600000000000019e-01
1.500000000000000000e+03 5.753280000000000616e-01
1.600000000000000000e+03 5.724599999999999689e-01
1.700000000000000000e+03 5.788719999999999422e-01
1.800000000000000000e+03 5.973759999999999071e-01
1.900000000000000000e+03 6.008160000000000167e-01
2.000000000000000000e+03 6.086119999999999308e-01
2.100000000000000000e+03 5.980639999999999290e-01
2.200000000000000000e+03 6.233239999999999892e-01
2.300000000000000000e+03 6.193880000000000496e-01
2.400000000000000000e+03 6.212799999999999434e-01
2.500000000000000000e+03 6.233279999999999932e-01
2.600000000000000000e+03 6.481080000000000174e-01
2.700000000000000000e+03 6.446680000000000188e-01
2.800000000000000000e+03 6.382360000000000255e-01
2.900000000000000000e+03 6.652419999999998890e-01
3.000000000000000000e+03 6.620759999999999978e-01
3.100000000000000000e+03 6.409759999999999902e-01
3.200000000000000000e+03 6.560920000000000085e-01
3.300000000000000000e+03 6.549800000000000066e-01
3.400000000000000000e+03 6.796560000000000379e-01
3.500000000000000000e+03 6.843639999999999723e-01
3.600000000000000000e+03 6.667639999999999123e-01
3.700000000000000000e+03 6.908880000000001687e-01
3.800000000000000000e+03 7.055559999999999610e-01
3.900000000000000000e+03 6.833599999999999675e-01
4.000000000000000000e+03 7.026480000000000503e-01
4.100000000000000000e+03 6.934879999999998823e-01
4.200000000000000000e+03 7.038400000000000212e-01
4.300000000000000000e+03 7.026280000000000303e-01
4.400000000000000000e+03 6.918320000000000025e-01
4.500000000000000000e+03 7.111279999999999824e-01
4.600000000000000000e+03 6.913119999999999266e-01
4.700000000000000000e+03 7.452560000000000295e-01
4.800000000000000000e+03 7.210639999999999272e-01
4.900000000000000000e+03 7.132279999999999731e-01
5.000000000000000000e+03 7.420160000000000089e-01
5.100000000000000000e+03 7.378080000000000194e-01
5.200000000000000000e+03 7.413720000000000310e-01
5.300000000000000000e+03 7.325760000000001160e-01
5.400000000000000000e+03 7.677120000000000610e-01
5.500000000000000000e+03 7.555000000000000604e-01
5.600000000000000000e+03 7.574479999999998991e-01
5.700000000000000000e+03 7.572640000000000482e-01
5.800000000000000000e+03 7.549879999999999924e-01
5.900000000000000000e+03 7.473159999999999803e-01
6.000000000000000000e+03 7.872479999999999478e-01
6.100000000000000000e+03 7.834559999999999302e-01
6.200000000000000000e+03 7.775840000000000529e-01
6.300000000000000000e+03 7.708680000000001087e-01
6.400000000000000000e+03 7.685760000000000369e-01
6.500000000000000000e+03 7.620360000000000467e-01
6.600000000000000000e+03 8.004680000000001794e-01
6.700000000000000000e+03 8.064620000000000122e-01
6.800000000000000000e+03 7.895639999999999326e-01
6.900000000000000000e+03 8.125320000000000320e-01
7.000000000000000000e+03 7.944440000000000390e-01
7.100000000000000000e+03 8.070639999999998926e-01
7.200000000000000000e+03 8.154679999999999707e-01
7.300000000000000000e+03 8.181160000000000654e-01
7.400000000000000000e+03 8.258040000000000935e-01
7.500000000000000000e+03 8.459600000000000453e-01
7.600000000000000000e+03 8.070679999999998966e-01
7.700000000000000000e+03 8.385519999999999641e-01
7.800000000000000000e+03 8.343480000000000896e-01
7.900000000000000000e+03 8.354840000000000044e-01
8.000000000000000000e+03 8.518079999999998986e-01
8.100000000000000000e+03 8.561039999999998651e-01
8.200000000000000000e+03 8.460520000000000262e-01
8.300000000000000000e+03 8.479680000000000550e-01
8.400000000000000000e+03 8.560519999999999241e-01
8.500000000000000000e+03 8.643719999999999182e-01
8.600000000000000000e+03 8.513560000000000016e-01
8.700000000000000000e+03 8.620280000000000165e-01
8.800000000000000000e+03 8.761959999999999749e-01
8.900000000000000000e+03 8.992000000000001103e-01
9.000000000000000000e+03 8.674399999999999888e-01
9.100000000000000000e+03 8.919400000000000661e-01
9.200000000000000000e+03 8.883119999999997685e-01
9.300000000000000000e+03 8.812959999999999683e-01
9.400000000000000000e+03 8.853440000000001309e-01
9.500000000000000000e+03 8.828359999999998431e-01
9.600000000000000000e+03 8.833239999999998870e-01
9.700000000000000000e+03 9.056159999999999766e-01
9.800000000000000000e+03 8.968919999999999115e-01
9.900000000000000000e+03 8.977040000000000575e-01
1.000000000000000000e+04 9.005920000000000591e-01
1.010000000000000000e+04 9.027799999999999159e-01
1.020000000000000000e+04 9.074400000000000244e-01
1.030000000000000000e+04 8.938999999999999169e-01
1.040000000000000000e+04 9.036159999999999748e-01
1.050000000000000000e+04 9.102200000000000291e-01
1.060000000000000000e+04 8.949920000000000098e-01
1.070000000000000000e+04 9.042000000000001148e-01
1.080000000000000000e+04 9.180799999999998962e-01
1.090000000000000000e+04 9.219400000000000928e-01
1.100000000000000000e+04 9.317959999999999576e-01
1.110000000000000000e+04 9.066199999999999815e-01
1.120000000000000000e+04 9.254639999999999533e-01
1.130000000000000000e+04 9.284679999999999600e-01
1.140000000000000000e+04 9.373320000000000540e-01
1.150000000000000000e+04 9.402520000000000877e-01
1.160000000000000000e+04 9.382840000000000069e-01
1.170000000000000000e+04 9.274080000000000101e-01
1.180000000000000000e+04 9.335959999999998704e-01
1.190000000000000000e+04 9.291720000000001090e-01
1.200000000000000000e+04 9.399599999999999067e-01
1.210000000000000000e+04 9.281519999999998660e-01
1.220000000000000000e+04 9.436239999999999073e-01
1.230000000000000000e+04 9.242199999999999305e-01
1.240000000000000000e+04 9.244080000000001185e-01
1.250000000000000000e+04 9.374360000000000470e-01
1.260000000000000000e+04 9.464119999999999200e-01
1.270000000000000000e+04 9.447640000000000482e-01
1.280000000000000000e+04 9.229519999999999946e-01
1.290000000000000000e+04 9.339359999999999884e-01
1.300000000000000000e+04 9.437959999999999683e-01
1.310000000000000000e+04 9.405519999999999436e-01
1.320000000000000000e+04 9.521999999999999353e-01
1.330000000000000000e+04 9.495519999999998406e-01
1.340000000000000000e+04 9.353319999999999412e-01
1.350000000000000000e+04 9.429199999999999804e-01
1.360000000000000000e+04 9.407399999999999096e-01
1.370000000000000000e+04 9.501359999999999806e-01
1.380000000000000000e+04 9.421200000000000685e-01
1.390000000000000000e+04 9.492599999999999927e-01
1.400000000000000000e+04 9.390000000000000568e-01
1.410000000000000000e+04 9.557080000000000020e-01
1.420000000000000000e+04 9.506440000000000445e-01
1.430000000000000000e+04 9.480679999999999108e-01
1.440000000000000000e+04 9.435679999999999623e-01
1.450000000000000000e+04 9.416440000000000365e-01
1.460000000000000000e+04 9.533399999999999652e-01
1.470000000000000000e+04 9.603199999999998404e-01
1.480000000000000000e+04 9.544959999999999001e-01
1.490000000000000000e+04 9.489399999999998947e-01
1.500000000000000000e+04 9.442960000000000242e-01
1.510000000000000000e+04 9.526440000000000463e-01
1.520000000000000000e+04 9.473360000000000669e-01
1.530000000000000000e+04 9.491680000000000117e-01
1.540000000000000000e+04 9.576799999999999757e-01
1.550000000000000000e+04 9.517799999999999594e-01
1.560000000000000000e+04 9.418520000000000225e-01
1.570000000000000000e+04 9.512479999999998714e-01
1.580000000000000000e+04 9.479000000000000759e-01
1.590000000000000000e+04 9.507079999999999975e-01
1.600000000000000000e+04 9.525280000000000413e-01
1.610000000000000000e+04 9.481399999999998718e-01
1.620000000000000000e+04 9.462840000000000140e-01
1.630000000000000000e+04 9.524799999999999933e-01
1.640000000000000000e+04 9.576479999999999437e-01
1.650000000000000000e+04 9.417039999999998745e-01
1.660000000000000000e+04 9.563200000000001699e-01
1.670000000000000000e+04 9.564319999999999489e-01
1.680000000000000000e+04 9.458039999999999781e-01
1.690000000000000000e+04 9.530039999999998512e-01
1.700000000000000000e+04 9.438920000000000643e-01
1.710000000000000000e+04 9.564280000000000559e-01
1.720000000000000000e+04 9.477480000000000349e-01
1.730000000000000000e+04 9.390960000000000418e-01
1.740000000000000000e+04 9.429119999999999724e-01
1.750000000000000000e+04 9.467879999999999630e-01
1.760000000000000000e+04 9.450120000000000742e-01
1.770000000000000000e+04 9.490160000000000817e-01
1.780000000000000000e+04 9.498320000000000096e-01
1.790000000000000000e+04 9.578760000000000607e-01
1.800000000000000000e+04 9.659120000000001038e-01
1.810000000000000000e+04 9.584079999999999266e-01
1.820000000000000000e+04 9.483239999999999448e-01
1.830000000000000000e+04 9.519239999999999924e-01
1.840000000000000000e+04 9.570359999999999978e-01
1.850000000000000000e+04 9.615839999999999943e-01
1.860000000000000000e+04 9.488600000000000367e-01
1.870000000000000000e+04 9.436319999999999153e-01
1.880000000000000000e+04 9.473199999999999399e-01
1.890000000000000000e+04 9.529920000000000613e-01
1.900000000000000000e+04 9.501119999999998456e-01
1.910000000000000000e+04 9.544040000000000301e-01
1.920000000000000000e+04 9.401279999999998527e-01
1.930000000000000000e+04 9.552639999999998910e-01
1.940000000000000000e+04 9.544640000000000901e-01
1.950000000000000000e+04 9.469159999999999799e-01
1.960000000000000000e+04 9.512239999999999585e-01
1.970000000000000000e+04 9.623999999999999222e-01
1.980000000000000000e+04 9.523759999999998893e-01
1.990000000000000000e+04 9.441520000000001023e-01
2.000000000000000000e+04 9.556720000000000770e-01
2.010000000000000000e+04 9.524520000000000763e-01
2.020000000000000000e+04 9.519880000000000564e-01
2.030000000000000000e+04 9.509160000000000945e-01
2.040000000000000000e+04 9.608119999999999994e-01
2.050000000000000000e+04 9.476440000000001529e-01
2.060000000000000000e+04 9.591840000000000366e-01
2.070000000000000000e+04 9.533279999999998422e-01
2.080000000000000000e+04 9.540520000000001222e-01
2.090000000000000000e+04 9.492879999999999097e-01
2.100000000000000000e+04 9.520999999999999464e-01
2.110000000000000000e+04 9.579119999999999857e-01
2.120000000000000000e+04 9.459239999999999871e-01
2.130000000000000000e+04 9.510880000000000445e-01
2.140000000000000000e+04 9.563200000000000589e-01
2.150000000000000000e+04 9.580480000000000107e-01
2.160000000000000000e+04 9.559239999999999959e-01
2.170000000000000000e+04 9.571840000000000348e-01
2.180000000000000000e+04 9.603840000000000154e-01
2.190000000000000000e+04 9.495920000000001027e-01
2.200000000000000000e+04 9.481079999999999508e-01
2.210000000000000000e+04 9.691520000000000135e-01
2.220000000000000000e+04 9.651279999999999859e-01
2.230000000000000000e+04 9.638679999999999470e-01
2.240000000000000000e+04 9.532839999999999092e-01
2.250000000000000000e+04 9.568320000000000158e-01
2.260000000000000000e+04 9.558559999999999279e-01
2.270000000000000000e+04 9.573919999999997987e-01
2.280000000000000000e+04 9.546639999999999571e-01
2.290000000000000000e+04 9.555559999999999610e-01
2.300000000000000000e+04 9.490359999999998797e-01
2.310000000000000000e+04 9.640320000000000000e-01
2.320000000000000000e+04 9.508599999999999275e-01
2.330000000000000000e+04 9.634159999999999391e-01
2.340000000000000000e+04 9.584719999999999906e-01
2.350000000000000000e+04 9.563839999999999009e-01
2.360000000000000000e+04 9.614400000000000723e-01
2.370000000000000000e+04 9.640239999999999920e-01
2.380000000000000000e+04 9.573000000000000398e-01
2.390000000000000000e+04 9.489360000000000017e-01
2.400000000000000000e+04 9.639400000000000190e-01
2.410000000000000000e+04 9.603840000000000154e-01
2.420000000000000000e+04 9.638239999999999030e-01
2.430000000000000000e+04 9.540640000000000231e-01
2.440000000000000000e+04 9.553600000000000980e-01
2.450000000000000000e+04 9.656160000000000299e-01
2.460000000000000000e+04 9.733240000000000780e-01
2.470000000000000000e+04 9.591039999999999566e-01
2.480000000000000000e+04 9.629959999999999631e-01
2.490000000000000000e+04 9.657759999999999678e-01
2.500000000000000000e+04 9.552559999999999940e-01
2.510000000000000000e+04 9.650199999999999889e-01
2.520000000000000000e+04 9.572359999999999758e-01
2.530000000000000000e+04 9.682759999999999145e-01
2.540000000000000000e+04 9.627800000000000802e-01
2.550000000000000000e+04 9.680199999999999916e-01
2.560000000000000000e+04 9.550680000000000280e-01
2.570000000000000000e+04 9.509760000000000435e-01
2.580000000000000000e+04 9.622040000000000592e-01
2.590000000000000000e+04 9.601319999999999855e-01
2.600000000000000000e+04 9.714239999999999542e-01
2.610000000000000000e+04 9.623760000000001202e-01
2.620000000000000000e+04 9.570319999999999938e-01
2.630000000000000000e+04 9.607040000000001134e-01
2.640000000000000000e+04 9.672320000000000917e-01
2.650000000000000000e+04 9.697280000000000344e-01
2.660000000000000000e+04 9.588999999999999746e-01
2.670000000000000000e+04 9.514440000000000675e-01
2.680000000000000000e+04 9.544680000000000941e-01
2.690000000000000000e+04 9.657280000000001419e-01
2.700000000000000000e+04 9.474479999999999569e-01
2.710000000000000000e+04 9.601799999999999224e-01
2.720000000000000000e+04 9.644160000000000510e-01
2.730000000000000000e+04 9.593559999999999865e-01
2.740000000000000000e+04 9.579800000000000537e-01
2.750000000000000000e+04 9.534039999999999182e-01
2.760000000000000000e+04 9.549439999999999040e-01
2.770000000000000000e+04 9.578959999999999697e-01
2.780000000000000000e+04 9.578720000000000567e-01
2.790000000000000000e+04 9.646520000000000650e-01
2.800000000000000000e+04 9.692799999999999194e-01
2.810000000000000000e+04 9.595559999999999645e-01
2.820000000000000000e+04 9.544759999999999911e-01
2.830000000000000000e+04 9.604000000000001425e-01
2.840000000000000000e+04 9.681119999999998615e-01
2.850000000000000000e+04 9.540759999999999241e-01
2.860000000000000000e+04 9.541960000000000441e-01
2.870000000000000000e+04 9.651959999999999429e-01
2.880000000000000000e+04 9.557200000000000140e-01
2.890000000000000000e+04 9.629279999999998951e-01
2.900000000000000000e+04 9.632199999999999651e-01
2.910000000000000000e+04 9.607920000000000904e-01
2.920000000000000000e+04 9.662239999999999718e-01
2.930000000000000000e+04 9.505159999999999165e-01
2.940000000000000000e+04 9.606959999999999944e-01
2.950000000000000000e+04 9.586080000000000156e-01
2.960000000000000000e+04 9.616320000000001533e-01
2.970000000000000000e+04 9.583040000000000447e-01
2.980000000000000000e+04 9.537200000000000122e-01
2.990000000000000000e+04 9.520079999999999654e-01
3.000000000000000000e+04 9.509799999999999365e-01
