0.000000000000000000e+00 5.068802098870937023e-01
1.000000000000000000e+02 4.436352807778597973e-01
2.000000000000000000e+02 4.867076856085747472e-01
3.000000000000000000e+02 5.718227520843269795e-01
4.000000000000000000e+02 6.058669672292795738e-01
5.000000000000000000e+02 6.385859995974919601e-01
6.000000000000000000e+02 6.621226333027121491e-01
7.000000000000000000e+02 7.050385900450341081e-01
8.000000000000000000e+02 7.330390469322054514e-01
9.000000000000000000e+02 7.261027296128916841e-01
1.000000000000000000e+03 7.708569336638020353e-01
1.100000000000000000e+03 7.589906567175903618e-01
1.200000000000000000e+03 8.020134088120731697e-01
1.300000000000000000e+03 7.967897119026968733e-01
1.400000000000000000e+03 7.726336630384962323e-01
1.500000000000000000e+03 7.863184698160521346e-01
1.600000000000000000e+03 8.015222674708585293e-01
1.700000000000000000e+03 8.107806632678625780e-01
1.800000000000000000e+03 8.467196489075035082e-01
1.900000000000000000e+03 8.296950341896693892e-01
2.000000000000000000e+03 8.466017366697129454e-01
2.100000000000000000e+03 8.436952420840537759e-01
2.200000000000000000e+03 8.340722835128091539e-01
2.300000000000000000e+03 8.689673887910579486e-01
2.400000000000000000e+03 8.718485749459077283e-01
2.500000000000000000e+03 8.682094814366378976e-01
2.600000000000000000e+03 8.604619652640814742e-01
2.700000000000000000e+03 8.816741742387088632e-01
2.800000000000000000e+03 8.854966590533334125e-01
2.900000000000000000e+03 8.722113594823903693e-01
3.000000000000000000e+03 8.656468910699669506e-01
3.100000000000000000e+03 8.835489311304516313e-01
3.200000000000000000e+03 8.808328205862187010e-01
3.300000000000000000e+03 8.926143966211829150e-01
3.400000000000000000e+03 8.782693576268763014e-01
3.500000000000000000e+03 8.941200515075358179e-01
3.600000000000000000e+03 8.846613300810085567e-01
3.700000000000000000e+03 8.928745197485644658e-01
3.800000000000000000e+03 9.050970352757600201e-01
3.900000000000000000e+03 8.928387595714578628e-01
4.000000000000000000e+03 9.066360440399374720e-01
4.100000000000000000e+03 9.098605090348508284e-01
4.200000000000000000e+03 9.100678288886427936e-01
4.300000000000000000e+03 9.087649000045873171e-01
4.400000000000000000e+03 9.140013096298233997e-01
4.500000000000000000e+03 9.039769718754986361e-01
4.600000000000000000e+03 9.127387162029499956e-01
4.700000000000000000e+03 9.217365388325148290e-01
4.800000000000000000e+03 9.154344265735762098e-01
4.900000000000000000e+03 9.188531665668886461e-01
5.000000000000000000e+03 9.129619093410569208e-01
5.100000000000000000e+03 9.225535018654614783e-01
5.200000000000000000e+03 9.288035063853860018e-01
5.300000000000000000e+03 9.200747543211924562e-01
5.400000000000000000e+03 9.132810593727904713e-01
5.500000000000000000e+03 9.099355927035688296e-01
5.600000000000000000e+03 9.305562414682957417e-01
5.700000000000000000e+03 9.240598960587410593e-01
5.800000000000000000e+03 9.310244806110710147e-01
5.900000000000000000e+03 9.360291889211764804e-01
6.000000000000000000e+03 9.293994464423669388e-01
6.100000000000000000e+03 9.181407180626439679e-01
6.200000000000000000e+03 9.183164644703927237e-01
6.300000000000000000e+03 9.360592458336990385e-01
6.400000000000000000e+03 9.455822205351773757e-01
6.500000000000000000e+03 9.214688036010033612e-01
6.600000000000000000e+03 9.338305751256004150e-01
6.700000000000000000e+03 9.284760479832098179e-01
6.800000000000000000e+03 9.317843116939487080e-01
6.900000000000000000e+03 9.200559547133498883e-01
7.000000000000000000e+03 9.214267796589363790e-01
7.100000000000000000e+03 9.363192645927083113e-01
7.200000000000000000e+03 9.448427862372137387e-01
7.300000000000000000e+03 9.360190201962372836e-01
7.400000000000000000e+03 9.302071366918986950e-01
7.500000000000000000e+03 9.283373292225952644e-01
7.600000000000000000e+03 9.162153378089235023e-01
7.700000000000000000e+03 9.488305442098960985e-01
7.800000000000000000e+03 9.247249781417695713e-01
7.900000000000000000e+03 9.397834457766791605e-01
8.000000000000000000e+03 9.322227144838007851e-01
8.100000000000000000e+03 9.226528596372017832e-01
8.200000000000000000e+03 9.382143251888803714e-01
8.300000000000000000e+03 9.420548911917264734e-01
8.400000000000000000e+03 9.355345244018827833e-01
8.500000000000000000e+03 9.412219945111316433e-01
8.600000000000000000e+03 9.380158394365816221e-01
8.700000000000000000e+03 9.342098618069176741e-01
8.800000000000000000e+03 9.427784681822012347e-01
8.900000000000000000e+03 9.327241077079111431e-01
9.000000000000000000e+03 9.262680991386019747e-01
9.100000000000000000e+03 9.393456397180441897e-01
9.200000000000000000e+03 9.381244220133289069e-01
9.300000000000000000e+03 9.396012646731473072e-01
9.400000000000000000e+03 9.364167393719088350e-01
9.500000000000000000e+03 9.394761642075876162e-01
9.600000000000000000e+03 9.401955897347816782e-01
9.700000000000000000e+03 9.521120889905064777e-01
9.800000000000000000e+03 9.365516923463114152e-01
9.900000000000000000e+03 9.397020591901402709e-01
1.000000000000000000e+04 9.481949142311291157e-01
1.010000000000000000e+04 9.317187344028263762e-01
1.020000000000000000e+04 9.490083577693438910e-01
1.030000000000000000e+04 9.429512850949866021e-01
1.040000000000000000e+04 9.438038751655404290e-01
1.050000000000000000e+04 9.357962823904920624e-01
1.060000000000000000e+04 9.373759020935340525e-01
1.070000000000000000e+04 9.428122612712920292e-01
1.080000000000000000e+04 9.451501427523253396e-01
1.090000000000000000e+04 9.414172350363869679e-01
1.100000000000000000e+04 9.420757961590602303e-01
1.110000000000000000e+04 9.516612828792554435e-01
1.120000000000000000e+04 9.407280537000191067e-01
1.130000000000000000e+04 9.452653268723727464e-01
1.140000000000000000e+04 9.371243538385177763e-01
1.150000000000000000e+04 9.332393565365924015e-01
1.160000000000000000e+04 9.446366876088950759e-01
1.170000000000000000e+04 9.436181235325105110e-01
1.180000000000000000e+04 9.399763125901221539e-01
1.190000000000000000e+04 9.450849916270086526e-01
1.200000000000000000e+04 9.443752681923530679e-01
1.210000000000000000e+04 9.345787227246339368e-01
1.220000000000000000e+04 9.491025825385247527e-01
1.230000000000000000e+04 9.391288109475892654e-01
1.240000000000000000e+04 9.397522107457738638e-01
1.250000000000000000e+04 9.478806306441885932e-01
1.260000000000000000e+04 9.420851623917729789e-01
1.270000000000000000e+04 9.469758615231848031e-01
1.280000000000000000e+04 9.378387885000281088e-01
1.290000000000000000e+04 9.474498139666580609e-01
1.300000000000000000e+04 9.394130555615792799e-01
1.310000000000000000e+04 9.312790774879711186e-01
1.320000000000000000e+04 9.424957669263249738e-01
1.330000000000000000e+04 9.414750917016795340e-01
1.340000000000000000e+04 9.415920483863727819e-01
1.350000000000000000e+04 9.489440122695625979e-01
1.360000000000000000e+04 9.453509656653006354e-01
1.370000000000000000e+04 9.305487228125357557e-01
1.380000000000000000e+04 9.357623277149507146e-01
1.390000000000000000e+04 9.432706277272190354e-01
1.400000000000000000e+04 9.458351371461850565e-01
1.410000000000000000e+04 9.406305683710978194e-01
1.420000000000000000e+04 9.440222034454803790e-01
1.430000000000000000e+04 9.402412440496934476e-01
1.440000000000000000e+04 9.386248378504450374e-01
1.450000000000000000e+04 9.484198848470137833e-01
1.460000000000000000e+04 9.503674538380127990e-01
1.470000000000000000e+04 9.355713653851269740e-01
1.480000000000000000e+04 9.476988396502199485e-01
1.490000000000000000e+04 9.464301642674481929e-01
1.500000000000000000e+04 9.431978857545159078e-01
1.510000000000000000e+04 9.517925834942843055e-01
1.520000000000000000e+04 9.513571552421378197e-01
1.530000000000000000e+04 9.423815973182610994e-01
1.540000000000000000e+04 9.582408719504948991e-01
1.550000000000000000e+04 9.498937660525514914e-01
1.560000000000000000e+04 9.551738161516816206e-01
1.570000000000000000e+04 9.535635485955906709e-01
1.580000000000000000e+04 9.523184555164863063e-01
1.590000000000000000e+04 9.544829313373885959e-01
1.600000000000000000e+04 9.384731222561162323e-01
1.610000000000000000e+04 9.472990480981140493e-01
1.620000000000000000e+04 9.323883884315996573e-01
1.630000000000000000e+04 9.438453463854392655e-01
1.640000000000000000e+04 9.473200918191875264e-01
1.650000000000000000e+04 9.500309144655754157e-01
1.660000000000000000e+04 9.578911782911895267e-01
1.670000000000000000e+04 9.547066665687314879e-01
1.680000000000000000e+04 9.508803102753009551e-01
1.690000000000000000e+04 9.537209361671079577e-01
1.700000000000000000e+04 9.572319834783300507e-01
1.710000000000000000e+04 9.551238262327333972e-01
1.720000000000000000e+04 9.564275472944203660e-01
1.730000000000000000e+04 9.470268901200223910e-01
1.740000000000000000e+04 9.489536844787000991e-01
1.750000000000000000e+04 9.505950350405251159e-01
1.760000000000000000e+04 9.467163790049223371e-01
1.770000000000000000e+04 9.378032332621717426e-01
1.780000000000000000e+04 9.495120396575191801e-01
1.790000000000000000e+04 9.550497039835209589e-01
1.800000000000000000e+04 9.511395146088938990e-01
1.810000000000000000e+04 9.467778592944260385e-01
1.820000000000000000e+04 9.498808955396029763e-01
1.830000000000000000e+04 9.468676829045079568e-01
1.840000000000000000e+04 9.492354403707373711e-01
1.850000000000000000e+04 9.529982885451186991e-01
1.860000000000000000e+04 9.520207255648941436e-01
1.870000000000000000e+04 9.430664138252762285e-01
1.880000000000000000e+04 9.547954454345112252e-01
1.890000000000000000e+04 9.518934609318736584e-01
1.900000000000000000e+04 9.582261875725599509e-01
1.910000000000000000e+04 9.508627931559922031e-01
1.920000000000000000e+04 9.445884118401667306e-01
1.930000000000000000e+04 9.509536966019014326e-01
1.940000000000000000e+04 9.440686168528610311e-01
1.950000000000000000e+04 9.510768065492832823e-01
1.960000000000000000e+04 9.465019796489770876e-01
1.970000000000000000e+04 9.480432347811071914e-01
1.980000000000000000e+04 9.540335383111856471e-01
1.990000000000000000e+04 9.488287521075091657e-01
2.000000000000000000e+04 9.471873233409614512e-01
2.010000000000000000e+04 9.506833087187392950e-01
2.020000000000000000e+04 9.518804917373677732e-01
2.030000000000000000e+04 9.441320222278661856e-01
2.040000000000000000e+04 9.494679264229212157e-01
2.050000000000000000e+04 9.461083732357339349e-01
2.060000000000000000e+04 9.505579848885045147e-01
2.070000000000000000e+04 9.486067733841521132e-01
2.080000000000000000e+04 9.522799209626071626e-01
2.090000000000000000e+04 9.474944783318384189e-01
2.100000000000000000e+04 9.570825183112009471e-01
2.110000000000000000e+04 9.473729009411808732e-01
2.120000000000000000e+04 9.556643927216165180e-01
2.130000000000000000e+04 9.541857036058385422e-01
2.140000000000000000e+04 9.482569965811871171e-01
2.150000000000000000e+04 9.496263135205817996e-01
2.160000000000000000e+04 9.566614619311976098e-01
2.170000000000000000e+04 9.475709265759257871e-01
2.180000000000000000e+04 9.447759178461615504e-01
2.190000000000000000e+04 9.501396300452458199e-01
2.200000000000000000e+04 9.578724378069359835e-01
2.210000000000000000e+04 9.471435019666123445e-01
2.220000000000000000e+04 9.525532383264013747e-01
2.230000000000000000e+04 9.508928611658854502e-01
2.240000000000000000e+04 9.499193309665791007e-01
2.250000000000000000e+04 9.523885448136890641e-01
2.260000000000000000e+04 9.475712464066791130e-01
2.270000000000000000e+04 9.562578737756763925e-01
2.280000000000000000e+04 9.379510803711036404e-01
2.290000000000000000e+04 9.446494374186973353e-01
2.300000000000000000e+04 9.637267582874003979e-01
2.310000000000000000e+04 9.467987636708133925e-01
2.320000000000000000e+04 9.457239959241934280e-01
2.330000000000000000e+04 9.393953085685836646e-01
2.340000000000000000e+04 9.553484986849349880e-01
2.350000000000000000e+04 9.590766460714058583e-01
2.360000000000000000e+04 9.464055283628733939e-01
2.370000000000000000e+04 9.511764290593744953e-01
2.380000000000000000e+04 9.490730576779123906e-01
2.390000000000000000e+04 9.619529164373612495e-01
2.400000000000000000e+04 9.538955105075010987e-01
2.410000000000000000e+04 9.491266173672681106e-01
2.420000000000000000e+04 9.530973943002915005e-01
2.430000000000000000e+04 9.526700683379579759e-01
2.440000000000000000e+04 9.455911050945506879e-01
2.450000000000000000e+04 9.563249138744657207e-01
2.460000000000000000e+04 9.544528998248231755e-01
2.470000000000000000e+04 9.430484802543032119e-01
2.480000000000000000e+04 9.470737515943516982e-01
2.490000000000000000e+04 9.553098571754352619e-01
2.500000000000000000e+04 9.558401029576220065e-01
2.510000000000000000e+04 9.530743944149611124e-01
2.520000000000000000e+04 9.654130990871355733e-01
2.530000000000000000e+04 9.497780540219287193e-01
2.540000000000000000e+04 9.551597741070694259e-01
2.550000000000000000e+04 9.556125167863243064e-01
2.560000000000000000e+04 9.565024013484343390e-01
2.570000000000000000e+04 9.502867012223517040e-01
2.580000000000000000e+04 9.537522733762340277e-01
2.590000000000000000e+04 9.456552435448849492e-01
2.600000000000000000e+04 9.554736740680913609e-01
2.610000000000000000e+04 9.465764179162934333e-01
2.620000000000000000e+04 9.558127630964879939e-01
2.630000000000000000e+04 9.548920557677610388e-01
2.640000000000000000e+04 9.518043126899164985e-01
2.650000000000000000e+04 9.652405113092893396e-01
2.660000000000000000e+04 9.496659456032017221e-01
2.670000000000000000e+04 9.613982240193076345e-01
2.680000000000000000e+04 9.567625213514741045e-01
2.690000000000000000e+04 9.486400612093025542e-01
2.700000000000000000e+04 9.590866909949870012e-01
2.710000000000000000e+04 9.466303916484151149e-01
2.720000000000000000e+04 9.540504788804387015e-01
2.730000000000000000e+04 9.522648570933460732e-01
2.740000000000000000e+04 9.475492267987448702e-01
2.750000000000000000e+04 9.566082222954618297e-01
2.760000000000000000e+04 9.526768646036399835e-01
2.770000000000000000e+04 9.506545920860679511e-01
2.780000000000000000e+04 9.523927672206603523e-01
2.790000000000000000e+04 9.532484372183922527e-01
2.800000000000000000e+04 9.582106581060906292e-01
2.810000000000000000e+04 9.573072650897669345e-01
2.820000000000000000e+04 9.427803018612933572e-01
2.830000000000000000e+04 9.546907327597706772e-01
2.840000000000000000e+04 9.494610128269082017e-01
2.850000000000000000e+04 9.465322399051365743e-01
2.860000000000000000e+04 9.502079236613324431e-01
2.870000000000000000e+04 9.457392149773895529e-01
2.880000000000000000e+04 9.497072545673415078e-01
2.890000000000000000e+04 9.548333957008630080e-01
2.900000000000000000e+04 9.523899454835461631e-01
2.910000000000000000e+04 9.529330685054047123e-01
2.920000000000000000e+04 9.578736396071613202e-01
2.930000000000000000e+04 9.412534580704453591e-01
2.940000000000000000e+04 9.472646990973195846e-01
2.950000000000000000e+04 9.472564568360499759e-01
2.960000000000000000e+04 9.465773388051252901e-01
2.970000000000000000e+04 9.525966293232273063e-01
2.980000000000000000e+04 9.508109890921759844e-01
2.990000000000000000e+04 9.471868769338316341e-01
3.000000000000000000e+04 9.632846404882587921e-01
