0.000000000000000000e+00 5.135359999999999925e-01
1.000000000000000000e+02 4.321960000000000246e-01
2.000000000000000000e+02 4.872360000000000024e-01
3.000000000000000000e+02 5.795159999999999201e-01
4.000000000000000000e+02 6.088040000000000118e-01
5.000000000000000000e+02 6.260839999999999739e-01
6.000000000000000000e+02 6.439999999999999059e-01
7.000000000000000000e+02 6.916279999999999095e-01
8.000000000000000000e+02 7.179360000000000186e-01
9.000000000000000000e+02 7.160239999999998828e-01
1.000000000000000000e+03 7.492880000000000651e-01
1.100000000000000000e+03 7.320639999999998260e-01
1.200000000000000000e+03 7.752360000000000362e-01
1.300000000000000000e+03 7.573600000000001442e-01
1.400000000000000000e+03 7.454899999999999860e-01
1.500000000000000000e+03 7.641839999999999744e-01
1.600000000000000000e+03 7.770760000000001000e-01
1.700000000000000000e+03 7.874200000000000088e-01
1.800000000000000000e+03 8.224279999999999369e-01
1.900000000000000000e+03 8.114359999999999351e-01
2.000000000000000000e+03 8.304399999999999560e-01
2.100000000000000000e+03 8.247039999999999926e-01
2.200000000000000000e+03 8.167720000000000535e-01
2.300000000000000000e+03 8.432360000000000966e-01
2.400000000000000000e+03 8.555719999999999992e-01
2.500000000000000000e+03 8.461280000000001023e-01
2.600000000000000000e+03 8.334559999999999746e-01
2.700000000000000000e+03 8.625919999999998034e-01
2.800000000000000000e+03 8.646279999999999522e-01
2.900000000000000000e+03 8.500399999999999068e-01
3.000000000000000000e+03 8.465960000000000152e-01
3.100000000000000000e+03 8.593360000000000998e-01
3.200000000000000000e+03 8.624600000000000044e-01
3.300000000000000000e+03 8.762480000000001379e-01
3.400000000000000000e+03 8.560240000000000071e-01
3.500000000000000000e+03 8.767479999999998608e-01
3.600000000000000000e+03 8.656079999999999330e-01
3.700000000000000000e+03 8.683080000000000798e-01
3.800000000000000000e+03 8.874279999999998836e-01
3.900000000000000000e+03 8.748239999999999350e-01
4.000000000000000000e+03 8.929920000000000080e-01
4.100000000000000000e+03 8.980119999999999214e-01
4.200000000000000000e+03 8.929359999999999520e-01
4.300000000000000000e+03 8.902759999999999563e-01
4.400000000000000000e+03 8.977079999999999504e-01
4.500000000000000000e+03 8.853399999999999048e-01
4.600000000000000000e+03 8.937120000000000619e-01
4.700000000000000000e+03 9.030759999999998788e-01
4.800000000000000000e+03 9.035400000000000098e-01
4.900000000000000000e+03 9.020239999999999370e-01
5.000000000000000000e+03 8.938039999999999319e-01
5.100000000000000000e+03 9.093599999999999461e-01
5.200000000000000000e+03 9.157079999999999664e-01
5.300000000000000000e+03 9.041279999999999317e-01
5.400000000000000000e+03 8.980680000000000884e-01
5.500000000000000000e+03 9.000760000000000982e-01
5.600000000000000000e+03 9.165320000000000134e-01
5.700000000000000000e+03 9.097639999999999061e-01
5.800000000000000000e+03 9.189840000000000231e-01
5.900000000000000000e+03 9.222599999999999687e-01
6.000000000000000000e+03 9.126360000000000028e-01
6.100000000000000000e+03 9.062840000000000895e-01
6.200000000000000000e+03 9.034959999999998548e-01
6.300000000000000000e+03 9.222319999999999407e-01
6.400000000000000000e+03 9.335319999999999174e-01
6.500000000000000000e+03 8.998999999999999222e-01
6.600000000000000000e+03 9.247879999999999434e-01
6.700000000000000000e+03 9.165799999999999503e-01
6.800000000000000000e+03 9.190239999999999521e-01
6.900000000000000000e+03 9.054319999999999036e-01
7.000000000000000000e+03 9.039679999999999938e-01
7.100000000000000000e+03 9.243879999999999875e-01
7.200000000000000000e+03 9.347679999999999323e-01
7.300000000000000000e+03 9.227199999999999847e-01
7.400000000000000000e+03 9.199119999999999520e-01
7.500000000000000000e+03 9.145280000000000076e-01
7.600000000000000000e+03 8.996639999999997972e-01
7.700000000000000000e+03 9.373519999999999630e-01
7.800000000000000000e+03 9.118960000000000399e-01
7.900000000000000000e+03 9.267039999999997502e-01
8.000000000000000000e+03 9.173919999999999852e-01
8.100000000000000000e+03 9.174160000000001203e-01
8.200000000000000000e+03 9.274280000000000301e-01
8.300000000000000000e+03 9.318760000000000376e-01
8.400000000000000000e+03 9.241119999999998225e-01
8.500000000000000000e+03 9.297360000000000069e-01
8.600000000000000000e+03 9.282120000000001481e-01
8.700000000000000000e+03 9.242200000000000415e-01
8.800000000000000000e+03 9.321239999999999526e-01
8.900000000000000000e+03 9.241079999999999295e-01
9.000000000000000000e+03 9.164920000000000844e-01
9.100000000000000000e+03 9.304719999999999658e-01
9.200000000000000000e+03 9.284400000000001540e-01
9.300000000000000000e+03 9.279680000000000151e-01
9.400000000000000000e+03 9.248960000000000514e-01
9.500000000000000000e+03 9.305640000000000578e-01
9.600000000000000000e+03 9.263959999999998862e-01
9.700000000000000000e+03 9.414919999999999956e-01
9.800000000000000000e+03 9.233240000000000336e-01
9.900000000000000000e+03 9.275600000000000511e-01
1.000000000000000000e+04 9.353759999999998742e-01
1.010000000000000000e+04 9.183360000000000412e-01
1.020000000000000000e+04 9.402119999999999367e-01
1.030000000000000000e+04 9.365999999999998771e-01
1.040000000000000000e+04 9.372519999999999740e-01
1.050000000000000000e+04 9.238480000000000025e-01
1.060000000000000000e+04 9.305559999999999388e-01
1.070000000000000000e+04 9.325719999999999565e-01
1.080000000000000000e+04 9.364279999999999271e-01
1.090000000000000000e+04 9.309439999999999937e-01
1.100000000000000000e+04 9.301440000000000818e-01
1.110000000000000000e+04 9.401440000000000907e-01
1.120000000000000000e+04 9.294200000000000239e-01
1.130000000000000000e+04 9.360640000000000072e-01
1.140000000000000000e+04 9.256240000000000023e-01
1.150000000000000000e+04 9.185400000000000231e-01
1.160000000000000000e+04 9.364359999999999351e-01
1.170000000000000000e+04 9.351119999999999433e-01
1.180000000000000000e+04 9.301999999999999158e-01
1.190000000000000000e+04 9.378599999999999159e-01
1.200000000000000000e+04 9.338919999999999444e-01
1.210000000000000000e+04 9.279519999999998880e-01
1.220000000000000000e+04 9.428639999999999244e-01
1.230000000000000000e+04 9.303599999999999648e-01
1.240000000000000000e+04 9.282719999999999860e-01
1.250000000000000000e+04 9.371480000000000921e-01
1.260000000000000000e+04 9.324799999999999756e-01
1.270000000000000000e+04 9.373040000000000260e-01
1.280000000000000000e+04 9.259519999999999973e-01
1.290000000000000000e+04 9.377559999999998119e-01
1.300000000000000000e+04 9.312519999999999687e-01
1.310000000000000000e+04 9.227199999999999847e-01
1.320000000000000000e+04 9.330000000000000515e-01
1.330000000000000000e+04 9.298719999999998098e-01
1.340000000000000000e+04 9.307999999999999607e-01
1.350000000000000000e+04 9.390800000000000258e-01
1.360000000000000000e+04 9.384560000000000679e-01
1.370000000000000000e+04 9.181960000000000122e-01
1.380000000000000000e+04 9.209039999999999448e-01
1.390000000000000000e+04 9.359040000000000692e-01
1.400000000000000000e+04 9.375639999999999530e-01
1.410000000000000000e+04 9.298919999999999408e-01
1.420000000000000000e+04 9.343960000000000043e-01
1.430000000000000000e+04 9.266119999999999912e-01
1.440000000000000000e+04 9.280960000000000321e-01
1.450000000000000000e+04 9.387880000000001779e-01
1.460000000000000000e+04 9.414680000000000826e-01
1.470000000000000000e+04 9.238159999999999705e-01
1.480000000000000000e+04 9.394480000000000608e-01
1.490000000000000000e+04 9.429799999999999294e-01
1.500000000000000000e+04 9.345760000000000733e-01
1.510000000000000000e+04 9.422199999999999465e-01
1.520000000000000000e+04 9.419079999999999675e-01
1.530000000000000000e+04 9.309839999999999227e-01
1.540000000000000000e+04 9.523960000000000203e-01
1.550000000000000000e+04 9.390279999999999738e-01
1.560000000000000000e+04 9.449960000000000582e-01
1.570000000000000000e+04 9.442800000000001193e-01
1.580000000000000000e+04 9.453839999999998911e-01
1.590000000000000000e+04 9.500920000000000476e-01
1.600000000000000000e+04 9.245839999999999614e-01
1.610000000000000000e+04 9.386879999999999669e-01
1.620000000000000000e+04 9.200720000000000010e-01
1.630000000000000000e+04 9.371159999999999490e-01
1.640000000000000000e+04 9.394080000000000208e-01
1.650000000000000000e+04 9.415359999999999285e-01
1.660000000000000000e+04 9.527720000000000633e-01
1.670000000000000000e+04 9.469079999999998609e-01
1.680000000000000000e+04 9.427079999999999904e-01
1.690000000000000000e+04 9.480759999999999188e-01
1.700000000000000000e+04 9.523479999999998613e-01
1.710000000000000000e+04 9.481839999999999158e-01
1.720000000000000000e+04 9.507559999999999345e-01
1.730000000000000000e+04 9.375919999999998700e-01
1.740000000000000000e+04 9.398560000000001358e-01
1.750000000000000000e+04 9.425720000000000764e-01
1.760000000000000000e+04 9.371879999999999100e-01
1.770000000000000000e+04 9.233839999999999826e-01
1.780000000000000000e+04 9.399999999999999467e-01
1.790000000000000000e+04 9.489679999999999227e-01
1.800000000000000000e+04 9.442959999999999132e-01
1.810000000000000000e+04 9.376959999999999740e-01
1.820000000000000000e+04 9.445400000000000462e-01
1.830000000000000000e+04 9.400680000000000147e-01
1.840000000000000000e+04 9.416719999999999535e-01
1.850000000000000000e+04 9.423479999999999634e-01
1.860000000000000000e+04 9.433439999999999603e-01
1.870000000000000000e+04 9.354640000000000732e-01
1.880000000000000000e+04 9.482999999999999208e-01
1.890000000000000000e+04 9.457079999999999931e-01
1.900000000000000000e+04 9.547000000000001041e-01
1.910000000000000000e+04 9.433160000000000434e-01
1.920000000000000000e+04 9.362200000000000522e-01
1.930000000000000000e+04 9.434000000000000163e-01
1.940000000000000000e+04 9.319719999999999116e-01
1.950000000000000000e+04 9.415679999999999605e-01
1.960000000000000000e+04 9.374839999999999840e-01
1.970000000000000000e+04 9.400159999999999627e-01
1.980000000000000000e+04 9.440160000000000773e-01
1.990000000000000000e+04 9.414719999999999756e-01
2.000000000000000000e+04 9.396839999999999637e-01
2.010000000000000000e+04 9.407360000000000166e-01
2.020000000000000000e+04 9.416919999999999735e-01
2.030000000000000000e+04 9.357279999999998932e-01
2.040000000000000000e+04 9.388039999999998608e-01
2.050000000000000000e+04 9.410520000000001106e-01
2.060000000000000000e+04 9.439759999999999263e-01
2.070000000000000000e+04 9.404799999999998716e-01
2.080000000000000000e+04 9.443359999999999532e-01
2.090000000000000000e+04 9.380119999999999569e-01
2.100000000000000000e+04 9.485680000000000778e-01
2.110000000000000000e+04 9.399319999999998787e-01
2.120000000000000000e+04 9.478040000000000909e-01
2.130000000000000000e+04 9.482639999999999958e-01
2.140000000000000000e+04 9.404959999999999987e-01
2.150000000000000000e+04 9.394320000000000448e-01
2.160000000000000000e+04 9.508999999999998565e-01
2.170000000000000000e+04 9.376520000000000410e-01
2.180000000000000000e+04 9.360439999999999872e-01
2.190000000000000000e+04 9.388880000000001669e-01
2.200000000000000000e+04 9.519279999999998854e-01
2.210000000000000000e+04 9.366960000000000841e-01
2.220000000000000000e+04 9.463120000000000420e-01
2.230000000000000000e+04 9.441040000000000543e-01
2.240000000000000000e+04 9.428600000000000314e-01
2.250000000000000000e+04 9.456559999999999411e-01
2.260000000000000000e+04 9.372479999999998590e-01
2.270000000000000000e+04 9.520440000000000014e-01
2.280000000000000000e+04 9.269319999999999782e-01
2.290000000000000000e+04 9.326359999999999095e-01
2.300000000000000000e+04 9.557560000000000500e-01
2.310000000000000000e+04 9.368360000000000021e-01
2.320000000000000000e+04 9.408600000000000296e-01
2.330000000000000000e+04 9.343080000000000274e-01
2.340000000000000000e+04 9.473959999999999049e-01
2.350000000000000000e+04 9.536800000000000832e-01
2.360000000000000000e+04 9.396359999999999157e-01
2.370000000000000000e+04 9.414839999999999876e-01
2.380000000000000000e+04 9.405879999999999797e-01
2.390000000000000000e+04 9.550359999999999960e-01
2.400000000000000000e+04 9.434999999999998943e-01
2.410000000000000000e+04 9.426360000000000294e-01
2.420000000000000000e+04 9.466199999999999060e-01
2.430000000000000000e+04 9.424239999999998174e-01
2.440000000000000000e+04 9.339199999999999724e-01
2.450000000000000000e+04 9.486879999999999757e-01
2.460000000000000000e+04 9.454400000000000581e-01
2.470000000000000000e+04 9.307039999999999758e-01
2.480000000000000000e+04 9.426839999999999664e-01
2.490000000000000000e+04 9.481039999999998358e-01
2.500000000000000000e+04 9.458719999999999350e-01
2.510000000000000000e+04 9.441319999999998602e-01
2.520000000000000000e+04 9.588400000000000256e-01
2.530000000000000000e+04 9.441399999999999793e-01
2.540000000000000000e+04 9.475839999999999819e-01
2.550000000000000000e+04 9.464000000000000190e-01
2.560000000000000000e+04 9.489039999999999697e-01
2.570000000000000000e+04 9.404120000000000257e-01
2.580000000000000000e+04 9.464959999999998930e-01
2.590000000000000000e+04 9.359319999999998752e-01
2.600000000000000000e+04 9.487919999999999687e-01
2.610000000000000000e+04 9.370880000000000321e-01
2.620000000000000000e+04 9.473759999999998849e-01
2.630000000000000000e+04 9.474000000000000199e-01
2.640000000000000000e+04 9.465360000000000440e-01
2.650000000000000000e+04 9.592559999999999976e-01
2.660000000000000000e+04 9.431799999999999073e-01
2.670000000000000000e+04 9.537480000000000402e-01
2.680000000000000000e+04 9.515199999999999214e-01
2.690000000000000000e+04 9.425559999999999494e-01
2.700000000000000000e+04 9.540319999999999911e-01
2.710000000000000000e+04 9.360399999999999832e-01
2.720000000000000000e+04 9.446120000000000072e-01
2.730000000000000000e+04 9.451239999999999641e-01
2.740000000000000000e+04 9.390759999999999108e-01
2.750000000000000000e+04 9.461880000000000290e-01
2.760000000000000000e+04 9.446599999999999442e-01
2.770000000000000000e+04 9.425600000000000644e-01
2.780000000000000000e+04 9.430000000000000604e-01
2.790000000000000000e+04 9.431439999999999824e-01
2.800000000000000000e+04 9.523120000000000474e-01
2.810000000000000000e+04 9.507240000000000135e-01
2.820000000000000000e+04 9.324839999999998685e-01
2.830000000000000000e+04 9.488440000000000207e-01
2.840000000000000000e+04 9.427559999999999274e-01
2.850000000000000000e+04 9.405760000000000787e-01
2.860000000000000000e+04 9.388000000000000789e-01
2.870000000000000000e+04 9.359520000000000062e-01
2.880000000000000000e+04 9.415080000000000116e-01
2.890000000000000000e+04 9.452400000000000801e-01
2.900000000000000000e+04 9.466520000000000490e-01
2.910000000000000000e+04 9.456240000000000201e-01
2.920000000000000000e+04 9.518199999999999994e-01
2.930000000000000000e+04 9.313399999999999457e-01
2.940000000000000000e+04 9.409600000000000186e-01
2.950000000000000000e+04 9.364199999999999191e-01
2.960000000000000000e+04 9.404759999999999787e-01
2.970000000000000000e+04 9.417360000000000175e-01
2.980000000000000000e+04 9.406759999999999566e-01
2.990000000000000000e+04 9.399639999999999107e-01
3.000000000000000000e+04 9.562359999999998639e-01
