0
1
2
3
5
6
7
9
10
12
14
15
16
17
18
19
20
21
23
24
26
27
28
29
30
32
33
34
36
38
39
40
41
43
44
45
46
47
48
50
51
53
54
55
57
59
60
62
63
66
67
70
74
77
78
79
80
83
84
87
88
89
90
93
94
95
100
101
102
103
104
107
111
112
114
115
116
118
119
122
123
124
125
127
128
130
132
133
134
135
136
137
139
140
142
143
144
145
147
149
150
152
153
154
155
156
157
158
159
160
162
163
165
166
169
170
172
176
178
182
183
184
185
186
187
188
192
193
195
198
199
200
202
203
204
205
206
207
210
213
217
218
219
221
222
223
225
226
227
228
229
235
236
237
238
240
243
244
245
246
250
252
253
254
255
257
258
260
261
262
265
267
271
273
275
277
278
279
280
281
282
283
284
285
286
288
289
290
291
292
293
294
295
298
299
301
303
304
306
309
311
312
313
315
316
317
318
319
320
322
323
325
326
327
328
329
330
332
333
334
336
337
338
342
343
344
346
350
351
352
353
354
355
356
357
359
361
362
363
364
367
368
369
370
372
373
374
375
376
377
378
379
382
383
384
385
387
388
389
390
391
392
393
394
396
397
398
399
403
406
410
411
413
414
416
418
419
420
422
424
426
427
429
430
432
436
437
438
439
440
441
443
445
446
448
449
450
451
452
455
456
460
462
465
467
468
469
470
471
472
473
475
478
479
485
486
489
492
493
494
495
497
498
499
500
502
503
504
505
506
507
508
509
512
513
516
517
518
520
521
522
523
524
525
530
531
532
535
536
537
538
541
543
546
547
549
551
552
553
554
555
556
557
558
559
560
561
562
564
565
568
569
571
572
573
574
575
579
580
582
583
584
585
587
588
589
593
594
596
598
599
601
602
603
606
607
608
609
610
611
612
613
616
618
620
621
622
623
624
625
626
630
631
632
633
634
635
637
638
639
642
647
649
650
654
655
656
658
659
660
662
671
672
673
674
676
679
680
682
683
684
685
687
688
689
690
691
694
695
696
697
698
701
702
703
704
706
707
709
710
712
713
717
718
721
723
724
728
730
731
735
736
739
740
744
745
746
749
750
751
753
754
758
759
760
761
762
763
765
766
767
768
769
770
771
772
773
774
776
777
778
779
780
781
783
784
785
786
787
789
790
791
792
793
794
796
798
799
801
802
803
805
810
812
814
815
819
821
822
823
825
826
827
829
830
833
835
836
837
838
841
845
849
850
851
852
853
854
855
856
858
859
860
861
864
865
866
867
868
870
872
873
874
875
876
877
878
879
880
881
882
883
884
885
886
887
890
891
892
893
894
895
896
897
899
900
901
902
903
904
905
906
907
908
909
910
911
914
915
916
919
920
922
923
925
926
927
930
931
932
933
934
935
936
938
941
942
945
947
948
949
950
951
955
956
958
959
960
962
963
964
965
966
967
968
969
970
971
972
973
975
976
979
980
981
982
983
984
986
988
989
990
991
993
994
995
996
997
998
999
1000
1001
1004
1005
1007
1008
1011
1012
1014
1015
1016
1017
1018
1020
1023
1024
1026
1029
1030
1031
1034
1035
1036
1037
1038
1039
1040
1041
1042
1044
1046
1047
1048
1049
1050
1051
1052
1053
1054
1055
1056
1058
1059
1061
1062
1063
1065
1067
1068
1072
1073
1074
1075
1076
1078
1080
1082
1084
1085
1086
1087
1088
1089
1090
1092
1094
1095
1096
1097
1098
1100
1101
1102
1103
1104
1105
1106
1108
1110
1111
1112
1113
1114
1115
1116
1118
1120
1121
1122
1123
1124
1125
1126
1127
1128
1129
1130
1131
1132
1133
1134
1135
1136
1137
1138
1139
1140
1141
1142
1143
1145
1146
1147
1148
1149
1153
1154
1155
1156
1157
1159
1160
1161
1162
1164
1165
1168
1170
1171
1172
1173
1174
1175
1177
1179
1181
1182
1184
1185
1186
1188
1189
1190
1192
1194
1195
1196
1197
1203
1204
1205
1206
1207
1208
1210
1211
1212
1213
1214
1215
1216
1217
1219
1220
1221
1222
1223
1226
1227
1229
1230
1231
1232
1233
1235
1236
1238
1239
1240
1246
1247
1248
1249
1250
1251
1252
1253
1255
1257
1259
1261
1263
1266
1267
1268
1270
1271
1275
1277
1278
1279
1280
1281
1282
1283
1284
1285
1287
1289
1290
1291
1292
1295
1296
1297
1298
1299
1301
1302
1303
1304
1307
1308
1309
1310
1311
1313
1315
1317
1320
1321
1322
1323
1324
1325
1326
1327
1328
1329
1331
1332
1334
1337
1339
1340
1341
1342
1343
1344
1346
1349
1350
1351
1352
1353
1354
1355
1356
1357
1358
1359
1360
1361
1362
1364
1365
1366
1367
1368
1370
1371
1372
1373
1374
1376
1377
1378
1379
1380
1382
1384
1385
1386
1388
1389
1390
1391
1392
1394
1395
1396
1397
1398
1399
1400
1401
1402
1403
1404
1405
1406
1407
1408
1411
1412
1413
1415
1416
1418
1419
1420
1421
1422
1423
1424
1425
1426
1427
1428
1429
1431
1432
1433
1435
1436
1439
1440
1443
1444
1445
1446
1447
1448
1449
1450
1451
1452
1455
1457
1458
1459
1460
1461
1462
1464
1465
1466
1467
1468
1469
1471
1474
1475
1476
1477
1478
1479
1480
1482
1483
1484
1488
1490
1495
1496
1497
1498
1499
1500
1503
1504
1505
1506
1507
1508
1509
1510
1511
1512
1516
1517
1518
1519
1520
1521
1522
1523
1524
1525
1526
1527
1528
1529
1531
1532
1534
1535
1536
1537
1538
1541
1543
1544
1545
1548
1550
1552
1553
1554
1555
1556
1557
1558
1561
1562
1564
1565
1566
1567
1568
1569
1571
1572
1575
1576
1578
1579
1580
1581
1582
1583
1584
1585
1586
1587
1588
1589
1590
1592
1594
1595
1596
1597
1598
1599
1602
1603
1604
1606
1607
1608
1609
1613
1614
1615
1616
1617
1618
1619
1620
1621
1622
1623
1624
1625
1626
1628
1630
1631
1632
1633
1635
1636
1637
1638
1639
1641
1642
1643
1644
1645
1646
1647
1648
1650
1651
1652
1653
1654
1655
1656
1657
1658
1659
1660
1661
1662
1663
1664
1666
1667
1670
1671
1672
1673
1674
1677
1678
1679
1680
1681
1682
1683
1684
1685
1686
1687
1688
1689
1690
1691
1693
1695
1696
1697
1700
1701
1702
1704
1707
1708
1709
1712
1713
1714
1715
1717
1718
1719
1720
1721
1723
1724
1725
1726
1728
1730
1731
1732
1733
1736
1737
1739
1740
1741
1742
1744
1745
1746
1747
1748
1749
1750
1752
1754
1756
1757
1758
1759
1760
1761
1762
1763
1764
1765
1766
1768
1769
1771
1772
1773
1774
1775
1776
1777
1778
1779
1780
1781
1782
1783
1784
1785
1786
1787
1789
1790
1791
1792
1794
1795
1796
1797
1798
1799
1800
1801
1802
1803
1804
1805
1806
1807
1808
1809
1810
1811
1812
1813
1814
1815
1816
1818
1819
1820
1821
1823
1824
1825
1826
1827
1829
1830
1831
1832
1833
1834
1836
1837
1840
1841
1842
1844
1845
1848
1849
1850
1851
1854
1855
1856
1858
1859
1861
1862
1863
1864
1865
1866
1868
1870
1872
1873
1875
1877
1878
1879
1880
1881
1882
1883
1884
1885
1886
1888
1889
1891
1893
1894
1895
1896
1897
1898
1899
1900
1903
1904
1906
1910
1911
1912
1913
1914
1915
1916
1917
1918
1919
1920
1921
1922
1925
1926
1928
1929
1930
1931
1932
1933
1934
1935
1936
1938
1940
1941
1943
1944
1946
1947
1948
1949
1950
1951
1952
1954
1955
1957
1958
1959
1960
1961
1962
1963
1965
1966
1968
1969
1971
1972
1973
1974
1975
1976
1978
1979
1980
1981
1982
1983
1984
1985
1986
1987
1990
1994
1995
1996
2001
2002
2003
2004
2005
2006
2008
2010
2011
2012
2013
2015
2018
2019
2020
2021
2022
2023
2024
2025
2028
2029
2030
2031
2032
2033
2034
2036
2037
2039
2040
2041
2042
2043
2045
2046
2047
2049
2050
2051
2053
2054
2055
2056
2057
2058
2059
2060
2061
2062
2063
2065
2068
2069
2071
2073
2074
2076
2079
2080
2081
2082
2083
2084
2085
2086
2087
2088
2090
2092
2094
2096
2098
2099
2101
2102
2104
2105
2106
2110
2112
2114
2115
2116
2117
2118
2119
2120
2121
2123
2124
2126
2128
2129
2132
2133
2134
2135
2136
2137
2138
2139
2140
2142
2143
2147
2149
2151
2152
2153
2154
2155
2156
2157
2158
2160
2161
2162
2163
2164
2165
2166
2167
2172
2173
2175
2176
2177
2178
2179
2180
2181
2182
2183
2184
2185
2187
2188
2189
2190
2192
2194
2196
2197
2198
2201
2202
2203
2204
2205
2207
2209
2211
2213
2215
2217
2218
2220
2221
2222
2225
2226
2227
2228
2229
2232
2236
2237
2238
2239
2240
2241
2243
2244
2245
2246
2247
2248
2249
2250
2251
2252
2253
2256
2257
2260
2261
2262
2263
2264
2265
2266
2267
2270
2272
2273
2274
2276
2278
2279
2280
2281
2282
2283
2284
2285
2288
2289
2290
2291
2292
2293
2294
2299
2300
2301
2305
2306
2307
2309
2310
2311
2313
2314
2315
2317
2319
2321
2322
2323
2324
2325
2326
2327
2328
2329
2330
2332
2333
2335
2336
2337
2338
2340
2342
2345
2346
2347
2348
2349
2351
2352
2353
2354
2355
2356
2357
2360
2361
2362
2363
2366
2367
2369
2370
2371
2372
2373
2374
2375
2376
2377
2378
2380
2381
2383
2385
2387
2389
2390
2391
2392
2393
2394
2395
2397
2398
2399
2401
2402
2403
2404
2405
2406
2407
2408
2409
2410
2411
2412
2413
2414
2415
2416
2417
2419
2421
2423
2424
2425
2426
2427
2428
2429
2430
2431
2434
2435
2436
2437
2438
2439
2440
2442
2443
2444
2446
2449
2450
2451
2452
2453
2454
2455
2456
2458
2459
2463
2464
2465
2466
2468
2469
2470
2471
2472
2474
2476
2477
2478
2481
2482
2483
2484
2485
2486
2487
2488
2489
2490
2491
2492
2493
2495
2496
2497
2498
2499
2500
2501
2502
2503
2504
2505
2506
2507
2508
2509
2510
2511
2512
2513
2514
2516
2518
2519
2521
2527
2528
2529
2530
2531
2532
2533
2534
2535
2537
2539
2541
2543
2544
2546
2547
2549
2551
2552
2553
2556
2557
2558
2559
2560
2561
2562
2563
2564
2565
2567
2568
2569
2572
2573
2574
2575
2576
2578
2581
2582
2583
2584
2585
2586
2587
2588
2589
2590
2591
2593
2594
2595
2596
2597
2598
2599
2600
2601
2602
2603
2605
2606
2607
2608
2613
2614
2615
2617
2620
2621
2624
2625
2626
2627
2628
2629
2631
2632
2633
2634
2635
2636
2637
2638
2639
2640
2641
2642
2643
2644
2645
2646
2647
2648
2649
2650
2651
2653
2654
2655
2657
2658
2659
2660
2661
2662
2663
2664
2665
2667
2668
2669
2670
2671
2672
2673
2674
2676
2677
2678
2679
2680
2681
2682
2683
2684
2685
2686
2687
2688
2689
2690
2691
2694
2696
2697
2698
2699
2700
2701
2702
2704
2706
2707
2708
2709
2710
2711
2713
2715
2718
2720
2721
2722
2723
2726
2727
2728
2729
2730
2731
2732
2733
2735
2736
2737
2738
2739
2740
2742
2743
2744
2745
2746
2747
2749
2750
2754
2755
2756
2757
2759
2760
2761
2762
2764
2766
2767
2768
2769
2770
2772
2773
2775
2776
2777
2778
2779
2780
2781
2782
2783
2784
2785
2786
2787
2788
2789
2790
2792
2793
2795
2796
2797
2798
2799
2800
2802
2803
2804
2806
2807
2810
2812
2814
2815
2816
2817
2818
2819
2820
2821
2822
2823
2825
2826
2827
2829
2830
2831
2832
2834
2836
2837
2838
2839
2840
2841
2842
2843
2844
2846
2847
2848
2850
2851
2853
2854
2855
2856
2858
2860
2862
2863
2866
2867
2868
2869
2870
2871
2872
2873
2874
2875
2877
2879
2880
2882
2884
2885
2886
2887
2888
2889
2890
2891
2892
2894
2895
2896
2897
2898
2899
2900
2901
2902
2903
2904
2906
2909
2910
2911
2912
2913
2914
2915
2916
2917
2918
2919
2920
2921
2924
2925
2926
2927
2928
2929
2930
2931
2932
2933
2934
2936
2937
2938
2939
2940
2941
2942
2943
2944
2945
2947
2949
2950
2951
2952
2954
2955
2956
2957
2958
2959
2960
2961
2962
2963
2964
2965
2966
2967
2969
2970
2971
2972
2973
2974
2975
2977
2978
2979
2980
2981
2983
2985
2986
2987
2988
2989
2990
2991
2992
2993
2994
2995
2996
2997
2998
2999
3000
3001
3004
3005
3006
3007
3009
3010
3011
3012
3013
3014
3015
3017
3018
3019
3020
3021
3022
3023
3024
3025
3026
3027
3028
3029
3030
3031
3032
3033
3034
3035
3036
3037
3038
3039
3042
3044
3045
3046
3047
3048
3049
3050
3051
3053
3054
3055
3056
3058
3059
3060
3061
3063
3064
3065
3066
3067
3068
3069
3070
3072
3073
3075
3076
3077
3078
3080
3081
3082
3085
3086
3087
3088
3089
3090
3091
3092
3093
3095
3096
3097
3098
3099
3100
3101
3103
3106
3107
3108
3109
3110
3111
3112
3113
3114
3115
3116
3117
3118
3119
3121
3122
3123
3124
3125
3127
3128
3129
3130
3131
3132
3133
3134
3135
3136
3138
3139
3140
3141
3142
3143
3144
3145
3147
3148
3150
3152
3154
3155
3156
3157
3158
3160
3161
3162
3163
3164
3165
3167
3168
3169
3171
3172
3173
3174
3175
3176
3177
3178
3179
3180
3181
3182
3183
3184
3185
3187
3189
3193
3194
3195
3196
3198
3199
3200
3201
3202
3203
3204
3205
3206
3207
3208
3209
3210
3211
3212
3213
3214
3215
3216
3217
3218
3219
3220
3221
3222
3223
3224
3225
3226
3227
3228
3229
3230
3231
3232
3233
3234
3235
3236
3237
3238
3239
3240
3241
3242
3243
3244
3245
3246
3247
3249
3250
3251
3252
3253
3254
3256
3257
3260
3261
3262
3263
3264
3265
3266
3268
3269
3271
3272
3273
3274
3275
3276
3277
3278
3279
3280
3281
3283
3285
3286
3287
3288
3289
3290
3291
3293
3294
3295
3296
3297
3298
3299
3300
3301
3302
3303
3304
3305
3306
3307
3308
3309
3311
3312
3314
3315
3317
3318
3320
3321
3322
3323
3325
3326
3327
3328
3329
3330
3332
3333
3334
3335
3336
3338
3343
3345
3346
3347
3348
3349
3352
3353
3354
3355
3356
3357
3359
3360
3361
3363
3364
3365
3366
3367
3369
3370
3371
3372
3374
3375
3376
3379
3380
3381
3384
3386
3387
3388
3389
3390
3391
3392
3394
3395
3397
3398
3399
3400
3401
3402
3403
3404
3405
3406
3407
3408
3410
3411
3412
3413
3414
3415
3416
3417
3418
3419
3420
3421
3422
3423
3424
3425
3426
3427
3428
3429
3430
3431
3432
3433
3435
3436
