0.000000000000000000e+00 4.934585818118670808e-01
1.000000000000000000e+02 4.027594315818455728e-01
2.000000000000000000e+02 3.812299132572781191e-01
3.000000000000000000e+02 4.003958751538115868e-01
4.000000000000000000e+02 4.232138941925331910e-01
5.000000000000000000e+02 4.169435603974144811e-01
6.000000000000000000e+02 4.358167771925224310e-01
7.000000000000000000e+02 4.588744570139172696e-01
8.000000000000000000e+02 4.308613453732181298e-01
9.000000000000000000e+02 4.639370929551028810e-01
1.000000000000000000e+03 4.848796897502017922e-01
1.100000000000000000e+03 4.981920214389085055e-01
1.200000000000000000e+03 5.168468063821790581e-01
1.300000000000000000e+03 5.078143139358597402e-01
1.400000000000000000e+03 5.155188778607007194e-01
1.500000000000000000e+03 5.479717960282032285e-01
1.600000000000000000e+03 5.344374753418519308e-01
1.700000000000000000e+03 5.250100419358119108e-01
1.800000000000000000e+03 5.848998971630869903e-01
1.900000000000000000e+03 5.545578874680463510e-01
2.000000000000000000e+03 5.662936174704704673e-01
2.100000000000000000e+03 5.556442466549433856e-01
2.200000000000000000e+03 5.531278452371224397e-01
2.300000000000000000e+03 5.784250004847610871e-01
2.400000000000000000e+03 5.608075891188859519e-01
2.500000000000000000e+03 5.844287463668025318e-01
2.600000000000000000e+03 6.062536319711520072e-01
2.700000000000000000e+03 6.368092769182688295e-01
2.800000000000000000e+03 6.652085736933234239e-01
2.900000000000000000e+03 6.002028586831977819e-01
3.000000000000000000e+03 6.209644675136208880e-01
3.100000000000000000e+03 6.113277494891720121e-01
3.200000000000000000e+03 6.067555945810801932e-01
3.300000000000000000e+03 6.084084737840274038e-01
3.400000000000000000e+03 6.190935250016947888e-01
3.500000000000000000e+03 6.205039035393333791e-01
3.600000000000000000e+03 6.100254418683652702e-01
3.700000000000000000e+03 6.174508778124174757e-01
3.800000000000000000e+03 5.917476418514590053e-01
3.900000000000000000e+03 6.266400863407617372e-01
4.000000000000000000e+03 5.884111074172149181e-01
4.100000000000000000e+03 6.442526481873078747e-01
4.200000000000000000e+03 6.368516837281839038e-01
4.300000000000000000e+03 6.453595048558573577e-01
4.400000000000000000e+03 6.301773029943658067e-01
4.500000000000000000e+03 6.404163355066156971e-01
4.600000000000000000e+03 6.397844080587529181e-01
4.700000000000000000e+03 6.158970431629027242e-01
4.800000000000000000e+03 6.340623999576655567e-01
4.900000000000000000e+03 6.705655945025150722e-01
5.000000000000000000e+03 6.144610169442066283e-01
5.100000000000000000e+03 6.264709081291213177e-01
5.200000000000000000e+03 6.463746951441877719e-01
5.300000000000000000e+03 6.723607737303293197e-01
5.400000000000000000e+03 6.556692792307303730e-01
5.500000000000000000e+03 6.224217266619499478e-01
5.600000000000000000e+03 6.544999715243873251e-01
5.700000000000000000e+03 6.790605327692296189e-01
5.800000000000000000e+03 6.253374111794403056e-01
5.900000000000000000e+03 6.748415454839815641e-01
6.000000000000000000e+03 6.466654124816914040e-01
6.100000000000000000e+03 6.182093365417959951e-01
6.200000000000000000e+03 6.741824180334546890e-01
6.300000000000000000e+03 6.552356823148822729e-01
6.400000000000000000e+03 6.546530169727019510e-01
6.500000000000000000e+03 6.615371861814024479e-01
6.600000000000000000e+03 6.509578684488135369e-01
6.700000000000000000e+03 6.631058340587582256e-01
6.800000000000000000e+03 6.772627674616443771e-01
6.900000000000000000e+03 6.903986594513528141e-01
7.000000000000000000e+03 6.500786470612450740e-01
7.100000000000000000e+03 6.192580335064872266e-01
7.200000000000000000e+03 6.504893477238714583e-01
7.300000000000000000e+03 6.675512066642840248e-01
7.400000000000000000e+03 7.149838835435466944e-01
7.500000000000000000e+03 6.879682716961695865e-01
7.600000000000000000e+03 6.887151927952076536e-01
7.700000000000000000e+03 6.604839553936312502e-01
7.800000000000000000e+03 6.822007311693188969e-01
7.900000000000000000e+03 6.640123314657238041e-01
8.000000000000000000e+03 6.787291025695312285e-01
8.100000000000000000e+03 7.063595622056050294e-01
8.200000000000000000e+03 6.710109046165335656e-01
8.300000000000000000e+03 6.738203490430781928e-01
8.400000000000000000e+03 6.682013235380659388e-01
8.500000000000000000e+03 6.600166839236293326e-01
8.600000000000000000e+03 7.011757146822223952e-01
8.700000000000000000e+03 6.785635318306966202e-01
8.800000000000000000e+03 7.191061744093543151e-01
8.900000000000000000e+03 7.019084234251624643e-01
9.000000000000000000e+03 7.034171052723618978e-01
9.100000000000000000e+03 7.155584879295271428e-01
9.200000000000000000e+03 7.056759861943918688e-01
9.300000000000000000e+03 7.263310891104739486e-01
9.400000000000000000e+03 7.125116575589152124e-01
9.500000000000000000e+03 7.309043207154501953e-01
9.600000000000000000e+03 6.954356918999650139e-01
9.700000000000000000e+03 7.410610052883563892e-01
9.800000000000000000e+03 7.264768555848010179e-01
9.900000000000000000e+03 6.850173271212227633e-01
1.000000000000000000e+04 7.148903075378545413e-01
1.010000000000000000e+04 7.567806197942432700e-01
1.020000000000000000e+04 7.631859946322487875e-01
1.030000000000000000e+04 7.371775826580344582e-01
1.040000000000000000e+04 7.275647698546454656e-01
1.050000000000000000e+04 7.280797294520453544e-01
1.060000000000000000e+04 7.785650557240924030e-01
1.070000000000000000e+04 7.423117835420753874e-01
1.080000000000000000e+04 7.614029126939464431e-01
1.090000000000000000e+04 6.914676631612527435e-01
1.100000000000000000e+04 7.334372650559357609e-01
1.110000000000000000e+04 7.309361713030242402e-01
1.120000000000000000e+04 7.348946492010840492e-01
1.130000000000000000e+04 7.826764474218077527e-01
1.140000000000000000e+04 7.828591640243348637e-01
1.150000000000000000e+04 7.467619557773184091e-01
1.160000000000000000e+04 7.708815460245814766e-01
1.170000000000000000e+04 7.616361158609630255e-01
1.180000000000000000e+04 7.618088906061284415e-01
1.190000000000000000e+04 7.669176736179256215e-01
1.200000000000000000e+04 7.651481006493838777e-01
1.210000000000000000e+04 7.731104527525316517e-01
1.220000000000000000e+04 7.905982199713285086e-01
1.230000000000000000e+04 7.770549025191663128e-01
1.240000000000000000e+04 7.810980671735900938e-01
1.250000000000000000e+04 7.944923700808862455e-01
1.260000000000000000e+04 7.677825048767235039e-01
1.270000000000000000e+04 7.765475947748086138e-01
1.280000000000000000e+04 8.016634307630988721e-01
1.290000000000000000e+04 7.867734924387341788e-01
1.300000000000000000e+04 7.869718695339973369e-01
1.310000000000000000e+04 8.061249817643720839e-01
1.320000000000000000e+04 7.763849635737023469e-01
1.330000000000000000e+04 7.810468412972102481e-01
1.340000000000000000e+04 8.053650887858749829e-01
1.350000000000000000e+04 7.767919774963139012e-01
1.360000000000000000e+04 7.878490755985965155e-01
1.370000000000000000e+04 8.133944623806258489e-01
1.380000000000000000e+04 8.131144996521684210e-01
1.390000000000000000e+04 8.181893901650418854e-01
1.400000000000000000e+04 7.915063912575206473e-01
1.410000000000000000e+04 7.740027977182265539e-01
1.420000000000000000e+04 7.608455597011436478e-01
1.430000000000000000e+04 8.267892807164605173e-01
1.440000000000000000e+04 8.382169348804258124e-01
1.450000000000000000e+04 8.237899236284353943e-01
1.460000000000000000e+04 7.920234732463442562e-01
1.470000000000000000e+04 7.799362898154613699e-01
1.480000000000000000e+04 8.361213706578569660e-01
1.490000000000000000e+04 8.259399312026080020e-01
1.500000000000000000e+04 7.951724049034993858e-01
1.510000000000000000e+04 8.140247393890871486e-01
1.520000000000000000e+04 8.340032658660887499e-01
1.530000000000000000e+04 8.260048582894172764e-01
1.540000000000000000e+04 7.899112440301563343e-01
1.550000000000000000e+04 8.273525002795417693e-01
1.560000000000000000e+04 8.027040017986233345e-01
1.570000000000000000e+04 8.007664095035047502e-01
1.580000000000000000e+04 8.210971232742090287e-01
1.590000000000000000e+04 8.132299819731566570e-01
1.600000000000000000e+04 8.299042063758923504e-01
1.610000000000000000e+04 8.161559676112641881e-01
1.620000000000000000e+04 8.176881309454301361e-01
1.630000000000000000e+04 8.147025117229216296e-01
1.640000000000000000e+04 8.385664630583383738e-01
1.650000000000000000e+04 8.187552293688081795e-01
1.660000000000000000e+04 8.341790181900995416e-01
1.670000000000000000e+04 8.202013244292593042e-01
1.680000000000000000e+04 8.083451771029596111e-01
1.690000000000000000e+04 8.531388225558645955e-01
1.700000000000000000e+04 8.321460428576277213e-01
1.710000000000000000e+04 8.485367202925918617e-01
1.720000000000000000e+04 8.308430050022903579e-01
1.730000000000000000e+04 8.490828310230769116e-01
1.740000000000000000e+04 8.188988794135982907e-01
1.750000000000000000e+04 8.385475985224513096e-01
1.760000000000000000e+04 8.268260002759175720e-01
1.770000000000000000e+04 8.066720406816358935e-01
1.780000000000000000e+04 8.358740442673985305e-01
1.790000000000000000e+04 8.353319282356750364e-01
1.800000000000000000e+04 8.281488207199731999e-01
1.810000000000000000e+04 8.234580820736026041e-01
1.820000000000000000e+04 8.150855286164399027e-01
1.830000000000000000e+04 8.319655804330541304e-01
1.840000000000000000e+04 8.347988451078820482e-01
1.850000000000000000e+04 8.312830111123401533e-01
1.860000000000000000e+04 8.530303098252510763e-01
1.870000000000000000e+04 8.236650427136477104e-01
1.880000000000000000e+04 8.321552142825052734e-01
1.890000000000000000e+04 8.383210647670595872e-01
1.900000000000000000e+04 8.484884409736925814e-01
1.910000000000000000e+04 8.534258540708623553e-01
1.920000000000000000e+04 8.613995878971700826e-01
1.930000000000000000e+04 8.681565927453698261e-01
1.940000000000000000e+04 8.399945192252638027e-01
1.950000000000000000e+04 8.496621051277082337e-01
1.960000000000000000e+04 8.349233784186368412e-01
1.970000000000000000e+04 8.290109193848327340e-01
1.980000000000000000e+04 8.477896018761794661e-01
1.990000000000000000e+04 8.564837462825498626e-01
2.000000000000000000e+04 8.549733331541694570e-01
2.010000000000000000e+04 8.211134407452201911e-01
2.020000000000000000e+04 8.498576105239759038e-01
2.030000000000000000e+04 8.337689367336399426e-01
2.040000000000000000e+04 8.497058945677833375e-01
2.050000000000000000e+04 8.426418763167131676e-01
2.060000000000000000e+04 8.562199291659949862e-01
2.070000000000000000e+04 8.400967547597634200e-01
2.080000000000000000e+04 8.424431871014143036e-01
2.090000000000000000e+04 8.392687444711962597e-01
2.100000000000000000e+04 8.490342436539596305e-01
2.110000000000000000e+04 8.524021634978864448e-01
2.120000000000000000e+04 8.591141506534480943e-01
2.130000000000000000e+04 8.607975308891464561e-01
2.140000000000000000e+04 8.434104654553608027e-01
2.150000000000000000e+04 8.537267704355917530e-01
2.160000000000000000e+04 8.519224149776163379e-01
2.170000000000000000e+04 8.419678694557626297e-01
2.180000000000000000e+04 8.578962823635853940e-01
2.190000000000000000e+04 8.723443461965201262e-01
2.200000000000000000e+04 8.517626217561624635e-01
2.210000000000000000e+04 8.548551880361137112e-01
2.220000000000000000e+04 8.652110295510924143e-01
2.230000000000000000e+04 8.699595054292563745e-01
2.240000000000000000e+04 8.497444384251626737e-01
2.250000000000000000e+04 8.418967618676813647e-01
2.260000000000000000e+04 8.436248333459068771e-01
2.270000000000000000e+04 8.309931034414363982e-01
2.280000000000000000e+04 8.782405611490129438e-01
2.290000000000000000e+04 8.622691158026662972e-01
2.300000000000000000e+04 8.719205763636662665e-01
2.310000000000000000e+04 8.597054983727365762e-01
2.320000000000000000e+04 8.597849917349459359e-01
2.330000000000000000e+04 8.422548085312024924e-01
2.340000000000000000e+04 8.592683020957487816e-01
2.350000000000000000e+04 8.619352200098822081e-01
2.360000000000000000e+04 8.868295750492352081e-01
2.370000000000000000e+04 8.748138755360397312e-01
2.380000000000000000e+04 8.607485636973563059e-01
2.390000000000000000e+04 8.737670224320199797e-01
2.400000000000000000e+04 8.654103696349262353e-01
2.410000000000000000e+04 8.522958163008114152e-01
2.420000000000000000e+04 8.628038517304729149e-01
2.430000000000000000e+04 8.632762075247497613e-01
2.440000000000000000e+04 8.708288356662827745e-01
2.450000000000000000e+04 8.678502013825908357e-01
2.460000000000000000e+04 8.521004031827131842e-01
2.470000000000000000e+04 8.877127848501484841e-01
2.480000000000000000e+04 8.683544020336172453e-01
2.490000000000000000e+04 8.742922214284205573e-01
2.500000000000000000e+04 8.723484810596253691e-01
2.510000000000000000e+04 8.594809391555356948e-01
2.520000000000000000e+04 8.740634010859009706e-01
2.530000000000000000e+04 8.703652653847292475e-01
2.540000000000000000e+04 8.807016020269438084e-01
2.550000000000000000e+04 8.674918011231682602e-01
2.560000000000000000e+04 8.702069992130956333e-01
2.570000000000000000e+04 8.933979471278414852e-01
2.580000000000000000e+04 8.591141137803610661e-01
2.590000000000000000e+04 8.758841638337606650e-01
2.600000000000000000e+04 8.802223770906639766e-01
2.610000000000000000e+04 8.478262073648068498e-01
2.620000000000000000e+04 8.949269965223427548e-01
2.630000000000000000e+04 8.676888877639836739e-01
2.640000000000000000e+04 8.829904626293270109e-01
2.650000000000000000e+04 8.812311919954404216e-01
2.660000000000000000e+04 8.747627427864342886e-01
2.670000000000000000e+04 8.973214473962680682e-01
2.680000000000000000e+04 8.833968696104501639e-01
2.690000000000000000e+04 8.742112535716959343e-01
2.700000000000000000e+04 8.679992051647267282e-01
2.710000000000000000e+04 8.465434120218804370e-01
2.720000000000000000e+04 8.596428631929686759e-01
2.730000000000000000e+04 8.528633666029991067e-01
2.740000000000000000e+04 8.829531190402588603e-01
2.750000000000000000e+04 8.695197045112472711e-01
2.760000000000000000e+04 8.734728778822751227e-01
2.770000000000000000e+04 8.582088646197862936e-01
2.780000000000000000e+04 8.643699528256009179e-01
2.790000000000000000e+04 8.850758368325318814e-01
2.800000000000000000e+04 8.876313353450679955e-01
2.810000000000000000e+04 8.757651400631603078e-01
2.820000000000000000e+04 8.616690945578282523e-01
2.830000000000000000e+04 8.799684001010580348e-01
2.840000000000000000e+04 8.834155528899337861e-01
2.850000000000000000e+04 8.750441932049337623e-01
2.860000000000000000e+04 8.821677458696880469e-01
2.870000000000000000e+04 8.540237529498253544e-01
2.880000000000000000e+04 8.820086053641807977e-01
2.890000000000000000e+04 8.783406194607366047e-01
2.900000000000000000e+04 8.973854132666621020e-01
2.910000000000000000e+04 8.779004281862073933e-01
2.920000000000000000e+04 8.725926726936756861e-01
2.930000000000000000e+04 9.004019067487464278e-01
2.940000000000000000e+04 8.750154897520996400e-01
2.950000000000000000e+04 8.819573133708149548e-01
2.960000000000000000e+04 8.933663047760123099e-01
2.970000000000000000e+04 8.588241934511394726e-01
2.980000000000000000e+04 8.647309023544460516e-01
2.990000000000000000e+04 8.710947836387442633e-01
3.000000000000000000e+04 8.996675215271051629e-01
