0.000000000000000000e+00 4.983319999999999972e-01
1.000000000000000000e+02 3.425759999999999916e-01
2.000000000000000000e+02 3.071359999999999646e-01
3.000000000000000000e+02 3.420480000000000187e-01
4.000000000000000000e+02 3.960960000000000036e-01
5.000000000000000000e+02 3.726640000000000508e-01
6.000000000000000000e+02 4.161319999999999464e-01
7.000000000000000000e+02 4.510919999999999375e-01
8.000000000000000000e+02 3.977679999999999549e-01
9.000000000000000000e+02 4.720239999999999991e-01
1.000000000000000000e+03 4.899920000000000386e-01
1.100000000000000000e+03 5.126519999999999966e-01
1.200000000000000000e+03 5.139920000000000044e-01
1.300000000000000000e+03 5.188439999999999719e-01
1.400000000000000000e+03 5.323679999999999524e-01
1.500000000000000000e+03 5.557639999999999247e-01
1.600000000000000000e+03 5.512839999999999963e-01
1.700000000000000000e+03 5.429280000000000772e-01
1.800000000000000000e+03 5.915599999999999747e-01
1.900000000000000000e+03 5.581119999999999415e-01
2.000000000000000000e+03 5.630199999999999649e-01
2.100000000000000000e+03 5.597640000000000393e-01
2.200000000000000000e+03 5.595240000000001324e-01
2.300000000000000000e+03 5.951560000000000183e-01
2.400000000000000000e+03 5.563360000000000527e-01
2.500000000000000000e+03 5.875799999999999912e-01
2.600000000000000000e+03 5.948999999999999844e-01
2.700000000000000000e+03 6.370080000000000187e-01
2.800000000000000000e+03 6.631560000000000787e-01
2.900000000000000000e+03 6.189160000000000217e-01
3.000000000000000000e+03 6.143840000000000412e-01
3.100000000000000000e+03 6.074600000000000000e-01
3.200000000000000000e+03 6.037240000000000384e-01
3.300000000000000000e+03 6.149480000000000501e-01
3.400000000000000000e+03 6.213680000000000314e-01
3.500000000000000000e+03 6.164520000000000000e-01
3.600000000000000000e+03 6.071039999999999770e-01
3.700000000000000000e+03 6.132919999999999483e-01
3.800000000000000000e+03 6.060939999999999106e-01
3.900000000000000000e+03 6.236200000000000632e-01
4.000000000000000000e+03 5.907440000000000468e-01
4.100000000000000000e+03 6.316079999999999472e-01
4.200000000000000000e+03 6.374640000000000306e-01
4.300000000000000000e+03 6.416919999999999291e-01
4.400000000000000000e+03 6.146200000000000552e-01
4.500000000000000000e+03 6.385600000000000165e-01
4.600000000000000000e+03 6.283119999999999816e-01
4.700000000000000000e+03 6.266719999999998958e-01
4.800000000000000000e+03 6.267359999999999598e-01
4.900000000000000000e+03 6.491520000000000623e-01
5.000000000000000000e+03 6.129439999999999333e-01
5.100000000000000000e+03 6.211400000000000254e-01
5.200000000000000000e+03 6.525479999999999059e-01
5.300000000000000000e+03 6.502080000000000082e-01
5.400000000000000000e+03 6.579079999999999373e-01
5.500000000000000000e+03 6.325299999999999256e-01
5.600000000000000000e+03 6.565400000000001235e-01
5.700000000000000000e+03 6.698919999999999320e-01
5.800000000000000000e+03 6.366079999999999517e-01
5.900000000000000000e+03 6.804200000000000248e-01
6.000000000000000000e+03 6.537919999999999288e-01
6.100000000000000000e+03 6.281560000000000477e-01
6.200000000000000000e+03 6.637840000000000407e-01
6.300000000000000000e+03 6.655359999999999054e-01
6.400000000000000000e+03 6.680439999999999712e-01
6.500000000000000000e+03 6.572879999999999834e-01
6.600000000000000000e+03 6.560519999999999685e-01
6.700000000000000000e+03 6.466600000000000126e-01
6.800000000000000000e+03 6.796720000000000539e-01
6.900000000000000000e+03 6.817679999999999296e-01
7.000000000000000000e+03 6.577240000000000864e-01
7.100000000000000000e+03 6.360999999999999988e-01
7.200000000000000000e+03 6.606839999999999380e-01
7.300000000000000000e+03 6.704239999999999089e-01
7.400000000000000000e+03 6.968680000000000430e-01
7.500000000000000000e+03 6.798239999999999839e-01
7.600000000000000000e+03 6.804799999999999738e-01
7.700000000000000000e+03 6.583200000000000163e-01
7.800000000000000000e+03 6.769879999999999232e-01
7.900000000000000000e+03 6.738079999999999625e-01
8.000000000000000000e+03 6.894239999999999258e-01
8.100000000000000000e+03 6.949079999999999702e-01
8.200000000000000000e+03 6.741240000000000565e-01
8.300000000000000000e+03 6.800600000000001089e-01
8.400000000000000000e+03 6.581440000000000623e-01
8.500000000000000000e+03 6.731940000000000701e-01
8.600000000000000000e+03 7.027440000000000353e-01
8.700000000000000000e+03 6.806119999999999948e-01
8.800000000000000000e+03 7.169799999999999507e-01
8.900000000000000000e+03 7.116759999999999753e-01
9.000000000000000000e+03 6.981800000000000228e-01
9.100000000000000000e+03 7.147600000000000620e-01
9.200000000000000000e+03 7.130640000000000311e-01
9.300000000000000000e+03 7.363279999999999825e-01
9.400000000000000000e+03 7.247280000000000388e-01
9.500000000000000000e+03 7.278759999999999675e-01
9.600000000000000000e+03 7.165760000000001018e-01
9.700000000000000000e+03 7.465599999999998904e-01
9.800000000000000000e+03 7.257200000000001427e-01
9.900000000000000000e+03 7.075159999999999227e-01
1.000000000000000000e+04 7.287079999999999114e-01
1.010000000000000000e+04 7.436239999999999517e-01
1.020000000000000000e+04 7.618079999999998186e-01
1.030000000000000000e+04 7.269520000000000426e-01
1.040000000000000000e+04 7.403319999999999901e-01
1.050000000000000000e+04 7.369279999999999164e-01
1.060000000000000000e+04 7.796080000000000787e-01
1.070000000000000000e+04 7.353000000000000647e-01
1.080000000000000000e+04 7.627919999999999146e-01
1.090000000000000000e+04 7.074999999999999067e-01
1.100000000000000000e+04 7.504319999999999879e-01
1.110000000000000000e+04 7.447479999999999656e-01
1.120000000000000000e+04 7.323039999999999550e-01
1.130000000000000000e+04 7.772559999999999469e-01
1.140000000000000000e+04 7.855479999999999130e-01
1.150000000000000000e+04 7.573199999999999932e-01
1.160000000000000000e+04 7.592440000000000300e-01
1.170000000000000000e+04 7.720719999999998695e-01
1.180000000000000000e+04 7.765679999999999250e-01
1.190000000000000000e+04 7.648599999999999843e-01
1.200000000000000000e+04 7.783079999999999998e-01
1.210000000000000000e+04 7.797119999999999607e-01
1.220000000000000000e+04 7.945639999999999370e-01
1.230000000000000000e+04 7.909039999999999404e-01
1.240000000000000000e+04 7.779240000000001709e-01
1.250000000000000000e+04 8.002639999999999754e-01
1.260000000000000000e+04 7.712600000000000566e-01
1.270000000000000000e+04 7.749280000000000612e-01
1.280000000000000000e+04 7.980640000000001066e-01
1.290000000000000000e+04 7.875359999999999028e-01
1.300000000000000000e+04 7.929279999999998552e-01
1.310000000000000000e+04 8.174919999999999964e-01
1.320000000000000000e+04 7.885599999999999277e-01
1.330000000000000000e+04 7.848960000000000381e-01
1.340000000000000000e+04 8.104759999999999742e-01
1.350000000000000000e+04 7.787999999999999368e-01
1.360000000000000000e+04 8.023119999999999141e-01
1.370000000000000000e+04 8.201960000000000361e-01
1.380000000000000000e+04 8.109520000000001172e-01
1.390000000000000000e+04 8.089239999999999764e-01
1.400000000000000000e+04 7.851479999999999571e-01
1.410000000000000000e+04 7.888600000000000056e-01
1.420000000000000000e+04 7.836459999999999537e-01
1.430000000000000000e+04 8.257720000000000615e-01
1.440000000000000000e+04 8.365399999999998393e-01
1.450000000000000000e+04 8.171119999999999495e-01
1.460000000000000000e+04 8.005320000000000213e-01
1.470000000000000000e+04 8.067599999999999216e-01
1.480000000000000000e+04 8.381359999999999921e-01
1.490000000000000000e+04 8.247560000000000446e-01
1.500000000000000000e+04 8.082519999999998594e-01
1.510000000000000000e+04 8.249280000000001056e-01
1.520000000000000000e+04 8.334080000000000377e-01
1.530000000000000000e+04 8.288240000000000052e-01
1.540000000000000000e+04 7.880400000000000738e-01
1.550000000000000000e+04 8.296999999999999931e-01
1.560000000000000000e+04 8.145319999999999228e-01
1.570000000000000000e+04 8.128719999999999279e-01
1.580000000000000000e+04 8.207759999999999501e-01
1.590000000000000000e+04 8.153399999999999537e-01
1.600000000000000000e+04 8.346519999999999495e-01
1.610000000000000000e+04 8.275760000000000893e-01
1.620000000000000000e+04 8.172080000000000455e-01
1.630000000000000000e+04 8.191439999999999833e-01
1.640000000000000000e+04 8.376999999999998892e-01
1.650000000000000000e+04 8.105919999999999792e-01
1.660000000000000000e+04 8.438560000000000505e-01
1.670000000000000000e+04 8.350999999999999535e-01
1.680000000000000000e+04 8.123920000000000030e-01
1.690000000000000000e+04 8.510919999999999597e-01
1.700000000000000000e+04 8.328599999999999337e-01
1.710000000000000000e+04 8.565359999999999641e-01
1.720000000000000000e+04 8.370439999999998992e-01
1.730000000000000000e+04 8.496120000000000339e-01
1.740000000000000000e+04 8.256240000000000245e-01
1.750000000000000000e+04 8.406240000000000379e-01
1.760000000000000000e+04 8.410799999999999388e-01
1.770000000000000000e+04 8.069640000000000146e-01
1.780000000000000000e+04 8.419240000000001167e-01
1.790000000000000000e+04 8.363320000000000753e-01
1.800000000000000000e+04 8.386800000000000921e-01
1.810000000000000000e+04 8.232040000000000468e-01
1.820000000000000000e+04 8.263000000000000345e-01
1.830000000000000000e+04 8.441960000000001685e-01
1.840000000000000000e+04 8.386080000000001311e-01
1.850000000000000000e+04 8.443640000000001145e-01
1.860000000000000000e+04 8.550080000000001013e-01
1.870000000000000000e+04 8.338879999999999626e-01
1.880000000000000000e+04 8.400479999999999059e-01
1.890000000000000000e+04 8.403719999999998969e-01
1.900000000000000000e+04 8.529600000000000515e-01
1.910000000000000000e+04 8.504240000000000688e-01
1.920000000000000000e+04 8.638319999999999332e-01
1.930000000000000000e+04 8.703919999999998325e-01
1.940000000000000000e+04 8.415799999999999947e-01
1.950000000000000000e+04 8.613920000000000465e-01
1.960000000000000000e+04 8.396479999999999499e-01
1.970000000000000000e+04 8.317919999999999758e-01
1.980000000000000000e+04 8.594679999999998987e-01
1.990000000000000000e+04 8.606159999999999366e-01
2.000000000000000000e+04 8.511720000000000397e-01
2.010000000000000000e+04 8.374519999999999742e-01
2.020000000000000000e+04 8.516240000000000476e-01
2.030000000000000000e+04 8.449679999999999414e-01
2.040000000000000000e+04 8.468039999999998901e-01
2.050000000000000000e+04 8.438879999999999715e-01
2.060000000000000000e+04 8.612920000000000575e-01
2.070000000000000000e+04 8.483480000000001020e-01
2.080000000000000000e+04 8.413200000000000678e-01
2.090000000000000000e+04 8.546040000000000303e-01
2.100000000000000000e+04 8.531799999999998274e-01
2.110000000000000000e+04 8.568599999999999550e-01
2.120000000000000000e+04 8.660039999999999960e-01
2.130000000000000000e+04 8.692520000000001357e-01
2.140000000000000000e+04 8.500519999999998078e-01
2.150000000000000000e+04 8.585999999999999188e-01
2.160000000000000000e+04 8.551599999999999202e-01
2.170000000000000000e+04 8.435959999999999015e-01
2.180000000000000000e+04 8.672439999999999038e-01
2.190000000000000000e+04 8.775720000000000187e-01
2.200000000000000000e+04 8.543800000000000283e-01
2.210000000000000000e+04 8.595999999999999197e-01
2.220000000000000000e+04 8.689319999999998156e-01
2.230000000000000000e+04 8.723800000000000443e-01
2.240000000000000000e+04 8.495200000000000529e-01
2.250000000000000000e+04 8.440399999999999014e-01
2.260000000000000000e+04 8.337160000000000126e-01
2.270000000000000000e+04 8.461759999999999282e-01
2.280000000000000000e+04 8.795959999999999335e-01
2.290000000000000000e+04 8.609519999999999396e-01
2.300000000000000000e+04 8.755560000000000009e-01
2.310000000000000000e+04 8.608999999999999986e-01
2.320000000000000000e+04 8.628079999999999083e-01
2.330000000000000000e+04 8.500880000000000658e-01
2.340000000000000000e+04 8.609999999999999876e-01
2.350000000000000000e+04 8.586320000000000618e-01
2.360000000000000000e+04 8.822640000000001592e-01
2.370000000000000000e+04 8.742920000000000691e-01
2.380000000000000000e+04 8.606079999999999286e-01
2.390000000000000000e+04 8.629599999999999493e-01
2.400000000000000000e+04 8.591480000000000228e-01
2.410000000000000000e+04 8.592639999999999167e-01
2.420000000000000000e+04 8.605199999999999516e-01
2.430000000000000000e+04 8.621280000000000054e-01
2.440000000000000000e+04 8.623600000000000154e-01
2.450000000000000000e+04 8.660919999999999730e-01
2.460000000000000000e+04 8.605839999999999046e-01
2.470000000000000000e+04 8.899399999999999533e-01
2.480000000000000000e+04 8.784960000000001656e-01
2.490000000000000000e+04 8.803920000000000634e-01
2.500000000000000000e+04 8.739599999999998481e-01
2.510000000000000000e+04 8.614479999999999915e-01
2.520000000000000000e+04 8.701280000000000125e-01
2.530000000000000000e+04 8.719439999999999413e-01
2.540000000000000000e+04 8.885760000000000325e-01
2.550000000000000000e+04 8.628039999999999043e-01
2.560000000000000000e+04 8.718160000000000354e-01
2.570000000000000000e+04 8.959840000000000027e-01
2.580000000000000000e+04 8.644680000000000142e-01
2.590000000000000000e+04 8.770360000000000378e-01
2.600000000000000000e+04 8.857840000000000158e-01
2.610000000000000000e+04 8.515159999999999396e-01
2.620000000000000000e+04 8.889720000000000955e-01
2.630000000000000000e+04 8.694760000000001376e-01
2.640000000000000000e+04 8.806599999999999984e-01
2.650000000000000000e+04 8.745839999999999170e-01
2.660000000000000000e+04 8.707139999999999880e-01
2.670000000000000000e+04 8.942280000000000229e-01
2.680000000000000000e+04 8.773239999999999927e-01
2.690000000000000000e+04 8.754039999999998489e-01
2.700000000000000000e+04 8.795359999999999845e-01
2.710000000000000000e+04 8.521600000000000286e-01
2.720000000000000000e+04 8.603560000000001207e-01
2.730000000000000000e+04 8.590559999999999308e-01
2.740000000000000000e+04 8.794479999999998965e-01
2.750000000000000000e+04 8.763599999999999168e-01
2.760000000000000000e+04 8.746160000000000601e-01
2.770000000000000000e+04 8.578159999999999119e-01
2.780000000000000000e+04 8.672559999999999159e-01
2.790000000000000000e+04 8.872799999999999576e-01
2.800000000000000000e+04 8.826240000000000752e-01
2.810000000000000000e+04 8.772079999999999878e-01
2.820000000000000000e+04 8.700520000000000476e-01
2.830000000000000000e+04 8.818040000000000322e-01
2.840000000000000000e+04 8.876920000000000366e-01
2.850000000000000000e+04 8.781559999999999366e-01
2.860000000000000000e+04 8.826919999999999211e-01
2.870000000000000000e+04 8.637159999999999282e-01
2.880000000000000000e+04 8.829280000000000461e-01
2.890000000000000000e+04 8.802200000000001134e-01
2.900000000000000000e+04 8.976159999999999695e-01
2.910000000000000000e+04 8.752879999999998439e-01
2.920000000000000000e+04 8.772600000000001508e-01
2.930000000000000000e+04 8.955719999999999237e-01
2.940000000000000000e+04 8.792640000000000455e-01
2.950000000000000000e+04 8.831240000000000201e-01
2.960000000000000000e+04 8.952719999999998457e-01
2.970000000000000000e+04 8.796640000000000015e-01
2.980000000000000000e+04 8.657679999999999820e-01
2.990000000000000000e+04 8.764000000000000679e-01
3.000000000000000000e+04 8.986359999999998793e-01
