0.000000000000000000e+00 4.681928072660924700e-01
1.000000000000000000e+02 5.510951775703909483e-01
2.000000000000000000e+02 6.933172160740432854e-01
3.000000000000000000e+02 7.429407574947144433e-01
4.000000000000000000e+02 7.756919019697738893e-01
5.000000000000000000e+02 8.031615723481527747e-01
6.000000000000000000e+02 8.502615490564540135e-01
7.000000000000000000e+02 8.417067711412371533e-01
8.000000000000000000e+02 8.504032158415696374e-01
9.000000000000000000e+02 8.735758413095473518e-01
1.000000000000000000e+03 8.840255292799458209e-01
1.100000000000000000e+03 8.855182689878919877e-01
1.200000000000000000e+03 9.104107945601289664e-01
1.300000000000000000e+03 9.058094994348232509e-01
1.400000000000000000e+03 9.288514989517053788e-01
1.500000000000000000e+03 8.989273358120567492e-01
1.600000000000000000e+03 9.182601312392503212e-01
1.700000000000000000e+03 9.328498548325927509e-01
1.800000000000000000e+03 9.359733637061160572e-01
1.900000000000000000e+03 9.251907391720265439e-01
2.000000000000000000e+03 9.188942774869690577e-01
2.100000000000000000e+03 9.298988947373484359e-01
2.200000000000000000e+03 9.431399749289577361e-01
2.300000000000000000e+03 9.276083482729221563e-01
2.400000000000000000e+03 9.363952410947936622e-01
2.500000000000000000e+03 9.492907568271113927e-01
2.600000000000000000e+03 9.517953324972575624e-01
2.700000000000000000e+03 9.469282063528875470e-01
2.800000000000000000e+03 9.364503010054947563e-01
2.900000000000000000e+03 9.365532297521649285e-01
3.000000000000000000e+03 9.487506501755454957e-01
3.100000000000000000e+03 9.458108480276340435e-01
3.200000000000000000e+03 9.436637991643028744e-01
3.300000000000000000e+03 9.547716044148032433e-01
3.400000000000000000e+03 9.524467440591029010e-01
3.500000000000000000e+03 9.595406544100658630e-01
3.600000000000000000e+03 9.613458798659483273e-01
3.700000000000000000e+03 9.550287122686087482e-01
3.800000000000000000e+03 9.566672251249305203e-01
3.900000000000000000e+03 9.617790919981834552e-01
4.000000000000000000e+03 9.581700910181383257e-01
4.100000000000000000e+03 9.548169216520648872e-01
4.200000000000000000e+03 9.545620367877148960e-01
4.300000000000000000e+03 9.576737118951718086e-01
4.400000000000000000e+03 9.589931949969487945e-01
4.500000000000000000e+03 9.642168261081377478e-01
4.600000000000000000e+03 9.595346325616251892e-01
4.700000000000000000e+03 9.637339236392601372e-01
4.800000000000000000e+03 9.559816697076962688e-01
4.900000000000000000e+03 9.573437463103637857e-01
5.000000000000000000e+03 9.586186956817881466e-01
5.100000000000000000e+03 9.672250740020922333e-01
5.200000000000000000e+03 9.607768445456577044e-01
5.300000000000000000e+03 9.657446203953320429e-01
5.400000000000000000e+03 9.644804585521430385e-01
5.500000000000000000e+03 9.636855289307977301e-01
5.600000000000000000e+03 9.681063000813076025e-01
5.700000000000000000e+03 9.651673235309377041e-01
5.800000000000000000e+03 9.656608868928487910e-01
5.900000000000000000e+03 9.604449126476057863e-01
6.000000000000000000e+03 9.670196162646451654e-01
6.100000000000000000e+03 9.723986083872493413e-01
6.200000000000000000e+03 9.714701280042494780e-01
6.300000000000000000e+03 9.672175167302090593e-01
6.400000000000000000e+03 9.736050028191518546e-01
6.500000000000000000e+03 9.652442517372669117e-01
6.600000000000000000e+03 9.610940958927398636e-01
6.700000000000000000e+03 9.665920640613520076e-01
6.800000000000000000e+03 9.731533573191499809e-01
6.900000000000000000e+03 9.620309494597383271e-01
7.000000000000000000e+03 9.617617712577862799e-01
7.100000000000000000e+03 9.704001910051013313e-01
7.200000000000000000e+03 9.703715767608471765e-01
7.300000000000000000e+03 9.677963609854374205e-01
7.400000000000000000e+03 9.695802324103798275e-01
7.500000000000000000e+03 9.748014582736641565e-01
7.600000000000000000e+03 9.659667861049322513e-01
7.700000000000000000e+03 9.669627660255947221e-01
7.800000000000000000e+03 9.662597705868047893e-01
7.900000000000000000e+03 9.676827747092131560e-01
8.000000000000000000e+03 9.703304178832286020e-01
8.100000000000000000e+03 9.707528238778162510e-01
8.200000000000000000e+03 9.674909047565107834e-01
8.300000000000000000e+03 9.733283857570111941e-01
8.400000000000000000e+03 9.665736885450031401e-01
8.500000000000000000e+03 9.705518767932739266e-01
8.600000000000000000e+03 9.740003860853020390e-01
8.700000000000000000e+03 9.681138193916293266e-01
8.800000000000000000e+03 9.737709181244151857e-01
8.900000000000000000e+03 9.637964107662437829e-01
9.000000000000000000e+03 9.713665753536148140e-01
9.100000000000000000e+03 9.753047052216174961e-01
9.200000000000000000e+03 9.731571424273002258e-01
9.300000000000000000e+03 9.720248071201927909e-01
9.400000000000000000e+03 9.726405651035896494e-01
9.500000000000000000e+03 9.751139279449406727e-01
9.600000000000000000e+03 9.712360052180351033e-01
9.700000000000000000e+03 9.712950498213043238e-01
9.800000000000000000e+03 9.731519564708589476e-01
9.900000000000000000e+03 9.774863974916808695e-01
1.000000000000000000e+04 9.679780527023157388e-01
1.010000000000000000e+04 9.715038804132737349e-01
1.020000000000000000e+04 9.760942780513550687e-01
1.030000000000000000e+04 9.671227954537452431e-01
1.040000000000000000e+04 9.669185332572046709e-01
1.050000000000000000e+04 9.773818398324296552e-01
1.060000000000000000e+04 9.715963059339781660e-01
1.070000000000000000e+04 9.737791838871129313e-01
1.080000000000000000e+04 9.816280040832743303e-01
1.090000000000000000e+04 9.749423802683795381e-01
1.100000000000000000e+04 9.746450088511480203e-01
1.110000000000000000e+04 9.710509385052824571e-01
1.120000000000000000e+04 9.738809323990023081e-01
1.130000000000000000e+04 9.782184609239580331e-01
1.140000000000000000e+04 9.735718135254531891e-01
1.150000000000000000e+04 9.805038703207519246e-01
1.160000000000000000e+04 9.754639355502353615e-01
1.170000000000000000e+04 9.755763832121480128e-01
1.180000000000000000e+04 9.745507469727143768e-01
1.190000000000000000e+04 9.797360855132907220e-01
1.200000000000000000e+04 9.766093763030494479e-01
1.210000000000000000e+04 9.714518186201783756e-01
1.220000000000000000e+04 9.737915065531024261e-01
1.230000000000000000e+04 9.776567376006430887e-01
1.240000000000000000e+04 9.717311921641429429e-01
1.250000000000000000e+04 9.741793467733589340e-01
1.260000000000000000e+04 9.794556931477456097e-01
1.270000000000000000e+04 9.752491606375570665e-01
1.280000000000000000e+04 9.717882149907335343e-01
1.290000000000000000e+04 9.746062173047064237e-01
1.300000000000000000e+04 9.739413276117416807e-01
1.310000000000000000e+04 9.703452650529347245e-01
1.320000000000000000e+04 9.752895525147893263e-01
1.330000000000000000e+04 9.739866701293362627e-01
1.340000000000000000e+04 9.726258761350999871e-01
1.350000000000000000e+04 9.776405666489171864e-01
1.360000000000000000e+04 9.691662153987555817e-01
1.370000000000000000e+04 9.709896103314772375e-01
1.380000000000000000e+04 9.774350230545806317e-01
1.390000000000000000e+04 9.740800966059277588e-01
1.400000000000000000e+04 9.752395223745261577e-01
1.410000000000000000e+04 9.774499154489152408e-01
1.420000000000000000e+04 9.700494066617006972e-01
1.430000000000000000e+04 9.757344185462422104e-01
1.440000000000000000e+04 9.756359429401855188e-01
1.450000000000000000e+04 9.753045495036460899e-01
1.460000000000000000e+04 9.701356613125391437e-01
1.470000000000000000e+04 9.768916570506011032e-01
1.480000000000000000e+04 9.783296393507545652e-01
1.490000000000000000e+04 9.737157152972666374e-01
1.500000000000000000e+04 9.802510085419606778e-01
1.510000000000000000e+04 9.786899054848396950e-01
1.520000000000000000e+04 9.753778666413925880e-01
1.530000000000000000e+04 9.713856608468209863e-01
1.540000000000000000e+04 9.787538642064260719e-01
1.550000000000000000e+04 9.703483750345844872e-01
1.560000000000000000e+04 9.738963846896603327e-01
1.570000000000000000e+04 9.770997616318961576e-01
1.580000000000000000e+04 9.752354201825567115e-01
1.590000000000000000e+04 9.745270382681687771e-01
1.600000000000000000e+04 9.757519848966863529e-01
1.610000000000000000e+04 9.793030759220405779e-01
1.620000000000000000e+04 9.743432361106952877e-01
1.630000000000000000e+04 9.743034955865872426e-01
1.640000000000000000e+04 9.773834585402616515e-01
1.650000000000000000e+04 9.760357150498574219e-01
1.660000000000000000e+04 9.839719629859745575e-01
1.670000000000000000e+04 9.741316245810677232e-01
1.680000000000000000e+04 9.763695876551730102e-01
1.690000000000000000e+04 9.748047398400375707e-01
1.700000000000000000e+04 9.733835184004937524e-01
1.710000000000000000e+04 9.717044379304129453e-01
1.720000000000000000e+04 9.748006895614244049e-01
1.730000000000000000e+04 9.681316673629769554e-01
1.740000000000000000e+04 9.794426748706144270e-01
1.750000000000000000e+04 9.790849250582377428e-01
1.760000000000000000e+04 9.776518760225274551e-01
1.770000000000000000e+04 9.773196080018858867e-01
1.780000000000000000e+04 9.781240532473295390e-01
1.790000000000000000e+04 9.795041098508167066e-01
1.800000000000000000e+04 9.753612699085740800e-01
1.810000000000000000e+04 9.768276450295048097e-01
1.820000000000000000e+04 9.770109332392580281e-01
1.830000000000000000e+04 9.672625071714181511e-01
1.840000000000000000e+04 9.759798026923809378e-01
1.850000000000000000e+04 9.785130110448181373e-01
1.860000000000000000e+04 9.782396367473826793e-01
1.870000000000000000e+04 9.778089116949280069e-01
1.880000000000000000e+04 9.776757207477331235e-01
1.890000000000000000e+04 9.798979551610785821e-01
1.900000000000000000e+04 9.729260069556300294e-01
1.910000000000000000e+04 9.758535605005030922e-01
1.920000000000000000e+04 9.693338812472593879e-01
1.930000000000000000e+04 9.735529460566403337e-01
1.940000000000000000e+04 9.820298711591484153e-01
1.950000000000000000e+04 9.742033567131773708e-01
1.960000000000000000e+04 9.729923031913728648e-01
1.970000000000000000e+04 9.767318059734079183e-01
1.980000000000000000e+04 9.774044309175834444e-01
1.990000000000000000e+04 9.732759228352435565e-01
2.000000000000000000e+04 9.758106270150427308e-01
2.010000000000000000e+04 9.754773636728346631e-01
2.020000000000000000e+04 9.760216540733437363e-01
2.030000000000000000e+04 9.735968273069499634e-01
2.040000000000000000e+04 9.740343026372706436e-01
2.050000000000000000e+04 9.755756623197342492e-01
2.060000000000000000e+04 9.726584126660864360e-01
2.070000000000000000e+04 9.786000123921426708e-01
2.080000000000000000e+04 9.805698414074746072e-01
2.090000000000000000e+04 9.775390512277025712e-01
2.100000000000000000e+04 9.768916226313892892e-01
2.110000000000000000e+04 9.757847516816865463e-01
2.120000000000000000e+04 9.814930139070194848e-01
2.130000000000000000e+04 9.741301203107157747e-01
2.140000000000000000e+04 9.812041847273889061e-01
2.150000000000000000e+04 9.782413166152973405e-01
2.160000000000000000e+04 9.786747551166479209e-01
2.170000000000000000e+04 9.794049081514432098e-01
2.180000000000000000e+04 9.782152532333597827e-01
2.190000000000000000e+04 9.755192427167367342e-01
2.200000000000000000e+04 9.836471824262813524e-01
2.210000000000000000e+04 9.754259161362619501e-01
2.220000000000000000e+04 9.735195343249976041e-01
2.230000000000000000e+04 9.750624360490868225e-01
2.240000000000000000e+04 9.782388473331443679e-01
2.250000000000000000e+04 9.714954393280103018e-01
2.260000000000000000e+04 9.763517424515503196e-01
2.270000000000000000e+04 9.792232594903839127e-01
2.280000000000000000e+04 9.773717017698322351e-01
2.290000000000000000e+04 9.766342946857020646e-01
2.300000000000000000e+04 9.683320605651618562e-01
2.310000000000000000e+04 9.756817336994827450e-01
2.320000000000000000e+04 9.760898623612600522e-01
2.330000000000000000e+04 9.716665502339476568e-01
2.340000000000000000e+04 9.800394888630873380e-01
2.350000000000000000e+04 9.745110413315826170e-01
2.360000000000000000e+04 9.781376827962616760e-01
2.370000000000000000e+04 9.713949866584086212e-01
2.380000000000000000e+04 9.825679159930258422e-01
2.390000000000000000e+04 9.789369504889997575e-01
2.400000000000000000e+04 9.724975027531645999e-01
2.410000000000000000e+04 9.723128443021337164e-01
2.420000000000000000e+04 9.767557408046488865e-01
2.430000000000000000e+04 9.734365411886903852e-01
2.440000000000000000e+04 9.770512255527703527e-01
2.450000000000000000e+04 9.761928466233097401e-01
2.460000000000000000e+04 9.777609797481159326e-01
2.470000000000000000e+04 9.767367248850634676e-01
2.480000000000000000e+04 9.746362772502322747e-01
2.490000000000000000e+04 9.770823190315623963e-01
2.500000000000000000e+04 9.821758459106766370e-01
2.510000000000000000e+04 9.850133119099645507e-01
2.520000000000000000e+04 9.695062711528281696e-01
2.530000000000000000e+04 9.760029363232337607e-01
2.540000000000000000e+04 9.785985933564432804e-01
2.550000000000000000e+04 9.786506370779883834e-01
2.560000000000000000e+04 9.735297484696523451e-01
2.570000000000000000e+04 9.762471555516690769e-01
2.580000000000000000e+04 9.792199550618335691e-01
2.590000000000000000e+04 9.811524137539371360e-01
2.600000000000000000e+04 9.777651424409474767e-01
2.610000000000000000e+04 9.732425245129315838e-01
2.620000000000000000e+04 9.788854359257701532e-01
2.630000000000000000e+04 9.769931477798421415e-01
2.640000000000000000e+04 9.752957105972513974e-01
2.650000000000000000e+04 9.800033073394659455e-01
2.660000000000000000e+04 9.760247567417061898e-01
2.670000000000000000e+04 9.786416941865043739e-01
2.680000000000000000e+04 9.746035588421115836e-01
2.690000000000000000e+04 9.798424610464984141e-01
2.700000000000000000e+04 9.763874312468883154e-01
2.710000000000000000e+04 9.765714510224186018e-01
2.720000000000000000e+04 9.802012286136090324e-01
2.730000000000000000e+04 9.787621227803023904e-01
2.740000000000000000e+04 9.796267559031673899e-01
2.750000000000000000e+04 9.791015627510023522e-01
2.760000000000000000e+04 9.778897146851984745e-01
2.770000000000000000e+04 9.702154602153242324e-01
2.780000000000000000e+04 9.692016794957539760e-01
2.790000000000000000e+04 9.795797613025867268e-01
2.800000000000000000e+04 9.740435513466901840e-01
2.810000000000000000e+04 9.759563811611685624e-01
2.820000000000000000e+04 9.806577403366204537e-01
2.830000000000000000e+04 9.785022280526274319e-01
2.840000000000000000e+04 9.741502966493880145e-01
2.850000000000000000e+04 9.757842186750969038e-01
2.860000000000000000e+04 9.726007870013234635e-01
2.870000000000000000e+04 9.775527335307171439e-01
2.880000000000000000e+04 9.740264250074351926e-01
2.890000000000000000e+04 9.792730999331480390e-01
2.900000000000000000e+04 9.782693945628082588e-01
2.910000000000000000e+04 9.776428611614959019e-01
2.920000000000000000e+04 9.699789490974339845e-01
2.930000000000000000e+04 9.812237143442447129e-01
2.940000000000000000e+04 9.740474724811934992e-01
2.950000000000000000e+04 9.783047166522599314e-01
2.960000000000000000e+04 9.770920310736923575e-01
2.970000000000000000e+04 9.729669573790179493e-01
2.980000000000000000e+04 9.710518717652949494e-01
2.990000000000000000e+04 9.768550376630077414e-01
3.000000000000000000e+04 9.751564486185685388e-01
