0.000000000000000000e+00 4.527879999999999683e-01
1.000000000000000000e+02 5.480519999999999836e-01
2.000000000000000000e+02 6.894000000000000128e-01
3.000000000000000000e+02 7.317240000000000411e-01
4.000000000000000000e+02 7.768880000000000230e-01
5.000000000000000000e+02 7.922720000000000873e-01
6.000000000000000000e+02 8.353159999999999474e-01
7.000000000000000000e+02 8.310200000000000919e-01
8.000000000000000000e+02 8.302319999999998590e-01
9.000000000000000000e+02 8.661880000000000690e-01
1.000000000000000000e+03 8.661320000000000130e-01
1.100000000000000000e+03 8.659999999999999920e-01
1.200000000000000000e+03 8.914640000000000342e-01
1.300000000000000000e+03 8.881119999999999015e-01
1.400000000000000000e+03 9.125360000000000138e-01
1.500000000000000000e+03 8.825079999999999592e-01
1.600000000000000000e+03 9.069679999999999964e-01
1.700000000000000000e+03 9.177640000000000242e-01
1.800000000000000000e+03 9.197879999999999390e-01
1.900000000000000000e+03 9.080599999999999783e-01
2.000000000000000000e+03 8.986919999999999353e-01
2.100000000000000000e+03 9.164400000000000324e-01
2.200000000000000000e+03 9.279479999999997730e-01
2.300000000000000000e+03 9.122359999999999358e-01
2.400000000000000000e+03 9.231319999999999526e-01
2.500000000000000000e+03 9.338760000000001504e-01
2.600000000000000000e+03 9.387480000000000269e-01
2.700000000000000000e+03 9.343479999999999563e-01
2.800000000000000000e+03 9.196839999999999460e-01
2.900000000000000000e+03 9.212399999999999478e-01
3.000000000000000000e+03 9.368719999999999271e-01
3.100000000000000000e+03 9.350920000000000343e-01
3.200000000000000000e+03 9.347920000000000673e-01
3.300000000000000000e+03 9.433039999999999203e-01
3.400000000000000000e+03 9.397959999999998537e-01
3.500000000000000000e+03 9.478559999999999208e-01
3.600000000000000000e+03 9.460319999999999840e-01
3.700000000000000000e+03 9.399440000000000017e-01
3.800000000000000000e+03 9.464199999999999280e-01
3.900000000000000000e+03 9.494000000000000217e-01
4.000000000000000000e+03 9.452879999999999061e-01
4.100000000000000000e+03 9.453960000000000141e-01
4.200000000000000000e+03 9.397199999999998887e-01
4.300000000000000000e+03 9.456839999999999691e-01
4.400000000000000000e+03 9.459359999999998880e-01
4.500000000000000000e+03 9.538120000000001042e-01
4.600000000000000000e+03 9.491999999999999327e-01
4.700000000000000000e+03 9.546160000000000201e-01
4.800000000000000000e+03 9.489560000000000217e-01
4.900000000000000000e+03 9.490400000000001057e-01
5.000000000000000000e+03 9.456399999999999251e-01
5.100000000000000000e+03 9.573279999999998457e-01
5.200000000000000000e+03 9.482920000000000238e-01
5.300000000000000000e+03 9.543519999999999781e-01
5.400000000000000000e+03 9.543520000000000891e-01
5.500000000000000000e+03 9.523719999999999963e-01
5.600000000000000000e+03 9.588959999999999706e-01
5.700000000000000000e+03 9.545320000000001581e-01
5.800000000000000000e+03 9.548640000000000461e-01
5.900000000000000000e+03 9.504319999999999435e-01
6.000000000000000000e+03 9.581999999999999407e-01
6.100000000000000000e+03 9.667959999999999887e-01
6.200000000000000000e+03 9.634240000000000581e-01
6.300000000000000000e+03 9.599840000000000595e-01
6.400000000000000000e+03 9.667919999999999847e-01
6.500000000000000000e+03 9.549719999999999320e-01
6.600000000000000000e+03 9.480079999999999618e-01
6.700000000000000000e+03 9.566719999999998558e-01
6.800000000000000000e+03 9.650520000000000209e-01
6.900000000000000000e+03 9.578039999999999887e-01
7.000000000000000000e+03 9.534839999999999982e-01
7.100000000000000000e+03 9.644120000000000470e-01
7.200000000000000000e+03 9.630760000000000431e-01
7.300000000000000000e+03 9.604200000000000514e-01
7.400000000000000000e+03 9.613000000000000433e-01
7.500000000000000000e+03 9.674559999999999826e-01
7.600000000000000000e+03 9.562920000000000309e-01
7.700000000000000000e+03 9.576000000000000068e-01
7.800000000000000000e+03 9.579960000000000697e-01
7.900000000000000000e+03 9.588760000000000616e-01
8.000000000000000000e+03 9.621039999999999592e-01
8.100000000000000000e+03 9.627599999999999492e-01
8.200000000000000000e+03 9.586280000000000356e-01
8.300000000000000000e+03 9.673679999999998946e-01
8.400000000000000000e+03 9.580199999999999827e-01
8.500000000000000000e+03 9.626080000000000192e-01
8.600000000000000000e+03 9.663359999999999728e-01
8.700000000000000000e+03 9.577319999999999167e-01
8.800000000000000000e+03 9.720999999999999641e-01
8.900000000000000000e+03 9.550680000000000280e-01
9.000000000000000000e+03 9.640199999999998770e-01
9.100000000000000000e+03 9.692879999999999274e-01
9.200000000000000000e+03 9.661120000000000818e-01
9.300000000000000000e+03 9.657079999999998998e-01
9.400000000000000000e+03 9.660919999999999508e-01
9.500000000000000000e+03 9.676360000000000516e-01
9.600000000000000000e+03 9.629839999999999511e-01
9.700000000000000000e+03 9.652160000000000739e-01
9.800000000000000000e+03 9.663479999999999848e-01
9.900000000000000000e+03 9.728160000000000140e-01
1.000000000000000000e+04 9.611960000000000504e-01
1.010000000000000000e+04 9.670999999999999597e-01
1.020000000000000000e+04 9.694599999999999884e-01
1.030000000000000000e+04 9.601600000000000135e-01
1.040000000000000000e+04 9.630840000000000511e-01
1.050000000000000000e+04 9.714440000000000852e-01
1.060000000000000000e+04 9.645680000000000920e-01
1.070000000000000000e+04 9.672520000000000007e-01
1.080000000000000000e+04 9.771520000000000206e-01
1.090000000000000000e+04 9.677759999999999696e-01
1.100000000000000000e+04 9.667959999999999887e-01
1.110000000000000000e+04 9.677239999999999176e-01
1.120000000000000000e+04 9.645519999999998539e-01
1.130000000000000000e+04 9.712520000000000042e-01
1.140000000000000000e+04 9.701640000000000263e-01
1.150000000000000000e+04 9.749519999999998188e-01
1.160000000000000000e+04 9.712600000000000122e-01
1.170000000000000000e+04 9.674119999999999386e-01
1.180000000000000000e+04 9.692319999999999824e-01
1.190000000000000000e+04 9.739280000000000159e-01
1.200000000000000000e+04 9.724120000000000541e-01
1.210000000000000000e+04 9.635920000000000041e-01
1.220000000000000000e+04 9.678560000000000496e-01
1.230000000000000000e+04 9.713039999999999452e-01
1.240000000000000000e+04 9.704399999999998583e-01
1.250000000000000000e+04 9.679280000000000106e-01
1.260000000000000000e+04 9.721999999999999531e-01
1.270000000000000000e+04 9.701800000000000423e-01
1.280000000000000000e+04 9.645679999999999810e-01
1.290000000000000000e+04 9.682719999999999105e-01
1.300000000000000000e+04 9.650799999999999379e-01
1.310000000000000000e+04 9.638259999999998495e-01
1.320000000000000000e+04 9.690119999999999845e-01
1.330000000000000000e+04 9.691920000000000535e-01
1.340000000000000000e+04 9.657080000000000108e-01
1.350000000000000000e+04 9.721159999999999801e-01
1.360000000000000000e+04 9.612760000000000193e-01
1.370000000000000000e+04 9.651959999999999429e-01
1.380000000000000000e+04 9.728479999999999350e-01
1.390000000000000000e+04 9.670839999999999437e-01
1.400000000000000000e+04 9.672439999999999927e-01
1.410000000000000000e+04 9.712680000000001312e-01
1.420000000000000000e+04 9.634759999999999991e-01
1.430000000000000000e+04 9.675479999999998526e-01
1.440000000000000000e+04 9.690719999999999335e-01
1.450000000000000000e+04 9.683680000000001176e-01
1.460000000000000000e+04 9.640640000000000320e-01
1.470000000000000000e+04 9.708919999999999773e-01
1.480000000000000000e+04 9.723680000000001211e-01
1.490000000000000000e+04 9.668079999999998897e-01
1.500000000000000000e+04 9.757919999999999927e-01
1.510000000000000000e+04 9.744479999999998698e-01
1.520000000000000000e+04 9.698079999999998924e-01
1.530000000000000000e+04 9.639880000000000670e-01
1.540000000000000000e+04 9.724879999999999081e-01
1.550000000000000000e+04 9.625440000000000662e-01
1.560000000000000000e+04 9.682720000000000216e-01
1.570000000000000000e+04 9.699320000000000164e-01
1.580000000000000000e+04 9.678839999999999666e-01
1.590000000000000000e+04 9.682359999999999856e-01
1.600000000000000000e+04 9.698880000000000834e-01
1.610000000000000000e+04 9.739320000000000199e-01
1.620000000000000000e+04 9.661719999999999198e-01
1.630000000000000000e+04 9.694599999999999884e-01
1.640000000000000000e+04 9.722600000000000131e-01
1.650000000000000000e+04 9.694200000000000594e-01
1.660000000000000000e+04 9.803800000000000292e-01
1.670000000000000000e+04 9.663399999999998657e-01
1.680000000000000000e+04 9.675880000000000036e-01
1.690000000000000000e+04 9.688499999999999890e-01
1.700000000000000000e+04 9.661200000000000898e-01
1.710000000000000000e+04 9.709440000000001403e-01
1.720000000000000000e+04 9.674519999999998676e-01
1.730000000000000000e+04 9.653580000000000494e-01
1.740000000000000000e+04 9.746040000000000258e-01
1.750000000000000000e+04 9.733120000000000660e-01
1.760000000000000000e+04 9.711799999999999322e-01
1.770000000000000000e+04 9.713039999999999452e-01
1.780000000000000000e+04 9.730320000000000080e-01
1.790000000000000000e+04 9.735360000000000680e-01
1.800000000000000000e+04 9.705320000000000613e-01
1.810000000000000000e+04 9.720800000000000551e-01
1.820000000000000000e+04 9.702560000000000073e-01
1.830000000000000000e+04 9.623879999999999102e-01
1.840000000000000000e+04 9.698079999999998924e-01
1.850000000000000000e+04 9.726799999999999891e-01
1.860000000000000000e+04 9.732279999999999820e-01
1.870000000000000000e+04 9.717640000000001832e-01
1.880000000000000000e+04 9.719599999999999351e-01
1.890000000000000000e+04 9.749840000000000728e-01
1.900000000000000000e+04 9.650359999999998939e-01
1.910000000000000000e+04 9.689239999999998965e-01
1.920000000000000000e+04 9.634040000000001491e-01
1.930000000000000000e+04 9.662479999999999958e-01
1.940000000000000000e+04 9.773079999999999545e-01
1.950000000000000000e+04 9.665960000000000107e-01
1.960000000000000000e+04 9.657719999999999638e-01
1.970000000000000000e+04 9.710400000000000142e-01
1.980000000000000000e+04 9.714079999999999382e-01
1.990000000000000000e+04 9.671160000000000867e-01
2.000000000000000000e+04 9.679599999999999316e-01
2.010000000000000000e+04 9.695200000000000484e-01
2.020000000000000000e+04 9.691879999999999384e-01
2.030000000000000000e+04 9.669679999999999387e-01
2.040000000000000000e+04 9.699119999999999964e-01
2.050000000000000000e+04 9.663279999999999648e-01
2.060000000000000000e+04 9.644000000000000350e-01
2.070000000000000000e+04 9.717679999999999652e-01
2.080000000000000000e+04 9.756280000000000507e-01
2.090000000000000000e+04 9.731239999999999890e-01
2.100000000000000000e+04 9.706359999999999433e-01
2.110000000000000000e+04 9.700960000000000694e-01
2.120000000000000000e+04 9.766240000000001586e-01
2.130000000000000000e+04 9.679960000000000786e-01
2.140000000000000000e+04 9.775639999999999885e-01
2.150000000000000000e+04 9.736199999999999299e-01
2.160000000000000000e+04 9.738679999999999559e-01
2.170000000000000000e+04 9.742760000000000309e-01
2.180000000000000000e+04 9.708079999999998932e-01
2.190000000000000000e+04 9.703199999999999603e-01
2.200000000000000000e+04 9.779840000000000755e-01
2.210000000000000000e+04 9.697479999999998324e-01
2.220000000000000000e+04 9.682720000000000216e-01
2.230000000000000000e+04 9.690360000000001195e-01
2.240000000000000000e+04 9.714479999999999782e-01
2.250000000000000000e+04 9.661600000000000188e-01
2.260000000000000000e+04 9.705000000000000293e-01
2.270000000000000000e+04 9.735080000000000400e-01
2.280000000000000000e+04 9.708159999999999012e-01
2.290000000000000000e+04 9.706919999999999993e-01
2.300000000000000000e+04 9.621199999999999752e-01
2.310000000000000000e+04 9.736719999999998709e-01
2.320000000000000000e+04 9.695319999999998384e-01
2.330000000000000000e+04 9.631960000000001632e-01
2.340000000000000000e+04 9.739079999999999959e-01
2.350000000000000000e+04 9.689639999999999365e-01
2.360000000000000000e+04 9.728400000000000380e-01
2.370000000000000000e+04 9.634080000000000421e-01
2.380000000000000000e+04 9.774479999999999835e-01
2.390000000000000000e+04 9.722200000000000841e-01
2.400000000000000000e+04 9.664520000000000888e-01
2.410000000000000000e+04 9.658079999999999998e-01
2.420000000000000000e+04 9.697159999999999114e-01
2.430000000000000000e+04 9.663880000000000248e-01
2.440000000000000000e+04 9.715879999999998962e-01
2.450000000000000000e+04 9.721360000000001111e-01
2.460000000000000000e+04 9.724679999999998881e-01
2.470000000000000000e+04 9.697839999999999794e-01
2.480000000000000000e+04 9.670480000000000187e-01
2.490000000000000000e+04 9.685960000000000125e-01
2.500000000000000000e+04 9.784839999999999094e-01
2.510000000000000000e+04 9.812800000000000411e-01
2.520000000000000000e+04 9.614480000000000803e-01
2.530000000000000000e+04 9.704039999999999333e-01
2.540000000000000000e+04 9.744639999999999969e-01
2.550000000000000000e+04 9.764600000000001057e-01
2.560000000000000000e+04 9.651599999999999069e-01
2.570000000000000000e+04 9.718160000000000132e-01
2.580000000000000000e+04 9.728759999999999630e-01
2.590000000000000000e+04 9.770760000000000556e-01
2.600000000000000000e+04 9.721560000000000201e-01
2.610000000000000000e+04 9.657119999999999038e-01
2.620000000000000000e+04 9.730600000000000360e-01
2.630000000000000000e+04 9.676719999999999766e-01
2.640000000000000000e+04 9.676280000000000436e-01
2.650000000000000000e+04 9.763600000000000056e-01
2.660000000000000000e+04 9.691919999999998314e-01
2.670000000000000000e+04 9.728280000000000260e-01
2.680000000000000000e+04 9.715120000000000422e-01
2.690000000000000000e+04 9.753359999999999808e-01
2.700000000000000000e+04 9.701640000000001374e-01
2.710000000000000000e+04 9.701239999999998753e-01
2.720000000000000000e+04 9.744520000000000959e-01
2.730000000000000000e+04 9.736320000000000530e-01
2.740000000000000000e+04 9.735040000000001470e-01
2.750000000000000000e+04 9.733399999999999830e-01
2.760000000000000000e+04 9.718959999999998711e-01
2.770000000000000000e+04 9.650879999999998349e-01
2.780000000000000000e+04 9.642680000000000140e-01
2.790000000000000000e+04 9.737400000000000500e-01
2.800000000000000000e+04 9.666559999999999597e-01
2.810000000000000000e+04 9.693799999999999084e-01
2.820000000000000000e+04 9.775519999999999765e-01
2.830000000000000000e+04 9.734040000000000470e-01
2.840000000000000000e+04 9.680799999999999406e-01
2.850000000000000000e+04 9.703800000000000203e-01
2.860000000000000000e+04 9.654679999999999929e-01
2.870000000000000000e+04 9.724079999999999391e-01
2.880000000000000000e+04 9.693999999999999284e-01
2.890000000000000000e+04 9.738999999999999879e-01
2.900000000000000000e+04 9.745200000000000529e-01
2.910000000000000000e+04 9.727919999999999900e-01
2.920000000000000000e+04 9.670079999999999787e-01
2.930000000000000000e+04 9.749879999999999658e-01
2.940000000000000000e+04 9.721320000000001071e-01
2.950000000000000000e+04 9.715719999999998802e-01
2.960000000000000000e+04 9.705600000000000893e-01
2.970000000000000000e+04 9.648879999999999679e-01
2.980000000000000000e+04 9.680039999999999756e-01
2.990000000000000000e+04 9.701079999999999703e-01
3.000000000000000000e+04 9.683720000000000105e-01
