0.000000000000000000e+00 5.104146998512404387e-01
1.000000000000000000e+02 4.111368697701103248e-01
2.000000000000000000e+02 4.749899368996516325e-01
3.000000000000000000e+02 5.101652378073877614e-01
4.000000000000000000e+02 5.515618692650765542e-01
5.000000000000000000e+02 6.170817666975992877e-01
6.000000000000000000e+02 6.091644429328182397e-01
7.000000000000000000e+02 6.720949368698477810e-01
8.000000000000000000e+02 6.456401192964366098e-01
9.000000000000000000e+02 6.698714396866111143e-01
1.000000000000000000e+03 6.884204632780257516e-01
1.100000000000000000e+03 6.898720002473975876e-01
1.200000000000000000e+03 6.897732544610957195e-01
1.300000000000000000e+03 7.249255293000165246e-01
1.400000000000000000e+03 7.203867103698726737e-01
1.500000000000000000e+03 7.354914791185273026e-01
1.600000000000000000e+03 7.128216245491763026e-01
1.700000000000000000e+03 7.698640189615154616e-01
1.800000000000000000e+03 7.658755578709703915e-01
1.900000000000000000e+03 7.406139465842944691e-01
2.000000000000000000e+03 7.669662302750700489e-01
2.100000000000000000e+03 7.898718220252298750e-01
2.200000000000000000e+03 7.754401179595130644e-01
2.300000000000000000e+03 7.865414768455861738e-01
2.400000000000000000e+03 7.828921336564970135e-01
2.500000000000000000e+03 7.734526077710500713e-01
2.600000000000000000e+03 7.948748489339596546e-01
2.700000000000000000e+03 7.916116114080149480e-01
2.800000000000000000e+03 8.041698287135248258e-01
2.900000000000000000e+03 8.031550882629709953e-01
3.000000000000000000e+03 8.292129443540033895e-01
3.100000000000000000e+03 8.103336652696383480e-01
3.200000000000000000e+03 8.371948692125701363e-01
3.300000000000000000e+03 8.248190900204224185e-01
3.400000000000000000e+03 8.419271791070130906e-01
3.500000000000000000e+03 8.257371902234955652e-01
3.600000000000000000e+03 8.227412355051688664e-01
3.700000000000000000e+03 8.797572935523516602e-01
3.800000000000000000e+03 8.527868397658600053e-01
3.900000000000000000e+03 8.386472442674184347e-01
4.000000000000000000e+03 8.463101668607740935e-01
4.100000000000000000e+03 8.710092895496842624e-01
4.200000000000000000e+03 8.482401848599248062e-01
4.300000000000000000e+03 8.422512788280362983e-01
4.400000000000000000e+03 8.608466947936475044e-01
4.500000000000000000e+03 8.506297595582790194e-01
4.600000000000000000e+03 8.605615536721076264e-01
4.700000000000000000e+03 8.740425679312999740e-01
4.800000000000000000e+03 8.595679984249670058e-01
4.900000000000000000e+03 8.819103372655309192e-01
5.000000000000000000e+03 8.770665347000503598e-01
5.100000000000000000e+03 8.791531210996754719e-01
5.200000000000000000e+03 8.782952662793033216e-01
5.300000000000000000e+03 8.753778209840713531e-01
5.400000000000000000e+03 8.966567636934443808e-01
5.500000000000000000e+03 8.942788725894332824e-01
5.600000000000000000e+03 8.638502781506138817e-01
5.700000000000000000e+03 8.763884565674201488e-01
5.800000000000000000e+03 8.894866839603836617e-01
5.900000000000000000e+03 9.034998289431007690e-01
6.000000000000000000e+03 8.798587045975403420e-01
6.100000000000000000e+03 9.039477661444754730e-01
6.200000000000000000e+03 8.913339184299481355e-01
6.300000000000000000e+03 8.881343969987436360e-01
6.400000000000000000e+03 9.088778490253007769e-01
6.500000000000000000e+03 9.149370272775457780e-01
6.600000000000000000e+03 9.069554350611773730e-01
6.700000000000000000e+03 9.160745269335754948e-01
6.800000000000000000e+03 9.125526823116559827e-01
6.900000000000000000e+03 9.096473628384131871e-01
7.000000000000000000e+03 9.109399724225204498e-01
7.100000000000000000e+03 8.933492707247610021e-01
7.200000000000000000e+03 9.123378719058811148e-01
7.300000000000000000e+03 9.265391790195469657e-01
7.400000000000000000e+03 9.280367811001433154e-01
7.500000000000000000e+03 9.273895247861384528e-01
7.600000000000000000e+03 9.117168380664392169e-01
7.700000000000000000e+03 9.090797848484686305e-01
7.800000000000000000e+03 9.076058218653384468e-01
7.900000000000000000e+03 9.304107930591352105e-01
8.000000000000000000e+03 9.182978530252789984e-01
8.100000000000000000e+03 9.344249184248341056e-01
8.200000000000000000e+03 9.315896628011774983e-01
8.300000000000000000e+03 9.067802534536677506e-01
8.400000000000000000e+03 9.305865552178401723e-01
8.500000000000000000e+03 9.249424969140577213e-01
8.600000000000000000e+03 9.276201645427912812e-01
8.700000000000000000e+03 9.337090436862950371e-01
8.800000000000000000e+03 9.272807951562710427e-01
8.900000000000000000e+03 9.332998331550682591e-01
9.000000000000000000e+03 9.277160378976561095e-01
9.100000000000000000e+03 9.343663008538974912e-01
9.200000000000000000e+03 9.287054389918819597e-01
9.300000000000000000e+03 9.315435965993623668e-01
9.400000000000000000e+03 9.331525144134357186e-01
9.500000000000000000e+03 9.312115982433871730e-01
9.600000000000000000e+03 9.168035002365320096e-01
9.700000000000000000e+03 9.398527530791352946e-01
9.800000000000000000e+03 9.407977777615010861e-01
9.900000000000000000e+03 9.304373817648636802e-01
1.000000000000000000e+04 9.399977333541942315e-01
1.010000000000000000e+04 9.235583457567153598e-01
1.020000000000000000e+04 9.241016416187569638e-01
1.030000000000000000e+04 9.407687155488398956e-01
1.040000000000000000e+04 9.387519105352916116e-01
1.050000000000000000e+04 9.277708834663261905e-01
1.060000000000000000e+04 9.297208105292373848e-01
1.070000000000000000e+04 9.408128636529050626e-01
1.080000000000000000e+04 9.232250350662389859e-01
1.090000000000000000e+04 9.338985586530157423e-01
1.100000000000000000e+04 9.468531761360372556e-01
1.110000000000000000e+04 9.428534952089562271e-01
1.120000000000000000e+04 9.363951076540529828e-01
1.130000000000000000e+04 9.443269726307728096e-01
1.140000000000000000e+04 9.278320511466889853e-01
1.150000000000000000e+04 9.329234088680214976e-01
1.160000000000000000e+04 9.290339927969429867e-01
1.170000000000000000e+04 9.311793392725568053e-01
1.180000000000000000e+04 9.360008329969277119e-01
1.190000000000000000e+04 9.376530857430247501e-01
1.200000000000000000e+04 9.431610051706293962e-01
1.210000000000000000e+04 9.317029951587999514e-01
1.220000000000000000e+04 9.424126371769476762e-01
1.230000000000000000e+04 9.436433489343363235e-01
1.240000000000000000e+04 9.329316991824001537e-01
1.250000000000000000e+04 9.371925939557512741e-01
1.260000000000000000e+04 9.292863879437258667e-01
1.270000000000000000e+04 9.400951730162933062e-01
1.280000000000000000e+04 9.455762625606044525e-01
1.290000000000000000e+04 9.294350616967782530e-01
1.300000000000000000e+04 9.444718050131991616e-01
1.310000000000000000e+04 9.281367023616990952e-01
1.320000000000000000e+04 9.352802248074106872e-01
1.330000000000000000e+04 9.433147315193353144e-01
1.340000000000000000e+04 9.342205461960954027e-01
1.350000000000000000e+04 9.301270599058066857e-01
1.360000000000000000e+04 9.440394184987604964e-01
1.370000000000000000e+04 9.405856324956521908e-01
1.380000000000000000e+04 9.383499325659629964e-01
1.390000000000000000e+04 9.312858342594599881e-01
1.400000000000000000e+04 9.372385680728656521e-01
1.410000000000000000e+04 9.294566317234101982e-01
1.420000000000000000e+04 9.458651012281313886e-01
1.430000000000000000e+04 9.351687941287056827e-01
1.440000000000000000e+04 9.428873758356094426e-01
1.450000000000000000e+04 9.451225826333762292e-01
1.460000000000000000e+04 9.355914733757196844e-01
1.470000000000000000e+04 9.417443313630426971e-01
1.480000000000000000e+04 9.458080203217302806e-01
1.490000000000000000e+04 9.427675821166607850e-01
1.500000000000000000e+04 9.512040809633489635e-01
1.510000000000000000e+04 9.363634523724512215e-01
1.520000000000000000e+04 9.256055640116507277e-01
1.530000000000000000e+04 9.429041945763511068e-01
1.540000000000000000e+04 9.418293686867685865e-01
1.550000000000000000e+04 9.390658275584196080e-01
1.560000000000000000e+04 9.378125071617173791e-01
1.570000000000000000e+04 9.431403216600402484e-01
1.580000000000000000e+04 9.437128159893934942e-01
1.590000000000000000e+04 9.289785389479420230e-01
1.600000000000000000e+04 9.348264648982731462e-01
1.610000000000000000e+04 9.534771697843681393e-01
1.620000000000000000e+04 9.334846032540395910e-01
1.630000000000000000e+04 9.407424899124683382e-01
1.640000000000000000e+04 9.501760179748821589e-01
1.650000000000000000e+04 9.410417655560102679e-01
1.660000000000000000e+04 9.425772988572709288e-01
1.670000000000000000e+04 9.495425728409666588e-01
1.680000000000000000e+04 9.301691863680724426e-01
1.690000000000000000e+04 9.470523238364881857e-01
1.700000000000000000e+04 9.288948408495041331e-01
1.710000000000000000e+04 9.410569205833937412e-01
1.720000000000000000e+04 9.306607493595966396e-01
1.730000000000000000e+04 9.295449903401552527e-01
1.740000000000000000e+04 9.409172756817559824e-01
1.750000000000000000e+04 9.352036874216599349e-01
1.760000000000000000e+04 9.566495681427573672e-01
1.770000000000000000e+04 9.408846924541318657e-01
1.780000000000000000e+04 9.428145929735487485e-01
1.790000000000000000e+04 9.377654135081803233e-01
1.800000000000000000e+04 9.313701847212494389e-01
1.810000000000000000e+04 9.374108702055853337e-01
1.820000000000000000e+04 9.464355195771525509e-01
1.830000000000000000e+04 9.358824008638714220e-01
1.840000000000000000e+04 9.464938955232469198e-01
1.850000000000000000e+04 9.472889399712434155e-01
1.860000000000000000e+04 9.556988792689197210e-01
1.870000000000000000e+04 9.522894433109150292e-01
1.880000000000000000e+04 9.444085476002487267e-01
1.890000000000000000e+04 9.470198104640854542e-01
1.900000000000000000e+04 9.437161986917896872e-01
1.910000000000000000e+04 9.426745828109606151e-01
1.920000000000000000e+04 9.334315086189780564e-01
1.930000000000000000e+04 9.315048230411097085e-01
1.940000000000000000e+04 9.333632349222026336e-01
1.950000000000000000e+04 9.444440391013225744e-01
1.960000000000000000e+04 9.421813065524531350e-01
1.970000000000000000e+04 9.457820016646728556e-01
1.980000000000000000e+04 9.505019625260689997e-01
1.990000000000000000e+04 9.523486259831032141e-01
2.000000000000000000e+04 9.368417083877866869e-01
2.010000000000000000e+04 9.480684913625585519e-01
2.020000000000000000e+04 9.466053744095263012e-01
2.030000000000000000e+04 9.426649369776508580e-01
2.040000000000000000e+04 9.494428681327368169e-01
2.050000000000000000e+04 9.454845164043756967e-01
2.060000000000000000e+04 9.365477869041251013e-01
2.070000000000000000e+04 9.503131727074776158e-01
2.080000000000000000e+04 9.390652929060510079e-01
2.090000000000000000e+04 9.446606626505855697e-01
2.100000000000000000e+04 9.485486337358495224e-01
2.110000000000000000e+04 9.544940415004425915e-01
2.120000000000000000e+04 9.357498450649225363e-01
2.130000000000000000e+04 9.354810989877916372e-01
2.140000000000000000e+04 9.384845787942232009e-01
2.150000000000000000e+04 9.428650775665390338e-01
2.160000000000000000e+04 9.332669099824446590e-01
2.170000000000000000e+04 9.528297449065031843e-01
2.180000000000000000e+04 9.384686958801323753e-01
2.190000000000000000e+04 9.578931692754241167e-01
2.200000000000000000e+04 9.442896366429091026e-01
2.210000000000000000e+04 9.420139416464092808e-01
2.220000000000000000e+04 9.445043693081565106e-01
2.230000000000000000e+04 9.434542227301655481e-01
2.240000000000000000e+04 9.363191060476507843e-01
2.250000000000000000e+04 9.479699650504540553e-01
2.260000000000000000e+04 9.374916736900085201e-01
2.270000000000000000e+04 9.353141075982257524e-01
2.280000000000000000e+04 9.570067636118019250e-01
2.290000000000000000e+04 9.390491523858512934e-01
2.300000000000000000e+04 9.543072668463012942e-01
2.310000000000000000e+04 9.318710592862452513e-01
2.320000000000000000e+04 9.414438964169404844e-01
2.330000000000000000e+04 9.383250548478297981e-01
2.340000000000000000e+04 9.459441613777127555e-01
2.350000000000000000e+04 9.315776225512770736e-01
2.360000000000000000e+04 9.467808525709472400e-01
2.370000000000000000e+04 9.348311581458472741e-01
2.380000000000000000e+04 9.445869384431851978e-01
2.390000000000000000e+04 9.450926715106593434e-01
2.400000000000000000e+04 9.506640315111828388e-01
2.410000000000000000e+04 9.450769579133641018e-01
2.420000000000000000e+04 9.399902636340906614e-01
2.430000000000000000e+04 9.492009334206203963e-01
2.440000000000000000e+04 9.478435489624719157e-01
2.450000000000000000e+04 9.357632554417091297e-01
2.460000000000000000e+04 9.413031390723898273e-01
2.470000000000000000e+04 9.440451892330656847e-01
2.480000000000000000e+04 9.471589642642596063e-01
2.490000000000000000e+04 9.401375438852004329e-01
2.500000000000000000e+04 9.324106241959499997e-01
2.510000000000000000e+04 9.357713635077133940e-01
2.520000000000000000e+04 9.419506636428217616e-01
2.530000000000000000e+04 9.371473555519919119e-01
2.540000000000000000e+04 9.471994967974165514e-01
2.550000000000000000e+04 9.383453980373986925e-01
2.560000000000000000e+04 9.415102501920558087e-01
2.570000000000000000e+04 9.457067839384558638e-01
2.580000000000000000e+04 9.412625393644141747e-01
2.590000000000000000e+04 9.318746532571845487e-01
2.600000000000000000e+04 9.435783262776957780e-01
2.610000000000000000e+04 9.385273732414616266e-01
2.620000000000000000e+04 9.419699012867093213e-01
2.630000000000000000e+04 9.446015936332163854e-01
2.640000000000000000e+04 9.420851763847639671e-01
2.650000000000000000e+04 9.504913995755517320e-01
2.660000000000000000e+04 9.432714513820411595e-01
2.670000000000000000e+04 9.456204987532889072e-01
2.680000000000000000e+04 9.356834826999004262e-01
2.690000000000000000e+04 9.541272936797221549e-01
2.700000000000000000e+04 9.449576069993330663e-01
2.710000000000000000e+04 9.491181493908740219e-01
2.720000000000000000e+04 9.438696367111045760e-01
2.730000000000000000e+04 9.336459234610177127e-01
2.740000000000000000e+04 9.403367811207671290e-01
2.750000000000000000e+04 9.381931489943755587e-01
2.760000000000000000e+04 9.449488708421550642e-01
2.770000000000000000e+04 9.529900671866139428e-01
2.780000000000000000e+04 9.357763086626412763e-01
2.790000000000000000e+04 9.443605335556140012e-01
2.800000000000000000e+04 9.513972181365090153e-01
2.810000000000000000e+04 9.357856418022708622e-01
2.820000000000000000e+04 9.401416861835238947e-01
2.830000000000000000e+04 9.500005646286533434e-01
2.840000000000000000e+04 9.396861736013076838e-01
2.850000000000000000e+04 9.460868484894457975e-01
2.860000000000000000e+04 9.423455365616643098e-01
2.870000000000000000e+04 9.434727844865604673e-01
2.880000000000000000e+04 9.479123058114826694e-01
2.890000000000000000e+04 9.404821069008648671e-01
2.900000000000000000e+04 9.291374728558878804e-01
2.910000000000000000e+04 9.382719124580346515e-01
2.920000000000000000e+04 9.482102397992938636e-01
2.930000000000000000e+04 9.539567392226460107e-01
2.940000000000000000e+04 9.445091356233591418e-01
2.950000000000000000e+04 9.459228546262148374e-01
2.960000000000000000e+04 9.369303376338780076e-01
2.970000000000000000e+04 9.500349745281941871e-01
2.980000000000000000e+04 9.462341641182434593e-01
2.990000000000000000e+04 9.452763413169914530e-01
3.000000000000000000e+04 9.397770616321953208e-01
