0.000000000000000000e+00 5.187599999999999989e-01
1.000000000000000000e+02 3.727679999999999882e-01
2.000000000000000000e+02 4.626400000000000512e-01
3.000000000000000000e+02 5.070740000000000247e-01
4.000000000000000000e+02 5.634480000000000599e-01
5.000000000000000000e+02 6.165279999999999649e-01
6.000000000000000000e+02 6.127599999999999714e-01
7.000000000000000000e+02 6.597920000000000451e-01
8.000000000000000000e+02 6.447279999999999678e-01
9.000000000000000000e+02 6.630960000000000187e-01
1.000000000000000000e+03 6.805559999999999388e-01
1.100000000000000000e+03 6.797320000000000029e-01
1.200000000000000000e+03 6.831120000000000525e-01
1.300000000000000000e+03 7.208679999999999533e-01
1.400000000000000000e+03 6.959040000000000781e-01
1.500000000000000000e+03 7.179759999999998366e-01
1.600000000000000000e+03 7.032640000000000002e-01
1.700000000000000000e+03 7.572200000000000042e-01
1.800000000000000000e+03 7.592840000000000700e-01
1.900000000000000000e+03 7.156439999999999468e-01
2.000000000000000000e+03 7.516959999999999198e-01
2.100000000000000000e+03 7.733199999999998964e-01
2.200000000000000000e+03 7.562560000000000393e-01
2.300000000000000000e+03 7.754959999999999631e-01
2.400000000000000000e+03 7.656479999999998842e-01
2.500000000000000000e+03 7.581839999999999691e-01
2.600000000000000000e+03 7.823359999999999204e-01
2.700000000000000000e+03 7.790040000000000298e-01
2.800000000000000000e+03 7.906039999999998624e-01
2.900000000000000000e+03 7.945839999999999570e-01
3.000000000000000000e+03 8.121599999999999930e-01
3.100000000000000000e+03 7.990439999999998655e-01
3.200000000000000000e+03 8.185839999999999783e-01
3.300000000000000000e+03 8.128759999999999319e-01
3.400000000000000000e+03 8.288680000000000492e-01
3.500000000000000000e+03 8.176239999999999064e-01
3.600000000000000000e+03 8.064519999999999467e-01
3.700000000000000000e+03 8.714519999999998934e-01
3.800000000000000000e+03 8.399159999999998849e-01
3.900000000000000000e+03 8.339760000000000506e-01
4.000000000000000000e+03 8.420000000000000817e-01
4.100000000000000000e+03 8.490639999999999299e-01
4.200000000000000000e+03 8.373320000000000762e-01
4.300000000000000000e+03 8.412720000000000198e-01
4.400000000000000000e+03 8.468920000000002002e-01
4.500000000000000000e+03 8.358119999999999994e-01
4.600000000000000000e+03 8.561920000000000641e-01
4.700000000000000000e+03 8.549120000000000053e-01
4.800000000000000000e+03 8.539599999999999413e-01
4.900000000000000000e+03 8.688200000000000367e-01
5.000000000000000000e+03 8.648879999999998791e-01
5.100000000000000000e+03 8.678879999999999928e-01
5.200000000000000000e+03 8.647639999999998661e-01
5.300000000000000000e+03 8.641560000000000352e-01
5.400000000000000000e+03 8.776280000000001857e-01
5.500000000000000000e+03 8.763480000000000159e-01
5.600000000000000000e+03 8.535399999999999654e-01
5.700000000000000000e+03 8.608200000000000296e-01
5.800000000000000000e+03 8.710800000000000765e-01
5.900000000000000000e+03 8.882200000000000095e-01
6.000000000000000000e+03 8.721639999999999393e-01
6.100000000000000000e+03 8.865439999999999987e-01
6.200000000000000000e+03 8.749240000000000350e-01
6.300000000000000000e+03 8.722520000000000273e-01
6.400000000000000000e+03 8.953800000000000647e-01
6.500000000000000000e+03 9.040239999999999387e-01
6.600000000000000000e+03 8.969160000000000466e-01
6.700000000000000000e+03 9.019319999999998450e-01
6.800000000000000000e+03 9.021199999999999219e-01
6.900000000000000000e+03 8.933759999999999479e-01
7.000000000000000000e+03 9.012520000000000531e-01
7.100000000000000000e+03 8.853079999999999838e-01
7.200000000000000000e+03 8.991679999999999673e-01
7.300000000000000000e+03 9.168199999999999683e-01
7.400000000000000000e+03 9.192799999999999860e-01
7.500000000000000000e+03 9.132360000000000477e-01
7.600000000000000000e+03 9.069200000000000594e-01
7.700000000000000000e+03 9.028439999999999799e-01
7.800000000000000000e+03 8.939799999999999969e-01
7.900000000000000000e+03 9.213600000000000678e-01
8.000000000000000000e+03 9.100559999999998650e-01
8.100000000000000000e+03 9.233839999999999826e-01
8.200000000000000000e+03 9.228680000000000216e-01
8.300000000000000000e+03 8.943039999999999878e-01
8.400000000000000000e+03 9.210959999999999148e-01
8.500000000000000000e+03 9.152000000000000135e-01
8.600000000000000000e+03 9.190079999999999361e-01
8.700000000000000000e+03 9.259600000000000053e-01
8.800000000000000000e+03 9.185440000000001382e-01
8.900000000000000000e+03 9.244719999999999605e-01
9.000000000000000000e+03 9.197120000000000850e-01
9.100000000000000000e+03 9.269839999999998081e-01
9.200000000000000000e+03 9.218760000000000288e-01
9.300000000000000000e+03 9.221000000000001418e-01
9.400000000000000000e+03 9.222759999999998737e-01
9.500000000000000000e+03 9.257079999999998643e-01
9.600000000000000000e+03 9.094479999999999231e-01
9.700000000000000000e+03 9.281439999999999690e-01
9.800000000000000000e+03 9.334919999999997664e-01
9.900000000000000000e+03 9.252839999999999954e-01
1.000000000000000000e+04 9.328239999999998755e-01
1.010000000000000000e+04 9.217599999999999127e-01
1.020000000000000000e+04 9.198319999999999830e-01
1.030000000000000000e+04 9.295880000000000809e-01
1.040000000000000000e+04 9.300479999999999858e-01
1.050000000000000000e+04 9.144280000000000186e-01
1.060000000000000000e+04 9.213000000000000078e-01
1.070000000000000000e+04 9.310879999999999157e-01
1.080000000000000000e+04 9.123239999999999128e-01
1.090000000000000000e+04 9.305559999999999388e-01
1.100000000000000000e+04 9.434160000000000323e-01
1.110000000000000000e+04 9.341599999999998793e-01
1.120000000000000000e+04 9.312840000000000007e-01
1.130000000000000000e+04 9.408800000000000496e-01
1.140000000000000000e+04 9.226399999999999046e-01
1.150000000000000000e+04 9.230080000000000506e-01
1.160000000000000000e+04 9.173680000000000723e-01
1.170000000000000000e+04 9.241840000000000055e-01
1.180000000000000000e+04 9.311080000000000467e-01
1.190000000000000000e+04 9.288320000000001020e-01
1.200000000000000000e+04 9.387200000000001099e-01
1.210000000000000000e+04 9.254919999999999813e-01
1.220000000000000000e+04 9.391000000000001569e-01
1.230000000000000000e+04 9.380640000000001200e-01
1.240000000000000000e+04 9.243039999999999035e-01
1.250000000000000000e+04 9.337799999999998324e-01
1.260000000000000000e+04 9.168640000000000123e-01
1.270000000000000000e+04 9.325719999999998455e-01
1.280000000000000000e+04 9.401799999999999047e-01
1.290000000000000000e+04 9.191080000000000361e-01
1.300000000000000000e+04 9.370640000000000081e-01
1.310000000000000000e+04 9.154400000000000315e-01
1.320000000000000000e+04 9.290540000000000465e-01
1.330000000000000000e+04 9.349840000000000373e-01
1.340000000000000000e+04 9.296239999999998949e-01
1.350000000000000000e+04 9.265319999999999112e-01
1.360000000000000000e+04 9.338640000000000274e-01
1.370000000000000000e+04 9.360839999999999161e-01
1.380000000000000000e+04 9.315999999999999837e-01
1.390000000000000000e+04 9.256760000000000543e-01
1.400000000000000000e+04 9.280439999999999801e-01
1.410000000000000000e+04 9.243519999999999515e-01
1.420000000000000000e+04 9.382799999999998919e-01
1.430000000000000000e+04 9.316640000000000477e-01
1.440000000000000000e+04 9.360399999999998721e-01
1.450000000000000000e+04 9.451559999999999961e-01
1.460000000000000000e+04 9.289680000000000160e-01
1.470000000000000000e+04 9.373559999999998560e-01
1.480000000000000000e+04 9.456719999999999571e-01
1.490000000000000000e+04 9.360879999999999201e-01
1.500000000000000000e+04 9.474119999999999209e-01
1.510000000000000000e+04 9.311840000000001227e-01
1.520000000000000000e+04 9.166519999999999113e-01
1.530000000000000000e+04 9.356879999999999642e-01
1.540000000000000000e+04 9.361639999999999961e-01
1.550000000000000000e+04 9.314599999999999547e-01
1.560000000000000000e+04 9.325000000000001066e-01
1.570000000000000000e+04 9.352679999999999882e-01
1.580000000000000000e+04 9.369759999999999200e-01
1.590000000000000000e+04 9.211639999999998718e-01
1.600000000000000000e+04 9.261920000000000153e-01
1.610000000000000000e+04 9.482559999999999878e-01
1.620000000000000000e+04 9.264559999999999462e-01
1.630000000000000000e+04 9.321000000000000396e-01
1.640000000000000000e+04 9.416439999999999255e-01
1.650000000000000000e+04 9.344440000000000524e-01
1.660000000000000000e+04 9.360880000000000312e-01
1.670000000000000000e+04 9.452479999999999771e-01
1.680000000000000000e+04 9.257720000000000393e-01
1.690000000000000000e+04 9.453000000000001402e-01
1.700000000000000000e+04 9.233959999999999946e-01
1.710000000000000000e+04 9.335800000000000765e-01
1.720000000000000000e+04 9.147040000000000726e-01
1.730000000000000000e+04 9.254159999999997943e-01
1.740000000000000000e+04 9.325039999999999996e-01
1.750000000000000000e+04 9.274599999999999511e-01
1.760000000000000000e+04 9.513960000000001305e-01
1.770000000000000000e+04 9.301439999999999708e-01
1.780000000000000000e+04 9.362440000000000762e-01
1.790000000000000000e+04 9.282679999999999820e-01
1.800000000000000000e+04 9.257400000000000073e-01
1.810000000000000000e+04 9.403320000000000567e-01
1.820000000000000000e+04 9.398159999999998737e-01
1.830000000000000000e+04 9.268560000000000132e-01
1.840000000000000000e+04 9.423480000000000745e-01
1.850000000000000000e+04 9.404359999999998276e-01
1.860000000000000000e+04 9.482999999999999208e-01
1.870000000000000000e+04 9.460560000000000080e-01
1.880000000000000000e+04 9.399480000000000057e-01
1.890000000000000000e+04 9.402119999999999367e-01
1.900000000000000000e+04 9.322039999999999216e-01
1.910000000000000000e+04 9.383400000000000629e-01
1.920000000000000000e+04 9.263799999999999812e-01
1.930000000000000000e+04 9.285679999999999490e-01
1.940000000000000000e+04 9.291799999999998949e-01
1.950000000000000000e+04 9.352039999999999242e-01
1.960000000000000000e+04 9.358599999999999142e-01
1.970000000000000000e+04 9.376160000000000050e-01
1.980000000000000000e+04 9.424439999999999484e-01
1.990000000000000000e+04 9.431359999999999744e-01
2.000000000000000000e+04 9.314640000000000697e-01
2.010000000000000000e+04 9.400079999999999547e-01
2.020000000000000000e+04 9.417679999999998275e-01
2.030000000000000000e+04 9.330280000000000795e-01
2.040000000000000000e+04 9.432760000000000034e-01
2.050000000000000000e+04 9.365080000000001181e-01
2.060000000000000000e+04 9.227360000000000007e-01
2.070000000000000000e+04 9.400040000000001728e-01
2.080000000000000000e+04 9.309799999999998077e-01
2.090000000000000000e+04 9.375359999999999250e-01
2.100000000000000000e+04 9.415400000000000436e-01
2.110000000000000000e+04 9.512519999999999865e-01
2.120000000000000000e+04 9.272919999999998941e-01
2.130000000000000000e+04 9.260679999999998913e-01
2.140000000000000000e+04 9.315359999999999197e-01
2.150000000000000000e+04 9.406839999999999646e-01
2.160000000000000000e+04 9.259119999999998463e-01
2.170000000000000000e+04 9.441720000000000113e-01
2.180000000000000000e+04 9.275400000000000311e-01
2.190000000000000000e+04 9.536720000000000752e-01
2.200000000000000000e+04 9.404319999999999347e-01
2.210000000000000000e+04 9.337680000000000424e-01
2.220000000000000000e+04 9.332920000000000105e-01
2.230000000000000000e+04 9.396400000000000308e-01
2.240000000000000000e+04 9.295919999999999739e-01
2.250000000000000000e+04 9.430319999999999814e-01
2.260000000000000000e+04 9.316879999999998496e-01
2.270000000000000000e+04 9.269000000000000572e-01
2.280000000000000000e+04 9.514759999999999884e-01
2.290000000000000000e+04 9.354680000000001883e-01
2.300000000000000000e+04 9.492999999999999217e-01
2.310000000000000000e+04 9.209199999999999608e-01
2.320000000000000000e+04 9.316279999999999006e-01
2.330000000000000000e+04 9.307800000000000518e-01
2.340000000000000000e+04 9.355800000000000782e-01
2.350000000000000000e+04 9.270799999999999041e-01
2.360000000000000000e+04 9.373439999999999550e-01
2.370000000000000000e+04 9.266840000000000632e-01
2.380000000000000000e+04 9.373039999999999150e-01
2.390000000000000000e+04 9.373599999999999710e-01
2.400000000000000000e+04 9.467600000000001570e-01
2.410000000000000000e+04 9.409959999999999436e-01
2.420000000000000000e+04 9.308920000000000528e-01
2.430000000000000000e+04 9.425080000000001235e-01
2.440000000000000000e+04 9.383920000000000039e-01
2.450000000000000000e+04 9.278320000000001011e-01
2.460000000000000000e+04 9.355319999999999192e-01
2.470000000000000000e+04 9.385000000000001119e-01
2.480000000000000000e+04 9.424719999999999764e-01
2.490000000000000000e+04 9.326280000000000125e-01
2.500000000000000000e+04 9.255519999999999303e-01
2.510000000000000000e+04 9.290239999999999609e-01
2.520000000000000000e+04 9.347359999999999003e-01
2.530000000000000000e+04 9.287360000000001170e-01
2.540000000000000000e+04 9.434720000000000883e-01
2.550000000000000000e+04 9.308239999999998737e-01
2.560000000000000000e+04 9.348039999999999683e-01
2.570000000000000000e+04 9.379319999999999879e-01
2.580000000000000000e+04 9.345839999999999703e-01
2.590000000000000000e+04 9.252720000000000944e-01
2.600000000000000000e+04 9.400879999999999237e-01
2.610000000000000000e+04 9.352800000000000002e-01
2.620000000000000000e+04 9.343519999999998493e-01
2.630000000000000000e+04 9.372439999999999660e-01
2.640000000000000000e+04 9.382040000000000379e-01
2.650000000000000000e+04 9.442639999999999922e-01
2.660000000000000000e+04 9.372159999999999380e-01
2.670000000000000000e+04 9.387600000000000389e-01
2.680000000000000000e+04 9.293620000000000214e-01
2.690000000000000000e+04 9.483039999999999248e-01
2.700000000000000000e+04 9.367399999999999061e-01
2.710000000000000000e+04 9.416880000000000805e-01
2.720000000000000000e+04 9.356599999999999362e-01
2.730000000000000000e+04 9.217479999999999007e-01
2.740000000000000000e+04 9.327159999999999895e-01
2.750000000000000000e+04 9.330680000000000085e-01
2.760000000000000000e+04 9.376000000000001000e-01
2.770000000000000000e+04 9.474000000000000199e-01
2.780000000000000000e+04 9.220800000000000107e-01
2.790000000000000000e+04 9.359880000000000422e-01
2.800000000000000000e+04 9.450959999999999361e-01
2.810000000000000000e+04 9.275039999999999951e-01
2.820000000000000000e+04 9.294520000000000559e-01
2.830000000000000000e+04 9.460520000000000040e-01
2.840000000000000000e+04 9.328999999999998405e-01
2.850000000000000000e+04 9.370319999999999760e-01
2.860000000000000000e+04 9.314119999999999067e-01
2.870000000000000000e+04 9.370199999999999640e-01
2.880000000000000000e+04 9.452160000000000561e-01
2.890000000000000000e+04 9.344919999999999893e-01
2.900000000000000000e+04 9.272759999999999891e-01
2.910000000000000000e+04 9.276400000000000201e-01
2.920000000000000000e+04 9.396079999999998877e-01
2.930000000000000000e+04 9.508119999999999905e-01
2.940000000000000000e+04 9.365999999999999881e-01
2.950000000000000000e+04 9.393279999999999408e-01
2.960000000000000000e+04 9.294960000000000999e-01
2.970000000000000000e+04 9.456999999999999851e-01
2.980000000000000000e+04 9.405239999999999156e-01
2.990000000000000000e+04 9.365679999999998451e-01
3.000000000000000000e+04 9.302240000000000508e-01
