0.000000000000000000e+00 4.941492460809643883e-01
1.000000000000000000e+02 3.664814027983008260e-01
2.000000000000000000e+02 4.168804005191595885e-01
3.000000000000000000e+02 4.272811158550864907e-01
4.000000000000000000e+02 4.615850050780246905e-01
5.000000000000000000e+02 5.420960222148809571e-01
6.000000000000000000e+02 5.817660670261465272e-01
7.000000000000000000e+02 6.243469512480667172e-01
8.000000000000000000e+02 5.939368068670987100e-01
9.000000000000000000e+02 6.466197917145463103e-01
1.000000000000000000e+03 6.522273830538416473e-01
1.100000000000000000e+03 6.968192633592367180e-01
1.200000000000000000e+03 6.926575400365158064e-01
1.300000000000000000e+03 7.152026593503333363e-01
1.400000000000000000e+03 6.948080503740621250e-01
1.500000000000000000e+03 7.165996223495463280e-01
1.600000000000000000e+03 7.493001121370489459e-01
1.700000000000000000e+03 7.296075932562053890e-01
1.800000000000000000e+03 7.414260245430970286e-01
1.900000000000000000e+03 7.306381441099950580e-01
2.000000000000000000e+03 7.463604087728454850e-01
2.100000000000000000e+03 7.865815991187515843e-01
2.200000000000000000e+03 7.849896601197179358e-01
2.300000000000000000e+03 7.697089320859612505e-01
2.400000000000000000e+03 7.788643076733815507e-01
2.500000000000000000e+03 8.011936641111312429e-01
2.600000000000000000e+03 7.833038961005347467e-01
2.700000000000000000e+03 7.968283821612921480e-01
2.800000000000000000e+03 7.939841892001886503e-01
2.900000000000000000e+03 8.082601207258228726e-01
3.000000000000000000e+03 7.929231788462374197e-01
3.100000000000000000e+03 7.987648123895900731e-01
3.200000000000000000e+03 7.859687598679270248e-01
3.300000000000000000e+03 8.084049993129909240e-01
3.400000000000000000e+03 8.204947220512848194e-01
3.500000000000000000e+03 8.207280079176990650e-01
3.600000000000000000e+03 8.107873305742421266e-01
3.700000000000000000e+03 8.218143891562781356e-01
3.800000000000000000e+03 8.350789970358041270e-01
3.900000000000000000e+03 8.323914913772345603e-01
4.000000000000000000e+03 8.015246854942590371e-01
4.100000000000000000e+03 8.283807265005216358e-01
4.200000000000000000e+03 8.059958649571712375e-01
4.300000000000000000e+03 8.260978893033934511e-01
4.400000000000000000e+03 8.294963531003386459e-01
4.500000000000000000e+03 8.199419328532173701e-01
4.600000000000000000e+03 8.189988834491721548e-01
4.700000000000000000e+03 8.220364542108113959e-01
4.800000000000000000e+03 8.265768067221773707e-01
4.900000000000000000e+03 8.166096402988151093e-01
5.000000000000000000e+03 8.189846045164852484e-01
5.100000000000000000e+03 8.360696136564444991e-01
5.200000000000000000e+03 8.667771377241489938e-01
5.300000000000000000e+03 8.312598310901482268e-01
5.400000000000000000e+03 8.347092192941678590e-01
5.500000000000000000e+03 8.545875114648424642e-01
5.600000000000000000e+03 8.348199428291499524e-01
5.700000000000000000e+03 8.062379871064881964e-01
5.800000000000000000e+03 8.552495252710109463e-01
5.900000000000000000e+03 8.377497282726618089e-01
6.000000000000000000e+03 8.321886737495607367e-01
6.100000000000000000e+03 8.581177421788606097e-01
6.200000000000000000e+03 8.601768468676896928e-01
6.300000000000000000e+03 8.233796847599437196e-01
6.400000000000000000e+03 8.564751294542825022e-01
6.500000000000000000e+03 8.481783794956092581e-01
6.600000000000000000e+03 8.652629039625656659e-01
6.700000000000000000e+03 8.579728081781430316e-01
6.800000000000000000e+03 8.305685325406297892e-01
6.900000000000000000e+03 8.486859042180606716e-01
7.000000000000000000e+03 8.515601596062599699e-01
7.100000000000000000e+03 8.328885797206583286e-01
7.200000000000000000e+03 8.648956529459272957e-01
7.300000000000000000e+03 8.659873107100082290e-01
7.400000000000000000e+03 8.692864879316202220e-01
7.500000000000000000e+03 8.658373314061880155e-01
7.600000000000000000e+03 8.541871072042644952e-01
7.700000000000000000e+03 8.559679833761932866e-01
7.800000000000000000e+03 8.465039808364495100e-01
7.900000000000000000e+03 8.626465183050555652e-01
8.000000000000000000e+03 8.705491467816689477e-01
8.100000000000000000e+03 8.522458805741504051e-01
8.200000000000000000e+03 8.798291083784024469e-01
8.300000000000000000e+03 8.582212489930138855e-01
8.400000000000000000e+03 8.744070534422994090e-01
8.500000000000000000e+03 8.644965265664779075e-01
8.600000000000000000e+03 8.706790156746663234e-01
8.700000000000000000e+03 8.911601215048595703e-01
8.800000000000000000e+03 8.552129914552147882e-01
8.900000000000000000e+03 8.618819512500063285e-01
9.000000000000000000e+03 8.606569884618755495e-01
9.100000000000000000e+03 8.632204836712626950e-01
9.200000000000000000e+03 8.689500885265102337e-01
9.300000000000000000e+03 8.855335743430866602e-01
9.400000000000000000e+03 8.653421988864471448e-01
9.500000000000000000e+03 8.746235100965782383e-01
9.600000000000000000e+03 8.834137848647281022e-01
9.700000000000000000e+03 8.660319058332588416e-01
9.800000000000000000e+03 8.759717783203266883e-01
9.900000000000000000e+03 8.743730226497334890e-01
1.000000000000000000e+04 8.812241950212396091e-01
1.010000000000000000e+04 8.862185110979419189e-01
1.020000000000000000e+04 8.881000962480543048e-01
1.030000000000000000e+04 8.876526801383910481e-01
1.040000000000000000e+04 8.755237266552944320e-01
1.050000000000000000e+04 8.841930257669333715e-01
1.060000000000000000e+04 8.714378380666494284e-01
1.070000000000000000e+04 8.875210397890469505e-01
1.080000000000000000e+04 8.940121183516192005e-01
1.090000000000000000e+04 9.087764024837403642e-01
1.100000000000000000e+04 8.786537432925699553e-01
1.110000000000000000e+04 8.762450769663946426e-01
1.120000000000000000e+04 8.639316914678595305e-01
1.130000000000000000e+04 8.981040397084369964e-01
1.140000000000000000e+04 8.911998103258593762e-01
1.150000000000000000e+04 8.901600673077914028e-01
1.160000000000000000e+04 8.771216826616636819e-01
1.170000000000000000e+04 8.928552579257600375e-01
1.180000000000000000e+04 8.937028647951070770e-01
1.190000000000000000e+04 8.840643327999502254e-01
1.200000000000000000e+04 9.073225433887134317e-01
1.210000000000000000e+04 8.985357483503655374e-01
1.220000000000000000e+04 8.827149828699915046e-01
1.230000000000000000e+04 8.954059790530508600e-01
1.240000000000000000e+04 9.016020562433676444e-01
1.250000000000000000e+04 8.855718932742329130e-01
1.260000000000000000e+04 8.906332408073471818e-01
1.270000000000000000e+04 9.098582108079212860e-01
1.280000000000000000e+04 8.846810562365750030e-01
1.290000000000000000e+04 8.953981358034635019e-01
1.300000000000000000e+04 9.055023327658995314e-01
1.310000000000000000e+04 8.976985809090991530e-01
1.320000000000000000e+04 8.809527058067764260e-01
1.330000000000000000e+04 8.945840879502420240e-01
1.340000000000000000e+04 8.766275829819487608e-01
1.350000000000000000e+04 9.018917868539039207e-01
1.360000000000000000e+04 8.980993641929657656e-01
1.370000000000000000e+04 8.959564731058153875e-01
1.380000000000000000e+04 9.031359515847052766e-01
1.390000000000000000e+04 9.000163983810934853e-01
1.400000000000000000e+04 9.017199487105318489e-01
1.410000000000000000e+04 8.892431070578628027e-01
1.420000000000000000e+04 8.956116590461992155e-01
1.430000000000000000e+04 9.009300454190793950e-01
1.440000000000000000e+04 8.793651863428876281e-01
1.450000000000000000e+04 8.916411012169852546e-01
1.460000000000000000e+04 8.959634020643312269e-01
1.470000000000000000e+04 9.193884342012170752e-01
1.480000000000000000e+04 8.775323343765849549e-01
1.490000000000000000e+04 8.942762339046701481e-01
1.500000000000000000e+04 8.947925261801960017e-01
1.510000000000000000e+04 8.795114201531690767e-01
1.520000000000000000e+04 8.945632044785464254e-01
1.530000000000000000e+04 9.139070139071596710e-01
1.540000000000000000e+04 8.958031396634893451e-01
1.550000000000000000e+04 9.077796622727611897e-01
1.560000000000000000e+04 8.882889018522978075e-01
1.570000000000000000e+04 9.095917511211838447e-01
1.580000000000000000e+04 8.859452566524773642e-01
1.590000000000000000e+04 8.794052559241940514e-01
1.600000000000000000e+04 9.031012158220093067e-01
1.610000000000000000e+04 8.984285543057097811e-01
1.620000000000000000e+04 8.889069781031919693e-01
1.630000000000000000e+04 9.073124058058593677e-01
1.640000000000000000e+04 8.968742002490477372e-01
1.650000000000000000e+04 8.829315512073300232e-01
1.660000000000000000e+04 8.870648734904355015e-01
1.670000000000000000e+04 9.015349371891850927e-01
1.680000000000000000e+04 9.011512603326909954e-01
1.690000000000000000e+04 8.835980492406969589e-01
1.700000000000000000e+04 8.877845475408745468e-01
1.710000000000000000e+04 9.085260911091951330e-01
1.720000000000000000e+04 9.127161119757020158e-01
1.730000000000000000e+04 8.992945604365482071e-01
1.740000000000000000e+04 8.823175881150500111e-01
1.750000000000000000e+04 8.959872850997498972e-01
1.760000000000000000e+04 9.119641449827462498e-01
1.770000000000000000e+04 8.960700839280613117e-01
1.780000000000000000e+04 8.913937571253909287e-01
1.790000000000000000e+04 8.909349173504309549e-01
1.800000000000000000e+04 9.071796940910457074e-01
1.810000000000000000e+04 9.093927538878778805e-01
1.820000000000000000e+04 9.125082148179016750e-01
1.830000000000000000e+04 8.963855648705953971e-01
1.840000000000000000e+04 9.105674187899068794e-01
1.850000000000000000e+04 9.058518329700778748e-01
1.860000000000000000e+04 9.080669730844771470e-01
1.870000000000000000e+04 9.060205863919110758e-01
1.880000000000000000e+04 9.067796069162977757e-01
1.890000000000000000e+04 9.047148104453484052e-01
1.900000000000000000e+04 8.861824828834481416e-01
1.910000000000000000e+04 9.001969431204110972e-01
1.920000000000000000e+04 9.127220112386381645e-01
1.930000000000000000e+04 8.980024821570696814e-01
1.940000000000000000e+04 9.060301241165713559e-01
1.950000000000000000e+04 9.081348531845410132e-01
1.960000000000000000e+04 9.039959881835466504e-01
1.970000000000000000e+04 9.190281381841145514e-01
1.980000000000000000e+04 9.038164590471907678e-01
1.990000000000000000e+04 8.821943020015511339e-01
2.000000000000000000e+04 9.116045259807755707e-01
2.010000000000000000e+04 9.057351625243593718e-01
2.020000000000000000e+04 8.931083817971595673e-01
2.030000000000000000e+04 9.123742535772317863e-01
2.040000000000000000e+04 9.091748405043972303e-01
2.050000000000000000e+04 9.127845931728018058e-01
2.060000000000000000e+04 9.079554640176916713e-01
2.070000000000000000e+04 8.844730729661515189e-01
2.080000000000000000e+04 9.000647665624764704e-01
2.090000000000000000e+04 8.894915588015205321e-01
2.100000000000000000e+04 8.983099288145238726e-01
2.110000000000000000e+04 8.883145763739848100e-01
2.120000000000000000e+04 9.022430359681689049e-01
2.130000000000000000e+04 8.843836709701435872e-01
2.140000000000000000e+04 9.110557092771351950e-01
2.150000000000000000e+04 8.930407464710433674e-01
2.160000000000000000e+04 8.977271188926168044e-01
2.170000000000000000e+04 8.994946922554767355e-01
2.180000000000000000e+04 8.925160338276917349e-01
2.190000000000000000e+04 8.952883244354227221e-01
2.200000000000000000e+04 9.118104257331726137e-01
2.210000000000000000e+04 9.046798195072904836e-01
2.220000000000000000e+04 9.148982195581768506e-01
2.230000000000000000e+04 9.052829101675208268e-01
2.240000000000000000e+04 9.082254723652982698e-01
2.250000000000000000e+04 9.007688986184657631e-01
2.260000000000000000e+04 9.067068431443158216e-01
2.270000000000000000e+04 9.085867960822943123e-01
2.280000000000000000e+04 9.146250971924645423e-01
2.290000000000000000e+04 9.050160395842296035e-01
2.300000000000000000e+04 8.913120681217758801e-01
2.310000000000000000e+04 8.992418692683523673e-01
2.320000000000000000e+04 9.054173563081377996e-01
2.330000000000000000e+04 9.044315722824922688e-01
2.340000000000000000e+04 8.960493699976730397e-01
2.350000000000000000e+04 9.193477439963665399e-01
2.360000000000000000e+04 9.123818431605242862e-01
2.370000000000000000e+04 9.070597433472864513e-01
2.380000000000000000e+04 8.859320044745837563e-01
2.390000000000000000e+04 8.931320927145310895e-01
2.400000000000000000e+04 9.075676533243127730e-01
2.410000000000000000e+04 9.186510279472208662e-01
2.420000000000000000e+04 8.845037989253038413e-01
2.430000000000000000e+04 9.025398128608870252e-01
2.440000000000000000e+04 9.038222491513616674e-01
2.450000000000000000e+04 8.910396616071223352e-01
2.460000000000000000e+04 9.066412074406018373e-01
2.470000000000000000e+04 9.049779256733320176e-01
2.480000000000000000e+04 8.955895449364357219e-01
2.490000000000000000e+04 9.249693264303664453e-01
2.500000000000000000e+04 9.136432988830563984e-01
2.510000000000000000e+04 8.900245817721607056e-01
2.520000000000000000e+04 9.014485439186065152e-01
2.530000000000000000e+04 9.083154324561021342e-01
2.540000000000000000e+04 9.142835526026303894e-01
2.550000000000000000e+04 9.205863314055324764e-01
2.560000000000000000e+04 8.948579926917401561e-01
2.570000000000000000e+04 8.913484404082000490e-01
2.580000000000000000e+04 8.959591261386323779e-01
2.590000000000000000e+04 9.134238495786363154e-01
2.600000000000000000e+04 9.140430153841041516e-01
2.610000000000000000e+04 8.944825653209195204e-01
2.620000000000000000e+04 9.241831576661069247e-01
2.630000000000000000e+04 9.204019333058756080e-01
2.640000000000000000e+04 9.106221081396153050e-01
2.650000000000000000e+04 8.987489757206899021e-01
2.660000000000000000e+04 9.212355193284124111e-01
2.670000000000000000e+04 9.016682048537153493e-01
2.680000000000000000e+04 9.263270861247449028e-01
2.690000000000000000e+04 8.869859740765829725e-01
2.700000000000000000e+04 9.111224594027862445e-01
2.710000000000000000e+04 9.015033098355845764e-01
2.720000000000000000e+04 9.042637070734536042e-01
2.730000000000000000e+04 9.107095839836085727e-01
2.740000000000000000e+04 9.067387363020050772e-01
2.750000000000000000e+04 9.006033549417280515e-01
2.760000000000000000e+04 9.046033923994883930e-01
2.770000000000000000e+04 9.218062567063645130e-01
2.780000000000000000e+04 9.056772486772394215e-01
2.790000000000000000e+04 9.204756956915762789e-01
2.800000000000000000e+04 9.116961888831243144e-01
2.810000000000000000e+04 9.036046524680434455e-01
2.820000000000000000e+04 9.125889552970400942e-01
2.830000000000000000e+04 9.155519133936785847e-01
2.840000000000000000e+04 9.044179308731139511e-01
2.850000000000000000e+04 9.038690387743396615e-01
2.860000000000000000e+04 9.081610535012252239e-01
2.870000000000000000e+04 9.159664144615220494e-01
2.880000000000000000e+04 9.015612052133373799e-01
2.890000000000000000e+04 9.088030972725511525e-01
2.900000000000000000e+04 9.033729749742003268e-01
2.910000000000000000e+04 9.215818338662081777e-01
2.920000000000000000e+04 9.130819673469044995e-01
2.930000000000000000e+04 9.059693102330027559e-01
2.940000000000000000e+04 9.148036273334514412e-01
2.950000000000000000e+04 9.129277722155870745e-01
2.960000000000000000e+04 9.255293323984550291e-01
2.970000000000000000e+04 9.129067645537440878e-01
2.980000000000000000e+04 8.911735794843959058e-01
2.990000000000000000e+04 9.222603059850972285e-01
3.000000000000000000e+04 9.152725785579922668e-01
