0.000000000000000000e+00 4.782759999999999789e-01
1.000000000000000000e+02 2.686439999999999939e-01
2.000000000000000000e+02 3.781160000000000077e-01
3.000000000000000000e+02 4.266520000000000312e-01
4.000000000000000000e+02 4.659359999999999613e-01
5.000000000000000000e+02 5.551040000000000418e-01
6.000000000000000000e+02 6.039840000000000764e-01
7.000000000000000000e+02 6.228040000000000243e-01
8.000000000000000000e+02 5.892359999999999820e-01
9.000000000000000000e+02 6.327519999999999811e-01
1.000000000000000000e+03 6.381839999999999735e-01
1.100000000000000000e+03 6.639919999999999156e-01
1.200000000000000000e+03 6.708919999999999328e-01
1.300000000000000000e+03 6.969639999999999169e-01
1.400000000000000000e+03 6.709920000000000329e-01
1.500000000000000000e+03 6.931079999999999464e-01
1.600000000000000000e+03 7.187799999999999745e-01
1.700000000000000000e+03 6.878439999999998999e-01
1.800000000000000000e+03 7.073079999999999368e-01
1.900000000000000000e+03 7.041479999999999961e-01
2.000000000000000000e+03 7.177599999999999536e-01
2.100000000000000000e+03 7.470760000000000733e-01
2.200000000000000000e+03 7.276559999999999695e-01
2.300000000000000000e+03 7.266920000000001156e-01
2.400000000000000000e+03 7.377959999999998963e-01
2.500000000000000000e+03 7.571519999999998252e-01
2.600000000000000000e+03 7.356359999999999566e-01
2.700000000000000000e+03 7.582759999999999501e-01
2.800000000000000000e+03 7.470800000000000773e-01
2.900000000000000000e+03 7.659239999999999382e-01
3.000000000000000000e+03 7.486560000000000992e-01
3.100000000000000000e+03 7.570799999999999752e-01
3.200000000000000000e+03 7.354720000000000146e-01
3.300000000000000000e+03 7.616239999999999677e-01
3.400000000000000000e+03 7.835280000000000022e-01
3.500000000000000000e+03 7.727080000000000615e-01
3.600000000000000000e+03 7.739120000000000443e-01
3.700000000000000000e+03 7.840559999999999752e-01
3.800000000000000000e+03 7.930360000000000742e-01
3.900000000000000000e+03 7.994399999999999284e-01
4.000000000000000000e+03 7.537840000000000096e-01
4.100000000000000000e+03 7.803520000000000456e-01
4.200000000000000000e+03 7.797760000000000247e-01
4.300000000000000000e+03 7.856199999999999850e-01
4.400000000000000000e+03 7.997560000000000224e-01
4.500000000000000000e+03 7.854399999999999160e-01
4.600000000000000000e+03 7.901599999999999735e-01
4.700000000000000000e+03 7.838519999999999932e-01
4.800000000000000000e+03 7.920639999999999903e-01
4.900000000000000000e+03 7.766079999999999650e-01
5.000000000000000000e+03 7.856520000000000170e-01
5.100000000000000000e+03 7.987400000000000055e-01
5.200000000000000000e+03 8.405879999999998908e-01
5.300000000000000000e+03 7.951960000000000139e-01
5.400000000000000000e+03 8.030759999999999010e-01
5.500000000000000000e+03 8.149439999999998907e-01
5.600000000000000000e+03 7.976480000000000237e-01
5.700000000000000000e+03 7.714920000000000666e-01
5.800000000000000000e+03 8.183560000000000834e-01
5.900000000000000000e+03 7.997319999999998874e-01
6.000000000000000000e+03 7.996280000000000054e-01
6.100000000000000000e+03 8.255240000000000355e-01
6.200000000000000000e+03 8.281000000000000583e-01
6.300000000000000000e+03 7.971080000000000387e-01
6.400000000000000000e+03 8.234200000000000408e-01
6.500000000000000000e+03 8.097840000000000593e-01
6.600000000000000000e+03 8.366880000000000983e-01
6.700000000000000000e+03 8.205279999999999241e-01
6.800000000000000000e+03 7.990239999999999565e-01
6.900000000000000000e+03 8.122239999999999460e-01
7.000000000000000000e+03 8.253719999999999946e-01
7.100000000000000000e+03 8.032880000000000020e-01
7.200000000000000000e+03 8.368960000000000843e-01
7.300000000000000000e+03 8.407480000000000508e-01
7.400000000000000000e+03 8.428000000000001046e-01
7.500000000000000000e+03 8.437640000000000695e-01
7.600000000000000000e+03 8.146320000000000228e-01
7.700000000000000000e+03 8.254999999999999005e-01
7.800000000000000000e+03 8.121080000000000521e-01
7.900000000000000000e+03 8.252840000000000176e-01
8.000000000000000000e+03 8.425120000000000386e-01
8.100000000000000000e+03 8.174280000000000435e-01
8.200000000000000000e+03 8.513079999999999536e-01
8.300000000000000000e+03 8.310440000000001159e-01
8.400000000000000000e+03 8.395320000000000560e-01
8.500000000000000000e+03 8.366239999999999233e-01
8.600000000000000000e+03 8.384800000000000031e-01
8.700000000000000000e+03 8.626480000000000814e-01
8.800000000000000000e+03 8.314239999999999409e-01
8.900000000000000000e+03 8.340000000000000746e-01
9.000000000000000000e+03 8.360920000000000574e-01
9.100000000000000000e+03 8.268640000000000434e-01
9.200000000000000000e+03 8.365559999999999663e-01
9.300000000000000000e+03 8.495920000000000138e-01
9.400000000000000000e+03 8.447040000000001214e-01
9.500000000000000000e+03 8.433760000000000145e-01
9.600000000000000000e+03 8.499280000000000168e-01
9.700000000000000000e+03 8.414400000000000768e-01
9.800000000000000000e+03 8.476520000000000721e-01
9.900000000000000000e+03 8.522080000000000766e-01
1.000000000000000000e+04 8.460440000000000182e-01
1.010000000000000000e+04 8.562039999999999651e-01
1.020000000000000000e+04 8.581199999999997718e-01
1.030000000000000000e+04 8.651560000000000361e-01
1.040000000000000000e+04 8.477280000000000371e-01
1.050000000000000000e+04 8.591159999999998798e-01
1.060000000000000000e+04 8.528999999999999915e-01
1.070000000000000000e+04 8.608039999999999026e-01
1.080000000000000000e+04 8.685039999999999427e-01
1.090000000000000000e+04 8.848199999999999399e-01
1.100000000000000000e+04 8.539959999999999773e-01
1.110000000000000000e+04 8.472719999999999141e-01
1.120000000000000000e+04 8.392560000000000020e-01
1.130000000000000000e+04 8.637479999999999603e-01
1.140000000000000000e+04 8.622279999999999944e-01
1.150000000000000000e+04 8.609160000000000146e-01
1.160000000000000000e+04 8.441159999999999775e-01
1.170000000000000000e+04 8.635399999999999743e-01
1.180000000000000000e+04 8.731240000000000112e-01
1.190000000000000000e+04 8.583279999999999799e-01
1.200000000000000000e+04 8.824199999999999822e-01
1.210000000000000000e+04 8.790759999999999685e-01
1.220000000000000000e+04 8.611600000000000366e-01
1.230000000000000000e+04 8.738679999999999781e-01
1.240000000000000000e+04 8.722960000000000713e-01
1.250000000000000000e+04 8.559880000000000821e-01
1.260000000000000000e+04 8.622880000000000544e-01
1.270000000000000000e+04 8.819360000000000532e-01
1.280000000000000000e+04 8.557039999999999091e-01
1.290000000000000000e+04 8.804120000000000834e-01
1.300000000000000000e+04 8.795439999999999925e-01
1.310000000000000000e+04 8.746760000000000090e-01
1.320000000000000000e+04 8.574479999999999880e-01
1.330000000000000000e+04 8.674519999999998898e-01
1.340000000000000000e+04 8.512080000000000757e-01
1.350000000000000000e+04 8.760000000000001119e-01
1.360000000000000000e+04 8.674040000000000639e-01
1.370000000000000000e+04 8.748120000000000340e-01
1.380000000000000000e+04 8.749480000000000590e-01
1.390000000000000000e+04 8.797960000000000225e-01
1.400000000000000000e+04 8.699239999999999196e-01
1.410000000000000000e+04 8.596439999999998527e-01
1.420000000000000000e+04 8.704159999999998565e-01
1.430000000000000000e+04 8.737120000000001552e-01
1.440000000000000000e+04 8.461279999999999912e-01
1.450000000000000000e+04 8.669080000000000119e-01
1.460000000000000000e+04 8.697279999999998346e-01
1.470000000000000000e+04 8.914919999999999511e-01
1.480000000000000000e+04 8.490879999999999539e-01
1.490000000000000000e+04 8.644039999999999502e-01
1.500000000000000000e+04 8.839280000000000470e-01
1.510000000000000000e+04 8.573399999999999910e-01
1.520000000000000000e+04 8.681279999999998997e-01
1.530000000000000000e+04 8.987479999999999913e-01
1.540000000000000000e+04 8.691679999999999406e-01
1.550000000000000000e+04 8.900240000000000373e-01
1.560000000000000000e+04 8.690200000000000147e-01
1.570000000000000000e+04 8.863920000000000687e-01
1.580000000000000000e+04 8.743560000000001331e-01
1.590000000000000000e+04 8.524599999999999955e-01
1.600000000000000000e+04 8.800400000000000444e-01
1.610000000000000000e+04 8.690720000000000667e-01
1.620000000000000000e+04 8.661080000000001000e-01
1.630000000000000000e+04 8.803239999999999954e-01
1.640000000000000000e+04 8.735519999999999952e-01
1.650000000000000000e+04 8.525559999999999805e-01
1.660000000000000000e+04 8.596799999999999997e-01
1.670000000000000000e+04 8.770239999999999148e-01
1.680000000000000000e+04 8.697920000000000096e-01
1.690000000000000000e+04 8.583359999999999879e-01
1.700000000000000000e+04 8.639080000000001203e-01
1.710000000000000000e+04 8.780520000000000547e-01
1.720000000000000000e+04 8.896919999999999273e-01
1.730000000000000000e+04 8.721360000000000223e-01
1.740000000000000000e+04 8.546720000000000983e-01
1.750000000000000000e+04 8.714360000000000994e-01
1.760000000000000000e+04 8.938960000000001349e-01
1.770000000000000000e+04 8.665440000000000920e-01
1.780000000000000000e+04 8.768479999999999608e-01
1.790000000000000000e+04 8.654439999999999911e-01
1.800000000000000000e+04 8.861199999999999077e-01
1.810000000000000000e+04 8.848279999999999479e-01
1.820000000000000000e+04 8.891759999999999664e-01
1.830000000000000000e+04 8.711040000000001005e-01
1.840000000000000000e+04 8.909880000000001132e-01
1.850000000000000000e+04 8.883119999999999905e-01
1.860000000000000000e+04 8.815279999999999783e-01
1.870000000000000000e+04 8.793039999999999745e-01
1.880000000000000000e+04 8.883639999999999315e-01
1.890000000000000000e+04 8.804840000000000444e-01
1.900000000000000000e+04 8.613880000000000425e-01
1.910000000000000000e+04 8.777319999999999567e-01
1.920000000000000000e+04 8.872639999999999416e-01
1.930000000000000000e+04 8.793919999999999515e-01
1.940000000000000000e+04 8.812079999999999913e-01
1.950000000000000000e+04 8.827999999999999181e-01
1.960000000000000000e+04 8.731360000000000232e-01
1.970000000000000000e+04 8.982639999999999514e-01
1.980000000000000000e+04 8.810120000000000173e-01
1.990000000000000000e+04 8.596319999999999517e-01
2.000000000000000000e+04 8.917439999999999811e-01
2.010000000000000000e+04 8.780859999999999221e-01
2.020000000000000000e+04 8.743879999999999431e-01
2.030000000000000000e+04 8.907480000000000953e-01
2.040000000000000000e+04 8.897839999999999083e-01
2.050000000000000000e+04 8.864559999999999107e-01
2.060000000000000000e+04 8.871599999999999486e-01
2.070000000000000000e+04 8.598719999999999697e-01
2.080000000000000000e+04 8.815680000000000183e-01
2.090000000000000000e+04 8.684680000000000177e-01
2.100000000000000000e+04 8.812199999999998923e-01
2.110000000000000000e+04 8.610680000000000556e-01
2.120000000000000000e+04 8.732040000000000912e-01
2.130000000000000000e+04 8.618440000000000545e-01
2.140000000000000000e+04 8.767559999999999798e-01
2.150000000000000000e+04 8.719399999999999373e-01
2.160000000000000000e+04 8.737079999999999291e-01
2.170000000000000000e+04 8.809080000000000243e-01
2.180000000000000000e+04 8.768640000000000878e-01
2.190000000000000000e+04 8.688759999999998707e-01
2.200000000000000000e+04 8.970079999999999165e-01
2.210000000000000000e+04 8.900559999999999583e-01
2.220000000000000000e+04 8.961279999999999246e-01
2.230000000000000000e+04 8.817519999999999802e-01
2.240000000000000000e+04 8.911679999999999602e-01
2.250000000000000000e+04 8.823959999999999582e-01
2.260000000000000000e+04 8.837999999999999190e-01
2.270000000000000000e+04 8.905239999999999823e-01
2.280000000000000000e+04 8.950799999999998757e-01
2.290000000000000000e+04 8.833799999999998320e-01
2.300000000000000000e+04 8.750839999999999730e-01
2.310000000000000000e+04 8.787599999999999856e-01
2.320000000000000000e+04 8.941440000000000499e-01
2.330000000000000000e+04 8.803240000000001064e-01
2.340000000000000000e+04 8.805040000000000644e-01
2.350000000000000000e+04 8.949799999999998867e-01
2.360000000000000000e+04 8.857880000000000198e-01
2.370000000000000000e+04 8.926679999999997950e-01
2.380000000000000000e+04 8.769839999999999858e-01
2.390000000000000000e+04 8.764759999999999218e-01
2.400000000000000000e+04 8.874759999999999316e-01
2.410000000000000000e+04 9.008599999999999941e-01
2.420000000000000000e+04 8.718040000000000234e-01
2.430000000000000000e+04 8.814279999999998783e-01
2.440000000000000000e+04 8.861239999999999117e-01
2.450000000000000000e+04 8.709239999999999204e-01
2.460000000000000000e+04 8.832720000000000571e-01
2.470000000000000000e+04 8.921480000000000521e-01
2.480000000000000000e+04 8.720280000000001364e-01
2.490000000000000000e+04 9.089919999999999112e-01
2.500000000000000000e+04 8.923519999999999230e-01
2.510000000000000000e+04 8.639760000000000773e-01
2.520000000000000000e+04 8.765600000000000058e-01
2.530000000000000000e+04 8.833119999999999861e-01
2.540000000000000000e+04 8.990240000000000453e-01
2.550000000000000000e+04 8.947959999999999248e-01
2.560000000000000000e+04 8.851160000000000139e-01
2.570000000000000000e+04 8.618999999999998884e-01
2.580000000000000000e+04 8.843040000000000900e-01
2.590000000000000000e+04 9.021000000000000130e-01
2.600000000000000000e+04 8.917840000000000211e-01
2.610000000000000000e+04 8.701159999999998895e-01
2.620000000000000000e+04 9.094400000000000261e-01
2.630000000000000000e+04 8.977119999999999544e-01
2.640000000000000000e+04 8.833760000000000501e-01
2.650000000000000000e+04 8.888480000000000825e-01
2.660000000000000000e+04 9.015519999999999090e-01
2.670000000000000000e+04 8.830359999999999321e-01
2.680000000000000000e+04 9.133879999999999777e-01
2.690000000000000000e+04 8.694640000000000146e-01
2.700000000000000000e+04 8.897759999999999003e-01
2.710000000000000000e+04 8.714759999999999174e-01
2.720000000000000000e+04 8.847720000000000029e-01
2.730000000000000000e+04 8.900919999999998833e-01
2.740000000000000000e+04 8.822160000000000002e-01
2.750000000000000000e+04 8.786960000000000326e-01
2.760000000000000000e+04 8.874319999999999986e-01
2.770000000000000000e+04 9.016239999999999810e-01
2.780000000000000000e+04 8.928639999999999910e-01
2.790000000000000000e+04 9.050519999999999676e-01
2.800000000000000000e+04 8.854440000000000088e-01
2.810000000000000000e+04 8.815279999999999783e-01
2.820000000000000000e+04 8.912839999999999652e-01
2.830000000000000000e+04 8.908960000000001322e-01
2.840000000000000000e+04 8.806000000000000494e-01
2.850000000000000000e+04 8.850480000000000569e-01
2.860000000000000000e+04 8.806680000000000064e-01
2.870000000000000000e+04 8.939079999999999249e-01
2.880000000000000000e+04 8.792320000000000135e-01
2.890000000000000000e+04 8.806880000000000264e-01
2.900000000000000000e+04 8.812960000000000793e-01
2.910000000000000000e+04 9.062599999999999545e-01
2.920000000000000000e+04 8.906160000000000743e-01
2.930000000000000000e+04 8.860399999999999388e-01
2.940000000000000000e+04 8.898119999999998253e-01
2.950000000000000000e+04 8.939320000000000599e-01
2.960000000000000000e+04 9.107239999999999780e-01
2.970000000000000000e+04 8.935919999999999419e-01
2.980000000000000000e+04 8.737679999999999891e-01
2.990000000000000000e+04 9.001719999999999722e-01
3.000000000000000000e+04 9.033959999999999768e-01
