0.000000000000000000e+00 5.128892999496696969e-01
1.000000000000000000e+02 4.163862980083709031e-01
2.000000000000000000e+02 4.260833796727784284e-01
3.000000000000000000e+02 4.385353624778910997e-01
4.000000000000000000e+02 4.372352544324314416e-01
5.000000000000000000e+02 4.439572190946079466e-01
6.000000000000000000e+02 4.361994043501759011e-01
7.000000000000000000e+02 4.682576492447932948e-01
8.000000000000000000e+02 4.643686586681550210e-01
9.000000000000000000e+02 4.737630049292544387e-01
1.000000000000000000e+03 4.694101726613827963e-01
1.100000000000000000e+03 4.596029544078130136e-01
1.200000000000000000e+03 4.720521909100307001e-01
1.300000000000000000e+03 4.786696920794103471e-01
1.400000000000000000e+03 5.012092833750514398e-01
1.500000000000000000e+03 4.839159743244568768e-01
1.600000000000000000e+03 4.873477126835004669e-01
1.700000000000000000e+03 4.759625164615896575e-01
1.800000000000000000e+03 4.914100548607814867e-01
1.900000000000000000e+03 4.888535776687942258e-01
2.000000000000000000e+03 4.881863307268859420e-01
2.100000000000000000e+03 4.966225026856315172e-01
2.200000000000000000e+03 5.098425412030942461e-01
2.300000000000000000e+03 5.353364445910619995e-01
2.400000000000000000e+03 5.316736915079498527e-01
2.500000000000000000e+03 4.850976394445312145e-01
2.600000000000000000e+03 5.162921240477891249e-01
2.700000000000000000e+03 5.347049934011349759e-01
2.800000000000000000e+03 5.372542915851692413e-01
2.900000000000000000e+03 5.409505906344312942e-01
3.000000000000000000e+03 5.219093750046810420e-01
3.100000000000000000e+03 5.206279338091204245e-01
3.200000000000000000e+03 5.417755282167906472e-01
3.300000000000000000e+03 5.728698290972641383e-01
3.400000000000000000e+03 5.351928075887768532e-01
3.500000000000000000e+03 5.685372133472597067e-01
3.600000000000000000e+03 5.300893564614126419e-01
3.700000000000000000e+03 5.859934323903557285e-01
3.800000000000000000e+03 5.951584656326044387e-01
3.900000000000000000e+03 5.953757162304006423e-01
4.000000000000000000e+03 5.728177400958842647e-01
4.100000000000000000e+03 5.928405789887664090e-01
4.200000000000000000e+03 5.888248705901544255e-01
4.300000000000000000e+03 6.102809306012355606e-01
4.400000000000000000e+03 5.790882825851877413e-01
4.500000000000000000e+03 5.979837203355087283e-01
4.600000000000000000e+03 5.868229230988326606e-01
4.700000000000000000e+03 6.118660579767427610e-01
4.800000000000000000e+03 6.107658341214425857e-01
4.900000000000000000e+03 5.859194464963733973e-01
5.000000000000000000e+03 6.270671216474839049e-01
5.100000000000000000e+03 5.989393455995872806e-01
5.200000000000000000e+03 6.477012959254307978e-01
5.300000000000000000e+03 5.951730219186319726e-01
5.400000000000000000e+03 6.067170993104753496e-01
5.500000000000000000e+03 6.238592489472892799e-01
5.600000000000000000e+03 6.256427956501087184e-01
5.700000000000000000e+03 6.335333899820254633e-01
5.800000000000000000e+03 6.375771142515754830e-01
5.900000000000000000e+03 6.772916040792531511e-01
6.000000000000000000e+03 6.719513420473198773e-01
6.100000000000000000e+03 6.345707146052311787e-01
6.200000000000000000e+03 6.588584697716107774e-01
6.300000000000000000e+03 6.637649386250044081e-01
6.400000000000000000e+03 6.767222277705041700e-01
6.500000000000000000e+03 6.544585741535493550e-01
6.600000000000000000e+03 6.916289909690860327e-01
6.700000000000000000e+03 6.840161147375936057e-01
6.800000000000000000e+03 6.826749015736282011e-01
6.900000000000000000e+03 7.082800870081890077e-01
7.000000000000000000e+03 7.123122772570796846e-01
7.100000000000000000e+03 7.071482794576191555e-01
7.200000000000000000e+03 6.780339115254954141e-01
7.300000000000000000e+03 6.855863096329044559e-01
7.400000000000000000e+03 7.006168969776244149e-01
7.500000000000000000e+03 7.138962507090729215e-01
7.600000000000000000e+03 7.081798748324263926e-01
7.700000000000000000e+03 7.274634170858504945e-01
7.800000000000000000e+03 7.022349205342246492e-01
7.900000000000000000e+03 7.179944144782417492e-01
8.000000000000000000e+03 7.489537941802069110e-01
8.100000000000000000e+03 7.411071253883859677e-01
8.200000000000000000e+03 7.362415468655116868e-01
8.300000000000000000e+03 7.117554229629234896e-01
8.400000000000000000e+03 7.587125612733005564e-01
8.500000000000000000e+03 7.690372876723292617e-01
8.600000000000000000e+03 7.227904073174133970e-01
8.700000000000000000e+03 7.551547102826450253e-01
8.800000000000000000e+03 7.325143621834774299e-01
8.900000000000000000e+03 7.723488305682919552e-01
9.000000000000000000e+03 7.238286129311749528e-01
9.100000000000000000e+03 7.625818601843736833e-01
9.200000000000000000e+03 7.494724083987713836e-01
9.300000000000000000e+03 7.588654479728822455e-01
9.400000000000000000e+03 7.413546128126434764e-01
9.500000000000000000e+03 7.776903863042164966e-01
9.600000000000000000e+03 7.692160338712674683e-01
9.700000000000000000e+03 7.580666400565926333e-01
9.800000000000000000e+03 7.503352525073918589e-01
9.900000000000000000e+03 7.622279205877615649e-01
1.000000000000000000e+04 7.789044864667322710e-01
1.010000000000000000e+04 7.868035501127284004e-01
1.020000000000000000e+04 7.738980445660684770e-01
1.030000000000000000e+04 8.019681054228179340e-01
1.040000000000000000e+04 7.965319011550481276e-01
1.050000000000000000e+04 7.811166613037228146e-01
1.060000000000000000e+04 8.333082937399740597e-01
1.070000000000000000e+04 7.916312875501951840e-01
1.080000000000000000e+04 8.060665671436890722e-01
1.090000000000000000e+04 7.758730485288884982e-01
1.100000000000000000e+04 7.958644740135404350e-01
1.110000000000000000e+04 8.061740919410271822e-01
1.120000000000000000e+04 8.085286808569295269e-01
1.130000000000000000e+04 8.302647786362964411e-01
1.140000000000000000e+04 8.208417506195663238e-01
1.150000000000000000e+04 8.371300072723090180e-01
1.160000000000000000e+04 8.399542529212569164e-01
1.170000000000000000e+04 8.325684590364588189e-01
1.180000000000000000e+04 8.179518079616220350e-01
1.190000000000000000e+04 8.327794351161217357e-01
1.200000000000000000e+04 8.139333162258757248e-01
1.210000000000000000e+04 8.372181248649968044e-01
1.220000000000000000e+04 8.214898483617120162e-01
1.230000000000000000e+04 8.328834750593978598e-01
1.240000000000000000e+04 8.331334069808131737e-01
1.250000000000000000e+04 8.465993279516144110e-01
1.260000000000000000e+04 8.577856012950770825e-01
1.270000000000000000e+04 8.644119700840027232e-01
1.280000000000000000e+04 8.595001883122808106e-01
1.290000000000000000e+04 8.443052507222683634e-01
1.300000000000000000e+04 8.666827967435093427e-01
1.310000000000000000e+04 8.443982932085979387e-01
1.320000000000000000e+04 8.604205123342797412e-01
1.330000000000000000e+04 8.618979305489402609e-01
1.340000000000000000e+04 8.697117279449956273e-01
1.350000000000000000e+04 8.636634642155677222e-01
1.360000000000000000e+04 8.757943747754642905e-01
1.370000000000000000e+04 8.736482266756129267e-01
1.380000000000000000e+04 8.704069003971749430e-01
1.390000000000000000e+04 8.822140707602077470e-01
1.400000000000000000e+04 8.756185650637308138e-01
1.410000000000000000e+04 8.914895405691903862e-01
1.420000000000000000e+04 9.079244904858317922e-01
1.430000000000000000e+04 8.946865129319829801e-01
1.440000000000000000e+04 8.918283388434260495e-01
1.450000000000000000e+04 8.980184802492281460e-01
1.460000000000000000e+04 8.860300208386849841e-01
1.470000000000000000e+04 9.061241221752909247e-01
1.480000000000000000e+04 9.039053660016560521e-01
1.490000000000000000e+04 8.971285754640675458e-01
1.500000000000000000e+04 9.110550168125610693e-01
1.510000000000000000e+04 9.083612641822434997e-01
1.520000000000000000e+04 9.058264765847998667e-01
1.530000000000000000e+04 9.183578780035474010e-01
1.540000000000000000e+04 9.268765819994794208e-01
1.550000000000000000e+04 9.245082181888615303e-01
1.560000000000000000e+04 9.226805687540983181e-01
1.570000000000000000e+04 9.326842129244544699e-01
1.580000000000000000e+04 9.225238875418615425e-01
1.590000000000000000e+04 9.405508548825505244e-01
1.600000000000000000e+04 9.291479690740442887e-01
1.610000000000000000e+04 9.314032175014108628e-01
1.620000000000000000e+04 9.145826837442992963e-01
1.630000000000000000e+04 9.273713980713989002e-01
1.640000000000000000e+04 9.289901832175034846e-01
1.650000000000000000e+04 9.206677275482408884e-01
1.660000000000000000e+04 9.294045523866080183e-01
1.670000000000000000e+04 9.280573590620115887e-01
1.680000000000000000e+04 9.152944354244507696e-01
1.690000000000000000e+04 9.331012292024467580e-01
1.700000000000000000e+04 9.329833282889713475e-01
1.710000000000000000e+04 9.204040684394414473e-01
1.720000000000000000e+04 9.502058762740026587e-01
1.730000000000000000e+04 9.250911866638931169e-01
1.740000000000000000e+04 9.297446046043286172e-01
1.750000000000000000e+04 9.343761893296085308e-01
1.760000000000000000e+04 9.340287114735433827e-01
1.770000000000000000e+04 9.427294153989205228e-01
1.780000000000000000e+04 9.256333505425258235e-01
1.790000000000000000e+04 9.410767514604667650e-01
1.800000000000000000e+04 9.358048981004827294e-01
1.810000000000000000e+04 9.547796041539231560e-01
1.820000000000000000e+04 9.447964524100926909e-01
1.830000000000000000e+04 9.422149823081487074e-01
1.840000000000000000e+04 9.429355707140228970e-01
1.850000000000000000e+04 9.419901194423885293e-01
1.860000000000000000e+04 9.480662395838078682e-01
1.870000000000000000e+04 9.478356898620345916e-01
1.880000000000000000e+04 9.391177634936987983e-01
1.890000000000000000e+04 9.503746210312991050e-01
1.900000000000000000e+04 9.477659910047222525e-01
1.910000000000000000e+04 9.455805910468160214e-01
1.920000000000000000e+04 9.483774463200723703e-01
1.930000000000000000e+04 9.486451883539461782e-01
1.940000000000000000e+04 9.580504050304737840e-01
1.950000000000000000e+04 9.511392727540737280e-01
1.960000000000000000e+04 9.387478772607895650e-01
1.970000000000000000e+04 9.507122153240906703e-01
1.980000000000000000e+04 9.533704376566529692e-01
1.990000000000000000e+04 9.508181508750620514e-01
2.000000000000000000e+04 9.597931050150019239e-01
2.010000000000000000e+04 9.503252069309047201e-01
2.020000000000000000e+04 9.491007229722970839e-01
2.030000000000000000e+04 9.546201505578297830e-01
2.040000000000000000e+04 9.466450076358504662e-01
2.050000000000000000e+04 9.440627546374328327e-01
2.060000000000000000e+04 9.506904068957467979e-01
2.070000000000000000e+04 9.521255034092126479e-01
2.080000000000000000e+04 9.558444869336156779e-01
2.090000000000000000e+04 9.411361045164173822e-01
2.100000000000000000e+04 9.617922261862883460e-01
2.110000000000000000e+04 9.516763059742348041e-01
2.120000000000000000e+04 9.482343590993516091e-01
2.130000000000000000e+04 9.525611180012427681e-01
2.140000000000000000e+04 9.586169093743498459e-01
2.150000000000000000e+04 9.466820796252573000e-01
2.160000000000000000e+04 9.440371938612655001e-01
2.170000000000000000e+04 9.553574975922094481e-01
2.180000000000000000e+04 9.515125343386209300e-01
2.190000000000000000e+04 9.538554481741029489e-01
2.200000000000000000e+04 9.474610231658754378e-01
2.210000000000000000e+04 9.550728043370741993e-01
2.220000000000000000e+04 9.567420899329392991e-01
2.230000000000000000e+04 9.379557480911013823e-01
2.240000000000000000e+04 9.561422047301502136e-01
2.250000000000000000e+04 9.506454391824055161e-01
2.260000000000000000e+04 9.571931074351751612e-01
2.270000000000000000e+04 9.532064454674539222e-01
2.280000000000000000e+04 9.518173196438581840e-01
2.290000000000000000e+04 9.562488456421818217e-01
2.300000000000000000e+04 9.414579508312661549e-01
2.310000000000000000e+04 9.520140249703592517e-01
2.320000000000000000e+04 9.558362732496847869e-01
2.330000000000000000e+04 9.493448857744133385e-01
2.340000000000000000e+04 9.496136158990818865e-01
2.350000000000000000e+04 9.495065300446932088e-01
2.360000000000000000e+04 9.529393559276337911e-01
2.370000000000000000e+04 9.491398046677053113e-01
2.380000000000000000e+04 9.592969437970615409e-01
2.390000000000000000e+04 9.527372852637342460e-01
2.400000000000000000e+04 9.619499472075937474e-01
2.410000000000000000e+04 9.574172004172237793e-01
2.420000000000000000e+04 9.502016167164513138e-01
2.430000000000000000e+04 9.463123526989112300e-01
2.440000000000000000e+04 9.527277417744781651e-01
2.450000000000000000e+04 9.513524222157776489e-01
2.460000000000000000e+04 9.533495540712779714e-01
2.470000000000000000e+04 9.642668169601231742e-01
2.480000000000000000e+04 9.494933149733019162e-01
2.490000000000000000e+04 9.523977021053382508e-01
2.500000000000000000e+04 9.565140798398392707e-01
2.510000000000000000e+04 9.520163655599629404e-01
2.520000000000000000e+04 9.636267197519899907e-01
2.530000000000000000e+04 9.530230634596237316e-01
2.540000000000000000e+04 9.475120924008302303e-01
2.550000000000000000e+04 9.568784483649409589e-01
2.560000000000000000e+04 9.624767773113374059e-01
2.570000000000000000e+04 9.584745315618090622e-01
2.580000000000000000e+04 9.578997096921558763e-01
2.590000000000000000e+04 9.604823137290616764e-01
2.600000000000000000e+04 9.564860981214001745e-01
2.610000000000000000e+04 9.479392596053267672e-01
2.620000000000000000e+04 9.550451522658215397e-01
2.630000000000000000e+04 9.590790763995213908e-01
2.640000000000000000e+04 9.515822785408737383e-01
2.650000000000000000e+04 9.590424532924477496e-01
2.660000000000000000e+04 9.618301286687971352e-01
2.670000000000000000e+04 9.500302007722032371e-01
2.680000000000000000e+04 9.542112260057153961e-01
2.690000000000000000e+04 9.401230369749862259e-01
2.700000000000000000e+04 9.591265626761453778e-01
2.710000000000000000e+04 9.469514184911849153e-01
2.720000000000000000e+04 9.619607112076056232e-01
2.730000000000000000e+04 9.484057706421978873e-01
2.740000000000000000e+04 9.420822637283190470e-01
2.750000000000000000e+04 9.559803855300124109e-01
2.760000000000000000e+04 9.510766095553720989e-01
2.770000000000000000e+04 9.555122116348125916e-01
2.780000000000000000e+04 9.495233279285815176e-01
2.790000000000000000e+04 9.615154531505332169e-01
2.800000000000000000e+04 9.500005546276732993e-01
2.810000000000000000e+04 9.496120440531150564e-01
2.820000000000000000e+04 9.599576479526148454e-01
2.830000000000000000e+04 9.611754836482737652e-01
2.840000000000000000e+04 9.635619209281119923e-01
2.850000000000000000e+04 9.563989976826792194e-01
2.860000000000000000e+04 9.615453120473770321e-01
2.870000000000000000e+04 9.545300474756608367e-01
2.880000000000000000e+04 9.561559289743861711e-01
2.890000000000000000e+04 9.496738659098719060e-01
2.900000000000000000e+04 9.538026584370997707e-01
2.910000000000000000e+04 9.610061372520491974e-01
2.920000000000000000e+04 9.501145633265452028e-01
2.930000000000000000e+04 9.606693870762654797e-01
2.940000000000000000e+04 9.586989467228976824e-01
2.950000000000000000e+04 9.591128334810349321e-01
2.960000000000000000e+04 9.624065078580155141e-01
2.970000000000000000e+04 9.662577979329713962e-01
2.980000000000000000e+04 9.530800739517432119e-01
2.990000000000000000e+04 9.636091362660246240e-01
3.000000000000000000e+04 9.488555835704138852e-01
