0.000000000000000000e+00 5.137559999999999905e-01
1.000000000000000000e+02 3.475440000000000196e-01
2.000000000000000000e+02 3.939119999999999844e-01
3.000000000000000000e+02 4.133879999999999777e-01
4.000000000000000000e+02 4.204519999999999369e-01
5.000000000000000000e+02 4.269800000000000262e-01
6.000000000000000000e+02 4.086879999999999402e-01
7.000000000000000000e+02 4.604280000000000039e-01
8.000000000000000000e+02 4.586240000000000316e-01
9.000000000000000000e+02 4.653079999999999994e-01
1.000000000000000000e+03 4.716719999999999802e-01
1.100000000000000000e+03 4.676319999999999366e-01
1.200000000000000000e+03 4.818840000000000345e-01
1.300000000000000000e+03 4.595719999999999805e-01
1.400000000000000000e+03 4.969160000000000244e-01
1.500000000000000000e+03 4.536640000000000117e-01
1.600000000000000000e+03 4.759360000000000257e-01
1.700000000000000000e+03 4.827519999999999589e-01
1.800000000000000000e+03 5.148800000000000043e-01
1.900000000000000000e+03 4.905119999999999481e-01
2.000000000000000000e+03 4.907359999999999500e-01
2.100000000000000000e+03 5.163119999999999932e-01
2.200000000000000000e+03 4.929120000000000168e-01
2.300000000000000000e+03 5.365800000000000569e-01
2.400000000000000000e+03 5.273560000000000469e-01
2.500000000000000000e+03 4.979279999999999817e-01
2.600000000000000000e+03 5.260200000000000431e-01
2.700000000000000000e+03 5.352600000000000691e-01
2.800000000000000000e+03 5.333319999999999173e-01
2.900000000000000000e+03 5.483160000000000256e-01
3.000000000000000000e+03 5.283759999999999568e-01
3.100000000000000000e+03 5.299400000000000777e-01
3.200000000000000000e+03 5.537479999999999070e-01
3.300000000000000000e+03 5.654559999999999587e-01
3.400000000000000000e+03 5.328640000000000043e-01
3.500000000000000000e+03 5.725040000000000129e-01
3.600000000000000000e+03 5.321999999999998954e-01
3.700000000000000000e+03 5.716040000000000010e-01
3.800000000000000000e+03 5.763720000000001065e-01
3.900000000000000000e+03 5.824719999999999898e-01
4.000000000000000000e+03 5.795759999999999801e-01
4.100000000000000000e+03 5.964080000000000492e-01
4.200000000000000000e+03 5.634879999999999889e-01
4.300000000000000000e+03 5.959999999999999742e-01
4.400000000000000000e+03 5.637679999999999358e-01
4.500000000000000000e+03 5.955160000000000453e-01
4.600000000000000000e+03 5.948479999999999324e-01
4.700000000000000000e+03 6.069919999999999760e-01
4.800000000000000000e+03 6.112199999999999855e-01
4.900000000000000000e+03 5.803239999999999510e-01
5.000000000000000000e+03 6.171280000000000099e-01
5.100000000000000000e+03 5.985200000000000520e-01
5.200000000000000000e+03 6.332919999999999661e-01
5.300000000000000000e+03 5.902279999999999749e-01
5.400000000000000000e+03 6.042640000000000233e-01
5.500000000000000000e+03 6.142840000000000522e-01
5.600000000000000000e+03 6.079520000000000479e-01
5.700000000000000000e+03 6.189320000000000377e-01
5.800000000000000000e+03 6.253480000000000150e-01
5.900000000000000000e+03 6.689319999999999711e-01
6.000000000000000000e+03 6.768320000000001002e-01
6.100000000000000000e+03 6.372719999999999496e-01
6.200000000000000000e+03 6.458479999999999777e-01
6.300000000000000000e+03 6.568199999999999594e-01
6.400000000000000000e+03 6.765919999999999712e-01
6.500000000000000000e+03 6.455199999999998717e-01
6.600000000000000000e+03 6.812759999999999927e-01
6.700000000000000000e+03 6.676640000000000352e-01
6.800000000000000000e+03 6.687719999999999221e-01
6.900000000000000000e+03 6.933439999999999603e-01
7.000000000000000000e+03 6.977060000000000484e-01
7.100000000000000000e+03 6.905879999999999797e-01
7.200000000000000000e+03 6.649920000000000275e-01
7.300000000000000000e+03 6.708119999999999639e-01
7.400000000000000000e+03 6.889440000000000008e-01
7.500000000000000000e+03 7.051840000000000330e-01
7.600000000000000000e+03 6.955599999999999561e-01
7.700000000000000000e+03 7.047160000000000091e-01
7.800000000000000000e+03 6.937479999999999203e-01
7.900000000000000000e+03 7.192439999999999944e-01
8.000000000000000000e+03 7.341880000000000628e-01
8.100000000000000000e+03 7.317560000000000731e-01
8.200000000000000000e+03 7.146280000000000410e-01
8.300000000000000000e+03 6.961439999999999850e-01
8.400000000000000000e+03 7.441280000000000117e-01
8.500000000000000000e+03 7.384880000000000333e-01
8.600000000000000000e+03 7.038679999999999382e-01
8.700000000000000000e+03 7.293439999999999923e-01
8.800000000000000000e+03 7.291920000000000623e-01
8.900000000000000000e+03 7.513319999999998888e-01
9.000000000000000000e+03 7.163480000000000958e-01
9.100000000000000000e+03 7.436479999999999757e-01
9.200000000000000000e+03 7.429840000000000888e-01
9.300000000000000000e+03 7.331039999999999779e-01
9.400000000000000000e+03 7.313919999999999311e-01
9.500000000000000000e+03 7.568559999999999732e-01
9.600000000000000000e+03 7.592879999999999630e-01
9.700000000000000000e+03 7.580240000000000311e-01
9.800000000000000000e+03 7.334199999999999608e-01
9.900000000000000000e+03 7.438219999999999832e-01
1.000000000000000000e+04 7.612599999999998257e-01
1.010000000000000000e+04 7.710759999999999836e-01
1.020000000000000000e+04 7.607479999999999798e-01
1.030000000000000000e+04 7.973160000000000247e-01
1.040000000000000000e+04 7.897279999999999855e-01
1.050000000000000000e+04 7.724879999999998414e-01
1.060000000000000000e+04 8.153200000000000447e-01
1.070000000000000000e+04 7.862919999999999909e-01
1.080000000000000000e+04 7.882799999999998697e-01
1.090000000000000000e+04 7.685760000000000369e-01
1.100000000000000000e+04 7.771399999999999419e-01
1.110000000000000000e+04 7.938279999999999781e-01
1.120000000000000000e+04 7.960000000000000409e-01
1.130000000000000000e+04 8.181399999999999784e-01
1.140000000000000000e+04 8.006439999999999113e-01
1.150000000000000000e+04 8.262279999999999625e-01
1.160000000000000000e+04 8.180199999999999694e-01
1.170000000000000000e+04 8.195600000000000662e-01
1.180000000000000000e+04 8.102920000000000122e-01
1.190000000000000000e+04 8.167800000000000615e-01
1.200000000000000000e+04 8.000320000000000764e-01
1.210000000000000000e+04 8.178440000000000154e-01
1.220000000000000000e+04 8.125879999999999770e-01
1.230000000000000000e+04 8.292040000000000521e-01
1.240000000000000000e+04 8.226040000000000019e-01
1.250000000000000000e+04 8.302119999999999500e-01
1.260000000000000000e+04 8.519639999999999436e-01
1.270000000000000000e+04 8.464080000000000492e-01
1.280000000000000000e+04 8.469800000000000662e-01
1.290000000000000000e+04 8.325239999999999307e-01
1.300000000000000000e+04 8.610760000000000636e-01
1.310000000000000000e+04 8.308439999999999159e-01
1.320000000000000000e+04 8.526640000000000885e-01
1.330000000000000000e+04 8.513319999999999776e-01
1.340000000000000000e+04 8.597439999999999527e-01
1.350000000000000000e+04 8.620799999999999574e-01
1.360000000000000000e+04 8.701160000000000005e-01
1.370000000000000000e+04 8.697960000000000136e-01
1.380000000000000000e+04 8.707000000000000295e-01
1.390000000000000000e+04 8.710080000000000044e-01
1.400000000000000000e+04 8.693399999999998906e-01
1.410000000000000000e+04 8.879040000000000266e-01
1.420000000000000000e+04 9.055239999999998846e-01
1.430000000000000000e+04 8.924400000000000110e-01
1.440000000000000000e+04 8.863879999999998427e-01
1.450000000000000000e+04 8.897240000000000704e-01
1.460000000000000000e+04 8.835199999999999720e-01
1.470000000000000000e+04 8.934039999999999759e-01
1.480000000000000000e+04 8.949400000000000688e-01
1.490000000000000000e+04 8.918239999999999501e-01
1.500000000000000000e+04 9.052519999999999456e-01
1.510000000000000000e+04 9.057479999999999976e-01
1.520000000000000000e+04 8.978399999999999714e-01
1.530000000000000000e+04 9.168359999999999843e-01
1.540000000000000000e+04 9.210199999999999498e-01
1.550000000000000000e+04 9.182919999999999972e-01
1.560000000000000000e+04 9.176919999999998412e-01
1.570000000000000000e+04 9.222680000000000877e-01
1.580000000000000000e+04 9.214439999999999298e-01
1.590000000000000000e+04 9.346840000000000703e-01
1.600000000000000000e+04 9.231400000000000716e-01
1.610000000000000000e+04 9.256039999999998713e-01
1.620000000000000000e+04 9.158520000000001104e-01
1.630000000000000000e+04 9.217520000000000158e-01
1.640000000000000000e+04 9.265680000000000582e-01
1.650000000000000000e+04 9.127119999999999678e-01
1.660000000000000000e+04 9.206959999999999589e-01
1.670000000000000000e+04 9.241919999999999025e-01
1.680000000000000000e+04 9.117520000000000069e-01
1.690000000000000000e+04 9.254799999999999693e-01
1.700000000000000000e+04 9.304760000000000808e-01
1.710000000000000000e+04 9.128959999999999297e-01
1.720000000000000000e+04 9.456160000000000121e-01
1.730000000000000000e+04 9.195039999999999880e-01
1.740000000000000000e+04 9.223599999999998467e-01
1.750000000000000000e+04 9.292400000000000659e-01
1.760000000000000000e+04 9.285439999999999250e-01
1.770000000000000000e+04 9.391120000000000578e-01
1.780000000000000000e+04 9.204080000000000039e-01
1.790000000000000000e+04 9.362040000000000362e-01
1.800000000000000000e+04 9.326800000000000646e-01
1.810000000000000000e+04 9.521600000000000064e-01
1.820000000000000000e+04 9.394039999999999058e-01
1.830000000000000000e+04 9.343719999999999803e-01
1.840000000000000000e+04 9.409640000000000226e-01
1.850000000000000000e+04 9.388680000000000359e-01
1.860000000000000000e+04 9.452719999999998901e-01
1.870000000000000000e+04 9.472679999999998879e-01
1.880000000000000000e+04 9.376679999999999460e-01
1.890000000000000000e+04 9.452479999999999771e-01
1.900000000000000000e+04 9.409119999999999706e-01
1.910000000000000000e+04 9.434280000000000443e-01
1.920000000000000000e+04 9.451159999999999561e-01
1.930000000000000000e+04 9.428720000000001544e-01
1.940000000000000000e+04 9.562920000000000309e-01
1.950000000000000000e+04 9.453719999999999901e-01
1.960000000000000000e+04 9.375360000000000360e-01
1.970000000000000000e+04 9.416279999999999095e-01
1.980000000000000000e+04 9.457799999999998430e-01
1.990000000000000000e+04 9.425200000000000244e-01
2.000000000000000000e+04 9.554279999999999440e-01
2.010000000000000000e+04 9.418839999999999435e-01
2.020000000000000000e+04 9.426319999999999144e-01
2.030000000000000000e+04 9.497399999999999176e-01
2.040000000000000000e+04 9.410200000000000786e-01
2.050000000000000000e+04 9.420959999999998224e-01
2.060000000000000000e+04 9.492039999999999367e-01
2.070000000000000000e+04 9.470839999999999259e-01
2.080000000000000000e+04 9.491399999999999837e-01
2.090000000000000000e+04 9.367040000000000921e-01
2.100000000000000000e+04 9.562440000000000939e-01
2.110000000000000000e+04 9.453560000000000851e-01
2.120000000000000000e+04 9.422279999999998434e-01
2.130000000000000000e+04 9.501399999999998736e-01
2.140000000000000000e+04 9.502359999999999696e-01
2.150000000000000000e+04 9.470160000000000800e-01
2.160000000000000000e+04 9.367359999999999021e-01
2.170000000000000000e+04 9.516480000000002715e-01
2.180000000000000000e+04 9.489480000000001247e-01
2.190000000000000000e+04 9.508600000000000385e-01
2.200000000000000000e+04 9.435519999999999463e-01
2.210000000000000000e+04 9.507839999999999625e-01
2.220000000000000000e+04 9.492519999999999847e-01
2.230000000000000000e+04 9.285480000000000400e-01
2.240000000000000000e+04 9.540680000000001382e-01
2.250000000000000000e+04 9.501639999999998976e-01
2.260000000000000000e+04 9.512319999999999665e-01
2.270000000000000000e+04 9.506359999999999255e-01
2.280000000000000000e+04 9.471999999999999309e-01
2.290000000000000000e+04 9.500079999999999636e-01
2.300000000000000000e+04 9.354319999999998192e-01
2.310000000000000000e+04 9.496760000000000757e-01
2.320000000000000000e+04 9.498320000000000096e-01
2.330000000000000000e+04 9.448400000000000132e-01
2.340000000000000000e+04 9.462200000000000610e-01
2.350000000000000000e+04 9.463599999999999790e-01
2.360000000000000000e+04 9.477199999999998958e-01
2.370000000000000000e+04 9.440319999999998712e-01
2.380000000000000000e+04 9.551440000000001040e-01
2.390000000000000000e+04 9.492159999999999487e-01
2.400000000000000000e+04 9.589319999999998956e-01
2.410000000000000000e+04 9.518720000000000514e-01
2.420000000000000000e+04 9.444679999999999742e-01
2.430000000000000000e+04 9.444759999999999822e-01
2.440000000000000000e+04 9.484679999999999778e-01
2.450000000000000000e+04 9.464639999999999720e-01
2.460000000000000000e+04 9.470640000000000169e-01
2.470000000000000000e+04 9.605960000000000054e-01
2.480000000000000000e+04 9.463279999999999470e-01
2.490000000000000000e+04 9.489720000000000377e-01
2.500000000000000000e+04 9.540759999999999241e-01
2.510000000000000000e+04 9.467479999999999229e-01
2.520000000000000000e+04 9.591640000000000166e-01
2.530000000000000000e+04 9.492880000000000207e-01
2.540000000000000000e+04 9.454960000000001141e-01
2.550000000000000000e+04 9.513759999999997774e-01
2.560000000000000000e+04 9.582399999999999807e-01
2.570000000000000000e+04 9.532559999999998812e-01
2.580000000000000000e+04 9.562000000000000499e-01
2.590000000000000000e+04 9.590879999999999406e-01
2.600000000000000000e+04 9.498240000000000016e-01
2.610000000000000000e+04 9.431719999999998993e-01
2.620000000000000000e+04 9.481439999999999868e-01
2.630000000000000000e+04 9.519079999999999764e-01
2.640000000000000000e+04 9.487400000000000277e-01
2.650000000000000000e+04 9.562960000000000349e-01
2.660000000000000000e+04 9.576159999999999117e-01
2.670000000000000000e+04 9.433599999999999763e-01
2.680000000000000000e+04 9.481199999999999628e-01
2.690000000000000000e+04 9.316560000000000397e-01
2.700000000000000000e+04 9.532559999999998812e-01
2.710000000000000000e+04 9.395519999999999428e-01
2.720000000000000000e+04 9.556879999999999820e-01
2.730000000000000000e+04 9.431440000000000934e-01
2.740000000000000000e+04 9.365160000000001261e-01
2.750000000000000000e+04 9.538079999999999892e-01
2.760000000000000000e+04 9.442559999999999842e-01
2.770000000000000000e+04 9.495239999999999236e-01
2.780000000000000000e+04 9.487560000000000437e-01
2.790000000000000000e+04 9.553959999999999120e-01
2.800000000000000000e+04 9.418560000000000265e-01
2.810000000000000000e+04 9.449440000000000062e-01
2.820000000000000000e+04 9.529159999999999853e-01
2.830000000000000000e+04 9.562479999999999869e-01
2.840000000000000000e+04 9.567440000000000389e-01
2.850000000000000000e+04 9.529080000000000883e-01
2.860000000000000000e+04 9.575119999999999187e-01
2.870000000000000000e+04 9.518719999999999404e-01
2.880000000000000000e+04 9.545359999999999401e-01
2.890000000000000000e+04 9.458319999999998950e-01
2.900000000000000000e+04 9.503160000000000496e-01
2.910000000000000000e+04 9.540679999999999161e-01
2.920000000000000000e+04 9.478559999999999208e-01
2.930000000000000000e+04 9.546120000000000161e-01
2.940000000000000000e+04 9.550799999999999290e-01
2.950000000000000000e+04 9.519759999999999334e-01
2.960000000000000000e+04 9.589039999999999786e-01
2.970000000000000000e+04 9.641399999999999970e-01
2.980000000000000000e+04 9.476279999999999148e-01
2.990000000000000000e+04 9.582279999999998576e-01
3.000000000000000000e+04 9.441840000000000233e-01
