0.000000000000000000e+00 4.799840915748568859e-01
1.000000000000000000e+02 3.814118534639636127e-01
2.000000000000000000e+02 3.986017428294257314e-01
3.000000000000000000e+02 4.267852819022958655e-01
4.000000000000000000e+02 4.293492196793557425e-01
5.000000000000000000e+02 4.248031809470805831e-01
6.000000000000000000e+02 4.285184755560841330e-01
7.000000000000000000e+02 4.466306311469613877e-01
8.000000000000000000e+02 4.497792038868895226e-01
9.000000000000000000e+02 4.531411060235633892e-01
1.000000000000000000e+03 4.678692268588409697e-01
1.100000000000000000e+03 4.501505324085617321e-01
1.200000000000000000e+03 4.423556079348970327e-01
1.300000000000000000e+03 4.313758007310831144e-01
1.400000000000000000e+03 4.810173195409591096e-01
1.500000000000000000e+03 4.429474739860297938e-01
1.600000000000000000e+03 4.612752378339404769e-01
1.700000000000000000e+03 4.711998757774635838e-01
1.800000000000000000e+03 4.573907460871682318e-01
1.900000000000000000e+03 4.855260711490642644e-01
2.000000000000000000e+03 4.785617733108676330e-01
2.100000000000000000e+03 4.498947152104815217e-01
2.200000000000000000e+03 4.774761675489451185e-01
2.300000000000000000e+03 4.743244552370891598e-01
2.400000000000000000e+03 4.783288501333856635e-01
2.500000000000000000e+03 5.012280983085322106e-01
2.600000000000000000e+03 4.775015010625707768e-01
2.700000000000000000e+03 4.967799334450212490e-01
2.800000000000000000e+03 4.858372847151006813e-01
2.900000000000000000e+03 4.958855596496442031e-01
3.000000000000000000e+03 5.001250233554234148e-01
3.100000000000000000e+03 4.815474823696247464e-01
3.200000000000000000e+03 5.028433608337570249e-01
3.300000000000000000e+03 5.182786297569712541e-01
3.400000000000000000e+03 5.064879807009529111e-01
3.500000000000000000e+03 5.506554986299844190e-01
3.600000000000000000e+03 5.341824278318814123e-01
3.700000000000000000e+03 5.375629816868862099e-01
3.800000000000000000e+03 5.244917288418756707e-01
3.900000000000000000e+03 5.361720809041981006e-01
4.000000000000000000e+03 5.555147573384662252e-01
4.100000000000000000e+03 5.541867276701775147e-01
4.200000000000000000e+03 5.486431908458331286e-01
4.300000000000000000e+03 5.770820211696827684e-01
4.400000000000000000e+03 5.689637871633326238e-01
4.500000000000000000e+03 5.742603704393320907e-01
4.600000000000000000e+03 5.571365246246161584e-01
4.700000000000000000e+03 5.845329562282547409e-01
4.800000000000000000e+03 6.051874649941001438e-01
4.900000000000000000e+03 6.108070690487009680e-01
5.000000000000000000e+03 6.006648996558777709e-01
5.100000000000000000e+03 5.983770021620662405e-01
5.200000000000000000e+03 6.076438503361534238e-01
5.300000000000000000e+03 6.072817345364146524e-01
5.400000000000000000e+03 6.121324560119865144e-01
5.500000000000000000e+03 6.459881558976693361e-01
5.600000000000000000e+03 6.218509896385837621e-01
5.700000000000000000e+03 6.044984211629129689e-01
5.800000000000000000e+03 6.555922375299508831e-01
5.900000000000000000e+03 6.358054274397779704e-01
6.000000000000000000e+03 6.365210981810394131e-01
6.100000000000000000e+03 6.445529412943841185e-01
6.200000000000000000e+03 6.566193623262127632e-01
6.300000000000000000e+03 6.670420692211505020e-01
6.400000000000000000e+03 7.107498137522938464e-01
6.500000000000000000e+03 6.554123301800885981e-01
6.600000000000000000e+03 6.536011260776612986e-01
6.700000000000000000e+03 6.967161632105718372e-01
6.800000000000000000e+03 6.967464119540571765e-01
6.900000000000000000e+03 7.026955338603940726e-01
7.000000000000000000e+03 7.051343566249357320e-01
7.100000000000000000e+03 7.268159742813286028e-01
7.200000000000000000e+03 7.094224407307846425e-01
7.300000000000000000e+03 7.161656460336562890e-01
7.400000000000000000e+03 6.997991888560604057e-01
7.500000000000000000e+03 7.001204674716187126e-01
7.600000000000000000e+03 7.322201831050005882e-01
7.700000000000000000e+03 7.247436867385177450e-01
7.800000000000000000e+03 7.156504632569112845e-01
7.900000000000000000e+03 7.488587223804946680e-01
8.000000000000000000e+03 7.412423352363474160e-01
8.100000000000000000e+03 7.388973593811996032e-01
8.200000000000000000e+03 7.440147756259003486e-01
8.300000000000000000e+03 7.499415373295881260e-01
8.400000000000000000e+03 7.889561758363763389e-01
8.500000000000000000e+03 7.517106260918290372e-01
8.600000000000000000e+03 7.467231211208518182e-01
8.700000000000000000e+03 7.570244551726604820e-01
8.800000000000000000e+03 7.614231172163669070e-01
8.900000000000000000e+03 7.812810188677852263e-01
9.000000000000000000e+03 7.602379486286772181e-01
9.100000000000000000e+03 7.722541608720547845e-01
9.200000000000000000e+03 8.101329122455276366e-01
9.300000000000000000e+03 8.095249808888600462e-01
9.400000000000000000e+03 7.926157506891398086e-01
9.500000000000000000e+03 7.880964683659233971e-01
9.600000000000000000e+03 7.978647403708500896e-01
9.700000000000000000e+03 8.203280215053607716e-01
9.800000000000000000e+03 7.853447869214391641e-01
9.900000000000000000e+03 8.014778757418472566e-01
1.000000000000000000e+04 8.332663281870452687e-01
1.010000000000000000e+04 8.225103958868500431e-01
1.020000000000000000e+04 8.140021501439359541e-01
1.030000000000000000e+04 7.935231543674162724e-01
1.040000000000000000e+04 8.272928744923171429e-01
1.050000000000000000e+04 8.130429332092631300e-01
1.060000000000000000e+04 8.237328574874087650e-01
1.070000000000000000e+04 8.127531869635197248e-01
1.080000000000000000e+04 8.419191245231445464e-01
1.090000000000000000e+04 8.346220182964740886e-01
1.100000000000000000e+04 8.327829313246284393e-01
1.110000000000000000e+04 8.187661951126249393e-01
1.120000000000000000e+04 8.188000170097560204e-01
1.130000000000000000e+04 8.195955553767866331e-01
1.140000000000000000e+04 8.444805045135461707e-01
1.150000000000000000e+04 8.522582474581990031e-01
1.160000000000000000e+04 8.437867405856618319e-01
1.170000000000000000e+04 8.409954922597493443e-01
1.180000000000000000e+04 8.318358045527862732e-01
1.190000000000000000e+04 8.594674618239575015e-01
1.200000000000000000e+04 8.547747349493572955e-01
1.210000000000000000e+04 8.428255631403167580e-01
1.220000000000000000e+04 8.565973354645550764e-01
1.230000000000000000e+04 8.594835010386436824e-01
1.240000000000000000e+04 8.492494647391002349e-01
1.250000000000000000e+04 8.393177023063791431e-01
1.260000000000000000e+04 8.642647263860782081e-01
1.270000000000000000e+04 8.446914441337496360e-01
1.280000000000000000e+04 8.582460676731376026e-01
1.290000000000000000e+04 8.699051143799565455e-01
1.300000000000000000e+04 8.701502374444807231e-01
1.310000000000000000e+04 8.664541660784246258e-01
1.320000000000000000e+04 8.686185730150600692e-01
1.330000000000000000e+04 8.714414554684515313e-01
1.340000000000000000e+04 8.650728254645279058e-01
1.350000000000000000e+04 8.916628346721784393e-01
1.360000000000000000e+04 8.835815726026244876e-01
1.370000000000000000e+04 8.615742111292805649e-01
1.380000000000000000e+04 8.862224899105684006e-01
1.390000000000000000e+04 8.904354149906257287e-01
1.400000000000000000e+04 8.946368431444422509e-01
1.410000000000000000e+04 8.850022438699390870e-01
1.420000000000000000e+04 9.003398914396745223e-01
1.430000000000000000e+04 9.212780442271149006e-01
1.440000000000000000e+04 8.881714026919234062e-01
1.450000000000000000e+04 8.995126795802478314e-01
1.460000000000000000e+04 9.038568827769344338e-01
1.470000000000000000e+04 8.923096784285503569e-01
1.480000000000000000e+04 9.094295280129980341e-01
1.490000000000000000e+04 8.868859637914869865e-01
1.500000000000000000e+04 9.037326141083940056e-01
1.510000000000000000e+04 9.069643294344649220e-01
1.520000000000000000e+04 9.296823050642885056e-01
1.530000000000000000e+04 9.104288326843802404e-01
1.540000000000000000e+04 9.218069296977903226e-01
1.550000000000000000e+04 9.259973038710362925e-01
1.560000000000000000e+04 9.316990152653836788e-01
1.570000000000000000e+04 9.235762118422728983e-01
1.580000000000000000e+04 9.170738203316186610e-01
1.590000000000000000e+04 9.155203037815381473e-01
1.600000000000000000e+04 9.237137950417024790e-01
1.610000000000000000e+04 9.383780188956051260e-01
1.620000000000000000e+04 9.383964018606231194e-01
1.630000000000000000e+04 9.315642966192011487e-01
1.640000000000000000e+04 9.361115449426319346e-01
1.650000000000000000e+04 9.350610482141168411e-01
1.660000000000000000e+04 9.334503313678267356e-01
1.670000000000000000e+04 9.415182145592050356e-01
1.680000000000000000e+04 9.349568817594597903e-01
1.690000000000000000e+04 9.426547387863732919e-01
1.700000000000000000e+04 9.424670974624798081e-01
1.710000000000000000e+04 9.362300237319490792e-01
1.720000000000000000e+04 9.335362212550676331e-01
1.730000000000000000e+04 9.388990295722827728e-01
1.740000000000000000e+04 9.429744503405141920e-01
1.750000000000000000e+04 9.478205913107144998e-01
1.760000000000000000e+04 9.444114144747518536e-01
1.770000000000000000e+04 9.378265250059970581e-01
1.780000000000000000e+04 9.356331431895927864e-01
1.790000000000000000e+04 9.423665094470459191e-01
1.800000000000000000e+04 9.485549649981799281e-01
1.810000000000000000e+04 9.510785276752536932e-01
1.820000000000000000e+04 9.381785617152933465e-01
1.830000000000000000e+04 9.424610269198415713e-01
1.840000000000000000e+04 9.394776466051895092e-01
1.850000000000000000e+04 9.526176411765645557e-01
1.860000000000000000e+04 9.533310261718873635e-01
1.870000000000000000e+04 9.518673989364825339e-01
1.880000000000000000e+04 9.409089521887132879e-01
1.890000000000000000e+04 9.486996517990309297e-01
1.900000000000000000e+04 9.536836103541228571e-01
1.910000000000000000e+04 9.527272462089659832e-01
1.920000000000000000e+04 9.475901268800859256e-01
1.930000000000000000e+04 9.511353128818869074e-01
1.940000000000000000e+04 9.502700007375165514e-01
1.950000000000000000e+04 9.472526261204243792e-01
1.960000000000000000e+04 9.420897406486226089e-01
1.970000000000000000e+04 9.526726199571897702e-01
1.980000000000000000e+04 9.556917602857337712e-01
1.990000000000000000e+04 9.580878176846139294e-01
2.000000000000000000e+04 9.567955318117354890e-01
2.010000000000000000e+04 9.437169062054495683e-01
2.020000000000000000e+04 9.530894264542024708e-01
2.030000000000000000e+04 9.522545280765175590e-01
2.040000000000000000e+04 9.525098722349005786e-01
2.050000000000000000e+04 9.468409863639845048e-01
2.060000000000000000e+04 9.532054380443837349e-01
2.070000000000000000e+04 9.499666741583880913e-01
2.080000000000000000e+04 9.599925643647360118e-01
2.090000000000000000e+04 9.540316502348868966e-01
2.100000000000000000e+04 9.532053715169728214e-01
2.110000000000000000e+04 9.530005785434150223e-01
2.120000000000000000e+04 9.531108022610633723e-01
2.130000000000000000e+04 9.567067633832188056e-01
2.140000000000000000e+04 9.554237564382461745e-01
2.150000000000000000e+04 9.584001756246185444e-01
2.160000000000000000e+04 9.546633897006880920e-01
2.170000000000000000e+04 9.523524555578649631e-01
2.180000000000000000e+04 9.515367573243520560e-01
2.190000000000000000e+04 9.506865888104568674e-01
2.200000000000000000e+04 9.560493993997450923e-01
2.210000000000000000e+04 9.503215977787109470e-01
2.220000000000000000e+04 9.571974916234937680e-01
2.230000000000000000e+04 9.546035223064388564e-01
2.240000000000000000e+04 9.582343460436473226e-01
2.250000000000000000e+04 9.583891551009822152e-01
2.260000000000000000e+04 9.509666432794602331e-01
2.270000000000000000e+04 9.502154582738880917e-01
2.280000000000000000e+04 9.545683401740004959e-01
2.290000000000000000e+04 9.461005468685930175e-01
2.300000000000000000e+04 9.524238718268129844e-01
2.310000000000000000e+04 9.555554249596499572e-01
2.320000000000000000e+04 9.562128017294728721e-01
2.330000000000000000e+04 9.611278663222199148e-01
2.340000000000000000e+04 9.596441024122275287e-01
2.350000000000000000e+04 9.536232853210692140e-01
2.360000000000000000e+04 9.623255839645040721e-01
2.370000000000000000e+04 9.582979196862689841e-01
2.380000000000000000e+04 9.598916364292712222e-01
2.390000000000000000e+04 9.531584289779810870e-01
2.400000000000000000e+04 9.484083683067262571e-01
2.410000000000000000e+04 9.552523151874473539e-01
2.420000000000000000e+04 9.598253103111026308e-01
2.430000000000000000e+04 9.590989853782942998e-01
2.440000000000000000e+04 9.516950674222028894e-01
2.450000000000000000e+04 9.498984555620562098e-01
2.460000000000000000e+04 9.613193984758816590e-01
2.470000000000000000e+04 9.509845342055973649e-01
2.480000000000000000e+04 9.571169041921738785e-01
2.490000000000000000e+04 9.593312463092501519e-01
2.500000000000000000e+04 9.649752686605619356e-01
2.510000000000000000e+04 9.543331858454546790e-01
2.520000000000000000e+04 9.641390562598343150e-01
2.530000000000000000e+04 9.456118767622643251e-01
2.540000000000000000e+04 9.564660740064920841e-01
2.550000000000000000e+04 9.505996474446177791e-01
2.560000000000000000e+04 9.440905019644061369e-01
2.570000000000000000e+04 9.610679907872482497e-01
2.580000000000000000e+04 9.631757187140783660e-01
2.590000000000000000e+04 9.570067768020883436e-01
2.600000000000000000e+04 9.624572770210610972e-01
2.610000000000000000e+04 9.558015017699533766e-01
2.620000000000000000e+04 9.611441444780349785e-01
2.630000000000000000e+04 9.532312140378267351e-01
2.640000000000000000e+04 9.524337012080204001e-01
2.650000000000000000e+04 9.634413497873647314e-01
2.660000000000000000e+04 9.620314137135868027e-01
2.670000000000000000e+04 9.454300207658224986e-01
2.680000000000000000e+04 9.622571499968954889e-01
2.690000000000000000e+04 9.506089831714690241e-01
2.700000000000000000e+04 9.599660402152104810e-01
2.710000000000000000e+04 9.610069413531242555e-01
2.720000000000000000e+04 9.632328156813533271e-01
2.730000000000000000e+04 9.621625518325901405e-01
2.740000000000000000e+04 9.648202903704503619e-01
2.750000000000000000e+04 9.505995338537973627e-01
2.760000000000000000e+04 9.647740646503266682e-01
2.770000000000000000e+04 9.521997995815650873e-01
2.780000000000000000e+04 9.619359758544840933e-01
2.790000000000000000e+04 9.545405423689552471e-01
2.800000000000000000e+04 9.577635565481170676e-01
2.810000000000000000e+04 9.581243909038008599e-01
2.820000000000000000e+04 9.523843497328221552e-01
2.830000000000000000e+04 9.570822957445769275e-01
2.840000000000000000e+04 9.538197997143758045e-01
2.850000000000000000e+04 9.589958277491386074e-01
2.860000000000000000e+04 9.583733314855463759e-01
2.870000000000000000e+04 9.574728551146751698e-01
2.880000000000000000e+04 9.456621059752221559e-01
2.890000000000000000e+04 9.611025398729875491e-01
2.900000000000000000e+04 9.496024502957411961e-01
2.910000000000000000e+04 9.591417854403699872e-01
2.920000000000000000e+04 9.593669525830179623e-01
2.930000000000000000e+04 9.557986467608912129e-01
2.940000000000000000e+04 9.613865587616898800e-01
2.950000000000000000e+04 9.600915650422776615e-01
2.960000000000000000e+04 9.632110763813916954e-01
2.970000000000000000e+04 9.531896050861202729e-01
2.980000000000000000e+04 9.537659542294065762e-01
2.990000000000000000e+04 9.532636183014009390e-01
3.000000000000000000e+04 9.551276307198984794e-01
