0.000000000000000000e+00 4.583400000000000252e-01
1.000000000000000000e+02 3.016719999999999957e-01
2.000000000000000000e+02 3.479560000000000430e-01
3.000000000000000000e+02 3.928280000000000105e-01
4.000000000000000000e+02 4.036000000000000143e-01
5.000000000000000000e+02 3.904680000000000373e-01
6.000000000000000000e+02 4.017000000000000015e-01
7.000000000000000000e+02 4.301880000000000148e-01
8.000000000000000000e+02 4.381479999999999819e-01
9.000000000000000000e+02 4.361760000000000637e-01
1.000000000000000000e+03 4.477480000000000349e-01
1.100000000000000000e+03 4.273800000000000376e-01
1.200000000000000000e+03 4.300559999999999938e-01
1.300000000000000000e+03 4.095519999999999716e-01
1.400000000000000000e+03 4.798479999999999968e-01
1.500000000000000000e+03 4.230160000000000031e-01
1.600000000000000000e+03 4.603400000000000825e-01
1.700000000000000000e+03 4.680520000000000236e-01
1.800000000000000000e+03 4.549039999999999750e-01
1.900000000000000000e+03 4.916120000000000489e-01
2.000000000000000000e+03 4.738880000000000314e-01
2.100000000000000000e+03 4.356640000000000512e-01
2.200000000000000000e+03 4.699759999999999494e-01
2.300000000000000000e+03 4.905479999999999841e-01
2.400000000000000000e+03 4.815480000000000316e-01
2.500000000000000000e+03 5.060560000000000613e-01
2.600000000000000000e+03 4.766480000000000716e-01
2.700000000000000000e+03 4.995200000000000196e-01
2.800000000000000000e+03 4.971760000000000068e-01
2.900000000000000000e+03 4.943359999999999976e-01
3.000000000000000000e+03 5.178359999999999630e-01
3.100000000000000000e+03 4.809119999999999506e-01
3.200000000000000000e+03 5.195359999999999978e-01
3.300000000000000000e+03 5.247919999999999252e-01
3.400000000000000000e+03 5.128280000000000616e-01
3.500000000000000000e+03 5.394200000000000106e-01
3.600000000000000000e+03 5.417440000000000033e-01
3.700000000000000000e+03 5.463839999999999808e-01
3.800000000000000000e+03 5.440319999999999601e-01
3.900000000000000000e+03 5.407919999999999394e-01
4.000000000000000000e+03 5.616799999999999571e-01
4.100000000000000000e+03 5.616600000000000481e-01
4.200000000000000000e+03 5.660319999999998686e-01
4.300000000000000000e+03 5.583240000000000425e-01
4.400000000000000000e+03 5.842080000000000606e-01
4.500000000000000000e+03 5.789720000000000422e-01
4.600000000000000000e+03 5.633879999999999999e-01
4.700000000000000000e+03 5.907679999999999598e-01
4.800000000000000000e+03 6.077879999999999949e-01
4.900000000000000000e+03 6.070719999999999450e-01
5.000000000000000000e+03 6.088079999999999048e-01
5.100000000000000000e+03 6.087759999999999838e-01
5.200000000000000000e+03 6.141199999999999992e-01
5.300000000000000000e+03 6.167320000000000579e-01
5.400000000000000000e+03 6.088400000000000478e-01
5.500000000000000000e+03 6.368880000000000097e-01
5.600000000000000000e+03 6.236599999999999921e-01
5.700000000000000000e+03 6.183639999999999137e-01
5.800000000000000000e+03 6.296359999999999735e-01
5.900000000000000000e+03 6.297079999999999345e-01
6.000000000000000000e+03 6.432439999999999269e-01
6.100000000000000000e+03 6.442720000000000669e-01
6.200000000000000000e+03 6.586880000000000512e-01
6.300000000000000000e+03 6.680800000000000072e-01
6.400000000000000000e+03 6.940560000000000063e-01
6.500000000000000000e+03 6.522000000000000020e-01
6.600000000000000000e+03 6.505679999999999241e-01
6.700000000000000000e+03 6.848559999999999093e-01
6.800000000000000000e+03 6.797119999999998718e-01
6.900000000000000000e+03 6.910299999999999221e-01
7.000000000000000000e+03 6.889440000000000008e-01
7.100000000000000000e+03 7.020880000000000454e-01
7.200000000000000000e+03 6.956280000000000241e-01
7.300000000000000000e+03 6.984519999999999618e-01
7.400000000000000000e+03 6.909879999999999356e-01
7.500000000000000000e+03 6.999239999999999906e-01
7.600000000000000000e+03 7.177639999999998466e-01
7.700000000000000000e+03 7.054279999999999440e-01
7.800000000000000000e+03 7.016640000000000654e-01
7.900000000000000000e+03 7.301520000000000232e-01
8.000000000000000000e+03 7.164759999999998907e-01
8.100000000000000000e+03 7.177240000000000286e-01
8.200000000000000000e+03 7.352119999999999767e-01
8.300000000000000000e+03 7.421640000000000459e-01
8.400000000000000000e+03 7.684800000000000519e-01
8.500000000000000000e+03 7.351599999999999246e-01
8.600000000000000000e+03 7.320440000000001390e-01
8.700000000000000000e+03 7.397799999999998821e-01
8.800000000000000000e+03 7.462360000000001214e-01
8.900000000000000000e+03 7.659279999999999422e-01
9.000000000000000000e+03 7.394640000000000102e-01
9.100000000000000000e+03 7.602719999999999478e-01
9.200000000000000000e+03 8.020759999999999001e-01
9.300000000000000000e+03 7.873240000000000238e-01
9.400000000000000000e+03 7.803440000000000376e-01
9.500000000000000000e+03 7.686560000000000059e-01
9.600000000000000000e+03 7.805479999999999086e-01
9.700000000000000000e+03 7.971679999999999877e-01
9.800000000000000000e+03 7.581360000000001431e-01
9.900000000000000000e+03 7.742360000000000353e-01
1.000000000000000000e+04 8.003199999999999203e-01
1.010000000000000000e+04 8.042599999999999749e-01
1.020000000000000000e+04 7.875159999999999938e-01
1.030000000000000000e+04 7.827919999999999323e-01
1.040000000000000000e+04 8.076720000000000566e-01
1.050000000000000000e+04 7.922839999999999883e-01
1.060000000000000000e+04 8.014640000000000652e-01
1.070000000000000000e+04 7.823159999999999004e-01
1.080000000000000000e+04 8.201000000000000512e-01
1.090000000000000000e+04 8.177920000000000744e-01
1.100000000000000000e+04 8.108680000000000332e-01
1.110000000000000000e+04 7.938359999999999861e-01
1.120000000000000000e+04 8.036719999999999420e-01
1.130000000000000000e+04 7.989920000000000355e-01
1.140000000000000000e+04 8.218600000000000350e-01
1.150000000000000000e+04 8.253159999999999386e-01
1.160000000000000000e+04 8.137960000000000749e-01
1.170000000000000000e+04 8.158560000000000256e-01
1.180000000000000000e+04 8.096959999999999713e-01
1.190000000000000000e+04 8.419999999999999707e-01
1.200000000000000000e+04 8.339400000000000146e-01
1.210000000000000000e+04 8.257920000000000815e-01
1.220000000000000000e+04 8.337719999999999576e-01
1.230000000000000000e+04 8.418919999999999737e-01
1.240000000000000000e+04 8.286320000000000352e-01
1.250000000000000000e+04 8.107600000000000362e-01
1.260000000000000000e+04 8.424920000000000186e-01
1.270000000000000000e+04 8.240119999999999667e-01
1.280000000000000000e+04 8.448959999999999804e-01
1.290000000000000000e+04 8.446879999999999944e-01
1.300000000000000000e+04 8.501959999999999518e-01
1.310000000000000000e+04 8.424800000000000066e-01
1.320000000000000000e+04 8.499240000000001238e-01
1.330000000000000000e+04 8.535199999999999454e-01
1.340000000000000000e+04 8.458880000000001953e-01
1.350000000000000000e+04 8.735319999999999752e-01
1.360000000000000000e+04 8.641039999999999832e-01
1.370000000000000000e+04 8.347120000000000095e-01
1.380000000000000000e+04 8.673120000000000829e-01
1.390000000000000000e+04 8.711759999999999504e-01
1.400000000000000000e+04 8.726359999999999673e-01
1.410000000000000000e+04 8.650439999999999241e-01
1.420000000000000000e+04 8.801280000000000214e-01
1.430000000000000000e+04 9.047159999999998536e-01
1.440000000000000000e+04 8.764600000000000168e-01
1.450000000000000000e+04 8.812879999999998493e-01
1.460000000000000000e+04 8.822280000000000122e-01
1.470000000000000000e+04 8.754639999999999089e-01
1.480000000000000000e+04 8.920120000000000271e-01
1.490000000000000000e+04 8.630880000000000773e-01
1.500000000000000000e+04 8.861600000000000588e-01
1.510000000000000000e+04 8.934079999999999799e-01
1.520000000000000000e+04 9.163760000000000794e-01
1.530000000000000000e+04 8.981879999999999864e-01
1.540000000000000000e+04 9.083080000000000043e-01
1.550000000000000000e+04 9.108240000000000780e-01
1.560000000000000000e+04 9.172839999999998772e-01
1.570000000000000000e+04 9.101960000000001161e-01
1.580000000000000000e+04 9.020399999999999530e-01
1.590000000000000000e+04 9.028920000000001389e-01
1.600000000000000000e+04 9.114240000000000119e-01
1.610000000000000000e+04 9.245039999999999925e-01
1.620000000000000000e+04 9.227279999999999927e-01
1.630000000000000000e+04 9.171799999999998843e-01
1.640000000000000000e+04 9.243040000000000145e-01
1.650000000000000000e+04 9.226360000000000117e-01
1.660000000000000000e+04 9.210279999999999578e-01
1.670000000000000000e+04 9.269080000000000652e-01
1.680000000000000000e+04 9.208319999999999839e-01
1.690000000000000000e+04 9.314559999999999507e-01
1.700000000000000000e+04 9.316640000000000477e-01
1.710000000000000000e+04 9.238279999999999825e-01
1.720000000000000000e+04 9.241799999999998905e-01
1.730000000000000000e+04 9.273600000000000732e-01
1.740000000000000000e+04 9.369319999999998760e-01
1.750000000000000000e+04 9.392800000000001148e-01
1.760000000000000000e+04 9.374120000000000230e-01
1.770000000000000000e+04 9.285320000000001350e-01
1.780000000000000000e+04 9.254720000000000724e-01
1.790000000000000000e+04 9.275800000000000711e-01
1.800000000000000000e+04 9.417079999999999895e-01
1.810000000000000000e+04 9.409279999999999866e-01
1.820000000000000000e+04 9.278199999999999781e-01
1.830000000000000000e+04 9.322960000000000136e-01
1.840000000000000000e+04 9.298039999999998528e-01
1.850000000000000000e+04 9.513040000000000385e-01
1.860000000000000000e+04 9.427959999999999674e-01
1.870000000000000000e+04 9.434480000000000643e-01
1.880000000000000000e+04 9.260999999999999233e-01
1.890000000000000000e+04 9.403959999999998987e-01
1.900000000000000000e+04 9.443840000000001123e-01
1.910000000000000000e+04 9.448759999999999382e-01
1.920000000000000000e+04 9.404720000000001967e-01
1.930000000000000000e+04 9.444759999999999822e-01
1.940000000000000000e+04 9.429800000000000404e-01
1.950000000000000000e+04 9.389480000000000048e-01
1.960000000000000000e+04 9.327239999999999975e-01
1.970000000000000000e+04 9.444599999999999662e-01
1.980000000000000000e+04 9.532960000000000322e-01
1.990000000000000000e+04 9.520239999999999814e-01
2.000000000000000000e+04 9.509119999999999795e-01
2.010000000000000000e+04 9.314800000000000857e-01
2.020000000000000000e+04 9.444680000000000852e-01
2.030000000000000000e+04 9.442519999999999802e-01
2.040000000000000000e+04 9.440640000000001253e-01
2.050000000000000000e+04 9.401000000000000467e-01
2.060000000000000000e+04 9.457120000000001081e-01
2.070000000000000000e+04 9.385519999999999419e-01
2.080000000000000000e+04 9.530159999999998632e-01
2.090000000000000000e+04 9.474519999999999609e-01
2.100000000000000000e+04 9.421400000000000885e-01
2.110000000000000000e+04 9.451240000000000752e-01
2.120000000000000000e+04 9.460439999999999960e-01
2.130000000000000000e+04 9.480760000000000298e-01
2.140000000000000000e+04 9.505760000000000876e-01
2.150000000000000000e+04 9.525719999999999743e-01
2.160000000000000000e+04 9.480920000000000458e-01
2.170000000000000000e+04 9.429399999999998894e-01
2.180000000000000000e+04 9.466279999999999140e-01
2.190000000000000000e+04 9.423080000000000345e-01
2.200000000000000000e+04 9.477960000000000829e-01
2.210000000000000000e+04 9.416319999999998025e-01
2.220000000000000000e+04 9.520799999999999264e-01
2.230000000000000000e+04 9.469160000000000910e-01
2.240000000000000000e+04 9.546320000000000361e-01
2.250000000000000000e+04 9.524439999999998463e-01
2.260000000000000000e+04 9.430439999999999934e-01
2.270000000000000000e+04 9.417680000000000495e-01
2.280000000000000000e+04 9.475000000000001199e-01
2.290000000000000000e+04 9.390040000000000608e-01
2.300000000000000000e+04 9.460920000000000440e-01
2.310000000000000000e+04 9.460680000000000200e-01
2.320000000000000000e+04 9.495000000000000107e-01
2.330000000000000000e+04 9.549800000000001621e-01
2.340000000000000000e+04 9.566320000000000379e-01
2.350000000000000000e+04 9.452599999999999891e-01
2.360000000000000000e+04 9.563920000000000199e-01
2.370000000000000000e+04 9.533679999999999932e-01
2.380000000000000000e+04 9.519039999999999724e-01
2.390000000000000000e+04 9.450000000000000622e-01
2.400000000000000000e+04 9.403639999999999777e-01
2.410000000000000000e+04 9.451200000000000712e-01
2.420000000000000000e+04 9.525039999999999063e-01
2.430000000000000000e+04 9.512799999999999034e-01
2.440000000000000000e+04 9.422479999999999745e-01
2.450000000000000000e+04 9.401399999999999757e-01
2.460000000000000000e+04 9.548799999999999510e-01
2.470000000000000000e+04 9.424919999999999964e-01
2.480000000000000000e+04 9.500159999999999716e-01
2.490000000000000000e+04 9.536999999999999922e-01
2.500000000000000000e+04 9.603040000000000465e-01
2.510000000000000000e+04 9.441399999999999793e-01
2.520000000000000000e+04 9.577039999999999997e-01
2.530000000000000000e+04 9.382759999999999989e-01
2.540000000000000000e+04 9.496359999999999246e-01
2.550000000000000000e+04 9.434679999999999733e-01
2.560000000000000000e+04 9.393039999999999168e-01
2.570000000000000000e+04 9.584400000000001807e-01
2.580000000000000000e+04 9.591920000000000446e-01
2.590000000000000000e+04 9.505360000000000475e-01
2.600000000000000000e+04 9.582040000000000557e-01
2.610000000000000000e+04 9.496280000000000276e-01
2.620000000000000000e+04 9.548519999999999230e-01
2.630000000000000000e+04 9.454279999999999351e-01
2.640000000000000000e+04 9.440279999999999783e-01
2.650000000000000000e+04 9.579760000000000497e-01
2.660000000000000000e+04 9.545799999999999841e-01
2.670000000000000000e+04 9.361199999999999521e-01
2.680000000000000000e+04 9.574960000000000138e-01
2.690000000000000000e+04 9.422159999999999425e-01
2.700000000000000000e+04 9.569799999999999418e-01
2.710000000000000000e+04 9.567679999999999518e-01
2.720000000000000000e+04 9.602479999999999905e-01
2.730000000000000000e+04 9.556200000000001360e-01
2.740000000000000000e+04 9.595120000000000315e-01
2.750000000000000000e+04 9.444239999999999302e-01
2.760000000000000000e+04 9.601320000000000965e-01
2.770000000000000000e+04 9.464839999999999920e-01
2.780000000000000000e+04 9.566040000000000099e-01
2.790000000000000000e+04 9.456040000000001111e-01
2.800000000000000000e+04 9.524519999999999653e-01
2.810000000000000000e+04 9.544359999999999511e-01
2.820000000000000000e+04 9.483239999999999448e-01
2.830000000000000000e+04 9.508760000000000545e-01
2.840000000000000000e+04 9.465679999999999650e-01
2.850000000000000000e+04 9.531440000000001023e-01
2.860000000000000000e+04 9.511840000000000295e-01
2.870000000000000000e+04 9.522960000000000313e-01
2.880000000000000000e+04 9.403279999999999417e-01
2.890000000000000000e+04 9.523199999999999443e-01
2.900000000000000000e+04 9.418879999999999475e-01
2.910000000000000000e+04 9.543799999999998951e-01
2.920000000000000000e+04 9.542559999999998821e-01
2.930000000000000000e+04 9.491320000000000867e-01
2.940000000000000000e+04 9.552360000000000850e-01
2.950000000000000000e+04 9.563120000000000509e-01
2.960000000000000000e+04 9.589880000000000626e-01
2.970000000000000000e+04 9.452239999999999531e-01
2.980000000000000000e+04 9.447879999999999612e-01
2.990000000000000000e+04 9.485680000000000778e-01
3.000000000000000000e+04 9.477119999999998878e-01
