0
1
2
3
4
6
7
8
9
10
11
12
13
14
15
16
17
18
20
21
23
25
26
28
29
31
32
34
35
36
39
40
42
43
46
47
48
49
50
51
52
53
54
55
57
59
61
62
63
64
65
66
67
68
69
70
71
73
74
75
76
77
78
79
80
81
82
83
84
86
87
88
89
91
92
93
95
96
98
99
100
103
104
105
107
108
109
110
111
113
114
117
118
119
120
121
123
124
125
126
128
129
130
131
132
135
136
137
139
140
141
142
143
144
145
147
150
151
152
153
154
155
158
162
163
164
165
166
167
168
170
171
172
173
175
178
180
185
187
188
189
190
191
192
194
195
196
197
199
200
201
202
203
205
206
207
208
209
210
211
212
214
215
216
217
219
220
221
222
223
224
225
226
227
228
229
230
233
234
235
238
239
241
242
243
244
245
246
247
248
249
250
251
252
253
255
258
260
262
263
264
265
266
271
272
274
276
277
279
280
281
283
284
285
286
288
289
291
292
293
295
297
298
299
300
301
302
303
304
305
306
307
308
309
310
311
312
313
314
315
317
318
319
320
321
322
323
324
325
326
327
329
330
331
332
333
334
335
337
338
339
340
341
342
343
344
345
346
347
348
349
350
351
352
353
354
356
357
358
359
362
365
366
368
369
371
372
373
374
375
376
377
380
381
383
384
385
387
390
392
393
394
395
396
397
398
399
400
401
402
405
406
407
408
409
411
413
414
415
416
417
418
419
421
422
423
424
425
426
427
428
431
432
433
435
437
439
440
441
442
444
445
447
448
450
451
452
453
454
456
457
458
459
461
462
463
465
466
470
471
472
474
475
476
477
479
481
482
486
487
489
490
491
492
493
495
496
497
498
499
500
503
505
506
508
510
511
515
516
517
518
520
521
524
525
526
528
529
530
531
532
534
535
537
538
539
541
543
549
550
552
553
554
555
556
558
560
561
563
564
565
566
567
569
572
573
574
575
576
577
578
581
582
583
586
594
595
600
602
606
608
609
610
611
612
614
615
616
618
619
621
623
626
635
636
637
639
643
644
645
647
648
650
654
656
657
659
660
661
662
663
665
666
671
673
674
675
676
677
678
679
680
681
682
683
684
685
686
687
689
690
694
697
698
700
701
702
703
704
705
706
707
708
710
711
712
715
718
719
720
721
722
724
725
727
729
730
734
738
740
741
744
745
746
747
748
749
751
752
754
755
756
759
765
770
771
773
774
775
776
782
784
786
788
790
791
794
795
798
801
804
805
808
809
813
815
816
817
821
823
824
827
828
830
832
837
838
840
843
844
845
846
847
848
852
853
855
860
863
866
869
871
872
873
877
879
882
883
884
885
886
889
890
894
895
896
897
898
899
900
901
903
905
906
907
911
912
916
917
918
920
921
923
924
926
927
928
929
931
932
933
935
936
938
939
942
944
945
946
947
948
955
956
957
958
964
965
966
967
968
969
970
972
973
975
976
977
978
981
982
983
986
988
991
993
998
999
1000
1002
1003
1004
1005
1007
1008
1013
1016
1017
1019
1020
1021
1022
1023
1025
1026
1027
1029
1030
1031
1036
1038
1039
1042
1043
1044
1045
1047
1048
1049
1051
1053
1055
1056
1057
1058
1059
1061
1062
1063
1064
1065
1067
1068
1069
1070
1071
1075
1076
1078
1079
1080
1081
1082
1083
1084
1085
1086
1087
1088
1089
1090
1093
1095
1096
1097
1098
1099
1100
1104
1105
1106
1107
1109
1110
1111
1113
1114
1115
1117
1119
1120
1122
1125
1126
1128
1132
1133
1134
1135
1136
1137
1138
1139
1140
1141
1142
1143
1144
1145
1146
1148
1149
1151
1152
1153
1154
1156
1157
1158
1159
1160
1162
1165
1166
1167
1168
1170
1171
1172
1173
1175
1176
1177
1178
1179
1180
1181
1182
1183
1185
1187
1188
1192
1195
1197
1198
1199
1200
1201
1202
1207
1209
1210
1211
1212
1213
1214
1215
1216
1217
1218
1220
1223
1224
1227
1231
1232
1233
1234
1235
1236
1237
1238
1239
1240
1241
1243
1245
1246
1247
1249
1251
1252
1253
1254
1255
1256
1257
1258
1259
1260
1261
1263
1264
1268
1270
1272
1273
1274
1275
1276
1277
1278
1279
1280
1282
1284
1288
1289
1290
1291
1292
1293
1294
1296
1297
1298
1299
1300
1301
1302
1303
1304
1305
1307
1308
1309
1311
1312
1313
1314
1315
1317
1319
1320
1321
1322
1323
1324
1327
1328
1329
1330
1332
1338
1339
1340
1341
1342
1343
1345
1346
1347
1348
1351
1352
1354
1355
1356
1357
1359
1360
1361
1363
1364
1365
1366
1367
1368
1369
1370
1371
1372
1373
1374
1376
1378
1380
1381
1384
1385
1386
1387
1388
1389
1391
1393
1395
1396
1397
1398
1399
1400
1401
1404
1405
1407
1409
1410
1411
1413
1414
1415
1418
1419
1421
1422
1423
1424
1425
1426
1427
1428
1430
1432
1433
1435
1437
1438
1439
1440
1442
1443
1444
1445
1446
1447
1451
1452
1453
1454
1455
1456
1457
1458
1459
1462
1466
1467
1469
1471
1472
1473
1474
1475
1476
1477
1478
1479
1480
1482
1483
1485
1487
1489
1490
1493
1494
1495
1496
1497
1499
1502
1503
1504
1507
1508
1510
1512
1514
1515
1516
1517
1518
1519
1520
1521
1522
1523
1524
1525
1526
1527
1528
1529
1530
1533
1536
1537
1538
1539
1540
1542
1543
1545
1547
1548
1549
1550
1552
1555
1556
1557
1561
1564
1567
1570
1571
1572
1574
1576
1578
1580
1582
1585
1587
1588
1589
1591
1592
1593
1595
1597
1598
1599
1600
1604
1606
1608
1609
1610
1611
1613
1615
1618
1619
1620
1622
1624
1626
1627
1629
1631
1632
1633
1635
1636
1639
1640
1641
1643
1645
1646
1647
1648
1650
1651
1655
1656
1657
1658
1660
1661
1662
1663
1665
1668
1669
1670
1673
1674
1675
1677
1679
1680
1685
1686
1687
1691
1693
1696
1697
1699
1700
1701
1703
1704
1706
1707
1708
1709
1710
1711
1713
1714
1717
1718
1720
1721
1722
1726
1727
1728
1730
1732
1733
1734
1735
1737
1739
1740
1741
1742
1743
1744
1747
1748
1750
1753
1755
1756
1757
1760
1764
1767
1768
1769
1770
1771
1772
1773
1774
1775
1777
1778
1779
1780
1781
1785
1786
1788
1790
1792
1793
1794
1795
1796
1797
1799
1800
1801
1802
1803
1804
1805
1807
1808
1810
1813
1815
1816
1817
1818
1820
1821
1824
1827
1828
1829
1831
1834
1835
1838
1839
1840
1843
1844
1845
1846
1848
1849
1851
1852
1853
1854
1855
1856
1857
1858
1859
1860
1861
1862
1865
1866
1867
1868
1869
1871
1872
1873
1874
1875
1877
1878
1879
1880
1881
1882
1885
1886
1887
1888
1889
1890
1891
1892
1897
1899
1901
1903
1904
1905
1906
1907
1908
1909
1910
1911
1912
1913
1914
1915
1916
1917
1918
1919
1920
1922
1923
1925
1926
1927
1928
1931
1934
1935
1936
1938
1940
1942
1944
1945
1946
1947
1948
1952
1953
1954
1955
1956
1960
1961
1963
1965
1967
1968
1969
1970
1971
1972
1974
1976
1979
1980
1982
1984
1985
1986
1987
1988
1989
1990
1991
1992
1995
1997
2000
2002
2004
2006
2007
2008
2009
2010
2011
2012
2013
2015
2018
2019
2020
2021
2024
2025
2026
2027
2031
2034
2035
2036
2038
2040
2041
2042
2043
2044
2045
2047
2050
2052
2053
2055
2057
2058
2059
2060
2062
2066
2067
2068
2069
2071
2072
2074
2075
2076
2077
2078
2080
2081
2082
2084
2085
2086
2088
2089
2090
2091
2093
2094
2095
2096
2097
2099
2100
2101
2102
2104
2105
2106
2107
2108
2109
2111
2112
2113
2114
2115
2116
2119
2120
2121
2122
2123
2124
2125
2126
2128
2130
2131
2132
2133
2134
2135
2136
2137
2138
2139
2140
2141
2142
2143
2144
2145
2147
2148
2149
2151
2152
2153
2154
2156
2157
2158
2159
2161
2162
2163
2164
2165
2167
2168
2169
2170
2172
2173
2175
2176
2177
2178
2179
2180
2181
2183
2184
2185
2186
2187
2189
2191
2192
2193
2194
2196
2197
2203
2204
2205
2206
2207
2209
2213
2214
2218
2220
2221
2222
2223
2224
2225
2228
2229
2230
2231
2233
2234
2235
2237
2240
2241
2242
2243
2244
2246
2247
2249
2253
2256
2257
2259
2260
2261
2263
2264
2265
2266
2267
2269
2270
2271
2272
2273
2274
2275
2277
2280
2281
2282
2283
2284
2285
2287
2288
2289
2290
2291
2292
2293
2294
2295
2296
2297
2299
2302
2304
2305
2307
2308
2309
2312
2315
2316
2317
2318
2320
2321
2322
2323
2326
2327
2328
2329
2333
2334
2336
2338
2339
2340
2341
2342
2343
2344
2345
2346
2347
2348
2349
2351
2352
2353
2354
2355
2356
2358
2359
2361
2362
2363
2364
2365
2366
2371
2372
2373
2376
2379
2381
2382
2385
2386
2387
2392
2395
2396
2398
2401
2402
2403
2404
2405
2406
2407
2408
2409
2410
2416
2418
2419
2420
2422
2423
2425
2429
2430
2432
2433
2434
2435
2436
2437
2438
2439
2440
2441
2442
2444
2445
2450
2451
2453
2455
2456
2457
2459
2461
2462
2463
2466
2469
2470
2471
2475
2478
2479
2481
2482
2484
2485
2486
2487
2489
2491
2492
2493
2495
2496
2498
2500
2501
2503
2504
2506
2507
2508
2509
2511
2513
2514
2515
2516
2519
2521
2522
2524
2525
2526
2527
2528
2529
2531
2532
2533
2536
2537
2538
2539
2540
2541
2543
2544
2545
2546
2547
2548
2549
2550
2553
2554
2555
2557
2558
2559
2560
2561
2563
2566
2567
2568
2569
2570
2571
2572
2573
2574
2576
2577
2579
2580
2581
2582
2583
2584
2585
2588
2589
2590
2592
2595
2597
2599
2600
2601
2602
2603
2604
2605
2607
2608
2609
2612
2614
2615
2617
2618
2619
2621
2622
2623
2624
2626
2628
2629
2631
2632
2633
2634
2635
2636
2638
2639
2640
2641
2644
2645
2647
2648
2649
2650
2651
2652
2654
2655
2656
2657
2658
2659
2660
2663
2665
2666
2667
2668
2669
2673
2674
2675
2676
2678
2679
2680
2682
2686
2690
2691
2693
2694
2695
2697
2698
2699
2702
2704
2705
2706
2708
2709
2711
2712
2714
2715
2717
2718
2719
2720
2721
2722
2724
2726
2727
2729
2730
2731
2732
2733
2734
2735
2737
2738
2740
2741
2742
2743
2744
2745
2747
2748
2751
2752
2753
2754
2755
2756
2757
2758
2760
2761
2762
2763
2764
2766
2767
2768
2772
2774
2776
2777
2778
2779
2780
2781
2782
2784
2785
2786
2787
2789
2791
2792
2793
2794
2795
2796
2797
2798
2800
2801
2803
2804
2807
2808
2809
2810
2811
2812
2813
2814
2815
2816
2817
2818
2820
2821
2824
2825
2826
2827
2828
2829
2831
2832
2833
2834
2835
2837
2838
2839
2840
2843
2845
2846
2847
2849
2850
2851
2852
2853
2854
2856
2857
2858
2859
2860
2861
2862
2863
2865
2866
2869
2870
2871
2872
2873
2874
2875
2876
2878
2879
2881
2882
2883
2884
2885
2886
2888
2889
2891
2892
2893
2895
2898
2900
2901
2902
2904
2905
2906
2907
2908
2911
2912
2914
2915
2916
2917
2919
2921
2922
2923
2924
2928
2934
2935
2936
2937
2938
2939
2940
2941
2942
2943
2944
2945
2949
2951
2952
2953
2954
2957
2959
2962
2963
2964
2965
2966
2967
2969
2971
2972
2973
2974
2975
2977
2978
2979
2980
2981
2982
2983
2984
2985
2986
2987
2988
2989
2990
2992
2993
2995
2996
2999
3002
3004
3005
3007
3008
3009
3010
3012
3013
3015
3016
3017
3018
3019
3020
3021
3022
3023
3024
3025
3026
3027
3028
3029
3030
3031
3033
3034
3035
3036
3037
3039
3041
3042
3043
3044
3045
3047
3048
3050
3051
3052
3055
3056
3059
3060
3063
3065
3066
3067
3068
3069
3071
3072
3073
3076
3077
3078
3079
3080
3082
3084
3085
3086
3087
3089
3090
3091
3092
3093
3094
3095
3096
3097
3098
3099
3101
3102
3103
3104
3105
3107
3108
3109
3110
3111
3114
3115
3118
3119
3120
3121
3122
3124
3125
3126
3127
3128
3130
3131
3132
3134
3135
3136
3138
3139
3140
3141
3142
3143
3144
3146
3148
3149
3150
3154
3155
3156
3157
3160
3162
3165
3168
3169
3170
3172
3174
3175
3176
3178
3179
3180
3182
3184
3185
3186
3187
3188
3189
3190
3191
3192
3194
3195
3196
3197
3198
3201
3202
3203
3204
3206
3207
3209
3211
3212
3214
3215
3217
3218
3219
3221
3222
3223
3224
3225
3226
3228
3229
3230
3232
3235
3236
3237
3239
3242
3244
3245
3248
3249
3250
3252
3253
3256
3258
3259
3260
3261
3262
3263
3264
3265
3266
3267
3269
3270
3271
3272
3273
3274
3275
3276
3279
3280
3282
3283
3285
3286
3287
3288
3289
3291
3295
3296
3297
3298
3299
3300
3304
3305
3307
3308
3310
3311
3314
3316
3317
3318
3319
3320
3321
3322
3326
3328
3329
3330
3331
3332
3333
3334
3336
3337
3338
3340
3342
3344
3345
3346
3348
3349
3350
3351
3352
3356
3358
3360
3361
3362
3363
3364
3365
3366
3367
3368
3373
3374
3376
3377
3379
3380
3381
3382
3383
3384
3385
3386
3388
3389
3390
3391
3392
3393
3396
3399
3400
3401
3402
3403
3404
3405
3407
3408
3409
3410
3413
3414
3419
3420
3421
3423
3424
3425
3426
3429
3431
3432
3433
3434
3435
3438
3440
3441
3442
3445
3446
3447
3448
3449
3454
3455
3457
3458
3459
3461
3463
3464
3465
3466
3467
3468
3469
3474
3476
3477
3478
3481
3482
3483
3484
3485
3486
3487
3489
3490
3491
3492
3494
3495
3497
3499
3500
3502
3504
3505
3506
3509
3510
3511
3512
3513
3517
3518
3520
3521
3522
3523
3524
3526
3527
3528
3530
3531
3532
3533
3534
3535
3539
3540
3541
3542
3543
3544
3546
3547
3548
3549
3550
3552
3553
3554
3555
3556
3558
3559
3560
3561
3563
3566
3567
3568
3570
3571
3572
3573
3574
3575
3576
3577
3578
3579
3580
3581
3582
3584
3585
3586
3587
3590
3592
3594
3595
3597
3598
3600
3601
3603
3604
3605
3607
3608
3609
3610
3613
3614
3615
3616
3617
3618
3620
3622
3623
3624
3628
3629
3630
3631
3632
3633
3634
3635
3636
3637
3638
3639
3640
3641
3642
3644
3645
3647
3649
3650
3652
3653
3656
3657
3658
3659
3662
3664
3665
3666
3667
3668
3669
3671
3672
3673
3674
3675
3677
3679
3680
3682
3683
3684
3687
3688
3689
3690
3691
3692
3694
3695
3696
3698
3699
3701
3702
3703
3704
3707
3709
3710
3711
3712
3713
3715
3716
3717
3718
3719
3720
3721
3722
3723
3724
3726
3727
3729
3731
3733
3734
3736
3737
3738
3739
3740
3742
3744
3745
3748
3749
3750
3754
3755
3756
3757
3758
3759
3761
3762
3763
3764
3765
3766
3768
3770
3771
3772
3773
3774
3776
3778
3779
3780
3782
3783
3784
3786
3787
3788
3790
3791
3792
3793
3794
3795
3798
3800
3801
3802
3803
3804
3805
3806
3807
3808
3809
3810
3811
3812
3813
3814
3815
3816
3817
3818
3819
3820
3821
3822
3823
3824
3825
3826
3827
3828
3829
3830
3831
3832
3833
3834
3835
3837
3838
3840
3841
3842
3845
3846
3847
3848
3851
3854
3857
3858
3860
3861
3862
3863
3865
3866
3867
3868
3870
3871
3872
3873
3874
3875
3876
3877
3878
3879
3880
3882
3883
3884
3885
3886
3887
3888
3889
3890
3891
3892
3893
3894
3895
3896
3897
3898
3900
3901
3902
3903
3904
3906
3907
3908
3909
3910
3911
3912
3914
3915
3916
3918
3921
3922
3923
3925
3926
3928
3929
3930
3931
3932
3933
3934
3937
3938
3939
3940
3941
3942
3943
3944
3945
3946
3947
3952
3953
3955
3956
3957
3959
3961
3962
3963
3964
3965
3966
3967
3968
3970
3972
3973
3975
3976
3977
3978
3981
3982
3983
3984
3985
3986
3987
3991
3992
3993
3994
3995
3996
3997
3998
4001
4002
4003
4004
4007
4008
4011
4012
4013
4014
4015
4016
4017
4018
4019
4020
4022
4023
4024
4025
4026
4027
4028
4029
4030
4031
4032
4033
4034
4035
4038
4039
4040
4041
4042
4043
4045
4046
4048
4049
4050
4051
4052
4053
4054
4055
4058
4060
4061
4062
4064
4065
4066
4067
4068
4069
4070
4071
4072
4073
4074
4075
4076
4077
4078
4079
4080
4081
4082
4084
4085
4086
4087
4088
4090
4091
4092
4095
4097
4098
4099
4102
4103
4106
4107
4108
4111
4112
4115
4116
4117
4119
4122
4123
4124
4125
4126
4127
4128
4129
4130
4131
4132
4133
4134
4135
4137
4138
4139
4140
4141
4142
4143
4144
4145
4147
4148
4149
4150
4151
4152
4154
4155
4156
4158
4159
4160
4161
4162
4164
4165
4166
4167
4168
4169
4170
4174
4176
4177
4180
4181
4183
4184
4185
4186
4187
4188
4189
4190
4191
4192
4194
4196
4197
4201
4202
4203
4206
4207
4210
4213
4215
4217
4220
4221
4223
4225
4227
4228
4229
4230
4231
4232
4233
4234
4236
4237
4238
4239
4240
4241
4243
4244
4245
4246
4248
4249
4250
4251
4252
4253
4254
4255
4256
4260
4262
4263
4265
4266
4267
4269
4272
4273
4274
4277
4279
4280
4282
4284
4286
4288
4289
4290
4291
4292
4293
4294
4295
4297
4298
4299
4300
4301
4302
4303
4305
4306
4307
4308
4309
4310
4311
4312
4313
4314
4315
4316
4317
4319
4321
4322
4323
4324
4325
4326
4327
4328
4329
4332
4333
4334
4335
4336
4337
4338
4339
4341
4343
4344
4345
4346
4347
4348
4349
4350
4352
4353
4354
4355
4356
4357
4358
4359
4360
4365
4367
4368
4369
4370
4371
4372
4374
4375
4376
4378
4379
4380
4382
4383
4384
4385
4386
4388
4391
4392
4393
4395
4396
4398
4400
4401
4402
4403
4404
4405
4406
4407
4408
4409
4411
4412
4413
4414
4418
4421
4422
4424
4425
4426
4427
4432
4433
4435
4436
4437
4438
4439
4440
4444
4446
4447
4448
4449
4450
4455
4458
4459
4461
4462
4464
4465
4468
4469
4470
4471
4472
4473
4474
4476
4478
4479
4481
4482
4483
4484
4485
4486
4487
4488
4489
4490
4491
4492
4493
4494
4496
4497
4498
4499
4500
4503
4504
4505
4506
4507
4508
4510
4511
4512
4513
4514
4515
4517
4518
4520
4521
4522
4524
4525
4526
4527
4528
4531
4532
4535
4537
4538
4539
4541
4542
4544
4545
4546
4547
4548
4549
4550
4551
4553
4555
4556
4559
4561
4562
4563
4566
4567
4568
4569
4571
4572
4574
4576
4578
4579
4580
4582
4583
4584
4585
4586
4588
4590
4592
4594
4595
4600
4601
4602
4603
4605
4609
4611
4613
4614
4615
4616
4617
4618
4619
4620
4621
4623
4624
4625
4626
4627
4628
4629
4630
4631
4632
4633
4634
4635
4636
4638
4639
4641
4642
4643
4644
4645
4647
4648
4649
4650
4651
4653
4654
4655
4657
4658
4659
4660
4661
4663
4664
4665
4666
4668
4669
4670
4671
4672
4673
4676
4678
4680
4682
4683
4684
4685
4686
4687
4689
4691
4692
4694
4695
4696
4697
4700
4701
4702
4703
4704
4705
4706
4709
4714
4715
4718
4719
4720
4721
4723
4724
4726
4728
4729
4730
4731
4733
4735
4737
4739
4740
4742
4743
4745
4746
4748
4750
4751
4752
4753
4754
4755
4756
4757
4758
4760
4763
4765
4766
4767
4768
4769
4771
4772
4773
4774
4775
4776
4777
4778
4779
4780
4782
4783
4784
4785
4786
4787
4788
4789
4791
4792
4794
4795
4797
4798
4799
4800
4801
4802
4803
4804
4805
4806
4807
4808
4809
4811
4812
4813
4814
4815
4816
4817
4818
4819
4820
4821
4822
4823
4824
4825
4827
4829
4831
4832
4833
4834
4835
4836
4837
4839
4840
4841
4842
4843
4844
4845
4846
4847
4849
4850
4851
4852
4854
4855
4856
4857
4858
4859
4860
4861
4863
4866
4867
4868
4871
4873
4875
4878
4879
4882
4883
4884
4885
4886
4887
4888
4889
4890
4893
4894
4895
4897
4898
4899
4900
4901
4902
4903
4904
4905
4907
4908
4909
4910
4911
4912
4914
4915
4916
4917
4918
4919
4921
4922
4924
4925
4926
4927
4928
4929
4930
4931
4932
4934
4935
4936
4937
4938
4939
4941
4942
4944
4947
4948
4950
4951
4952
4953
4955
4956
4958
4959
4960
4961
4962
4964
4965
4966
4968
4970
4971
4973
4974
4975
4976
4977
4978
4979
4980
4981
4983
4987
4988
4989
4991
4992
4994
4995
4997
4998
4999
5000
5001
5002
5004
5005
5006
5008
5010
5012
5015
5016
5017
5021
5022
5023
5024
5025
5026
5027
5028
5034
5035
5036
5037
5038
5039
5040
5041
5042
5048
5049
5051
5052
5053
5054
5055
5056
5058
5060
5061
5062
5063
5066
5068
5070
5072
5073
5074
5075
5076
5077
5078
5079
5081
5082
5085
5086
5087
5088
5090
5091
5092
5093
5096
5097
5099
5100
5101
5104
5105
5106
5107
5108
5110
5112
5113
5114
5115
5116
5117
5118
5120
5123
5124
5125
5127
5130
5131
5132
5133
5134
5136
5137
5138
5139
5141
5142
5144
5145
5146
5150
5151
5153
5154
5155
5156
5158
5159
5160
5161
5162
5164
5165
5166
5167
5168
5171
5172
5173
5174
5175
5176
5177
5178
5179
5180
5181
5182
5183
5187
5190
5191
5193
5195
5197
5199
5200
5201
5202
5204
5207
5208
5210
5211
5212
5213
5214
5216
5217
5220
5221
5222
5223
5224
5225
5227
5228
5229
5231
5232
5233
5234
5237
5238
5239
5240
5241
5242
5243
5244
5245
5246
5247
5250
5251
5252
5254
5256
5258
5261
5262
5263
5264
5266
5267
5269
5270
5272
5273
5274
5275
5276
5277
5278
5280
5281
5283
5284
5285
5286
5287
5289
5290
5291
5292
5293
5295
5296
5297
5298
5299
5301
5302
5304
5307
5308
5310
5311
5314
5315
5316
5318
5319
5320
5321
5322
5323
5324
5325
5326
5327
5328
5329
5330
5331
5332
5333
5334
5335
5336
5337
5338
5339
5340
5341
5343
5346
5347
5349
5351
5353
5354
5355
5357
5358
5359
5360
5361
5362
5363
5364
5365
5366
5367
5369
5370
5372
5375
5376
5377
5378
5380
5381
5382
5383
5386
5387
5388
5389
5390
5392
5393
5394
5395
5396
5399
5400
5401
5402
5403
5404
5406
5407
5409
5410
5411
5413
5414
5416
5417
5418
5419
5421
5422
5424
5425
5426
5427
5428
5429
5431
5432
5433
5435
5436
5437
5438
5439
5442
5443
5444
5446
5447
5448
5451
5453
5454
5455
5456
5457
5458
5459
5460
5461
5462
5463
5464
5465
5466
5467
5468
5469
5470
5472
5474
5475
5476
5477
5478
5479
5481
5482
5483
5484
5485
5486
5487
5489
5491
5492
5493
5494
5495
5496
5497
5498
5499
5500
5501
5502
5504
5505
5506
5507
5509
5511
5512
5513
5515
5517
5518
5519
5520
5521
5522
5524
5525
5526
5527
5528
5529
5530
5532
5533
5534
5535
5536
5537
5538
5539
5540
5541
5542
5543
5544
5545
5546
5547
5548
5550
5553
5554
5555
5556
5557
5558
5559
5560
5561
5562
5563
5564
5565
5566
5567
5568
5569
5570
5571
5573
5575
5576
5577
5578
5579
5580
5581
5582
5583
5584
5585
5586
5587
5588
5589
5590
5591
5593
5594
5595
5596
5597
5598
5601
5602
5603
5605
5606
5608
5609
5610
5611
5612
5613
5614
5615
5616
5617
5618
5619
5620
5621
5622
5623
5624
5625
5626
5627
5629
5630
5631
5633
5634
5635
5638
5639
5640
5642
5643
5644
5645
5646
5648
5649
5650
5652
5653
5654
5655
5656
5657
5658
5661
5662
5665
5667
5668
5669
5670
5671
5672
5673
5674
5675
5676
5677
5678
5679
5681
5683
5685
5686
5687
5689
5690
5692
5693
5694
5695
5696
5698
5699
5700
5701
5703
5705
5706
5707
5708
5709
5711
5712
5713
5714
5715
5716
5717
5718
5719
5720
5721
5722
5723
5724
5725
5726
5727
5728
5729
5730
5731
5732
5733
5735
5736
5737
5738
5739
5740
5741
5742
5743
5744
5745
5746
5747
5748
5749
5750
5752
5753
5754
5755
5756
5758
5759
5760
5761
5762
5763
5764
5765
5767
5768
5769
5770
5771
5772
5774
5775
5776
5778
5779
5782
5784
5785
5786
5787
5789
5790
5791
5792
5793
5794
5796
5797
5798
5799
5800
5801
5802
5805
5806
5807
5808
5809
5810
5811
5812
5813
5814
5815
5816
5817
5819
5820
5821
5822
5823
5824
5826
5827
5829
5830
5831
5832
5833
5834
5835
5836
5837
5838
5840
5841
5842
5844
5845
5846
5847
5848
5849
5851
5852
5853
5854
5855
5857
5858
5860
5861
5862
5864
5865
5866
5867
5868
5869
5870
5871
5872
5874
5875
5877
5878
5879
5880
5881
5882
5883
5884
5885
5886
5887
5888
5889
5890
5891
5893
5896
5897
5898
5899
5903
5904
5905
5906
5907
5908
5909
5910
5911
5912
5913
5914
5915
5918
5919
5920
5921
5923
5924
5925
5926
5927
5929
5930
5931
5935
5936
5937
5939
5940
5941
5942
5943
5945
5947
5948
5950
5952
5953
5954
5955
5956
5957
5958
5959
5960
5961
5963
5965
5966
5967
5969
5970
5971
5972
5973
5974
5975
5976
5977
5978
5980
5981
5982
5983
5985
5986
5987
5988
5989
5991
5992
5994
5995
5996
5997
5998
5999
6000
6001
6002
6003
6004
6006
6007
6008
6009
6010
6011
6012
6013
6014
6015
6016
6017
6018
6019
6020
6022
6024
6025
6027
6028
6029
6030
6031
6032
6033
6034
6035
6036
6037
6039
6040
6041
6042
6043
6045
6046
6047
6048
6049
6052
6054
6055
6056
6057
6058
6059
6060
6061
6062
6063
6064
6065
6067
6068
6069
6070
6071
6072
6073
6074
6075
6077
6078
6079
6081
6082
6084
6085
6086
6087
6088
6089
6090
6091
6092
6093
6094
6095
6097
6098
6099
6100
6101
6102
6103
6105
6106
6107
6108
6109
6111
6112
6113
6115
6117
6118
6119
6121
6122
6123
6124
6125
6126
6127
6128
6129
6131
6132
6133
6134
6135
6136
6137
6138
6139
6140
6141
6143
6144
6145
6146
6149
6151
6152
6155
6156
6157
6158
6159
6160
6161
6162
6164
6165
6167
6168
6169
6173
6174
6175
6176
6177
6178
6179
6180
6181
6182
6183
6184
6185
6186
6187
6189
6191
6192
6193
6194
6195
6197
6198
6199
6201
6202
6203
6204
6207
6208
6209
6210
6211
6212
6213
6214
6215
6216
6217
6218
6220
6221
6222
6223
6224
6225
6226
6227
6228
6229
6231
6232
6234
6235
6236
6237
6238
6239
6241
6243
6244
6245
6247
6248
6249
6250
6252
6253
6254
6255
6256
6258
6259
6260
6262
6263
6265
6266
6268
6270
6271
6272
6275
6276
6277
6278
6280
6281
6282
6283
6284
6286
6287
6288
6290
6291
6293
6294
6295
6296
6298
6299
6301
6302
6304
6307
6308
6309
6310
6311
6312
6313
6314
6315
6317
6318
6319
6320
6321
6322
6323
6324
6327
6328
6329
6331
6332
6333
6334
6335
6336
6337
6338
6339
6340
6341
6342
6343
6345
6346
6347
6349
6350
6353
6355
6357
6360
6362
6363
6364
6365
6366
6367
6369
6371
6372
6373
6374
6375
6376
6377
6378
6379
6380
6381
6383
6385
6386
6387
6388
6389
6391
6392
6393
6394
6395
6396
6397
6399
6401
6402
6403
6404
6406
6407
6409
6410
6412
6413
6415
6416
6417
6418
6419
6420
6423
6424
6425
6426
6427
6428
6429
6430
6432
6433
6434
6436
6438
6439
6440
6441
6444
6445
6446
6447
6448
6449
6451
6453
6454
6455
6456
6457
6460
6461
6462
6463
6464
6465
6467
6468
6469
6470
6471
6473
6474
6475
6476
6477
6478
6479
6480
6481
6482
6483
6484
6485
6486
6487
6488
6489
6490
6491
6492
6493
6495
6496
6498
6499
6500
6501
6502
6503
6504
6506
6507
6508
6510
6511
6512
6514
6515
6516
6517
6520
6521
6524
6525
6527
6528
6534
6535
6537
6538
6539
6542
6543
6544
6545
6546
6547
6551
6552
6553
6554
6555
6557
6558
6559
6561
6562
6563
6564
6565
6566
6569
6571
6572
6573
6574
6575
6576
6577
6578
6579
6580
6581
6582
6584
6585
6586
6587
6588
6589
6590
6591
6593
6594
6596
6597
6598
6599
6601
6603
6606
6607
6609
6611
6613
6614
6615
6618
6620
6621
6622
6623
6624
6626
6627
6628
6629
6631
6632
6633
6634
6637
6638
6639
6640
6643
6645
6646
6647
6648
6650
6651
6652
6653
6654
6655
6658
6659
6661
6663
6664
6665
6667
6668
6669
6671
6672
6673
6674
6675
6676
6678
6679
6680
6681
6682
6683
6685
6686
6687
6688
6689
6690
6692
6694
6696
6698
6699
6700
6701
6702
6703
6704
6705
6708
6709
6710
6711
6712
6714
6715
6716
6717
6718
6719
6720
6721
6722
6723
6724
6725
6726
6729
6731
6732
6733
6734
6740
6742
6743
6744
6745
6746
6748
6749
6750
6751
6752
6753
6754
6755
6756
6757
6758
6759
6760
6762
6763
6765
6766
6767
6768
6769
6770
6771
6772
6773
6774
6775
6776
6777
6778
6779
6781
6782
6783
6784
6785
6786
6787
6788
6789
6790
6791
6792
6795
6797
6798
6799
6800
6801
6802
6804
6805
6806
6808
6809
6810
6811
6812
6813
6815
6816
6819
6821
6822
6823
6824
6825
6827
6828
6830
6831
6832
6833
6834
6835
6837
6839
6840
6841
6844
6845
6846
6847
6848
6850
6851
6854
6855
6856
6857
6858
6859
6861
6862
6863
6864
6865
6866
6867
6869
6870
6871
6872
6873
6874
6876
6877
6878
6880
6881
6882
6883
6884
6888
6889
6890
6891
6892
6893
6894
6896
6899
6900
6901
6902
6903
6904
6905
6906
6908
6909
6910
6913
6916
6917
6918
6919
6920
6922
6923
6924
6926
6927
6928
6929
6930
6931
6932
6935
6936
6937
6938
6939
6940
6941
6945
6947
6948
6952
6954
6956
6957
6958
6959
6960
6961
6962
6964
6965
6966
6967
6968
6969
6970
6971
6972
6973
6974
6976
6977
6978
6979
6980
6982
6983
6984
6986
6987
6989
6990
6991
6992
6993
6994
6995
6996
6997
6998
6999
7000
7001
7002
7003
7004
7005
7006
7008
7009
7010
7012
7013
7014
7015
7016
7018
7019
7020
7021
7022
7023
7024
7025
7026
7027
7028
7029
7030
7031
7032
7033
7034
7035
7037
7038
7039
7040
7042
7043
7044
7045
7046
7047
7048
7049
7050
7051
7052
7053
7054
7055
7056
7057
7058
7060
7061
7062
7063
7066
7067
7068
7069
7070
7071
7072
7073
7074
7075
7076
7077
7079
7080
7081
7083
7085
7086
7087
7088
7089
7090
7091
7093
7094
7095
7096
7097
7098
7099
7100
7102
7104
7105
7106
7107
7109
7110
7112
7113
7114
7116
7117
7120
7121
7122
7123
7125
7126
7127
7128
7130
7131
7132
7134
7135
7136
7137
7139
7140
7141
7142
7145
7146
7148
7149
7152
7153
7154
7156
7157
7158
7160
7161
7162
7163
7164
7165
7166
7169
7170
7171
7172
7174
7175
7176
7177
7178
7179
7180
7181
7182
7183
7184
7185
7186
7187
7188
7189
7190
7194
7195
7196
7197
7198
7199
7200
7201
7202
7205
7207
7208
7209
7211
7212
7214
7215
7216
7218
7219
7221
7222
7224
7225
7226
7227
7228
7229
7230
7231
7232
7233
7234
7235
7236
7237
7239
7240
7242
7243
7244
7245
7247
7249
7250
7254
7256
7257
7260
7264
7266
7267
7268
7269
7270
7271
7273
7274
7275
7276
7277
7279
7280
7282
7283
7284
7285
7286
7287
7288
7290
7291
7293
7294
7295
7296
7297
7298
7300
7302
7303
7305
7306
7307
7309
7310
7311
7312
7314
7316
7318
7319
7320
7321
7322
7325
7326
7329
7330
7332
7333
7334
7335
7337
7338
7339
7340
7342
7343
7345
7346
7348
7350
7351
7352
7353
7354
7355
7356
7358
7359
7360
7361
7362
7363
7365
7366
7367
7368
7370
7371
7372
7373
7375
7376
7377
7379
7380
7381
7384
7385
7386
7388
7389
7391
7392
7393
7394
7395
7396
7397
7398
7400
7401
7403
7404
7405
7406
7407
7411
7413
7414
7415
7416
7417
7418
7419
7420
7421
7423
7424
7426
7427
7428
7429
7430
7431
7432
7433
7434
7435
7436
7437
7438
7441
7442
7443
7444
7445
7448
7449
7450
7451
7452
7453
7454
7455
7457
7459
7460
7461
7462
7463
7464
7467
7468
7469
7470
7473
7474
7475
7476
7477
7480
7481
7483
7484
7485
7486
7487
7491
7492
7493
7494
7496
7497
7498
7499
7500
7501
7504
7505
7506
7507
7508
7509
7510
7511
7514
7515
7517
7518
7519
7520
7521
7523
7525
7526
7527
7529
7530
7531
7533
7535
7538
7540
7543
7544
7545
7546
7548
7549
7550
7551
7552
7553
7554
7556
7558
7560
7563
7564
7565
7567
7568
7569
7570
7571
7572
7574
7577
7578
7579
7580
7581
7582
7583
7585
7586
7587
7588
7591
7592
7593
7594
7595
7596
7597
7598
7599
7600
7601
7602
7603
7604
7606
7607
7608
7609
7610
7611
7613
7614
7616
7617
7620
7621
7622
7623
7627
7628
7630
7631
7632
7633
7635
7636
7637
7638
7639
7642
7644
7645
7646
7647
7648
7649
7650
7654
7655
7656
7657
7659
7661
7662
7664
7666
7667
7670
7671
7672
7673
7674
7675
7676
7677
7678
7679
7680
7681
7682
7684
7687
7690
7691
7695
7696
7697
7698
7699
7700
7702
7703
7704
7705
7706
7707
7708
7710
7712
7714
7715
7716
7717
7718
7719
7720
7721
7724
7726
7727
7728
7729
7730
7731
7732
7734
7735
7738
7739
7740
7742
7743
7744
7746
7747
7749
7750
7751
7752
7753
7754
7755
7756
7757
7758
7759
7760
7761
7762
7767
7768
7770
7771
7772
7774
7775
7779
7780
7781
7785
7786
7787
7789
7790
7791
7793
7797
7798
7800
7801
7803
7808
7809
7810
7811
7813
7814
7815
7816
7818
7819
7820
7821
7823
7824
7826
7827
7828
7829
7830
7831
7832
7833
7835
7836
7841
7842
7843
7844
7845
7846
7847
7848
7849
7850
7851
7852
7853
7854
7856
7857
7859
7860
7861
7862
7863
7864
7865
7867
7868
7870
7871
7873
7877
7878
7879
7880
7881
7882
7884
7885
7886
7887
7889
7890
7891
7892
7893
7894
7895
7896
7897
7898
7899
7900
7901
7902
7903
7904
7905
7906
7907
7908
7909
7910
7911
7912
7913
7914
7915
7917
7918
7919
7920
7922
7923
7924
7925
7927
7928
7929
7930
7933
7937
7938
7942
7943
7944
7945
7946
7947
7949
7953
7954
7955
7956
7957
7959
7961
7963
7964
7966
7968
7969
7971
7972
7973
7974
7975
7976
7977
7978
7979
7980
7981
7982
7983
7984
7985
7986
7987
7989
7992
7993
7994
7996
7997
7998
8000
8001
8002
8003
8004
8005
8006
8007
8009
8012
8014
8015
8016
8017
8018
8019
8020
8021
8022
8024
8026
8027
8028
8030
8036
8037
8038
8039
8040
8041
8042
8044
8045
8046
8047
8048
8049
8050
8053
8055
8056
8057
8058
8059
8062
8064
8065
8066
8067
8068
8069
8070
8071
8072
8073
8074
8075
8076
8077
8079
8081
8082
8083
8084
8085
8086
8087
8089
8093
8094
8095
8098
8100
8101
8102
8104
8105
8107
8109
8111
8112
8113
8114
8115
8116
8117
8118
8119
8120
8122
8125
8126
8127
8128
8129
8130
8131
8132
8134
8136
8137
8138
8139
8140
8141
8143
8144
8146
8147
8148
8149
8151
8152
8153
8154
8155
8157
8159
8160
8162
8163
8164
8166
8167
8168
8169
8170
8171
8172
8173
8174
8175
8177
8179
8180
8182
8185
8186
8187
8188
8189
8190
8191
8192
8193
8194
8195
8196
8198
8199
8202
8203
8204
8205
8206
8207
8212
8214
8216
8217
8218
8219
8220
8221
8222
8223
8224
8225
8226
8227
8228
8229
8230
8231
8233
8234
8235
8236
8238
8239
8240
8241
8242
8244
8245
8246
8248
8249
8251
8252
8253
8254
8256
8257
8260
8261
8262
8263
8265
8266
8267
8268
8269
8270
8272
8273
8274
8275
8276
8277
8278
8279
8280
8281
8282
8283
8284
8286
8287
8288
8291
8292
8293
8295
8297
8298
8299
8300
8301
8302
8304
8305
8306
8307
8308
8309
8310
8311
8312
8313
8314
8315
8316
8317
8318
8319
8320
8321
8323
8324
8325
8327
8328
8329
8330
8331
8332
8335
8337
8339
8341
8342
8343
8344
8345
8346
8347
8348
8349
8350
8351
8352
8353
8354
8355
8356
8357
8358
8359
8360
8361
8364
8365
8366
8368
8369
8370
8371
8372
8373
8374
8375
8376
8377
8378
8379
8380
8382
8383
8384
8386
8387
8388
8389
8390
8391
8392
8393
8394
8395
8396
8397
8398
8399
8400
8401
8402
8404
8406
8407
8410
8412
8413
8414
8415
8416
8417
8418
8419
8421
8422
8423
8424
8425
8426
8428
8429
8430
8431
8434
8435
8436
8437
8438
8439
8440
8443
8444
8445
8446
8447
8448
8450
8451
8452
8453
8454
8455
8456
8457
8458
8459
8460
8461
8462
8463
8464
8465
8466
8467
8468
8469
8470
8471
8472
8473
8474
8475
8476
8477
8479
8481
8482
8483
8484
8485
8486
8489
8490
8491
8492
8493
8494
8495
8496
8497
8498
8500
8501
8502
8503
8505
8507
8509
8510
8511
8512
8513
8514
8516
8517
8518
8519
8520
8522
8523
8524
8525
8526
8527
8529
8530
8531
8532
8533
8534
8535
8536
8537
8538
8539
8540
8541
8542
8543
8544
8545
8546
8548
8549
8550
8551
8552
8553
8554
8555
8556
8557
8558
8560
8561
8562
8563
8564
8565
8567
8568
8569
8570
8571
8572
8573
8574
8575
8576
8577
8578
8579
8580
8581
8582
8584
8585
8587
8588
8589
8592
8594
8596
8597
8598
8599
8600
8601
8602
8603
8604
8605
8606
8607
8608
8609
8610
8611
8612
8613
8614
8616
8617
8618
8619
8620
8621
8622
8623
8624
8625
8626
8628
8629
8630
8631
8632
8634
8635
8636
8637
8638
8639
8640
8641
8642
8643
8644
8645
8646
8647
8648
8649
8650
8651
8652
8654
8655
8656
8657
8658
8659
8660
8661
8662
8665
8666
8667
8668
8669
8670
8671
8672
8673
8674
8675
8676
8677
8679
8680
8681
8682
8683
8684
8686
8687
8688
8689
8690
8691
8692
8693
8694
8695
8696
8697
8698
8699
8700
8701
8702
8703
8704
8705
8706
8707
8708
8709
8710
8711
8715
8716
8717
8718
8719
8720
8721
8722
8723
8724
8725
8727
8728
8729
8730
8731
8732
8733
8734
8735
8736
8737
8738
8739
8740
8741
8742
8743
8744
8745
8746
8749
8751
8752
8753
8754
8755
8757
8758
8759
8760
8761
8762
8764
8765
8766
8767
8769
8770
8771
8772
8773
8774
8775
8777
8778
8779
8780
8781
8782
8784
8785
8786
8788
8789
8790
8791
8792
8793
8794
8795
8796
8797
8798
8799
8800
8801
8802
8803
8804
8805
8806
8807
8808
8809
8810
8811
8812
8813
8814
8815
8818
8819
8820
8821
8822
8823
8824
8826
8828
8829
8831
8832
8833
8834
8836
8837
8838
8840
8841
8842
8843
8844
8845
8846
8847
8848
8849
8850
8851
8852
8853
8855
8856
8857
8858
8859
8860
8861
8862
8863
8864
8865
8866
8867
8868
8870
8871
8873
8874
8875
8876
8877
8878
8879
8880
8881
8882
8883
8885
8886
8887
8888
8889
8890
8891
8892
8893
8894
8895
8896
8897
8898
8899
8900
8901
8902
8904
8906
8907
8908
8909
8910
8911
8912
8913
8914
8915
8916
8919
8920
8921
8922
8923
8924
8925
8927
8928
8929
8930
8931
8932
8933
8934
8935
8936
8937
8938
8939
8940
8941
8942
8943
8944
8945
8946
8947
8948
8949
8950
8951
8952
8953
8954
8955
8956
8957
8958
8959
8960
8961
8962
8963
8964
8965
8968
8969
8970
8971
8972
8973
8974
8975
8976
8977
8978
8979
8980
8981
8982
8983
8984
8985
8986
8987
8988
8989
8990
8991
8992
8993
8994
8995
8996
8997
8998
8999
9000
9001
9002
9003
9004
9005
9006
9007
9008
9009
9011
9014
9015
9016
9017
9018
9019
9020
9022
9023
9024
9025
9026
9027
9029
9030
9031
9032
9033
9034
9035
9036
9037
9038
9039
9040
9041
9042
9043
9044
9045
9046
9047
9048
9049
9050
9051
9053
9055
9056
9057
9059
9060
9061
9062
9063
9064
9065
9066
9067
9068
9069
9070
9071
9072
9074
9076
9077
9078
9079
9081
9082
9083
9084
9085
9086
9087
9089
9090
9091
9092
9093
9094
9095
9096
9097
9098
9099
9100
9101
9102
9103
9104
9105
9106
9108
9109
9110
9111
9112
9113
9114
9116
9117
9118
9119
9120
9121
9122
9123
9124
9126
9127
9128
9131
9133
9134
9135
9136
9137
9138
9139
9140
9141
9142
9143
9144
9145
9147
9148
9149
9150
9151
9153
9154
9156
9158
9159
9160
9161
9162
9163
9164
9165
9166
9167
9169
9170
9171
9172
