0
1
2
3
4
6
8
10
11
13
14
21
22
24
25
27
30
32
33
34
35
37
39
40
41
42
47
50
52
53
54
55
57
61
62
63
64
65
67
69
70
71
73
75
76
77
80
85
86
87
89
91
92
94
96
97
98
99
101
102
103
104
105
106
107
108
109
110
111
112
113
114
115
116
117
120
121
124
125
127
128
129
130
132
133
134
135
136
137
138
139
140
141
142
144
145
147
149
150
152
153
154
155
156
157
158
161
162
169
170
171
172
173
175
176
177
179
180
181
182
185
186
187
188
189
190
191
192
193
195
196
197
198
199
200
201
202
203
204
207
208
209
211
213
217
219
220
221
223
225
227
228
229
236
238
239
240
244
245
246
248
250
257
264
265
266
268
269
270
271
275
280
284
290
291
292
293
294
297
298
299
301
305
306
308
311
312
314
315
316
317
318
319
320
321
326
328
329
330
335
338
346
348
361
362
363
367
373
376
377
379
381
383
387
388
391
392
395
398
399
403
407
411
416
419
423
424
426
427
430
432
438
440
442
444
445
446
449
451
452
453
456
458
459
460
473
474
477
481
482
483
485
487
488
495
498
502
510
513
515
518
519
520
521
523
525
526
528
531
539
540
541
544
552
553
555
558
559
562
563
564
567
568
569
570
575
577
581
583
584
586
590
592
593
595
597
601
602
603
608
611
619
624
627
629
637
638
640
641
642
644
645
646
647
649
650
651
652
654
655
656
657
658
661
663
664
669
673
675
684
686
689
690
691
697
699
700
702
707
709
710
715
716
725
726
727
728
730
739
741
742
745
755
756
757
758
759
762
763
766
768
769
770
771
772
776
779
781
783
784
787
791
792
794
798
799
800
801
803
804
807
809
810
812
813
814
815
816
819
820
822
823
824
825
833
834
836
837
839
843
844
846
853
854
855
856
857
859
860
861
862
864
871
872
873
874
875
879
880
881
882
884
885
887
888
889
892
893
894
896
900
901
902
904
905
909
910
911
912
913
914
919
922
923
925
928
930
932
934
935
938
939
940
941
942
944
945
948
951
952
953
954
957
960
961
963
965
966
967
969
970
971
972
974
977
979
980
982
983
984
985
986
989
990
991
992
993
996
997
998
999
1000
1002
1006
1007
1008
1009
1011
1013
1014
1016
1017
1018
1022
1024
1027
1028
1030
1033
1036
1037
1040
1041
1042
1043
1044
1045
1047
1048
1050
1052
1053
1056
1060
1061
1062
1066
1067
1069
1072
1073
1074
1076
1080
1081
1082
1086
1087
1099
1100
1101
1102
1103
1108
1109
1112
1114
1116
1117
1118
1119
1120
1121
1125
1126
1127
1129
1130
1131
1135
1136
1137
1141
1142
1143
1144
1145
1147
1148
1152
1153
1154
1155
1156
1157
1163
1164
1169
1175
1176
1182
1184
1186
1187
1188
1189
1190
1196
1197
1198
1199
1200
1201
1202
1203
1205
1206
1207
1208
1209
1210
1211
1213
1214
1215
1217
1218
1219
1222
1223
1224
1227
1228
1229
1231
1239
1240
1241
1242
1244
1245
1246
1247
1250
1251
1252
1253
1257
1259
1260
1261
1266
1268
1272
1273
1274
1276
1277
1278
1279
1284
1286
1288
1292
1293
1294
1298
1301
1302
1304
1305
1308
1309
1310
1312
1313
1315
1316
1317
1318
1325
1327
1328
1329
1330
1332
1334
1335
1336
1338
1341
1345
1346
1347
1349
1350
1351
1353
1354
1359
1362
1364
1367
1370
1374
1376
1379
1380
1382
1383
1384
1388
1390
1391
1392
1393
1395
1396
1397
1398
1399
1401
1402
1404
1405
1407
1409
1419
1421
1422
1424
1426
1427
1431
1432
1436
1438
1444
1446
1448
1449
1450
1451
1452
1453
1456
1457
1458
1459
1461
1463
1464
1466
1467
1468
1469
1470
1471
1472
1473
1474
1477
1478
1479
1480
1486
1489
1492
1493
1495
1496
1499
1500
1501
1502
1504
1505
1507
1508
1509
1511
1512
1513
1515
1520
1521
1525
1526
1530
1531
1533
1534
1535
1536
1539
1541
1542
1544
1548
1549
1552
1557
1559
1562
1564
1565
1566
1567
1568
1569
1570
1571
1572
1573
1574
1575
1578
1579
1580
1583
1586
1588
1589
1590
1591
1593
1594
1595
1596
1597
1599
1600
1601
1602
1603
1604
1605
1606
1607
1608
1609
1612
1613
1614
1615
1616
1617
1618
1621
1622
1623
1624
1625
1626
1627
1628
1629
1630
1631
1632
1633
1634
1635
1636
1637
1638
1640
1641
1642
1643
1644
1645
1646
1647
1648
1649
1650
1651
1652
1654
1655
1656
1657
1658
1659
1660
1661
1662
1664
1665
1666
1667
1668
1669
1670
1671
1672
1674
1675
1676
1677
1678
1679
1680
1682
1686
1687
1688
1690
1691
1695
1696
1699
1700
1705
1706
1707
1708
1709
1711
1713
1714
1715
1716
1720
1721
1722
1723
1724
1725
1726
1729
1730
1732
1735
1736
1737
1738
1739
1740
1741
1742
1745
1746
1748
1751
1752
1753
1754
1756
1757
1760
1762
1764
1765
1766
1767
1771
1772
1773
1774
1776
1778
1779
1781
1782
1783
1784
1785
1786
1787
1788
1792
1793
1797
1798
1799
1801
1803
1804
1805
1807
1809
1810
1813
1814
1815
1816
1819
1820
1821
1822
1824
1825
1827
1828
1829
1830
1831
1833
1835
1836
1837
1839
1841
1842
1843
1844
1846
1847
1848
1849
1850
1851
1852
1856
1857
1858
1859
1863
1864
1865
1866
1867
1869
1870
1873
1874
1876
1877
1880
1881
1882
1885
1887
1889
1890
1891
1892
1894
1895
1896
1899
1900
1901
1902
1904
1905
1907
1908
1909
1910
1911
1912
1914
1915
1919
1920
1921
1922
1925
1926
1927
1929
1930
1931
1932
1933
1935
1936
1937
1939
1940
1943
1945
1946
1947
1949
1950
1951
1952
1954
1955
1957
1958
1959
1960
1961
1962
1963
1964
1965
1966
1968
1969
1970
1971
1976
1978
1979
1980
1982
1985
1986
1990
1991
1992
1994
2000
2001
2002
2003
2004
2005
2007
2009
2011
2012
2016
2017
2018
2019
2020
2021
2022
2023
2024
2025
2026
2027
2028
2029
2030
2032
2033
2036
2037
2038
2039
2041
2042
2044
2045
2046
2047
2048
2049
2051
2053
2054
2056
2057
2058
2059
2060
2062
2063
2065
2066
2067
2068
2069
2070
2071
2072
2074
2076
2077
2078
2079
2080
2082
2084
2085
2086
2087
2088
2089
2090
2092
2095
2096
2097
2098
2099
2103
2104
2105
2108
2109
2110
2111
2112
2113
2114
2117
2118
2120
2121
2123
2124
2125
2126
2128
2130
2131
2132
2138
2139
2140
2142
2143
2144
2145
2146
2148
2149
2150
2151
2152
2153
2154
2155
2157
2159
2160
2161
2162
2165
2166
2167
2168
2169
2170
2172
2175
2176
2179
2181
2182
2183
2185
2187
2188
2189
2190
2191
2192
2193
2194
2196
2198
2199
2202
2204
2206
2207
2208
2209
2210
2211
2212
2213
2215
2216
2217
2218
2221
2222
2223
2225
2226
2227
2234
2236
2239
2240
2241
2242
2243
2244
2246
2247
2252
2254
2255
2257
2258
2260
2262
2265
2268
2269
2270
2271
2272
2273
2274
2275
2277
2281
2283
2285
2286
2287
2288
2289
2290
2291
2292
2293
2294
2295
2298
2299
2303
2304
2306
2307
2309
2311
2313
2315
2316
2317
2319
2320
2323
2325
2329
2330
2331
2332
2334
2335
2336
2337
2340
2341
2342
2343
2344
2346
2347
2349
2350
2351
2352
2353
2355
2356
2358
2360
2361
2362
2363
2364
2365
2366
2367
2368
2370
2371
2372
2375
2376
2377
2378
2381
2388
2389
2390
2391
2392
2394
2395
2396
2401
2402
2404
2407
2409
2411
2412
2413
2414
2415
2417
2423
2424
2425
2426
2427
2428
2430
2431
2432
2433
2434
2437
2438
2442
2443
2444
2445
2446
2447
2448
2450
2454
2459
2462
2464
2466
2467
2468
2470
2472
2474
2475
2476
2477
2478
2481
2484
2486
2487
2489
2490
2491
2493
2494
2495
2496
2497
2498
2499
2500
2501
2503
2504
2505
2507
2509
2510
2512
2513
2514
2515
2517
2518
2519
2520
2522
2524
2525
2526
2527
2528
2529
2530
2531
2532
2533
2534
2535
2537
2538
2539
2540
2542
2543
2550
2551
2552
2554
2555
2556
2558
2559
2560
2561
2563
2564
2565
2568
2571
2572
2574
2575
2576
2577
2578
2579
2581
2582
2583
2589
2590
2592
2593
2594
2595
2596
2597
2598
2599
2600
2601
2602
2603
2605
2607
2608
2609
2610
2612
2615
2616
2617
2619
2620
2621
2622
2623
2624
2625
2627
2629
2631
2632
2634
2635
2636
2637
2638
2639
2640
2642
2643
2644
2649
2651
2652
2653
2654
2655
2656
2657
2660
2661
2662
2663
2664
2665
2666
2668
2670
2673
2674
2676
2677
2678
2679
2680
2682
2683
2684
2685
2686
2687
2688
2689
2691
2692
2695
2697
2698
2699
2700
2703
2705
2706
2709
2710
2714
2717
2719
2720
2721
2722
2724
2725
2726
2727
2728
2730
2732
2733
2734
2737
2738
2739
2740
2741
2742
2743
2744
2746
2747
2748
2749
2750
2751
2753
2754
2761
2762
2763
2767
2768
2771
2772
2774
2777
2779
2780
2781
2783
2784
2785
2786
2791
2792
2793
2794
2795
2796
2797
2799
2800
2801
2802
2803
2804
2805
2808
2809
2810
2812
2813
2815
2816
2818
2819
2825
2826
2827
2828
2829
2830
2833
2834
2835
2836
2838
2839
2840
2844
2845
2851
2855
2856
2858
2865
2866
2867
2870
2872
2873
2874
2876
2877
2879
2881
2882
2884
2885
2886
2890
2891
2893
2896
2897
2898
2899
2900
2901
2902
2905
2908
2909
2911
2912
2913
2914
2915
2916
2918
2919
2921
2925
2927
2928
2930
2933
2935
2936
2937
2938
2940
2942
2945
2946
2948
2949
2950
2951
2953
2955
2957
2958
2959
2961
2963
2964
2965
2966
2968
2969
2970
2971
2972
2974
2975
2976
2977
2979
2980
2981
2982
2983
2984
2985
2986
2988
2989
2990
2991
2992
2997
2998
2999
3004
3005
3006
3007
3008
3009
3010
3011
3012
3014
3015
3018
3020
3022
3023
3025
3026
3027
3028
3029
3032
3033
3034
3035
3036
3042
3045
3047
3048
3050
3051
3053
3055
3056
3057
3058
3060
3061
3064
3065
3069
3073
3074
3076
3077
3078
3079
3080
3081
3082
3083
3085
3086
3088
3089
3090
3091
3093
3094
3096
3100
3101
3102
3103
3104
3105
3106
3107
3108
3111
3112
3113
3114
3118
3119
3120
3121
3122
3123
3124
3126
3127
3128
3129
3131
3134
3135
3137
3139
3140
3142
3143
3144
3145
3147
3148
3151
3152
3154
3155
3157
3161
3163
3164
3165
3166
3169
3171
3172
3173
3175
3176
3177
3178
3179
3180
3181
3182
3183
3184
3185
3186
3187
3190
3191
3193
3194
3195
3196
3197
3198
3199
3201
3202
3203
3206
3207
3208
3210
3211
3212
3213
3223
3224
3227
3228
3229
3231
3233
3234
3235
3236
3238
3239
3241
3245
3248
3249
3250
3251
3253
3254
3255
3256
3258
3259
3260
3261
3262
3263
3264
3265
3266
3267
3268
3269
3270
3271
3272
3274
3275
3276
3277
3278
3279
3280
3281
3282
3283
3284
3285
3286
3288
3289
3290
3291
3295
3298
3301
3302
3306
3308
3310
3311
3312
3315
3316
3317
3318
3320
3321
3322
3327
3328
3332
3333
3334
3335
3336
3339
3340
3341
3344
3348
3349
3350
3351
3352
3353
3354
3359
3360
3361
3362
3369
3371
3372
3374
3376
3377
3378
3380
3381
3382
3383
3384
3385
3387
3390
3391
3393
3394
3398
3399
3401
3404
3405
3406
3408
3411
3412
3413
3416
3418
3419
3420
3421
3423
3427
3428
3429
3430
3431
3433
3435
3437
3438
3441
3443
3444
3445
3446
3447
3448
3449
3450
3451
3452
3454
3455
3456
3457
3458
3459
3460
3462
3463
3464
3465
3466
3467
3468
3470
3471
3472
3473
3475
3476
3479
3480
3482
3483
3485
3486
3487
3488
3492
3493
3495
3497
3501
3504
3505
3506
3507
3510
3512
3514
3515
3517
3518
3519
3521
3523
3525
3526
3527
3529
3531
3532
3533
3534
3539
3541
3542
3543
3545
3546
3547
3550
3552
3553
3554
3556
3557
3558
3559
3560
3563
3566
3567
3568
3569
3570
3571
3572
3573
3574
3576
3578
3582
3583
3584
3585
3587
3588
3589
3591
3592
3594
3595
3596
3597
3598
3599
3600
3601
3603
3605
3606
3608
3610
3612
3614
3616
3618
3619
3622
3623
3624
3626
3627
3628
3629
3630
3631
3633
3635
3638
3640
3641
3642
3643
3644
3645
3647
3648
3649
3650
3651
3652
3653
3654
3655
3656
3657
3659
3660
3661
3663
3665
3667
3669
3674
3675
3677
3683
3684
3685
3687
3689
3690
3691
3693
3694
3695
3696
3697
3698
3699
3700
3701
3705
3708
3709
3713
3714
3718
3719
3721
3724
3728
3729
3735
3736
3737
3738
3739
3740
3741
3742
3743
3744
3747
3748
3749
3751
3755
3760
3761
3762
3764
3766
3767
3772
3773
3774
3775
3776
3777
3778
3779
3780
3781
3782
3783
3784
3786
3787
3791
3793
3795
3796
3797
3798
3801
3804
3805
3811
3812
3815
3816
3817
3820
3821
3825
3827
3828
3832
3833
3835
3836
3838
3839
3840
3841
3844
3845
3847
3849
3850
3854
3855
3857
3859
3860
3862
3863
3864
3865
3866
3867
3868
3869
3870
3871
3872
3873
3874
3875
3876
3878
3879
3880
3881
3883
3884
3885
3886
3887
3888
3891
3893
3894
3896
3897
3902
3903
3904
3905
3906
3907
3908
3912
3913
3914
3915
3916
3917
3919
3920
3923
3925
3926
3927
3928
3929
3930
3931
3932
3935
3936
3939
3941
3944
3946
3947
3948
3949
3950
3952
3954
3955
3956
3959
3964
3966
3967
3968
3969
3970
3974
3975
3976
3978
3979
3980
3981
3982
3983
3984
3985
3990
3991
3993
3994
3997
3998
4000
4003
4004
4005
4006
4007
4009
4010
4011
4016
4017
4018
4019
4020
4022
4023
4024
4026
4028
4029
4030
4031
4033
4034
4037
4038
4044
4046
4048
4049
4050
4053
4054
4055
4057
4058
4059
4061
4063
4066
4067
4069
4070
4074
4075
4077
4078
4080
4081
4082
4083
4084
4085
4086
4087
4088
4089
4090
4091
4094
4095
4096
4097
4098
4099
4100
4101
4102
4103
4104
4105
4108
4110
4111
4113
4116
4117
4118
4119
4120
4121
4125
4126
4127
4129
4130
4132
4134
4136
4139
4140
4141
4143
4145
4146
4147
4148
4149
4150
4152
4153
4154
4157
4158
4160
4161
4163
4164
4166
4167
4168
4169
4171
4172
4173
4174
4175
4176
4177
4178
4182
4183
4184
4185
4186
4187
4188
4189
4191
4193
4194
4195
4196
4197
4198
4199
4200
4201
4202
4203
4204
4206
4207
4208
4209
4210
4211
4212
4213
4214
4215
4219
4220
4221
4223
4226
4227
4228
4229
4230
4231
4232
4234
4235
4236
4238
4239
4240
4242
4243
4244
4245
4247
4248
4249
4250
4251
4252
4253
4254
4255
4256
4257
4258
4259
4260
4261
4262
4264
4265
4266
4267
4272
4274
4276
4277
4279
4280
4281
4283
4285
4287
4288
4289
4290
4291
4292
4293
4295
4296
4297
4299
4300
4302
4303
4304
4305
4307
4308
4310
4311
4312
4315
4316
4317
4319
4322
4323
4325
4326
4327
4328
4329
4330
4331
4332
4333
4335
4336
4337
4338
4339
4340
4341
4343
4344
4346
4347
4348
4351
4352
4353
4354
4355
4356
4357
4359
4360
4361
4362
4363
4364
4365
4366
4367
4368
4369
4370
4371
4372
4376
4378
4382
4383
4384
4385
4386
4387
4388
4389
4390
4391
4394
4396
4397
4400
4402
4403
4404
4405
4406
4407
4408
4410
4412
4413
4414
4415
4416
4418
4419
4420
4421
4424
4429
4430
4431
4432
4433
4435
4436
4439
4440
4441
4442
4444
4446
4447
4449
4450
4451
4452
4454
4458
4459
4461
4462
4463
4464
4466
4468
4470
4471
4472
4473
4474
4475
4476
4478
4479
4480
4481
4482
4484
4487
4488
4489
4490
4491
4494
4495
4498
4499
4500
4501
4503
4504
4505
4506
4508
4511
4512
4513
4514
4515
4516
4517
4518
4519
4521
4522
4524
4526
4529
4533
4535
4538
4540
4541
4543
4546
4548
4550
4551
4555
4556
4558
4560
4561
4562
4563
4564
4566
4569
4570
4571
4577
4578
4579
4580
4582
4585
4587
4590
4591
4592
4593
4594
4595
4597
4599
4602
4604
4605
4606
4607
4608
4610
4613
4614
4616
4617
4618
4619
4620
4621
4622
4624
4625
4626
4628
4629
4630
4631
4632
4633
4634
4637
4638
4639
4640
4641
4642
4643
4644
4645
4646
4648
4649
4650
4652
4653
4655
4657
4659
4660
4661
4663
4664
4665
4666
4667
4668
4669
4671
4672
4674
4675
4678
4679
4680
4682
4683
4686
4688
4690
4693
4694
4695
4696
4697
4702
4703
4705
4709
4710
4712
4713
4716
4718
4720
4722
4724
4725
4726
4727
4728
4729
4730
4731
4732
4733
4734
4735
4736
4737
4739
4741
4742
4743
4744
4745
4746
4747
4748
4749
4750
4751
4752
4754
4755
4756
4757
4759
4760
4761
4762
4763
4764
4765
4766
4768
4771
4773
4775
4776
4778
4780
4781
4782
4783
4784
4785
4786
4787
4788
4789
4790
4793
4794
4795
4796
4802
4804
4805
4809
4810
4811
4813
4814
4816
4817
4818
4819
4820
4821
4823
4824
4825
4826
4828
4829
4830
4831
4835
4836
4837
4838
4839
4841
4842
4843
4844
4845
4847
4848
4850
4852
4855
4856
4857
4858
4860
4862
4863
4864
4865
4867
4868
4870
4872
4874
4878
4884
4885
4888
4889
4890
4891
4893
4894
4897
4898
4899
4901
4902
4903
4904
4906
4907
4908
4909
4910
4911
4912
4915
4916
4919
4923
4925
4926
4928
4933
4934
4936
4941
4942
4943
4945
4946
4950
4953
4954
4955
4956
4959
4960
4961
4965
4966
4967
4968
4969
4971
4972
4975
4976
4977
4978
4979
4980
4983
4985
4991
4993
4994
4996
5001
5002
5004
5005
5007
5008
5009
5010
5011
5013
5015
5016
5017
5018
5019
5021
5022
5024
5025
5028
5029
5030
5032
5033
5035
5038
5042
5043
5044
5045
5046
5047
5049
5050
5051
5052
5053
5054
5055
5057
5058
5059
5060
5061
5062
5063
5064
5065
5067
5068
5069
5071
5072
5074
5075
5076
5077
5078
5081
5083
5084
5085
5086
5087
5090
5091
5093
5094
5095
5096
5097
5098
5099
5100
5102
5103
5104
5108
5109
5111
5112
5113
5118
5120
5124
5125
5126
5128
5130
5131
5135
5136
5137
5138
5139
5140
5141
5142
5143
5147
5151
5152
5158
5161
5162
5163
5165
5166
5168
5171
5172
5175
5176
5177
5178
5179
5180
5181
5182
5183
5185
5186
5187
5188
5190
5191
5194
5195
5196
5198
5202
5203
5208
5213
5214
5215
5216
5218
5220
5222
5224
5225
5229
5231
5232
5233
5234
5235
5236
5237
5238
5239
5241
5243
5244
5246
5247
5248
5249
5250
5251
5252
5253
5254
5255
5256
5259
5260
5261
5263
5265
5270
5271
5273
5275
5277
5278
5280
5281
5282
5284
5286
5287
5288
5289
5291
5292
5293
5294
5295
5296
5297
5298
5299
5301
5304
5308
5310
5311
5314
5315
5317
5318
5322
5323
5324
5325
5326
5327
5328
5329
5330
5333
5334
5336
5337
5338
5339
5340
5341
5342
5343
5345
5347
5348
5349
5350
5352
5354
5355
5356
5357
5358
5359
5367
5369
5370
5371
5372
5375
5379
5382
5383
5388
5391
5392
5394
5395
5398
5399
5402
5403
5407
5410
5411
5412
5413
5414
5415
5418
5419
5420
5421
5422
5423
5428
5429
5430
5431
5432
5433
5434
5436
5438
5440
5441
5444
5445
5446
5448
5452
5454
5455
5456
5457
5458
5459
5460
5461
5462
5463
5464
5465
5466
5467
5468
5471
5473
5475
5477
5479
5483
5484
5485
5486
5491
5492
5493
5494
5495
5496
5497
5500
5502
5504
5505
5511
5512
5514
5516
5517
5518
5521
5523
5524
5526
5527
5528
5529
5530
5532
5533
5535
5537
5538
5539
5542
5545
5547
5549
5550
5551
5552
5553
5554
5555
5556
5557
5558
5560
5561
5562
5565
5566
5567
5568
5569
5570
5572
5573
5574
5575
5576
5578
5579
5581
5582
5587
5588
5589
5590
5591
5592
5594
5595
5596
5597
5599
5600
5602
5603
5604
5605
5606
5607
5608
5609
5612
5613
5614
5615
5616
5617
5619
5620
5621
5625
5627
5628
5631
5633
5634
5635
5637
5638
5639
5640
5641
5642
5643
5647
5650
5651
5653
5654
5655
5656
5657
5658
5660
5661
5662
5664
5666
5667
5669
5670
5671
5672
5673
5677
5678
5679
5680
5681
5682
5683
5684
5685
5686
5687
5690
5692
5693
5694
5698
5702
5704
5705
5706
5708
5710
5711
5712
5713
5714
5715
5722
5725
5728
5729
5730
5731
5733
5734
5737
5741
5742
5746
5747
5748
5750
5751
5753
5757
5758
5759
5760
5763
5764
5768
5769
5770
5771
5772
5773
5775
5776
5777
5778
5779
5780
5781
5782
5783
5784
5785
5786
5787
5788
5789
5790
5791
5792
5793
5794
5795
5796
5797
5798
5799
5800
5801
5802
5803
5804
5805
5807
5808
5809
5810
5811
5812
5813
5814
5817
5818
5819
5820
5821
5822
5823
5824
5825
5827
5829
5832
5833
5834
5836
5839
5840
5841
5842
5844
5845
5846
5847
5849
5850
5852
5854
5855
5856
5858
5859
5860
5864
5865
5867
5869
5870
5871
5872
5874
5875
5877
5878
5879
5881
5882
5883
5887
5890
5891
5892
5893
5896
5900
5902
5903
5905
5907
5909
5910
5912
5914
5915
5916
5918
5919
5921
5923
5924
5925
5926
5927
5928
5929
5930
5933
5934
5935
5937
5938
5940
5941
5942
5943
5944
5945
5946
5947
5949
5952
5953
5957
5959
5961
5963
5964
5966
5967
5968
5969
5970
5972
5973
5974
5975
5976
5977
5978
5979
5983
5984
5985
5987
5988
5989
5991
5992
5994
5995
5996
5997
5998
6000
6002
6003
6004
6007
6008
6009
6010
6012
6014
6016
6017
6020
6021
6022
6023
6025
6027
6029
6030
6031
6033
6034
6035
6036
6037
6040
6043
6044
6045
6046
6047
6048
6049
6050
6051
6052
6053
6054
6055
6056
6058
6059
6060
6061
6063
6065
6067
6068
6069
6070
6071
6072
6074
6075
6076
6077
6078
6080
6081
6082
6083
6084
6085
6088
6089
6090
6091
6092
6093
6094
6095
6096
6097
6098
6099
6100
6101
6104
6106
6107
6108
6109
6110
6111
6113
6114
6115
6116
6117
6119
6120
6121
6122
6123
6124
6125
6126
6128
6129
6130
6131
6132
6133
6136
6137
6138
6139
6140
6141
6142
6143
6144
6145
6146
6147
6149
6151
6152
6153
6154
6155
6156
6157
6158
6162
6164
6165
6167
6169
6170
6171
6173
6174
6175
6176
6178
6180
6181
6182
6187
6189
6190
6191
6192
6193
6194
6197
6198
6199
6201
6203
6204
6205
6206
6207
