0.000000000000000000e+00 5.060691979364262405e-01
1.000000000000000000e+02 3.833217993676862334e-01
2.000000000000000000e+02 4.261170986056037058e-01
3.000000000000000000e+02 4.360296509085214156e-01
4.000000000000000000e+02 5.089799404333614774e-01
5.000000000000000000e+02 5.529219153894174843e-01
6.000000000000000000e+02 5.729923360906313823e-01
7.000000000000000000e+02 6.110090971206298960e-01
8.000000000000000000e+02 6.085980306095867265e-01
9.000000000000000000e+02 6.925320741743064001e-01
1.000000000000000000e+03 6.892796071308592287e-01
1.100000000000000000e+03 7.119872978828652998e-01
1.200000000000000000e+03 6.909252041764902819e-01
1.300000000000000000e+03 7.193400877558094875e-01
1.400000000000000000e+03 7.165109048295397187e-01
1.500000000000000000e+03 7.094318108740641504e-01
1.600000000000000000e+03 6.997390785110038092e-01
1.700000000000000000e+03 7.236722735428628983e-01
1.800000000000000000e+03 7.382260792050129306e-01
1.900000000000000000e+03 7.468626612178586033e-01
2.000000000000000000e+03 7.459816954360691810e-01
2.100000000000000000e+03 7.472554188895033089e-01
2.200000000000000000e+03 7.483176818643593187e-01
2.300000000000000000e+03 7.794695598949252791e-01
2.400000000000000000e+03 7.553022158449846923e-01
2.500000000000000000e+03 7.735428172100285993e-01
2.600000000000000000e+03 7.955456885911175169e-01
2.700000000000000000e+03 7.547739964521900102e-01
2.800000000000000000e+03 7.411468239426917126e-01
2.900000000000000000e+03 7.887733479734497788e-01
3.000000000000000000e+03 7.714696977689505797e-01
3.100000000000000000e+03 7.746633617872848987e-01
3.200000000000000000e+03 8.005063299048227332e-01
3.300000000000000000e+03 7.880516280160199116e-01
3.400000000000000000e+03 7.942065331774059711e-01
3.500000000000000000e+03 7.977312964060546685e-01
3.600000000000000000e+03 7.858322921207251399e-01
3.700000000000000000e+03 7.825411645063097277e-01
3.800000000000000000e+03 7.960126891746774902e-01
3.900000000000000000e+03 8.097685279041046957e-01
4.000000000000000000e+03 8.301171937181760496e-01
4.100000000000000000e+03 8.224448743867514011e-01
4.200000000000000000e+03 8.045469119652916001e-01
4.300000000000000000e+03 8.318521041399840055e-01
4.400000000000000000e+03 8.199574446717636800e-01
4.500000000000000000e+03 8.229078760670389681e-01
4.600000000000000000e+03 8.248399776019817997e-01
4.700000000000000000e+03 8.211209313815656108e-01
4.800000000000000000e+03 8.368106875140280954e-01
4.900000000000000000e+03 8.425676547742320111e-01
5.000000000000000000e+03 8.544943492888306125e-01
5.100000000000000000e+03 8.295072853869805973e-01
5.200000000000000000e+03 8.440473410926901954e-01
5.300000000000000000e+03 8.491586294209438890e-01
5.400000000000000000e+03 8.461812273121833705e-01
5.500000000000000000e+03 8.495382089696649208e-01
5.600000000000000000e+03 8.521861911161272563e-01
5.700000000000000000e+03 8.607870140109669110e-01
5.800000000000000000e+03 8.470147338246769575e-01
5.900000000000000000e+03 8.384220925652920986e-01
6.000000000000000000e+03 8.500942047785006173e-01
6.100000000000000000e+03 8.510232079824997520e-01
6.200000000000000000e+03 8.778502930450584607e-01
6.300000000000000000e+03 8.513483845390016347e-01
6.400000000000000000e+03 8.513877667124285509e-01
6.500000000000000000e+03 8.615080098262389852e-01
6.600000000000000000e+03 8.724771470342778112e-01
6.700000000000000000e+03 8.696619427350538167e-01
6.800000000000000000e+03 8.836651296376523135e-01
6.900000000000000000e+03 8.570895276087884262e-01
7.000000000000000000e+03 8.778473327548846905e-01
7.100000000000000000e+03 8.605227004278129810e-01
7.200000000000000000e+03 8.682569106029884853e-01
7.300000000000000000e+03 8.359714253650348814e-01
7.400000000000000000e+03 8.654589431690474788e-01
7.500000000000000000e+03 8.947655028672568678e-01
7.600000000000000000e+03 8.779042415805997646e-01
7.700000000000000000e+03 8.610409140309250864e-01
7.800000000000000000e+03 8.987911740361151924e-01
7.900000000000000000e+03 8.884709843357547765e-01
8.000000000000000000e+03 9.011732247554795627e-01
8.100000000000000000e+03 8.843791739693579457e-01
8.200000000000000000e+03 8.577489170255949702e-01
8.300000000000000000e+03 8.859160361167388587e-01
8.400000000000000000e+03 8.562488033565280876e-01
8.500000000000000000e+03 8.732375765385745892e-01
8.600000000000000000e+03 8.679027503629855866e-01
8.700000000000000000e+03 8.589368691536376499e-01
8.800000000000000000e+03 8.787525139671776842e-01
8.900000000000000000e+03 8.921891417342880937e-01
9.000000000000000000e+03 8.651230006661925209e-01
9.100000000000000000e+03 8.848435511817401844e-01
9.200000000000000000e+03 8.922838490123818911e-01
9.300000000000000000e+03 8.776851728159862365e-01
9.400000000000000000e+03 8.863078861766883199e-01
9.500000000000000000e+03 8.846157978736735039e-01
9.600000000000000000e+03 8.740304047373934626e-01
9.700000000000000000e+03 8.684569753969777484e-01
9.800000000000000000e+03 8.856656870293209138e-01
9.900000000000000000e+03 8.832685166634289819e-01
1.000000000000000000e+04 8.829670444652342187e-01
1.010000000000000000e+04 8.892990875157860131e-01
1.020000000000000000e+04 8.884452113426670739e-01
1.030000000000000000e+04 8.874841507156003839e-01
1.040000000000000000e+04 8.949856277361640799e-01
1.050000000000000000e+04 8.681945812997057255e-01
1.060000000000000000e+04 8.559240853428526918e-01
1.070000000000000000e+04 8.950956908899341258e-01
1.080000000000000000e+04 8.991791039550642850e-01
1.090000000000000000e+04 8.803158456195872006e-01
1.100000000000000000e+04 9.001865306028082880e-01
1.110000000000000000e+04 8.905006506682788814e-01
1.120000000000000000e+04 8.722048095666377066e-01
1.130000000000000000e+04 9.020993769877067026e-01
1.140000000000000000e+04 8.839955250485695970e-01
1.150000000000000000e+04 8.992367124208140439e-01
1.160000000000000000e+04 8.712927073308573966e-01
1.170000000000000000e+04 8.934846839101731053e-01
1.180000000000000000e+04 9.005240463206669599e-01
1.190000000000000000e+04 9.027273098655281824e-01
1.200000000000000000e+04 8.933269262813253730e-01
1.210000000000000000e+04 8.844318802618529318e-01
1.220000000000000000e+04 8.831369388054304270e-01
1.230000000000000000e+04 9.197075396202002429e-01
1.240000000000000000e+04 9.100466772817064065e-01
1.250000000000000000e+04 9.006115247884189934e-01
1.260000000000000000e+04 8.992561510800051172e-01
1.270000000000000000e+04 9.081516486598881777e-01
1.280000000000000000e+04 8.977974924144893620e-01
1.290000000000000000e+04 9.045388369176248222e-01
1.300000000000000000e+04 9.191642693744730419e-01
1.310000000000000000e+04 9.080621661238280629e-01
1.320000000000000000e+04 9.129048606615022265e-01
1.330000000000000000e+04 9.034466702463967991e-01
1.340000000000000000e+04 8.938204897174767405e-01
1.350000000000000000e+04 8.982691952283416992e-01
1.360000000000000000e+04 8.977948620608657837e-01
1.370000000000000000e+04 8.942999196901608716e-01
1.380000000000000000e+04 9.165896809882276841e-01
1.390000000000000000e+04 8.906974779933738429e-01
1.400000000000000000e+04 8.983356364765420210e-01
1.410000000000000000e+04 9.093256300144927362e-01
1.420000000000000000e+04 9.179816452420872519e-01
1.430000000000000000e+04 8.944721413172498359e-01
1.440000000000000000e+04 9.157634884823899757e-01
1.450000000000000000e+04 9.223507939741204531e-01
1.460000000000000000e+04 9.119479229770710571e-01
1.470000000000000000e+04 9.071804543371938534e-01
1.480000000000000000e+04 8.928615101348866823e-01
1.490000000000000000e+04 9.134883492652725590e-01
1.500000000000000000e+04 9.145430385033215259e-01
1.510000000000000000e+04 9.003523525168759534e-01
1.520000000000000000e+04 9.143029944995602065e-01
1.530000000000000000e+04 9.094038359820812989e-01
1.540000000000000000e+04 9.187323862240754924e-01
1.550000000000000000e+04 8.951066571632451119e-01
1.560000000000000000e+04 9.176654909756265521e-01
1.570000000000000000e+04 9.240608437098611905e-01
1.580000000000000000e+04 9.235845593698321920e-01
1.590000000000000000e+04 8.937826798434620468e-01
1.600000000000000000e+04 9.021148426089592443e-01
1.610000000000000000e+04 9.161025905910115119e-01
1.620000000000000000e+04 9.009998602164794868e-01
1.630000000000000000e+04 9.045760528079539453e-01
1.640000000000000000e+04 9.175627730832740525e-01
1.650000000000000000e+04 8.989919921432711902e-01
1.660000000000000000e+04 9.149001569913713938e-01
1.670000000000000000e+04 9.126289839831320805e-01
1.680000000000000000e+04 9.112915124711756798e-01
1.690000000000000000e+04 9.172929171156605221e-01
1.700000000000000000e+04 9.140887648313760216e-01
1.710000000000000000e+04 9.051174272947248856e-01
1.720000000000000000e+04 9.278144662212127747e-01
1.730000000000000000e+04 9.115309868935652649e-01
1.740000000000000000e+04 9.159528997612123025e-01
1.750000000000000000e+04 9.160721155446189812e-01
1.760000000000000000e+04 9.119209159457948299e-01
1.770000000000000000e+04 9.063684787989967351e-01
1.780000000000000000e+04 9.046318433003400772e-01
1.790000000000000000e+04 9.077119476685450161e-01
1.800000000000000000e+04 9.015638317044830652e-01
1.810000000000000000e+04 9.331614367266873877e-01
1.820000000000000000e+04 9.186569379794180534e-01
1.830000000000000000e+04 9.238963838805476225e-01
1.840000000000000000e+04 9.251174673584084962e-01
1.850000000000000000e+04 9.160145457935018332e-01
1.860000000000000000e+04 9.241501811398864508e-01
1.870000000000000000e+04 9.194453559789863561e-01
1.880000000000000000e+04 9.095682168659799949e-01
1.890000000000000000e+04 9.079424456171080182e-01
1.900000000000000000e+04 9.136268874009380037e-01
1.910000000000000000e+04 9.080978092068919816e-01
1.920000000000000000e+04 9.140774798414732505e-01
1.930000000000000000e+04 9.084166323213566097e-01
1.940000000000000000e+04 8.858492087216357502e-01
1.950000000000000000e+04 9.167320520211733603e-01
1.960000000000000000e+04 9.269510722204548081e-01
1.970000000000000000e+04 9.080460509180674489e-01
1.980000000000000000e+04 9.014487678436368112e-01
1.990000000000000000e+04 9.048777629630200270e-01
2.000000000000000000e+04 9.066090688268555464e-01
2.010000000000000000e+04 9.077085295107863994e-01
2.020000000000000000e+04 9.098695566325716300e-01
2.030000000000000000e+04 8.894712564630193885e-01
2.040000000000000000e+04 9.067612912196580943e-01
2.050000000000000000e+04 9.065881729117241106e-01
2.060000000000000000e+04 9.144830662217360295e-01
2.070000000000000000e+04 9.184050962291477882e-01
2.080000000000000000e+04 9.075398926119154774e-01
2.090000000000000000e+04 9.116491733022215049e-01
2.100000000000000000e+04 9.263277809572786348e-01
2.110000000000000000e+04 9.059650015477757057e-01
2.120000000000000000e+04 9.072608789621170455e-01
2.130000000000000000e+04 9.169264187396672927e-01
2.140000000000000000e+04 8.946749947135430592e-01
2.150000000000000000e+04 9.168441428060778442e-01
2.160000000000000000e+04 9.077980350732725023e-01
2.170000000000000000e+04 9.127783987335394977e-01
2.180000000000000000e+04 9.196525717978933923e-01
2.190000000000000000e+04 8.962479985154793161e-01
2.200000000000000000e+04 9.271974825346920301e-01
2.210000000000000000e+04 9.081032880145820663e-01
2.220000000000000000e+04 9.020547308534552222e-01
2.230000000000000000e+04 9.127367921960587438e-01
2.240000000000000000e+04 9.213696492192016141e-01
2.250000000000000000e+04 9.095948517189037519e-01
2.260000000000000000e+04 9.194852374354849367e-01
2.270000000000000000e+04 9.336715301186494509e-01
2.280000000000000000e+04 9.139866696542182645e-01
2.290000000000000000e+04 9.146650542598527833e-01
2.300000000000000000e+04 9.107076029043243981e-01
2.310000000000000000e+04 9.192420725264276449e-01
2.320000000000000000e+04 9.215707439673808121e-01
2.330000000000000000e+04 9.281503113362337132e-01
2.340000000000000000e+04 9.191276297455620581e-01
2.350000000000000000e+04 8.979263269869808273e-01
2.360000000000000000e+04 9.110787615543930462e-01
2.370000000000000000e+04 9.140676502620060928e-01
2.380000000000000000e+04 9.190780727887395418e-01
2.390000000000000000e+04 9.102036420186641053e-01
2.400000000000000000e+04 9.184595571264341229e-01
2.410000000000000000e+04 9.101190878837390752e-01
2.420000000000000000e+04 9.030727734143985108e-01
2.430000000000000000e+04 9.208029862099988971e-01
2.440000000000000000e+04 9.232521323492201004e-01
2.450000000000000000e+04 9.159045860071497458e-01
2.460000000000000000e+04 9.158480447977995764e-01
2.470000000000000000e+04 9.173637286870317542e-01
2.480000000000000000e+04 9.295769824574905416e-01
2.490000000000000000e+04 9.103702557618967850e-01
2.500000000000000000e+04 9.198257146123243189e-01
2.510000000000000000e+04 9.165262759329210196e-01
2.520000000000000000e+04 9.126788886377811272e-01
2.530000000000000000e+04 9.183488616338006949e-01
2.540000000000000000e+04 9.212630434296213977e-01
2.550000000000000000e+04 9.085566329925875984e-01
2.560000000000000000e+04 9.271183261673345832e-01
2.570000000000000000e+04 9.213319676638879185e-01
2.580000000000000000e+04 9.163353258559234771e-01
2.590000000000000000e+04 9.180066218018873014e-01
2.600000000000000000e+04 9.228836695443980442e-01
2.610000000000000000e+04 9.098865783854882539e-01
2.620000000000000000e+04 9.228402860941578023e-01
2.630000000000000000e+04 9.035110800460803837e-01
2.640000000000000000e+04 9.153386314163284299e-01
2.650000000000000000e+04 9.271128831131658643e-01
2.660000000000000000e+04 9.181066904846466592e-01
2.670000000000000000e+04 9.350511213610204209e-01
2.680000000000000000e+04 9.185391384433868600e-01
2.690000000000000000e+04 9.154559607274220800e-01
2.700000000000000000e+04 9.168418756934274549e-01
2.710000000000000000e+04 9.225566303650851729e-01
2.720000000000000000e+04 9.092098077960180103e-01
2.730000000000000000e+04 9.114044745639748868e-01
2.740000000000000000e+04 9.223165003526708761e-01
2.750000000000000000e+04 9.124652714753249683e-01
2.760000000000000000e+04 9.205263890100037205e-01
2.770000000000000000e+04 9.206035954094000662e-01
2.780000000000000000e+04 9.307506593364159864e-01
2.790000000000000000e+04 9.210753079783302599e-01
2.800000000000000000e+04 9.240552221493270046e-01
2.810000000000000000e+04 9.084884457027561089e-01
2.820000000000000000e+04 9.154573183305723116e-01
2.830000000000000000e+04 9.365507879181845796e-01
2.840000000000000000e+04 9.207517814991078575e-01
2.850000000000000000e+04 9.344542073888333356e-01
2.860000000000000000e+04 9.222484866500022527e-01
2.870000000000000000e+04 9.211390024233261364e-01
2.880000000000000000e+04 9.107559002794117786e-01
2.890000000000000000e+04 9.185088331963939812e-01
2.900000000000000000e+04 9.317804113275349742e-01
2.910000000000000000e+04 9.280921309502578875e-01
2.920000000000000000e+04 9.198151156372019743e-01
2.930000000000000000e+04 9.321531059643286543e-01
2.940000000000000000e+04 9.288610198849911459e-01
2.950000000000000000e+04 9.219964180274293764e-01
2.960000000000000000e+04 9.183245666807091645e-01
2.970000000000000000e+04 9.140139698064535523e-01
2.980000000000000000e+04 9.299656079093918670e-01
2.990000000000000000e+04 9.298282587418346123e-01
3.000000000000000000e+04 9.151827816995200537e-01
