0.000000000000000000e+00 5.013879999999999448e-01
1.000000000000000000e+02 3.087920000000000109e-01
2.000000000000000000e+02 4.124120000000000008e-01
3.000000000000000000e+02 4.278159999999999741e-01
4.000000000000000000e+02 5.454799999999999649e-01
5.000000000000000000e+02 5.675240000000000284e-01
6.000000000000000000e+02 5.947200000000001374e-01
7.000000000000000000e+02 6.008680000000000687e-01
8.000000000000000000e+02 5.958879999999999733e-01
9.000000000000000000e+02 6.709439999999999849e-01
1.000000000000000000e+03 6.906959999999999766e-01
1.100000000000000000e+03 6.913679999999999826e-01
1.200000000000000000e+03 6.675479999999999192e-01
1.300000000000000000e+03 6.854160000000000252e-01
1.400000000000000000e+03 6.916999999999999815e-01
1.500000000000000000e+03 6.892999999999999128e-01
1.600000000000000000e+03 6.696359999999998980e-01
1.700000000000000000e+03 6.914559999999999595e-01
1.800000000000000000e+03 7.033279999999999532e-01
1.900000000000000000e+03 7.102039999999999464e-01
2.000000000000000000e+03 7.172919999999999296e-01
2.100000000000000000e+03 7.128680000000000572e-01
2.200000000000000000e+03 7.240600000000000369e-01
2.300000000000000000e+03 7.461839999999999584e-01
2.400000000000000000e+03 7.358080000000000176e-01
2.500000000000000000e+03 7.356519999999999726e-01
2.600000000000000000e+03 7.623679999999999346e-01
2.700000000000000000e+03 7.220640000000000391e-01
2.800000000000000000e+03 7.059520000000000239e-01
2.900000000000000000e+03 7.566439999999999833e-01
3.000000000000000000e+03 7.380800000000000693e-01
3.100000000000000000e+03 7.366039999999999255e-01
3.200000000000000000e+03 7.779720000000001079e-01
3.300000000000000000e+03 7.585560000000000080e-01
3.400000000000000000e+03 7.656319999999999792e-01
3.500000000000000000e+03 7.770399999999999530e-01
3.600000000000000000e+03 7.462839999999999474e-01
3.700000000000000000e+03 7.609120000000000328e-01
3.800000000000000000e+03 7.689299999999998914e-01
3.900000000000000000e+03 7.879919999999999147e-01
4.000000000000000000e+03 8.019439999999999902e-01
4.100000000000000000e+03 8.042599999999999749e-01
4.200000000000000000e+03 7.843279999999999141e-01
4.300000000000000000e+03 8.121319999999998540e-01
4.400000000000000000e+03 7.934520000000000461e-01
4.500000000000000000e+03 8.018599999999999062e-01
4.600000000000000000e+03 8.062199999999999367e-01
4.700000000000000000e+03 7.969519999999999937e-01
4.800000000000000000e+03 8.150079999999999547e-01
4.900000000000000000e+03 8.259639999999999205e-01
5.000000000000000000e+03 8.282359999999999722e-01
5.100000000000000000e+03 8.081720000000000015e-01
5.200000000000000000e+03 8.183719999999999883e-01
5.300000000000000000e+03 8.371159999999999712e-01
5.400000000000000000e+03 8.249879999999999436e-01
5.500000000000000000e+03 8.335600000000000787e-01
5.600000000000000000e+03 8.313679999999999959e-01
5.700000000000000000e+03 8.430399999999999006e-01
5.800000000000000000e+03 8.248280000000000056e-01
5.900000000000000000e+03 8.183000000000000274e-01
6.000000000000000000e+03 8.311600000000000099e-01
6.100000000000000000e+03 8.322319999999998608e-01
6.200000000000000000e+03 8.543359999999999843e-01
6.300000000000000000e+03 8.329879999999998397e-01
6.400000000000000000e+03 8.338639999999999386e-01
6.500000000000000000e+03 8.402880000000000349e-01
6.600000000000000000e+03 8.497679999999999678e-01
6.700000000000000000e+03 8.460799999999999432e-01
6.800000000000000000e+03 8.650959999999999761e-01
6.900000000000000000e+03 8.353040000000001575e-01
7.000000000000000000e+03 8.641639999999999322e-01
7.100000000000000000e+03 8.423599999999999977e-01
7.200000000000000000e+03 8.548439999999999372e-01
7.300000000000000000e+03 8.126919999999999700e-01
7.400000000000000000e+03 8.479359999999999120e-01
7.500000000000000000e+03 8.789919999999999956e-01
7.600000000000000000e+03 8.582760000000000389e-01
7.700000000000000000e+03 8.478199999999999070e-01
7.800000000000000000e+03 8.802279999999998994e-01
7.900000000000000000e+03 8.674839999999999218e-01
8.000000000000000000e+03 8.856199999999998518e-01
8.100000000000000000e+03 8.659160000000000190e-01
8.200000000000000000e+03 8.440679999999999295e-01
8.300000000000000000e+03 8.675959999999999228e-01
8.400000000000000000e+03 8.490839999999999499e-01
8.500000000000000000e+03 8.569800000000000750e-01
8.600000000000000000e+03 8.538599999999999524e-01
8.700000000000000000e+03 8.567160000000000331e-01
8.800000000000000000e+03 8.676159999999999428e-01
8.900000000000000000e+03 8.747719999999998830e-01
9.000000000000000000e+03 8.529840000000000755e-01
9.100000000000000000e+03 8.654960000000000431e-01
9.200000000000000000e+03 8.737839999999998941e-01
9.300000000000000000e+03 8.610799999999999566e-01
9.400000000000000000e+03 8.682279999999998887e-01
9.500000000000000000e+03 8.757919999999999039e-01
9.600000000000000000e+03 8.519519999999999316e-01
9.700000000000000000e+03 8.535560000000000924e-01
9.800000000000000000e+03 8.730599999999999472e-01
9.900000000000000000e+03 8.673239999999999839e-01
1.000000000000000000e+04 8.676439999999999708e-01
1.010000000000000000e+04 8.747439999999999660e-01
1.020000000000000000e+04 8.716800000000000104e-01
1.030000000000000000e+04 8.737199999999999411e-01
1.040000000000000000e+04 8.823759999999999382e-01
1.050000000000000000e+04 8.517919999999999936e-01
1.060000000000000000e+04 8.454760000000001163e-01
1.070000000000000000e+04 8.863080000000000958e-01
1.080000000000000000e+04 8.830839999999999801e-01
1.090000000000000000e+04 8.686839999999999007e-01
1.100000000000000000e+04 8.879960000000000075e-01
1.110000000000000000e+04 8.790880000000000916e-01
1.120000000000000000e+04 8.579960000000000919e-01
1.130000000000000000e+04 8.882359999999999145e-01
1.140000000000000000e+04 8.694319999999999826e-01
1.150000000000000000e+04 8.887440000000002005e-01
1.160000000000000000e+04 8.669759999999999689e-01
1.170000000000000000e+04 8.829280000000000461e-01
1.180000000000000000e+04 8.899519999999999653e-01
1.190000000000000000e+04 8.958639999999999937e-01
1.200000000000000000e+04 8.806159999999999544e-01
1.210000000000000000e+04 8.741239999999999011e-01
1.220000000000000000e+04 8.689719999999999667e-01
1.230000000000000000e+04 9.081719999999999793e-01
1.240000000000000000e+04 9.047919999999999296e-01
1.250000000000000000e+04 8.908119999999999372e-01
1.260000000000000000e+04 8.944300000000000583e-01
1.270000000000000000e+04 8.971999999999999975e-01
1.280000000000000000e+04 8.841519999999998269e-01
1.290000000000000000e+04 8.930160000000000320e-01
1.300000000000000000e+04 9.081240000000001533e-01
1.310000000000000000e+04 8.998159999999998382e-01
1.320000000000000000e+04 9.040639999999999787e-01
1.330000000000000000e+04 8.919679999999999831e-01
1.340000000000000000e+04 8.931360000000000410e-01
1.350000000000000000e+04 8.903999999999999693e-01
1.360000000000000000e+04 8.822520000000000362e-01
1.370000000000000000e+04 8.882280000000001285e-01
1.380000000000000000e+04 9.062600000000000655e-01
1.390000000000000000e+04 8.804680000000000284e-01
1.400000000000000000e+04 8.908279999999999532e-01
1.410000000000000000e+04 8.971279999999999255e-01
1.420000000000000000e+04 9.081720000000000903e-01
1.430000000000000000e+04 8.827439999999999731e-01
1.440000000000000000e+04 9.127279999999999838e-01
1.450000000000000000e+04 9.078239999999999643e-01
1.460000000000000000e+04 9.025360000000000049e-01
1.470000000000000000e+04 9.027000000000000579e-01
1.480000000000000000e+04 8.863999999999999657e-01
1.490000000000000000e+04 9.060120000000000395e-01
1.500000000000000000e+04 9.030600000000000849e-01
1.510000000000000000e+04 8.881479999999999375e-01
1.520000000000000000e+04 9.075679999999999303e-01
1.530000000000000000e+04 9.039120000000000488e-01
1.540000000000000000e+04 9.119279999999999609e-01
1.550000000000000000e+04 8.924360000000000070e-01
1.560000000000000000e+04 9.050039999999999196e-01
1.570000000000000000e+04 9.174320000000000253e-01
1.580000000000000000e+04 9.150039999999999285e-01
1.590000000000000000e+04 8.854079999999999728e-01
1.600000000000000000e+04 8.939559999999999729e-01
1.610000000000000000e+04 9.103640000000000621e-01
1.620000000000000000e+04 9.002960000000000962e-01
1.630000000000000000e+04 8.995280000000001053e-01
1.640000000000000000e+04 9.237040000000000806e-01
1.650000000000000000e+04 8.976480000000000015e-01
1.660000000000000000e+04 9.085559999999999192e-01
1.670000000000000000e+04 9.075999999999999623e-01
1.680000000000000000e+04 9.078239999999999643e-01
1.690000000000000000e+04 9.099399999999999711e-01
1.700000000000000000e+04 9.037920000000000398e-01
1.710000000000000000e+04 8.937159999999999549e-01
1.720000000000000000e+04 9.244839999999999725e-01
1.730000000000000000e+04 8.986719999999999153e-01
1.740000000000000000e+04 9.103359999999999230e-01
1.750000000000000000e+04 9.060360000000000635e-01
1.760000000000000000e+04 9.082599999999999563e-01
1.770000000000000000e+04 9.021760000000000890e-01
1.780000000000000000e+04 9.065400000000000125e-01
1.790000000000000000e+04 9.051559999999999606e-01
1.800000000000000000e+04 8.948880000000000168e-01
1.810000000000000000e+04 9.268480000000000052e-01
1.820000000000000000e+04 9.109760000000000080e-01
1.830000000000000000e+04 9.130440000000000778e-01
1.840000000000000000e+04 9.217279999999998807e-01
1.850000000000000000e+04 9.061640000000000805e-01
1.860000000000000000e+04 9.103920000000000901e-01
1.870000000000000000e+04 9.179720000000000102e-01
1.880000000000000000e+04 8.980480000000001795e-01
1.890000000000000000e+04 9.044000000000000927e-01
1.900000000000000000e+04 8.998640000000001082e-01
1.910000000000000000e+04 9.006600000000000161e-01
1.920000000000000000e+04 9.044999999999999707e-01
1.930000000000000000e+04 9.009319999999999551e-01
1.940000000000000000e+04 8.888039999999999274e-01
1.950000000000000000e+04 9.105760000000000520e-01
1.960000000000000000e+04 9.166600000000000303e-01
1.970000000000000000e+04 8.973759999999999515e-01
1.980000000000000000e+04 8.955039999999999667e-01
1.990000000000000000e+04 8.977720000000000145e-01
2.000000000000000000e+04 8.967999999999999305e-01
2.010000000000000000e+04 8.967119999999999536e-01
2.020000000000000000e+04 9.007479999999998821e-01
2.030000000000000000e+04 8.833920000000000661e-01
2.040000000000000000e+04 9.059399999999999675e-01
2.050000000000000000e+04 8.991439999999999433e-01
2.060000000000000000e+04 9.040960000000000107e-01
2.070000000000000000e+04 9.075040000000000884e-01
2.080000000000000000e+04 9.006120000000000791e-01
2.090000000000000000e+04 9.015800000000000480e-01
2.100000000000000000e+04 9.137000000000001787e-01
2.110000000000000000e+04 8.956839999999999247e-01
2.120000000000000000e+04 9.008999999999999231e-01
2.130000000000000000e+04 9.078880000000000283e-01
2.140000000000000000e+04 8.938960000000000239e-01
2.150000000000000000e+04 9.082200000000000273e-01
2.160000000000000000e+04 9.051799999999998736e-01
2.170000000000000000e+04 9.063240000000000185e-01
2.180000000000000000e+04 9.113439999999999319e-01
2.190000000000000000e+04 8.904440000000000133e-01
2.200000000000000000e+04 9.175919999999999632e-01
2.210000000000000000e+04 9.084520000000000373e-01
2.220000000000000000e+04 8.980839999999998824e-01
2.230000000000000000e+04 9.039759999999998907e-01
2.240000000000000000e+04 9.162440000000000584e-01
2.250000000000000000e+04 9.100479999999999681e-01
2.260000000000000000e+04 9.130239999999998357e-01
2.270000000000000000e+04 9.260119999999999463e-01
2.280000000000000000e+04 9.084600000000001563e-01
2.290000000000000000e+04 9.084440000000000293e-01
2.300000000000000000e+04 9.052079999999999016e-01
2.310000000000000000e+04 9.171999999999999043e-01
2.320000000000000000e+04 9.151080000000000325e-01
2.330000000000000000e+04 9.196239999999999970e-01
2.340000000000000000e+04 9.170320000000000693e-01
2.350000000000000000e+04 8.886479999999999935e-01
2.360000000000000000e+04 9.062879999999999825e-01
2.370000000000000000e+04 9.035320000000000018e-01
2.380000000000000000e+04 9.097040000000000681e-01
2.390000000000000000e+04 9.045719999999999317e-01
2.400000000000000000e+04 9.059360000000000746e-01
2.410000000000000000e+04 9.009080000000000421e-01
2.420000000000000000e+04 8.981560000000000654e-01
2.430000000000000000e+04 9.117200000000000859e-01
2.440000000000000000e+04 9.184440000000000381e-01
2.450000000000000000e+04 9.103040000000000020e-01
2.460000000000000000e+04 9.077320000000000944e-01
2.470000000000000000e+04 9.063999999999998725e-01
2.480000000000000000e+04 9.186519999999999131e-01
2.490000000000000000e+04 9.036960000000001658e-01
2.500000000000000000e+04 9.157159999999999744e-01
2.510000000000000000e+04 9.102839999999999820e-01
2.520000000000000000e+04 8.987999999999999323e-01
2.530000000000000000e+04 9.078760000000001273e-01
2.540000000000000000e+04 9.123320000000001428e-01
2.550000000000000000e+04 9.039519999999998667e-01
2.560000000000000000e+04 9.166199999999999903e-01
2.570000000000000000e+04 9.220960000000000267e-01
2.580000000000000000e+04 9.107680000000000220e-01
2.590000000000000000e+04 9.116720000000000379e-01
2.600000000000000000e+04 9.172799999999998732e-01
2.610000000000000000e+04 9.023120000000000029e-01
2.620000000000000000e+04 9.155240000000000045e-01
2.630000000000000000e+04 9.007839999999999181e-01
2.640000000000000000e+04 9.023360000000000269e-01
2.650000000000000000e+04 9.166560000000001374e-01
2.660000000000000000e+04 9.119040000000000479e-01
2.670000000000000000e+04 9.285440000000001470e-01
2.680000000000000000e+04 9.098640000000000061e-01
2.690000000000000000e+04 9.075039999999998663e-01
2.700000000000000000e+04 9.076800000000000423e-01
2.710000000000000000e+04 9.179800000000000182e-01
2.720000000000000000e+04 9.026039999999999619e-01
2.730000000000000000e+04 8.985520000000000174e-01
2.740000000000000000e+04 9.146699999999999831e-01
2.750000000000000000e+04 9.027999999999999359e-01
2.760000000000000000e+04 9.128240000000000798e-01
2.770000000000000000e+04 9.142879999999999896e-01
2.780000000000000000e+04 9.218439999999999968e-01
2.790000000000000000e+04 9.148200000000000776e-01
2.800000000000000000e+04 9.169999999999999263e-01
2.810000000000000000e+04 9.052359999999999296e-01
2.820000000000000000e+04 9.086359999999999992e-01
2.830000000000000000e+04 9.317879999999999496e-01
2.840000000000000000e+04 9.138519999999998866e-01
2.850000000000000000e+04 9.246720000000000494e-01
2.860000000000000000e+04 9.143759999999999666e-01
2.870000000000000000e+04 9.101319999999999411e-01
2.880000000000000000e+04 9.034659999999999913e-01
2.890000000000000000e+04 9.080759999999999943e-01
2.900000000000000000e+04 9.236920000000000686e-01
2.910000000000000000e+04 9.201119999999999299e-01
2.920000000000000000e+04 9.095920000000000671e-01
2.930000000000000000e+04 9.235959999999999726e-01
2.940000000000000000e+04 9.196879999999998390e-01
2.950000000000000000e+04 9.189640000000000031e-01
2.960000000000000000e+04 9.116320000000001089e-01
2.970000000000000000e+04 9.135600000000000387e-01
2.980000000000000000e+04 9.239119999999998445e-01
2.990000000000000000e+04 9.221639999999999837e-01
3.000000000000000000e+04 9.018199999999999550e-01
