0.000000000000000000e+00 4.828112607525562039e-01
1.000000000000000000e+02 4.599833544953753628e-01
2.000000000000000000e+02 5.382777318596309035e-01
3.000000000000000000e+02 6.537501958828336734e-01
4.000000000000000000e+02 7.171985455832680101e-01
5.000000000000000000e+02 7.525064869834630077e-01
6.000000000000000000e+02 7.733057834184470236e-01
7.000000000000000000e+02 7.907356634929051387e-01
8.000000000000000000e+02 8.123904656118487999e-01
9.000000000000000000e+02 8.357394975960908967e-01
1.000000000000000000e+03 8.604914797673411941e-01
1.100000000000000000e+03 8.695944462387342755e-01
1.200000000000000000e+03 8.758394672082925325e-01
1.300000000000000000e+03 8.862107044211853246e-01
1.400000000000000000e+03 8.984719417308777434e-01
1.500000000000000000e+03 8.940107676955935112e-01
1.600000000000000000e+03 9.119765572493230277e-01
1.700000000000000000e+03 9.155885526846794242e-01
1.800000000000000000e+03 9.183764988448381850e-01
1.900000000000000000e+03 9.143648957160901425e-01
2.000000000000000000e+03 9.253606930559568067e-01
2.100000000000000000e+03 9.134510770885937436e-01
2.200000000000000000e+03 9.228445589398430737e-01
2.300000000000000000e+03 9.385568551566688678e-01
2.400000000000000000e+03 9.226007304140154686e-01
2.500000000000000000e+03 9.221085586230203246e-01
2.600000000000000000e+03 9.139126395267628267e-01
2.700000000000000000e+03 9.321235408634422903e-01
2.800000000000000000e+03 9.260245840483274371e-01
2.900000000000000000e+03 9.319480839209708378e-01
3.000000000000000000e+03 9.384775186563359961e-01
3.100000000000000000e+03 9.470635953206336666e-01
3.200000000000000000e+03 9.371633775837764357e-01
3.300000000000000000e+03 9.462340108157436536e-01
3.400000000000000000e+03 9.275291386455032372e-01
3.500000000000000000e+03 9.309804326022442789e-01
3.600000000000000000e+03 9.516092526718058497e-01
3.700000000000000000e+03 9.496953991728066535e-01
3.800000000000000000e+03 9.501120572246647411e-01
3.900000000000000000e+03 9.438535161462464629e-01
4.000000000000000000e+03 9.427837652385225864e-01
4.100000000000000000e+03 9.494876278385290247e-01
4.200000000000000000e+03 9.564239442714960182e-01
4.300000000000000000e+03 9.497895766016696273e-01
4.400000000000000000e+03 9.469459015666847890e-01
4.500000000000000000e+03 9.538442836798333158e-01
4.600000000000000000e+03 9.525146574384760756e-01
4.700000000000000000e+03 9.492951052224496422e-01
4.800000000000000000e+03 9.414738682269523373e-01
4.900000000000000000e+03 9.483953404724494440e-01
5.000000000000000000e+03 9.506541064222967519e-01
5.100000000000000000e+03 9.436624500588520759e-01
5.200000000000000000e+03 9.504450897369787210e-01
5.300000000000000000e+03 9.579317987867435047e-01
5.400000000000000000e+03 9.630487005458217009e-01
5.500000000000000000e+03 9.539591314066159233e-01
5.600000000000000000e+03 9.504271830380450758e-01
5.700000000000000000e+03 9.537627884248693899e-01
5.800000000000000000e+03 9.504149297716248945e-01
5.900000000000000000e+03 9.563908034903161326e-01
6.000000000000000000e+03 9.579449943787533561e-01
6.100000000000000000e+03 9.615380810169470438e-01
6.200000000000000000e+03 9.569121347293720881e-01
6.300000000000000000e+03 9.446527979233588779e-01
6.400000000000000000e+03 9.554609767133849241e-01
6.500000000000000000e+03 9.436880265419214098e-01
6.600000000000000000e+03 9.537175073609904796e-01
6.700000000000000000e+03 9.493447045209223445e-01
6.800000000000000000e+03 9.570303360617372634e-01
6.900000000000000000e+03 9.486284150459109998e-01
7.000000000000000000e+03 9.597620213961302049e-01
7.100000000000000000e+03 9.559354773898172120e-01
7.200000000000000000e+03 9.580694253626003132e-01
7.300000000000000000e+03 9.566081910323794846e-01
7.400000000000000000e+03 9.578946844464589772e-01
7.500000000000000000e+03 9.560990714087934661e-01
7.600000000000000000e+03 9.499941698031076909e-01
7.700000000000000000e+03 9.593150875751970119e-01
7.800000000000000000e+03 9.647781760248697047e-01
7.900000000000000000e+03 9.596486990954641305e-01
8.000000000000000000e+03 9.616236062076108926e-01
8.100000000000000000e+03 9.627261741037704823e-01
8.200000000000000000e+03 9.603194006389914605e-01
8.300000000000000000e+03 9.618235155619337950e-01
8.400000000000000000e+03 9.568235805613927170e-01
8.500000000000000000e+03 9.614632455563260072e-01
8.600000000000000000e+03 9.719445202092120706e-01
8.700000000000000000e+03 9.643756815485088341e-01
8.800000000000000000e+03 9.550952980253888391e-01
8.900000000000000000e+03 9.624682274200148102e-01
9.000000000000000000e+03 9.658144787696882894e-01
9.100000000000000000e+03 9.605909337721650898e-01
9.200000000000000000e+03 9.564835056040114081e-01
9.300000000000000000e+03 9.611133751749015852e-01
9.400000000000000000e+03 9.620995872037875207e-01
9.500000000000000000e+03 9.586615636360058534e-01
9.600000000000000000e+03 9.569309618620114311e-01
9.700000000000000000e+03 9.591045916125785498e-01
9.800000000000000000e+03 9.641293560889099279e-01
9.900000000000000000e+03 9.695764473934256333e-01
1.000000000000000000e+04 9.533293741134445387e-01
1.010000000000000000e+04 9.598970261513402047e-01
1.020000000000000000e+04 9.561917589830171149e-01
1.030000000000000000e+04 9.632045596357983186e-01
1.040000000000000000e+04 9.607329284315988538e-01
1.050000000000000000e+04 9.553790177023833152e-01
1.060000000000000000e+04 9.583800728306536287e-01
1.070000000000000000e+04 9.549109275244690442e-01
1.080000000000000000e+04 9.652314901246141776e-01
1.090000000000000000e+04 9.640788316196998720e-01
1.100000000000000000e+04 9.656799844700014734e-01
1.110000000000000000e+04 9.675431899050109807e-01
1.120000000000000000e+04 9.613754015892478355e-01
1.130000000000000000e+04 9.635950904599254185e-01
1.140000000000000000e+04 9.586666255527884761e-01
1.150000000000000000e+04 9.606905618890386744e-01
1.160000000000000000e+04 9.666987753559244112e-01
1.170000000000000000e+04 9.618494493138717294e-01
1.180000000000000000e+04 9.663986912195408063e-01
1.190000000000000000e+04 9.727097517980584085e-01
1.200000000000000000e+04 9.691671660177878511e-01
1.210000000000000000e+04 9.607471602019327372e-01
1.220000000000000000e+04 9.663508128266504738e-01
1.230000000000000000e+04 9.612902586247511483e-01
1.240000000000000000e+04 9.605420938419482191e-01
1.250000000000000000e+04 9.685680855568022940e-01
1.260000000000000000e+04 9.710674389445644872e-01
1.270000000000000000e+04 9.506670301689190694e-01
1.280000000000000000e+04 9.665315470933154574e-01
1.290000000000000000e+04 9.654472887160044925e-01
1.300000000000000000e+04 9.677853681173474998e-01
1.310000000000000000e+04 9.682334897109203808e-01
1.320000000000000000e+04 9.717659920636455562e-01
1.330000000000000000e+04 9.638743029840626253e-01
1.340000000000000000e+04 9.639051557629391143e-01
1.350000000000000000e+04 9.651322311239788343e-01
1.360000000000000000e+04 9.588710270243600009e-01
1.370000000000000000e+04 9.628353223938226346e-01
1.380000000000000000e+04 9.630985909080347351e-01
1.390000000000000000e+04 9.625649122767065968e-01
1.400000000000000000e+04 9.696265912653184715e-01
1.410000000000000000e+04 9.663703799196718958e-01
1.420000000000000000e+04 9.598758181195679029e-01
1.430000000000000000e+04 9.670581263637380021e-01
1.440000000000000000e+04 9.633511864905444089e-01
1.450000000000000000e+04 9.595770994031439516e-01
1.460000000000000000e+04 9.568340318811108247e-01
1.470000000000000000e+04 9.676512058155559703e-01
1.480000000000000000e+04 9.704704853690492294e-01
1.490000000000000000e+04 9.706424500049061210e-01
1.500000000000000000e+04 9.684938267651116428e-01
1.510000000000000000e+04 9.666161235477971347e-01
1.520000000000000000e+04 9.640240706634746193e-01
1.530000000000000000e+04 9.666545741591529017e-01
1.540000000000000000e+04 9.618761830118269796e-01
1.550000000000000000e+04 9.621276508977490982e-01
1.560000000000000000e+04 9.666795853153302698e-01
1.570000000000000000e+04 9.699302977127015613e-01
1.580000000000000000e+04 9.605063751112379311e-01
1.590000000000000000e+04 9.671870701483973320e-01
1.600000000000000000e+04 9.670260272465531770e-01
1.610000000000000000e+04 9.656806928735930384e-01
1.620000000000000000e+04 9.707715713042861516e-01
1.630000000000000000e+04 9.660022412508777467e-01
1.640000000000000000e+04 9.656520216951820501e-01
1.650000000000000000e+04 9.567677155442475545e-01
1.660000000000000000e+04 9.633179415858502681e-01
1.670000000000000000e+04 9.662511579693157104e-01
1.680000000000000000e+04 9.604048645233276282e-01
1.690000000000000000e+04 9.631630789215619437e-01
1.700000000000000000e+04 9.654757970478358153e-01
1.710000000000000000e+04 9.614355606032038981e-01
1.720000000000000000e+04 9.673591858483300276e-01
1.730000000000000000e+04 9.681031226012650759e-01
1.740000000000000000e+04 9.600208465473817343e-01
1.750000000000000000e+04 9.693804703849961957e-01
1.760000000000000000e+04 9.654818043380928305e-01
1.770000000000000000e+04 9.732392753653283934e-01
1.780000000000000000e+04 9.692306418200566931e-01
1.790000000000000000e+04 9.686597719693309516e-01
1.800000000000000000e+04 9.710981794800294109e-01
1.810000000000000000e+04 9.667153891419908440e-01
1.820000000000000000e+04 9.667004689453977395e-01
1.830000000000000000e+04 9.681349529655149944e-01
1.840000000000000000e+04 9.660979298825889128e-01
1.850000000000000000e+04 9.614499429424883115e-01
1.860000000000000000e+04 9.626233545707538752e-01
1.870000000000000000e+04 9.667623203722727210e-01
1.880000000000000000e+04 9.655187882683180511e-01
1.890000000000000000e+04 9.663820970436276525e-01
1.900000000000000000e+04 9.580253656352918368e-01
1.910000000000000000e+04 9.631063498957050939e-01
1.920000000000000000e+04 9.661111574267223778e-01
1.930000000000000000e+04 9.674858695591764812e-01
1.940000000000000000e+04 9.602724420268063943e-01
1.950000000000000000e+04 9.658512082555881229e-01
1.960000000000000000e+04 9.667703507411795627e-01
1.970000000000000000e+04 9.665391980813023975e-01
1.980000000000000000e+04 9.659865288265447880e-01
1.990000000000000000e+04 9.608236896544529726e-01
2.000000000000000000e+04 9.681157064825706149e-01
2.010000000000000000e+04 9.556436886282072551e-01
2.020000000000000000e+04 9.670138109063433074e-01
2.030000000000000000e+04 9.733836035008611720e-01
2.040000000000000000e+04 9.678296149848004681e-01
2.050000000000000000e+04 9.701112263358693255e-01
2.060000000000000000e+04 9.654018921217308868e-01
2.070000000000000000e+04 9.629234600869185368e-01
2.080000000000000000e+04 9.707505250789285611e-01
2.090000000000000000e+04 9.676748593903449214e-01
2.100000000000000000e+04 9.585369667356522516e-01
2.110000000000000000e+04 9.699945980918488475e-01
2.120000000000000000e+04 9.713042541958101239e-01
2.130000000000000000e+04 9.680746276706124753e-01
2.140000000000000000e+04 9.589666314052063267e-01
2.150000000000000000e+04 9.665160939809229745e-01
2.160000000000000000e+04 9.670492387878231177e-01
2.170000000000000000e+04 9.622289128771646105e-01
2.180000000000000000e+04 9.680435780571228221e-01
2.190000000000000000e+04 9.695497413746962945e-01
2.200000000000000000e+04 9.696660864741515340e-01
2.210000000000000000e+04 9.705498774598868561e-01
2.220000000000000000e+04 9.626744797108222063e-01
2.230000000000000000e+04 9.654727803686607990e-01
2.240000000000000000e+04 9.696590615033139349e-01
2.250000000000000000e+04 9.604462669498632366e-01
2.260000000000000000e+04 9.671751399619299416e-01
2.270000000000000000e+04 9.645335874086685690e-01
2.280000000000000000e+04 9.592652298197881233e-01
2.290000000000000000e+04 9.663744791427513192e-01
2.300000000000000000e+04 9.702891030996889654e-01
2.310000000000000000e+04 9.659037691784185808e-01
2.320000000000000000e+04 9.740327653028930666e-01
2.330000000000000000e+04 9.646897267333187642e-01
2.340000000000000000e+04 9.687859841178699805e-01
2.350000000000000000e+04 9.729250770453958808e-01
2.360000000000000000e+04 9.598071754917119058e-01
2.370000000000000000e+04 9.633275925474886758e-01
2.380000000000000000e+04 9.689642186280149616e-01
2.390000000000000000e+04 9.671232269380802826e-01
2.400000000000000000e+04 9.697238366061229353e-01
2.410000000000000000e+04 9.618266564557929055e-01
2.420000000000000000e+04 9.676091559412143273e-01
2.430000000000000000e+04 9.701114353212685337e-01
2.440000000000000000e+04 9.626114965738525875e-01
2.450000000000000000e+04 9.706065271400293737e-01
2.460000000000000000e+04 9.607432098389118158e-01
2.470000000000000000e+04 9.639171411063087724e-01
2.480000000000000000e+04 9.666791700120076491e-01
2.490000000000000000e+04 9.619439051738551960e-01
2.500000000000000000e+04 9.630292808199512056e-01
2.510000000000000000e+04 9.696051567838450680e-01
2.520000000000000000e+04 9.634224262647230752e-01
2.530000000000000000e+04 9.686359959126373820e-01
2.540000000000000000e+04 9.761890027104606071e-01
2.550000000000000000e+04 9.626914422393622051e-01
2.560000000000000000e+04 9.668840849964956963e-01
2.570000000000000000e+04 9.709421734260497150e-01
2.580000000000000000e+04 9.663093842677805689e-01
2.590000000000000000e+04 9.683713962913962359e-01
2.600000000000000000e+04 9.680950113611497265e-01
2.610000000000000000e+04 9.729699898036834327e-01
2.620000000000000000e+04 9.662518019637771349e-01
2.630000000000000000e+04 9.650682209525539568e-01
2.640000000000000000e+04 9.713509543417184755e-01
2.650000000000000000e+04 9.703089141907506043e-01
2.660000000000000000e+04 9.663089747997559709e-01
2.670000000000000000e+04 9.733697218328148937e-01
2.680000000000000000e+04 9.669768234132176676e-01
2.690000000000000000e+04 9.700323759291875625e-01
2.700000000000000000e+04 9.719449285407932848e-01
2.710000000000000000e+04 9.648280630326449003e-01
2.720000000000000000e+04 9.704607188466387591e-01
2.730000000000000000e+04 9.683907415048211842e-01
2.740000000000000000e+04 9.705953592078557790e-01
2.750000000000000000e+04 9.688477615372227403e-01
2.760000000000000000e+04 9.681531467470770869e-01
2.770000000000000000e+04 9.671980874705227160e-01
2.780000000000000000e+04 9.639587244003500199e-01
2.790000000000000000e+04 9.581778401892029340e-01
2.800000000000000000e+04 9.693640242334127244e-01
2.810000000000000000e+04 9.661370178771959694e-01
2.820000000000000000e+04 9.689034891114413073e-01
2.830000000000000000e+04 9.713666160442284703e-01
2.840000000000000000e+04 9.648430296746590695e-01
2.850000000000000000e+04 9.656172045126397707e-01
2.860000000000000000e+04 9.616417735921430898e-01
2.870000000000000000e+04 9.676666880004470839e-01
2.880000000000000000e+04 9.596464500556957100e-01
2.890000000000000000e+04 9.656877990574092019e-01
2.900000000000000000e+04 9.653468101073076069e-01
2.910000000000000000e+04 9.679078375124234856e-01
2.920000000000000000e+04 9.680210019882560246e-01
2.930000000000000000e+04 9.719554830593338801e-01
2.940000000000000000e+04 9.709251251911217295e-01
2.950000000000000000e+04 9.648224120599094844e-01
2.960000000000000000e+04 9.652654066462851290e-01
2.970000000000000000e+04 9.665117470878097361e-01
2.980000000000000000e+04 9.643595522274244214e-01
2.990000000000000000e+04 9.683798223652586579e-01
3.000000000000000000e+04 9.649814051114172786e-01
