0.000000000000000000e+00 4.818040000000000100e-01
1.000000000000000000e+02 4.655160000000000409e-01
2.000000000000000000e+02 5.702599999999999891e-01
3.000000000000000000e+02 6.780159999999999521e-01
4.000000000000000000e+02 7.176599999999999646e-01
5.000000000000000000e+02 7.477519999999999722e-01
6.000000000000000000e+02 7.736159999999999703e-01
7.000000000000000000e+02 7.856319999999999970e-01
8.000000000000000000e+02 8.114160000000001371e-01
9.000000000000000000e+02 8.282319999999998572e-01
1.000000000000000000e+03 8.513239999999998586e-01
1.100000000000000000e+03 8.560480000000000311e-01
1.200000000000000000e+03 8.718559999999999643e-01
1.300000000000000000e+03 8.747880000000001210e-01
1.400000000000000000e+03 8.874199999999999866e-01
1.500000000000000000e+03 8.944999999999999618e-01
1.600000000000000000e+03 9.016680000000000250e-01
1.700000000000000000e+03 9.047760000000000247e-01
1.800000000000000000e+03 9.125479999999999148e-01
1.900000000000000000e+03 9.066120000000001955e-01
2.000000000000000000e+03 9.191719999999999891e-01
2.100000000000000000e+03 9.174240000000000173e-01
2.200000000000000000e+03 9.192239999999999300e-01
2.300000000000000000e+03 9.355680000000000662e-01
2.400000000000000000e+03 9.201479999999999659e-01
2.500000000000000000e+03 9.195839999999999570e-01
2.600000000000000000e+03 9.085559999999999192e-01
2.700000000000000000e+03 9.295240000000000169e-01
2.800000000000000000e+03 9.197039999999999660e-01
2.900000000000000000e+03 9.300120000000000609e-01
3.000000000000000000e+03 9.330800000000001315e-01
3.100000000000000000e+03 9.423040000000000305e-01
3.200000000000000000e+03 9.336280000000000134e-01
3.300000000000000000e+03 9.405759999999999676e-01
3.400000000000000000e+03 9.300439999999999818e-01
3.500000000000000000e+03 9.298640000000000239e-01
3.600000000000000000e+03 9.483399999999999608e-01
3.700000000000000000e+03 9.466680000000000650e-01
3.800000000000000000e+03 9.466520000000000490e-01
3.900000000000000000e+03 9.420640000000000125e-01
4.000000000000000000e+03 9.389920000000000488e-01
4.100000000000000000e+03 9.451520000000001032e-01
4.200000000000000000e+03 9.511800000000000255e-01
4.300000000000000000e+03 9.437599999999999323e-01
4.400000000000000000e+03 9.408119999999998706e-01
4.500000000000000000e+03 9.505399999999999405e-01
4.600000000000000000e+03 9.495080000000000187e-01
4.700000000000000000e+03 9.450359999999999872e-01
4.800000000000000000e+03 9.366760000000000641e-01
4.900000000000000000e+03 9.445800000000000862e-01
5.000000000000000000e+03 9.465560000000000640e-01
5.100000000000000000e+03 9.399880000000000457e-01
5.200000000000000000e+03 9.475360000000000449e-01
5.300000000000000000e+03 9.519919999999999494e-01
5.400000000000000000e+03 9.629519999999999191e-01
5.500000000000000000e+03 9.510240000000000915e-01
5.600000000000000000e+03 9.495359999999998246e-01
5.700000000000000000e+03 9.491439999999999877e-01
5.800000000000000000e+03 9.479639999999999178e-01
5.900000000000000000e+03 9.521800000000000264e-01
6.000000000000000000e+03 9.533480000000000842e-01
6.100000000000000000e+03 9.582399999999999807e-01
6.200000000000000000e+03 9.531680000000000152e-01
6.300000000000000000e+03 9.486919999999999797e-01
6.400000000000000000e+03 9.519640000000000324e-01
6.500000000000000000e+03 9.411999999999999256e-01
6.600000000000000000e+03 9.488440000000000207e-01
6.700000000000000000e+03 9.449239999999999862e-01
6.800000000000000000e+03 9.530399999999999983e-01
6.900000000000000000e+03 9.466999999999999860e-01
7.000000000000000000e+03 9.572640000000000038e-01
7.100000000000000000e+03 9.524079999999999213e-01
7.200000000000000000e+03 9.539799999999998281e-01
7.300000000000000000e+03 9.536919999999999842e-01
7.400000000000000000e+03 9.546560000000000601e-01
7.500000000000000000e+03 9.529999999999999583e-01
7.600000000000000000e+03 9.483960000000000168e-01
7.700000000000000000e+03 9.553039999999999310e-01
7.800000000000000000e+03 9.599959999999999605e-01
7.900000000000000000e+03 9.546879999999999811e-01
8.000000000000000000e+03 9.590920000000000556e-01
8.100000000000000000e+03 9.579599999999999227e-01
8.200000000000000000e+03 9.577119999999998967e-01
8.300000000000000000e+03 9.584439999999998516e-01
8.400000000000000000e+03 9.530039999999999623e-01
8.500000000000000000e+03 9.573439999999999728e-01
8.600000000000000000e+03 9.711079999999998602e-01
8.700000000000000000e+03 9.603800000000000114e-01
8.800000000000000000e+03 9.501120000000000676e-01
8.900000000000000000e+03 9.575720000000000898e-01
9.000000000000000000e+03 9.626800000000000912e-01
9.100000000000000000e+03 9.614759999999999973e-01
9.200000000000000000e+03 9.523000000000000353e-01
9.300000000000000000e+03 9.591800000000000326e-01
9.400000000000000000e+03 9.575240000000000418e-01
9.500000000000000000e+03 9.550759999999999250e-01
9.600000000000000000e+03 9.535839999999999872e-01
9.700000000000000000e+03 9.560759999999999259e-01
9.800000000000000000e+03 9.609240000000001114e-01
9.900000000000000000e+03 9.674399999999999666e-01
1.000000000000000000e+04 9.510759999999999215e-01
1.010000000000000000e+04 9.575960000000001138e-01
1.020000000000000000e+04 9.520319999999999894e-01
1.030000000000000000e+04 9.609000000000000874e-01
1.040000000000000000e+04 9.564680000000000959e-01
1.050000000000000000e+04 9.590520000000001266e-01
1.060000000000000000e+04 9.545759999999999801e-01
1.070000000000000000e+04 9.520800000000000374e-01
1.080000000000000000e+04 9.604999999999999094e-01
1.090000000000000000e+04 9.595480000000000675e-01
1.100000000000000000e+04 9.618080000000001073e-01
1.110000000000000000e+04 9.642680000000000140e-01
1.120000000000000000e+04 9.593519999999999825e-01
1.130000000000000000e+04 9.615440000000000653e-01
1.140000000000000000e+04 9.552400000000000890e-01
1.150000000000000000e+04 9.590159999999999796e-01
1.160000000000000000e+04 9.637640000000000651e-01
1.170000000000000000e+04 9.576520000000000588e-01
1.180000000000000000e+04 9.632840000000000291e-01
1.190000000000000000e+04 9.709719999999999462e-01
1.200000000000000000e+04 9.661239999999999828e-01
1.210000000000000000e+04 9.575479999999999547e-01
1.220000000000000000e+04 9.611760000000000304e-01
1.230000000000000000e+04 9.589560000000000306e-01
1.240000000000000000e+04 9.568320000000000158e-01
1.250000000000000000e+04 9.662239999999999718e-01
1.260000000000000000e+04 9.684519999999999795e-01
1.270000000000000000e+04 9.577080000000000037e-01
1.280000000000000000e+04 9.621079999999999632e-01
1.290000000000000000e+04 9.634960000000000191e-01
1.300000000000000000e+04 9.666360000000000507e-01
1.310000000000000000e+04 9.652000000000000579e-01
1.320000000000000000e+04 9.691760000000000375e-01
1.330000000000000000e+04 9.605639999999999734e-01
1.340000000000000000e+04 9.614480000000000803e-01
1.350000000000000000e+04 9.634920000000000151e-01
1.360000000000000000e+04 9.543559999999999821e-01
1.370000000000000000e+04 9.615039999999999143e-01
1.380000000000000000e+04 9.602439999999999864e-01
1.390000000000000000e+04 9.588199999999998946e-01
1.400000000000000000e+04 9.664919999999999067e-01
1.410000000000000000e+04 9.632760000000000211e-01
1.420000000000000000e+04 9.587439999999999296e-01
1.430000000000000000e+04 9.617519999999999403e-01
1.440000000000000000e+04 9.625839999999999952e-01
1.450000000000000000e+04 9.556040000000000090e-01
1.460000000000000000e+04 9.583759999999998946e-01
1.470000000000000000e+04 9.645559999999999690e-01
1.480000000000000000e+04 9.676439999999999486e-01
1.490000000000000000e+04 9.677759999999999696e-01
1.500000000000000000e+04 9.666079999999999117e-01
1.510000000000000000e+04 9.659400000000000208e-01
1.520000000000000000e+04 9.604360000000000674e-01
1.530000000000000000e+04 9.620800000000000463e-01
1.540000000000000000e+04 9.600599999999999135e-01
1.550000000000000000e+04 9.602439999999999864e-01
1.560000000000000000e+04 9.646120000000000250e-01
1.570000000000000000e+04 9.665200000000000458e-01
1.580000000000000000e+04 9.570799999999999308e-01
1.590000000000000000e+04 9.650440000000000129e-01
1.600000000000000000e+04 9.670479999999999077e-01
1.610000000000000000e+04 9.629879999999999551e-01
1.620000000000000000e+04 9.683840000000000225e-01
1.630000000000000000e+04 9.635599999999999721e-01
1.640000000000000000e+04 9.620880000000000543e-01
1.650000000000000000e+04 9.638160000000000061e-01
1.660000000000000000e+04 9.601520000000001165e-01
1.670000000000000000e+04 9.664679999999998827e-01
1.680000000000000000e+04 9.567280000000000229e-01
1.690000000000000000e+04 9.597400000000000375e-01
1.700000000000000000e+04 9.609560000000000324e-01
1.710000000000000000e+04 9.591799999999999216e-01
1.720000000000000000e+04 9.649320000000001230e-01
1.730000000000000000e+04 9.673680000000000057e-01
1.740000000000000000e+04 9.583960000000000257e-01
1.750000000000000000e+04 9.665239999999999387e-01
1.760000000000000000e+04 9.617640000000000633e-01
1.770000000000000000e+04 9.706879999999999953e-01
1.780000000000000000e+04 9.660680000000000378e-01
1.790000000000000000e+04 9.657839999999999758e-01
1.800000000000000000e+04 9.685439999999999605e-01
1.810000000000000000e+04 9.647120000000000140e-01
1.820000000000000000e+04 9.643840000000000190e-01
1.830000000000000000e+04 9.654840000000001199e-01
1.840000000000000000e+04 9.645399999999999530e-01
1.850000000000000000e+04 9.622359999999998692e-01
1.860000000000000000e+04 9.590880000000000516e-01
1.870000000000000000e+04 9.638920000000000821e-01
1.880000000000000000e+04 9.620439999999998992e-01
1.890000000000000000e+04 9.637439999999999340e-01
1.900000000000000000e+04 9.594759999999998845e-01
1.910000000000000000e+04 9.607839999999999714e-01
1.920000000000000000e+04 9.633320000000000771e-01
1.930000000000000000e+04 9.655759999999999899e-01
1.940000000000000000e+04 9.590880000000000516e-01
1.950000000000000000e+04 9.627479999999999372e-01
1.960000000000000000e+04 9.637799999999999701e-01
1.970000000000000000e+04 9.649360000000000159e-01
1.980000000000000000e+04 9.626639999999999642e-01
1.990000000000000000e+04 9.584639999999999826e-01
2.000000000000000000e+04 9.657720000000000748e-01
2.010000000000000000e+04 9.580959999999999477e-01
2.020000000000000000e+04 9.647360000000000380e-01
2.030000000000000000e+04 9.709520000000000373e-01
2.040000000000000000e+04 9.661960000000000548e-01
2.050000000000000000e+04 9.677160000000000206e-01
2.060000000000000000e+04 9.602439999999999864e-01
2.070000000000000000e+04 9.592640000000000056e-01
2.080000000000000000e+04 9.681319999999999926e-01
2.090000000000000000e+04 9.644839999999998970e-01
2.100000000000000000e+04 9.554799999999999960e-01
2.110000000000000000e+04 9.678480000000000416e-01
2.120000000000000000e+04 9.687080000000000135e-01
2.130000000000000000e+04 9.652679999999999039e-01
2.140000000000000000e+04 9.556999999999999940e-01
2.150000000000000000e+04 9.651279999999999859e-01
2.160000000000000000e+04 9.625639999999999752e-01
2.170000000000000000e+04 9.580600000000000227e-01
2.180000000000000000e+04 9.652800000000000269e-01
2.190000000000000000e+04 9.671159999999999757e-01
2.200000000000000000e+04 9.646999999999998909e-01
2.210000000000000000e+04 9.685639999999999805e-01
2.220000000000000000e+04 9.620880000000000543e-01
2.230000000000000000e+04 9.629800000000000582e-01
2.240000000000000000e+04 9.678919999999999746e-01
2.250000000000000000e+04 9.593479999999998675e-01
2.260000000000000000e+04 9.667200000000000237e-01
2.270000000000000000e+04 9.618039999999999923e-01
2.280000000000000000e+04 9.561720000000000219e-01
2.290000000000000000e+04 9.637999999999999901e-01
2.300000000000000000e+04 9.666439999999999477e-01
2.310000000000000000e+04 9.626760000000000872e-01
2.320000000000000000e+04 9.732039999999999580e-01
2.330000000000000000e+04 9.608039999999999914e-01
2.340000000000000000e+04 9.681159999999999766e-01
2.350000000000000000e+04 9.689199999999998925e-01
2.360000000000000000e+04 9.569480000000000208e-01
2.370000000000000000e+04 9.607120000000000104e-01
2.380000000000000000e+04 9.666000000000000147e-01
2.390000000000000000e+04 9.641800000000000370e-01
2.400000000000000000e+04 9.681159999999999766e-01
2.410000000000000000e+04 9.629119999999999902e-01
2.420000000000000000e+04 9.637080000000000091e-01
2.430000000000000000e+04 9.676000000000000156e-01
2.440000000000000000e+04 9.606679999999999664e-01
2.450000000000000000e+04 9.685799999999998855e-01
2.460000000000000000e+04 9.593720000000001136e-01
2.470000000000000000e+04 9.631319999999999881e-01
2.480000000000000000e+04 9.632439999999999891e-01
2.490000000000000000e+04 9.586279999999999246e-01
2.500000000000000000e+04 9.596839999999999815e-01
2.510000000000000000e+04 9.660640000000000338e-01
2.520000000000000000e+04 9.615519999999999623e-01
2.530000000000000000e+04 9.663559999999999928e-01
2.540000000000000000e+04 9.753759999999999097e-01
2.550000000000000000e+04 9.595119999999999205e-01
2.560000000000000000e+04 9.643720000000000070e-01
2.570000000000000000e+04 9.692199999999999704e-01
2.580000000000000000e+04 9.622720000000000162e-01
2.590000000000000000e+04 9.656479999999999508e-01
2.600000000000000000e+04 9.644120000000000470e-01
2.610000000000000000e+04 9.707239999999999203e-01
2.620000000000000000e+04 9.624199999999998312e-01
2.630000000000000000e+04 9.617480000000000473e-01
2.640000000000000000e+04 9.684080000000000465e-01
2.650000000000000000e+04 9.665920000000000067e-01
2.660000000000000000e+04 9.632000000000000561e-01
2.670000000000000000e+04 9.698399999999999244e-01
2.680000000000000000e+04 9.635160000000000391e-01
2.690000000000000000e+04 9.681680000000000286e-01
2.700000000000000000e+04 9.698320000000000274e-01
2.710000000000000000e+04 9.626479999999999482e-01
2.720000000000000000e+04 9.685079999999999245e-01
2.730000000000000000e+04 9.652680000000001259e-01
2.740000000000000000e+04 9.664239999999999498e-01
2.750000000000000000e+04 9.651039999999999619e-01
2.760000000000000000e+04 9.656480000000000619e-01
2.770000000000000000e+04 9.655280000000000529e-01
2.780000000000000000e+04 9.620959999999999512e-01
2.790000000000000000e+04 9.534319999999999462e-01
2.800000000000000000e+04 9.645760000000001000e-01
2.810000000000000000e+04 9.624000000000000332e-01
2.820000000000000000e+04 9.659520000000000328e-01
2.830000000000000000e+04 9.685199999999999365e-01
2.840000000000000000e+04 9.600480000000000125e-01
2.850000000000000000e+04 9.640800000000000480e-01
2.860000000000000000e+04 9.575040000000001328e-01
2.870000000000000000e+04 9.652199999999998559e-01
2.880000000000000000e+04 9.619839999999999502e-01
2.890000000000000000e+04 9.618879999999999653e-01
2.900000000000000000e+04 9.605079999999999174e-01
2.910000000000000000e+04 9.644199999999999440e-01
2.920000000000000000e+04 9.636320000000000441e-01
2.930000000000000000e+04 9.673119999999999497e-01
2.940000000000000000e+04 9.680239999999999956e-01
2.950000000000000000e+04 9.622399999999999842e-01
2.960000000000000000e+04 9.630680000000000351e-01
2.970000000000000000e+04 9.638759999999999550e-01
2.980000000000000000e+04 9.599400000000002375e-01
2.990000000000000000e+04 9.633680000000000021e-01
3.000000000000000000e+04 9.613840000000000163e-01
