0.000000000000000000e+00 5.167058645708835218e-01
1.000000000000000000e+02 4.042208031446932748e-01
2.000000000000000000e+02 4.230560852472937672e-01
3.000000000000000000e+02 4.193015434745385184e-01
4.000000000000000000e+02 3.968805004552342641e-01
5.000000000000000000e+02 4.191349023939129337e-01
6.000000000000000000e+02 4.221067361806429830e-01
7.000000000000000000e+02 4.086953729965939197e-01
8.000000000000000000e+02 4.085523467225908867e-01
9.000000000000000000e+02 4.193216098568000594e-01
1.000000000000000000e+03 4.203236972669133764e-01
1.100000000000000000e+03 4.277914594699362971e-01
1.200000000000000000e+03 4.312899796106263173e-01
1.300000000000000000e+03 4.174188667013636334e-01
1.400000000000000000e+03 4.265846041972154445e-01
1.500000000000000000e+03 4.246810775562691598e-01
1.600000000000000000e+03 4.210517951471119957e-01
1.700000000000000000e+03 4.487839584485946443e-01
1.800000000000000000e+03 4.284220501856075281e-01
1.900000000000000000e+03 4.165240021614390331e-01
2.000000000000000000e+03 4.254312615553184074e-01
2.100000000000000000e+03 4.390970367380575001e-01
2.200000000000000000e+03 4.193421057503926574e-01
2.300000000000000000e+03 4.456310675082111317e-01
2.400000000000000000e+03 4.402702600286334533e-01
2.500000000000000000e+03 4.324226608561778651e-01
2.600000000000000000e+03 4.361370135739648379e-01
2.700000000000000000e+03 4.522000613945240666e-01
2.800000000000000000e+03 4.500784676395498396e-01
2.900000000000000000e+03 4.248105294295601575e-01
3.000000000000000000e+03 4.422489186994849608e-01
3.100000000000000000e+03 4.363023155633592443e-01
3.200000000000000000e+03 4.344572139016629198e-01
3.300000000000000000e+03 4.354324062065361156e-01
3.400000000000000000e+03 4.565064951535132698e-01
3.500000000000000000e+03 4.522733781650102314e-01
3.600000000000000000e+03 4.184404050861258995e-01
3.700000000000000000e+03 4.726050426169990382e-01
3.800000000000000000e+03 4.345830996294437476e-01
3.900000000000000000e+03 4.390778153084283209e-01
4.000000000000000000e+03 4.501816122065562253e-01
4.100000000000000000e+03 4.343381617334861611e-01
4.200000000000000000e+03 4.323508351543896011e-01
4.300000000000000000e+03 4.591467305628396112e-01
4.400000000000000000e+03 4.542895820185451350e-01
4.500000000000000000e+03 4.634793205395628113e-01
4.600000000000000000e+03 4.475823279231082030e-01
4.700000000000000000e+03 4.607869375742002505e-01
4.800000000000000000e+03 4.443891264031756272e-01
4.900000000000000000e+03 4.663624407921584392e-01
5.000000000000000000e+03 4.517350271256735939e-01
5.100000000000000000e+03 4.961813382046544874e-01
5.200000000000000000e+03 4.409845426438239180e-01
5.300000000000000000e+03 4.405532966580631982e-01
5.400000000000000000e+03 4.583826050816079967e-01
5.500000000000000000e+03 4.737728225090588330e-01
5.600000000000000000e+03 4.720529723817784573e-01
5.700000000000000000e+03 4.683777279887545442e-01
5.800000000000000000e+03 4.634789115158554074e-01
5.900000000000000000e+03 4.521336166379406052e-01
6.000000000000000000e+03 4.958016515253341194e-01
6.100000000000000000e+03 4.593642588293319617e-01
6.200000000000000000e+03 4.852369023010045801e-01
6.300000000000000000e+03 4.569045217100259904e-01
6.400000000000000000e+03 4.540224771323645436e-01
6.500000000000000000e+03 5.087543313081250851e-01
6.600000000000000000e+03 4.738369333855670384e-01
6.700000000000000000e+03 4.694244124569073029e-01
6.800000000000000000e+03 4.777831776848960876e-01
6.900000000000000000e+03 4.793077567846270592e-01
7.000000000000000000e+03 4.924221706203498194e-01
7.100000000000000000e+03 4.860368525793636874e-01
7.200000000000000000e+03 4.905374736603308472e-01
7.300000000000000000e+03 5.141869862508824385e-01
7.400000000000000000e+03 5.149410630297466263e-01
7.500000000000000000e+03 5.038631295495752394e-01
7.600000000000000000e+03 5.078544698601362706e-01
7.700000000000000000e+03 5.137531981684509974e-01
7.800000000000000000e+03 5.371211823178607681e-01
7.900000000000000000e+03 5.255586342445228709e-01
8.000000000000000000e+03 5.263851864958442039e-01
8.100000000000000000e+03 5.116947226711822116e-01
8.200000000000000000e+03 5.021657509520215390e-01
8.300000000000000000e+03 5.487967457369953284e-01
8.400000000000000000e+03 5.480188450588147075e-01
8.500000000000000000e+03 5.510923254466028043e-01
8.600000000000000000e+03 5.304643303155205381e-01
8.700000000000000000e+03 5.369569841325798620e-01
8.800000000000000000e+03 5.859517026614896595e-01
8.900000000000000000e+03 5.663774845342359754e-01
9.000000000000000000e+03 5.259797211031780328e-01
9.100000000000000000e+03 5.099851814791322990e-01
9.200000000000000000e+03 5.647075834359293056e-01
9.300000000000000000e+03 5.748230892037378137e-01
9.400000000000000000e+03 5.833538794618626788e-01
9.500000000000000000e+03 5.661696794976791569e-01
9.600000000000000000e+03 5.674301467346745120e-01
9.700000000000000000e+03 5.793421240863109167e-01
9.800000000000000000e+03 5.821309336631470543e-01
9.900000000000000000e+03 5.862253748970340794e-01
1.000000000000000000e+04 5.849389459822578186e-01
1.010000000000000000e+04 5.609750442105981838e-01
1.020000000000000000e+04 6.044093219792976424e-01
1.030000000000000000e+04 6.037528881515673573e-01
1.040000000000000000e+04 6.017191528361365283e-01
1.050000000000000000e+04 5.842949924394248429e-01
1.060000000000000000e+04 6.038538675989798543e-01
1.070000000000000000e+04 6.160005344837400365e-01
1.080000000000000000e+04 6.062328865251125354e-01
1.090000000000000000e+04 6.213410590752124207e-01
1.100000000000000000e+04 5.921727956078250976e-01
1.110000000000000000e+04 6.299806047591053337e-01
1.120000000000000000e+04 6.108581598739859508e-01
1.130000000000000000e+04 6.026838285162086084e-01
1.140000000000000000e+04 5.855653946334611337e-01
1.150000000000000000e+04 6.452650760091532822e-01
1.160000000000000000e+04 6.358941280192557111e-01
1.170000000000000000e+04 6.382425067610351110e-01
1.180000000000000000e+04 6.454273142794871854e-01
1.190000000000000000e+04 5.976061762859063986e-01
1.200000000000000000e+04 6.277606142228620012e-01
1.210000000000000000e+04 6.453935851306992211e-01
1.220000000000000000e+04 6.140165772146392031e-01
1.230000000000000000e+04 6.565145796401277156e-01
1.240000000000000000e+04 6.634141252540388667e-01
1.250000000000000000e+04 6.570212250666531695e-01
1.260000000000000000e+04 6.693341886654010642e-01
1.270000000000000000e+04 6.297717159858104985e-01
1.280000000000000000e+04 6.658233689607331307e-01
1.290000000000000000e+04 6.479136867145240952e-01
1.300000000000000000e+04 6.702944956677360233e-01
1.310000000000000000e+04 6.431325128746183672e-01
1.320000000000000000e+04 6.496598928473467094e-01
1.330000000000000000e+04 6.773501228573195476e-01
1.340000000000000000e+04 7.059354356891125448e-01
1.350000000000000000e+04 6.853477721514844578e-01
1.360000000000000000e+04 6.877754059148992738e-01
1.370000000000000000e+04 6.545200642523996137e-01
1.380000000000000000e+04 6.668789209287724340e-01
1.390000000000000000e+04 6.794719220029439288e-01
1.400000000000000000e+04 6.575568944611375199e-01
1.410000000000000000e+04 7.145224984803736357e-01
1.420000000000000000e+04 6.771088651274079773e-01
1.430000000000000000e+04 6.767388201338206954e-01
1.440000000000000000e+04 7.109382612410743985e-01
1.450000000000000000e+04 6.939823097686204090e-01
1.460000000000000000e+04 6.971726848386602393e-01
1.470000000000000000e+04 6.995425919755696720e-01
1.480000000000000000e+04 7.204763673439734672e-01
1.490000000000000000e+04 6.907600958233530708e-01
1.500000000000000000e+04 7.127769764637557071e-01
1.510000000000000000e+04 6.769253590762777106e-01
1.520000000000000000e+04 6.931082610518659592e-01
1.530000000000000000e+04 7.041172043933895397e-01
1.540000000000000000e+04 6.975704550026926576e-01
1.550000000000000000e+04 6.909204147157568254e-01
1.560000000000000000e+04 6.838334329844117931e-01
1.570000000000000000e+04 6.836329106976042347e-01
1.580000000000000000e+04 7.295588038018187005e-01
1.590000000000000000e+04 7.099745247407839299e-01
1.600000000000000000e+04 6.942601660089492421e-01
1.610000000000000000e+04 6.839852810249760218e-01
1.620000000000000000e+04 7.377304441065708485e-01
1.630000000000000000e+04 7.231686160443026035e-01
1.640000000000000000e+04 7.040329198169937852e-01
1.650000000000000000e+04 6.716780296752191681e-01
1.660000000000000000e+04 7.141909363214223871e-01
1.670000000000000000e+04 7.184242599718790867e-01
1.680000000000000000e+04 7.271857564891578418e-01
1.690000000000000000e+04 6.970176389112135995e-01
1.700000000000000000e+04 7.269850424842554393e-01
1.710000000000000000e+04 7.199590087836603702e-01
1.720000000000000000e+04 7.100414456854573508e-01
1.730000000000000000e+04 7.118876315346687189e-01
1.740000000000000000e+04 6.953674765484925135e-01
1.750000000000000000e+04 7.184273352356906894e-01
1.760000000000000000e+04 7.460187883647213525e-01
1.770000000000000000e+04 7.046618602231110584e-01
1.780000000000000000e+04 7.007624922821389379e-01
1.790000000000000000e+04 7.061430664461877393e-01
1.800000000000000000e+04 7.217839026748239517e-01
1.810000000000000000e+04 7.113698476734162668e-01
1.820000000000000000e+04 7.040177470956890948e-01
1.830000000000000000e+04 7.498373241055782401e-01
1.840000000000000000e+04 7.345098146849533549e-01
1.850000000000000000e+04 7.203859031348178732e-01
1.860000000000000000e+04 7.043565800503515106e-01
1.870000000000000000e+04 7.288600250345078635e-01
1.880000000000000000e+04 7.205345296182267267e-01
1.890000000000000000e+04 7.025669924827325774e-01
1.900000000000000000e+04 7.104305731171445260e-01
1.910000000000000000e+04 7.098140033609097177e-01
1.920000000000000000e+04 7.127466691729456016e-01
1.930000000000000000e+04 7.208461786231602497e-01
1.940000000000000000e+04 7.115940312010149427e-01
1.950000000000000000e+04 7.448555327559986949e-01
1.960000000000000000e+04 7.169730522197367284e-01
1.970000000000000000e+04 7.233327640557787319e-01
1.980000000000000000e+04 7.198970170371121746e-01
1.990000000000000000e+04 7.195415224407698540e-01
2.000000000000000000e+04 7.439674803027847005e-01
2.010000000000000000e+04 7.290869780479307671e-01
2.020000000000000000e+04 7.290495202557738530e-01
2.030000000000000000e+04 7.298529368545398910e-01
2.040000000000000000e+04 7.339687038562298094e-01
2.050000000000000000e+04 7.322925287601342870e-01
2.060000000000000000e+04 7.366968107739735316e-01
2.070000000000000000e+04 7.441828568727070214e-01
2.080000000000000000e+04 7.447547815707153962e-01
2.090000000000000000e+04 7.197184559576548235e-01
2.100000000000000000e+04 7.386359579017864885e-01
2.110000000000000000e+04 7.554005783571917654e-01
2.120000000000000000e+04 7.410947664821797565e-01
2.130000000000000000e+04 7.616266198710636148e-01
2.140000000000000000e+04 7.558563190524116848e-01
2.150000000000000000e+04 7.666822495985703423e-01
2.160000000000000000e+04 7.606748182429667882e-01
2.170000000000000000e+04 7.449117994914566943e-01
2.180000000000000000e+04 7.766783296089804223e-01
2.190000000000000000e+04 7.661240756307818867e-01
2.200000000000000000e+04 7.890146816208662983e-01
2.210000000000000000e+04 7.980968733506457191e-01
2.220000000000000000e+04 8.093301477733094718e-01
2.230000000000000000e+04 8.190848869357065798e-01
2.240000000000000000e+04 7.900965890683522286e-01
2.250000000000000000e+04 8.346355603186755845e-01
2.260000000000000000e+04 8.135593335469060161e-01
2.270000000000000000e+04 8.343107151894992857e-01
2.280000000000000000e+04 8.617048715961632688e-01
2.290000000000000000e+04 8.589394548819928588e-01
2.300000000000000000e+04 8.779270203046338761e-01
2.310000000000000000e+04 8.882402253321810548e-01
2.320000000000000000e+04 8.816322950642421219e-01
2.330000000000000000e+04 8.664268491310695985e-01
2.340000000000000000e+04 9.077330412190420805e-01
2.350000000000000000e+04 9.002108603240217555e-01
2.360000000000000000e+04 8.885615749647011175e-01
2.370000000000000000e+04 9.082653949726045006e-01
2.380000000000000000e+04 8.850310435686918886e-01
2.390000000000000000e+04 9.114185781365209404e-01
2.400000000000000000e+04 9.281918177753890609e-01
2.410000000000000000e+04 9.061788175189441352e-01
2.420000000000000000e+04 9.054313082845871774e-01
2.430000000000000000e+04 9.240405359827394971e-01
2.440000000000000000e+04 8.914777677132436073e-01
2.450000000000000000e+04 8.951564972779380014e-01
2.460000000000000000e+04 9.197986116250843613e-01
2.470000000000000000e+04 9.217666530438661798e-01
2.480000000000000000e+04 9.191514243114295990e-01
2.490000000000000000e+04 9.187145395293554451e-01
2.500000000000000000e+04 9.253051667122990098e-01
2.510000000000000000e+04 9.202543184685524347e-01
2.520000000000000000e+04 9.015438974088019197e-01
2.530000000000000000e+04 8.941825430018282006e-01
2.540000000000000000e+04 9.216590267944350101e-01
2.550000000000000000e+04 9.140711876080237497e-01
2.560000000000000000e+04 9.179383740036889394e-01
2.570000000000000000e+04 9.059595138623154353e-01
2.580000000000000000e+04 9.057976247122538904e-01
2.590000000000000000e+04 9.313720545483847868e-01
2.600000000000000000e+04 9.351999674782519589e-01
2.610000000000000000e+04 9.150918709235107418e-01
2.620000000000000000e+04 9.270283511153263323e-01
2.630000000000000000e+04 9.403835314568792514e-01
2.640000000000000000e+04 9.178206366353585111e-01
2.650000000000000000e+04 9.215501250354195539e-01
2.660000000000000000e+04 9.226149114562739451e-01
2.670000000000000000e+04 9.178735059401609275e-01
2.680000000000000000e+04 9.247925204738122185e-01
2.690000000000000000e+04 9.174356603514350894e-01
2.700000000000000000e+04 9.330481090574374026e-01
2.710000000000000000e+04 9.297537846540417927e-01
2.720000000000000000e+04 9.159652059123074563e-01
2.730000000000000000e+04 9.170505694023142196e-01
2.740000000000000000e+04 9.216680413736637600e-01
2.750000000000000000e+04 9.499621663572146435e-01
2.760000000000000000e+04 9.203371135393092484e-01
2.770000000000000000e+04 9.213056721643154701e-01
2.780000000000000000e+04 9.256948876423027883e-01
2.790000000000000000e+04 9.349861411293513003e-01
2.800000000000000000e+04 9.240051200900900596e-01
2.810000000000000000e+04 9.255000894803687705e-01
2.820000000000000000e+04 9.330532654819927441e-01
2.830000000000000000e+04 9.216058757535546819e-01
2.840000000000000000e+04 9.279997297125355260e-01
2.850000000000000000e+04 9.291602979927588990e-01
2.860000000000000000e+04 9.547179668415851639e-01
2.870000000000000000e+04 9.161552616412400596e-01
2.880000000000000000e+04 9.173464259430086365e-01
2.890000000000000000e+04 9.280217604400270437e-01
2.900000000000000000e+04 9.212052466920839233e-01
2.910000000000000000e+04 9.258884142898468061e-01
2.920000000000000000e+04 9.109583231889093469e-01
2.930000000000000000e+04 9.345065472305555954e-01
2.940000000000000000e+04 9.446858937098751019e-01
2.950000000000000000e+04 9.236547240604112696e-01
2.960000000000000000e+04 9.349325116233070387e-01
2.970000000000000000e+04 9.246012727884929117e-01
2.980000000000000000e+04 9.318103157400048353e-01
2.990000000000000000e+04 9.203042610853129357e-01
3.000000000000000000e+04 9.263275578115451880e-01
