0.000000000000000000e+00 5.181400000000000450e-01
1.000000000000000000e+02 3.471119999999999761e-01
2.000000000000000000e+02 3.698580000000000201e-01
3.000000000000000000e+02 3.700400000000000356e-01
4.000000000000000000e+02 3.373399999999999732e-01
5.000000000000000000e+02 3.692840000000000567e-01
6.000000000000000000e+02 3.952640000000000042e-01
7.000000000000000000e+02 3.673119999999999719e-01
8.000000000000000000e+02 3.659439999999999915e-01
9.000000000000000000e+02 3.850039999999999574e-01
1.000000000000000000e+03 3.804239999999999844e-01
1.100000000000000000e+03 3.966800000000000326e-01
1.200000000000000000e+03 4.068519999999999914e-01
1.300000000000000000e+03 3.816319999999999713e-01
1.400000000000000000e+03 4.004199999999999982e-01
1.500000000000000000e+03 3.868759999999999422e-01
1.600000000000000000e+03 3.814079999999999693e-01
1.700000000000000000e+03 4.222839999999999927e-01
1.800000000000000000e+03 4.006480000000000041e-01
1.900000000000000000e+03 3.726240000000000108e-01
2.000000000000000000e+03 3.849440000000000084e-01
2.100000000000000000e+03 4.004919999999999591e-01
2.200000000000000000e+03 3.969159999999999355e-01
2.300000000000000000e+03 4.246800000000000574e-01
2.400000000000000000e+03 4.207440000000000069e-01
2.500000000000000000e+03 4.089760000000000062e-01
2.600000000000000000e+03 4.041239999999999832e-01
2.700000000000000000e+03 4.353480000000000683e-01
2.800000000000000000e+03 4.334559999999999524e-01
2.900000000000000000e+03 3.793639999999999790e-01
3.000000000000000000e+03 4.272519999999999651e-01
3.100000000000000000e+03 4.025320000000000009e-01
3.200000000000000000e+03 4.062639999999999585e-01
3.300000000000000000e+03 4.025920000000000054e-01
3.400000000000000000e+03 4.292479999999999629e-01
3.500000000000000000e+03 4.238760000000000305e-01
3.600000000000000000e+03 3.816760000000000153e-01
3.700000000000000000e+03 4.450439999999999952e-01
3.800000000000000000e+03 4.283160000000000300e-01
3.900000000000000000e+03 4.218879999999999852e-01
4.000000000000000000e+03 4.278879999999999351e-01
4.100000000000000000e+03 4.288160000000000305e-01
4.200000000000000000e+03 4.039440000000000253e-01
4.300000000000000000e+03 4.476439999999999864e-01
4.400000000000000000e+03 4.461079999999999490e-01
4.500000000000000000e+03 4.468320000000000070e-01
4.600000000000000000e+03 4.414839999999999320e-01
4.700000000000000000e+03 4.409680000000000266e-01
4.800000000000000000e+03 4.187319999999999931e-01
4.900000000000000000e+03 4.572080000000000033e-01
5.000000000000000000e+03 4.421439999999999815e-01
5.100000000000000000e+03 4.722480000000000011e-01
5.200000000000000000e+03 4.187760000000000371e-01
5.300000000000000000e+03 4.198999999999999400e-01
5.400000000000000000e+03 4.406640000000000001e-01
5.500000000000000000e+03 4.749599999999999933e-01
5.600000000000000000e+03 4.690600000000000325e-01
5.700000000000000000e+03 4.600960000000000605e-01
5.800000000000000000e+03 4.493880000000000097e-01
5.900000000000000000e+03 4.377720000000000500e-01
6.000000000000000000e+03 4.866359999999999575e-01
6.100000000000000000e+03 4.521200000000000219e-01
6.200000000000000000e+03 4.832640000000000269e-01
6.300000000000000000e+03 4.472919999999999674e-01
6.400000000000000000e+03 4.236119999999999886e-01
6.500000000000000000e+03 4.995359999999999800e-01
6.600000000000000000e+03 4.748439999999999883e-01
6.700000000000000000e+03 4.594679999999999875e-01
6.800000000000000000e+03 4.712880000000000402e-01
6.900000000000000000e+03 4.734000000000000430e-01
7.000000000000000000e+03 4.697519999999999474e-01
7.100000000000000000e+03 4.790480000000000294e-01
7.200000000000000000e+03 4.938960000000000017e-01
7.300000000000000000e+03 5.131400000000000405e-01
7.400000000000000000e+03 5.089399999999999480e-01
7.500000000000000000e+03 4.818880000000000385e-01
7.600000000000000000e+03 5.153280000000000083e-01
7.700000000000000000e+03 5.067280000000000673e-01
7.800000000000000000e+03 5.275560000000000249e-01
7.900000000000000000e+03 5.248960000000000292e-01
8.000000000000000000e+03 5.395159999999999956e-01
8.100000000000000000e+03 5.040480000000000516e-01
8.200000000000000000e+03 5.003919999999999479e-01
8.300000000000000000e+03 5.553080000000000238e-01
8.400000000000000000e+03 5.412240000000000384e-01
8.500000000000000000e+03 5.470080000000000497e-01
8.600000000000000000e+03 5.349159999999999471e-01
8.700000000000000000e+03 5.244560000000000333e-01
8.800000000000000000e+03 5.728000000000000869e-01
8.900000000000000000e+03 5.586579999999999879e-01
9.000000000000000000e+03 5.148079999999999323e-01
9.100000000000000000e+03 5.146739999999999648e-01
9.200000000000000000e+03 5.539639999999999009e-01
9.300000000000000000e+03 5.605759999999999632e-01
9.400000000000000000e+03 5.515760000000000662e-01
9.500000000000000000e+03 5.617360000000000131e-01
9.600000000000000000e+03 5.702319999999999611e-01
9.700000000000000000e+03 5.518440000000000012e-01
9.800000000000000000e+03 5.829639999999999267e-01
9.900000000000000000e+03 5.749919999999999476e-01
1.000000000000000000e+04 5.595279999999999143e-01
1.010000000000000000e+04 5.613599999999999701e-01
1.020000000000000000e+04 5.639759999999999218e-01
1.030000000000000000e+04 5.743759999999999977e-01
1.040000000000000000e+04 5.751280000000000836e-01
1.050000000000000000e+04 5.556079999999999908e-01
1.060000000000000000e+04 5.775799999999999823e-01
1.070000000000000000e+04 5.906239999999999268e-01
1.080000000000000000e+04 6.006119999999999237e-01
1.090000000000000000e+04 5.944519999999999804e-01
1.100000000000000000e+04 5.537199999999999900e-01
1.110000000000000000e+04 5.955159999999999343e-01
1.120000000000000000e+04 5.800279999999999880e-01
1.130000000000000000e+04 5.711319999999999730e-01
1.140000000000000000e+04 5.685759999999999703e-01
1.150000000000000000e+04 6.156999999999999140e-01
1.160000000000000000e+04 5.951960000000000583e-01
1.170000000000000000e+04 6.048160000000000203e-01
1.180000000000000000e+04 5.877080000000000082e-01
1.190000000000000000e+04 5.847880000000000855e-01
1.200000000000000000e+04 5.947199999999999154e-01
1.210000000000000000e+04 6.174679999999999058e-01
1.220000000000000000e+04 5.832319999999999727e-01
1.230000000000000000e+04 6.114580000000000570e-01
1.240000000000000000e+04 6.243840000000000501e-01
1.250000000000000000e+04 6.233119999999999772e-01
1.260000000000000000e+04 6.065359999999999641e-01
1.270000000000000000e+04 5.973159999999999581e-01
1.280000000000000000e+04 6.347080000000000499e-01
1.290000000000000000e+04 5.993519999999999959e-01
1.300000000000000000e+04 6.345320000000000960e-01
1.310000000000000000e+04 6.076679999999999859e-01
1.320000000000000000e+04 6.107160000000000366e-01
1.330000000000000000e+04 6.456279999999999797e-01
1.340000000000000000e+04 6.585919999999999552e-01
1.350000000000000000e+04 6.440040000000000209e-01
1.360000000000000000e+04 6.431440000000000490e-01
1.370000000000000000e+04 6.272400000000000198e-01
1.380000000000000000e+04 6.133720000000000283e-01
1.390000000000000000e+04 6.322760000000000602e-01
1.400000000000000000e+04 6.295239999999999725e-01
1.410000000000000000e+04 6.682040000000000202e-01
1.420000000000000000e+04 6.301760000000000694e-01
1.430000000000000000e+04 6.374560000000000226e-01
1.440000000000000000e+04 6.589040000000000452e-01
1.450000000000000000e+04 6.472599999999999465e-01
1.460000000000000000e+04 6.511799999999998700e-01
1.470000000000000000e+04 6.470679999999999765e-01
1.480000000000000000e+04 6.914919999999999956e-01
1.490000000000000000e+04 6.508439999999999781e-01
1.500000000000000000e+04 6.675439999999999152e-01
1.510000000000000000e+04 6.410399999999999432e-01
1.520000000000000000e+04 6.484919999999999574e-01
1.530000000000000000e+04 6.488800000000000123e-01
1.540000000000000000e+04 6.481719999999999704e-01
1.550000000000000000e+04 6.493200000000000083e-01
1.560000000000000000e+04 6.460160000000000347e-01
1.570000000000000000e+04 6.370160000000000267e-01
1.580000000000000000e+04 6.818479999999998986e-01
1.590000000000000000e+04 6.559599999999999875e-01
1.600000000000000000e+04 6.543520000000000447e-01
1.610000000000000000e+04 6.345199999999999729e-01
1.620000000000000000e+04 6.984399999999999498e-01
1.630000000000000000e+04 6.759040000000000603e-01
1.640000000000000000e+04 6.527199999999999669e-01
1.650000000000000000e+04 6.298679999999999835e-01
1.660000000000000000e+04 6.686119999999999841e-01
1.670000000000000000e+04 6.762079999999999202e-01
1.680000000000000000e+04 6.690200000000000591e-01
1.690000000000000000e+04 6.512399999999999300e-01
1.700000000000000000e+04 6.605759999999999410e-01
1.710000000000000000e+04 6.847440000000000193e-01
1.720000000000000000e+04 6.597159999999999691e-01
1.730000000000000000e+04 6.602719999999999700e-01
1.740000000000000000e+04 6.487840000000000273e-01
1.750000000000000000e+04 6.739360000000000905e-01
1.760000000000000000e+04 6.935919999999999863e-01
1.770000000000000000e+04 6.668320000000000913e-01
1.780000000000000000e+04 6.637319999999999887e-01
1.790000000000000000e+04 6.751400000000000734e-01
1.800000000000000000e+04 6.861360000000000792e-01
1.810000000000000000e+04 6.601679999999999771e-01
1.820000000000000000e+04 6.614199999999998969e-01
1.830000000000000000e+04 7.018359999999999044e-01
1.840000000000000000e+04 6.945240000000001412e-01
1.850000000000000000e+04 6.718520000000000048e-01
1.860000000000000000e+04 6.567680000000000184e-01
1.870000000000000000e+04 6.843200000000000394e-01
1.880000000000000000e+04 6.765679999999999472e-01
1.890000000000000000e+04 6.683719999999999661e-01
1.900000000000000000e+04 6.743760000000000865e-01
1.910000000000000000e+04 6.715919999999999668e-01
1.920000000000000000e+04 6.798840000000000439e-01
1.930000000000000000e+04 6.843200000000000394e-01
1.940000000000000000e+04 6.726839999999999486e-01
1.950000000000000000e+04 6.997660000000001101e-01
1.960000000000000000e+04 6.800040000000000529e-01
1.970000000000000000e+04 6.866959999999999731e-01
1.980000000000000000e+04 6.818720000000000336e-01
1.990000000000000000e+04 6.904319999999999347e-01
2.000000000000000000e+04 7.169999999999999707e-01
2.010000000000000000e+04 6.922079999999999345e-01
2.020000000000000000e+04 6.979279999999999928e-01
2.030000000000000000e+04 6.945239999999999192e-01
2.040000000000000000e+04 6.968119999999999870e-01
2.050000000000000000e+04 7.000439999999999996e-01
2.060000000000000000e+04 6.976759999999999629e-01
2.070000000000000000e+04 6.936880000000000823e-01
2.080000000000000000e+04 6.964319999999999400e-01
2.090000000000000000e+04 6.857480000000000242e-01
2.100000000000000000e+04 7.092560000000001086e-01
2.110000000000000000e+04 7.355000000000000426e-01
2.120000000000000000e+04 7.115639999999999743e-01
2.130000000000000000e+04 7.399719999999999631e-01
2.140000000000000000e+04 7.300999999999999712e-01
2.150000000000000000e+04 7.376960000000001294e-01
2.160000000000000000e+04 7.439000000000000057e-01
2.170000000000000000e+04 7.236519999999999619e-01
2.180000000000000000e+04 7.580040000000000111e-01
2.190000000000000000e+04 7.417000000000000259e-01
2.200000000000000000e+04 7.667839999999999101e-01
2.210000000000000000e+04 7.840199999999999392e-01
2.220000000000000000e+04 7.915880000000000694e-01
2.230000000000000000e+04 7.983919999999999906e-01
2.240000000000000000e+04 7.712840000000000806e-01
2.250000000000000000e+04 8.170759999999999135e-01
2.260000000000000000e+04 7.962919999999999998e-01
2.270000000000000000e+04 8.224240000000000439e-01
2.280000000000000000e+04 8.459640000000001603e-01
2.290000000000000000e+04 8.475080000000000391e-01
2.300000000000000000e+04 8.718159999999999243e-01
2.310000000000000000e+04 8.800120000000000164e-01
2.320000000000000000e+04 8.752720000000000500e-01
2.330000000000000000e+04 8.509660000000000002e-01
2.340000000000000000e+04 9.004759999999999431e-01
2.350000000000000000e+04 8.903959999999999653e-01
2.360000000000000000e+04 8.850639999999999619e-01
2.370000000000000000e+04 9.068119999999999514e-01
2.380000000000000000e+04 8.738799999999999901e-01
2.390000000000000000e+04 9.039159999999999417e-01
2.400000000000000000e+04 9.204160000000001229e-01
2.410000000000000000e+04 8.987319999999999753e-01
2.420000000000000000e+04 8.985719999999998153e-01
2.430000000000000000e+04 9.185679999999998291e-01
2.440000000000000000e+04 8.915919999999999401e-01
2.450000000000000000e+04 8.955879999999999397e-01
2.460000000000000000e+04 9.165519999999998113e-01
2.470000000000000000e+04 9.257879999999999443e-01
2.480000000000000000e+04 9.195639999999999370e-01
2.490000000000000000e+04 9.121319999999999428e-01
2.500000000000000000e+04 9.203840000000000909e-01
2.510000000000000000e+04 9.133999999999999897e-01
2.520000000000000000e+04 9.023760000000000669e-01
2.530000000000000000e+04 8.951679999999999637e-01
2.540000000000000000e+04 9.157560000000000144e-01
2.550000000000000000e+04 9.105680000000000440e-01
2.560000000000000000e+04 9.135999999999999677e-01
2.570000000000000000e+04 9.103119999999998990e-01
2.580000000000000000e+04 9.065479999999999094e-01
2.590000000000000000e+04 9.296040000000000969e-01
2.600000000000000000e+04 9.298439999999998928e-01
2.610000000000000000e+04 9.096440000000000081e-01
2.620000000000000000e+04 9.220079999999999387e-01
2.630000000000000000e+04 9.349239999999999773e-01
2.640000000000000000e+04 9.103679999999999550e-01
2.650000000000000000e+04 9.174240000000000173e-01
2.660000000000000000e+04 9.170199999999999463e-01
2.670000000000000000e+04 9.161040000000000294e-01
2.680000000000000000e+04 9.213520000000001708e-01
2.690000000000000000e+04 9.166559999999999153e-01
2.700000000000000000e+04 9.306280000000000108e-01
2.710000000000000000e+04 9.226400000000001267e-01
2.720000000000000000e+04 9.239880000000000315e-01
2.730000000000000000e+04 9.128560000000000008e-01
2.740000000000000000e+04 9.145359999999999046e-01
2.750000000000000000e+04 9.464159999999999240e-01
2.760000000000000000e+04 9.153000000000000025e-01
2.770000000000000000e+04 9.211240000000000538e-01
2.780000000000000000e+04 9.187400000000000011e-01
2.790000000000000000e+04 9.260520000000000973e-01
2.800000000000000000e+04 9.163959999999999884e-01
2.810000000000000000e+04 9.255959999999999743e-01
2.820000000000000000e+04 9.248680000000000234e-01
2.830000000000000000e+04 9.232399999999999496e-01
2.840000000000000000e+04 9.284000000000000030e-01
2.850000000000000000e+04 9.244200000000000195e-01
2.860000000000000000e+04 9.523680000000001034e-01
2.870000000000000000e+04 9.106640000000000290e-01
2.880000000000000000e+04 9.172399999999999443e-01
2.890000000000000000e+04 9.216079999999999828e-01
2.900000000000000000e+04 9.190919999999999090e-01
2.910000000000000000e+04 9.227199999999999847e-01
2.920000000000000000e+04 9.177520000000000122e-01
2.930000000000000000e+04 9.315080000000000027e-01
2.940000000000000000e+04 9.370760000000000201e-01
2.950000000000000000e+04 9.207159999999999789e-01
2.960000000000000000e+04 9.316200000000000037e-01
2.970000000000000000e+04 9.259919999999999263e-01
2.980000000000000000e+04 9.248799999999999244e-01
2.990000000000000000e+04 9.169600000000001083e-01
3.000000000000000000e+04 9.212360000000000548e-01
