0.000000000000000000e+00 5.120464320325390783e-01
1.000000000000000000e+02 4.450838286603220895e-01
2.000000000000000000e+02 5.522000729089044935e-01
3.000000000000000000e+02 6.164514485510270703e-01
4.000000000000000000e+02 6.829747981416365299e-01
5.000000000000000000e+02 7.395250932992110116e-01
6.000000000000000000e+02 7.405540317535761474e-01
7.000000000000000000e+02 7.569891393957081105e-01
8.000000000000000000e+02 8.072432888121352512e-01
9.000000000000000000e+02 8.052736915226004211e-01
1.000000000000000000e+03 7.883993434160361247e-01
1.100000000000000000e+03 7.970194050412849895e-01
1.200000000000000000e+03 7.992714700054295296e-01
1.300000000000000000e+03 8.325282571327771164e-01
1.400000000000000000e+03 8.331557042447494954e-01
1.500000000000000000e+03 8.268277790701327179e-01
1.600000000000000000e+03 8.538532158253573368e-01
1.700000000000000000e+03 8.301235151892385478e-01
1.800000000000000000e+03 8.374727154894265890e-01
1.900000000000000000e+03 8.442709198150206706e-01
2.000000000000000000e+03 8.678798410781498607e-01
2.100000000000000000e+03 8.754950907592708997e-01
2.200000000000000000e+03 8.708479803550263076e-01
2.300000000000000000e+03 8.536105759608298982e-01
2.400000000000000000e+03 8.729810937449851149e-01
2.500000000000000000e+03 8.841214460251867191e-01
2.600000000000000000e+03 8.894576914916518806e-01
2.700000000000000000e+03 8.894659312716898247e-01
2.800000000000000000e+03 8.762883089567183870e-01
2.900000000000000000e+03 8.820843097352146778e-01
3.000000000000000000e+03 8.906607659356474693e-01
3.100000000000000000e+03 8.948819196263717579e-01
3.200000000000000000e+03 8.960349001976724015e-01
3.300000000000000000e+03 9.083635928601924148e-01
3.400000000000000000e+03 8.869178826315579078e-01
3.500000000000000000e+03 9.060448833168925908e-01
3.600000000000000000e+03 9.057646184153886892e-01
3.700000000000000000e+03 9.068289190607765615e-01
3.800000000000000000e+03 9.063344353398669062e-01
3.900000000000000000e+03 9.175872408622582910e-01
4.000000000000000000e+03 8.999628845073268657e-01
4.100000000000000000e+03 8.970372381502542680e-01
4.200000000000000000e+03 9.073216876682951293e-01
4.300000000000000000e+03 9.139513113776080999e-01
4.400000000000000000e+03 8.988789550143490015e-01
4.500000000000000000e+03 9.072531487298316488e-01
4.600000000000000000e+03 9.043699647246765672e-01
4.700000000000000000e+03 9.133448233511616277e-01
4.800000000000000000e+03 9.144919366580522846e-01
4.900000000000000000e+03 9.209668047470477292e-01
5.000000000000000000e+03 9.239503586913820898e-01
5.100000000000000000e+03 9.195712814565255577e-01
5.200000000000000000e+03 9.175947372833478388e-01
5.300000000000000000e+03 9.211985648171029384e-01
5.400000000000000000e+03 9.145402059943603668e-01
5.500000000000000000e+03 9.062795562504515345e-01
5.600000000000000000e+03 9.099070454725444179e-01
5.700000000000000000e+03 9.226539130097175523e-01
5.800000000000000000e+03 9.312949838181002749e-01
5.900000000000000000e+03 9.216148521588548581e-01
6.000000000000000000e+03 9.380659490400415912e-01
6.100000000000000000e+03 9.298407115405706858e-01
6.200000000000000000e+03 9.269087027382252320e-01
6.300000000000000000e+03 9.295714479668486518e-01
6.400000000000000000e+03 9.387096593188332116e-01
6.500000000000000000e+03 9.167996720635229746e-01
6.600000000000000000e+03 9.179169642583077104e-01
6.700000000000000000e+03 9.287408078087746599e-01
6.800000000000000000e+03 9.340767580075380883e-01
6.900000000000000000e+03 9.187287689088072806e-01
7.000000000000000000e+03 9.454727308675492381e-01
7.100000000000000000e+03 9.290406843068697018e-01
7.200000000000000000e+03 9.275411565199795927e-01
7.300000000000000000e+03 9.332464518954990407e-01
7.400000000000000000e+03 9.299424625105883191e-01
7.500000000000000000e+03 9.309483343777800179e-01
7.600000000000000000e+03 9.280522351527364933e-01
7.700000000000000000e+03 9.234837316929049855e-01
7.800000000000000000e+03 9.407591561552468562e-01
7.900000000000000000e+03 9.249961782013199629e-01
8.000000000000000000e+03 9.298648106891932441e-01
8.100000000000000000e+03 9.272751257815643466e-01
8.200000000000000000e+03 9.390952340396665488e-01
8.300000000000000000e+03 9.405084435202405446e-01
8.400000000000000000e+03 9.357792688929957858e-01
8.500000000000000000e+03 9.203783010341900495e-01
8.600000000000000000e+03 9.288969756889398077e-01
8.700000000000000000e+03 9.413391843503742251e-01
8.800000000000000000e+03 9.328236722148786075e-01
8.900000000000000000e+03 9.437599449662530393e-01
9.000000000000000000e+03 9.286953829563999729e-01
9.100000000000000000e+03 9.283152128486826804e-01
9.200000000000000000e+03 9.346230501453608452e-01
9.300000000000000000e+03 9.411018080703243971e-01
9.400000000000000000e+03 9.301935743403030310e-01
9.500000000000000000e+03 9.416609327096799875e-01
9.600000000000000000e+03 9.422752565607557251e-01
9.700000000000000000e+03 9.434850796865760225e-01
9.800000000000000000e+03 9.298177032325880553e-01
9.900000000000000000e+03 9.386574700758592016e-01
1.000000000000000000e+04 9.432410834725764026e-01
1.010000000000000000e+04 9.346061058324353077e-01
1.020000000000000000e+04 9.392417044491254696e-01
1.030000000000000000e+04 9.345825444333817344e-01
1.040000000000000000e+04 9.389030699268258173e-01
1.050000000000000000e+04 9.410752013895177237e-01
1.060000000000000000e+04 9.285360782053532214e-01
1.070000000000000000e+04 9.413285205264901867e-01
1.080000000000000000e+04 9.371206636732577477e-01
1.090000000000000000e+04 9.393015370545809706e-01
1.100000000000000000e+04 9.430535259089793954e-01
1.110000000000000000e+04 9.506661529869487870e-01
1.120000000000000000e+04 9.311031556024120803e-01
1.130000000000000000e+04 9.362204012351329485e-01
1.140000000000000000e+04 9.434158509329902964e-01
1.150000000000000000e+04 9.460411461345167305e-01
1.160000000000000000e+04 9.307274082672509774e-01
1.170000000000000000e+04 9.383026761916944958e-01
1.180000000000000000e+04 9.372329812748437794e-01
1.190000000000000000e+04 9.407381203662217306e-01
1.200000000000000000e+04 9.374951475512312005e-01
1.210000000000000000e+04 9.351894366406436898e-01
1.220000000000000000e+04 9.382984514087974182e-01
1.230000000000000000e+04 9.425276055651007345e-01
1.240000000000000000e+04 9.476573774039281917e-01
1.250000000000000000e+04 9.443857470271547205e-01
1.260000000000000000e+04 9.476718648831035097e-01
1.270000000000000000e+04 9.313980366663803245e-01
1.280000000000000000e+04 9.421833077521752919e-01
1.290000000000000000e+04 9.507485654454517210e-01
1.300000000000000000e+04 9.482104702403088003e-01
1.310000000000000000e+04 9.416285913112677486e-01
1.320000000000000000e+04 9.485734365383129418e-01
1.330000000000000000e+04 9.326315300281446952e-01
1.340000000000000000e+04 9.494024347503152716e-01
1.350000000000000000e+04 9.428439340635510479e-01
1.360000000000000000e+04 9.500693521302128186e-01
1.370000000000000000e+04 9.399699313765621511e-01
1.380000000000000000e+04 9.326663968720769748e-01
1.390000000000000000e+04 9.325127350204431842e-01
1.400000000000000000e+04 9.386792935384575820e-01
1.410000000000000000e+04 9.487456493733106289e-01
1.420000000000000000e+04 9.426269490866079348e-01
1.430000000000000000e+04 9.425173875963808179e-01
1.440000000000000000e+04 9.457663014251340705e-01
1.450000000000000000e+04 9.506035409087124632e-01
1.460000000000000000e+04 9.450373724449441237e-01
1.470000000000000000e+04 9.411624709631439822e-01
1.480000000000000000e+04 9.329007276049081643e-01
1.490000000000000000e+04 9.455609820388539699e-01
1.500000000000000000e+04 9.404745301210097885e-01
1.510000000000000000e+04 9.381564563401036949e-01
1.520000000000000000e+04 9.413860563007852011e-01
1.530000000000000000e+04 9.450896611979177075e-01
1.540000000000000000e+04 9.404859079146308254e-01
1.550000000000000000e+04 9.503958449125782249e-01
1.560000000000000000e+04 9.383710661573509970e-01
1.570000000000000000e+04 9.421706429545020356e-01
1.580000000000000000e+04 9.413082532872720787e-01
1.590000000000000000e+04 9.383108518850894475e-01
1.600000000000000000e+04 9.526278447677212213e-01
1.610000000000000000e+04 9.371237151145813682e-01
1.620000000000000000e+04 9.383072049517140467e-01
1.630000000000000000e+04 9.471744872257216175e-01
1.640000000000000000e+04 9.315831544975318179e-01
1.650000000000000000e+04 9.425690252049047091e-01
1.660000000000000000e+04 9.377958970200160893e-01
1.670000000000000000e+04 9.421093726095937093e-01
1.680000000000000000e+04 9.477466221833926729e-01
1.690000000000000000e+04 9.360126759187291645e-01
1.700000000000000000e+04 9.410481718700315357e-01
1.710000000000000000e+04 9.528477782372326566e-01
1.720000000000000000e+04 9.411997702495387141e-01
1.730000000000000000e+04 9.371509562489872547e-01
1.740000000000000000e+04 9.460804807867944088e-01
1.750000000000000000e+04 9.529564814110823567e-01
1.760000000000000000e+04 9.557537470248386180e-01
1.770000000000000000e+04 9.492919666471654194e-01
1.780000000000000000e+04 9.424597170513269173e-01
1.790000000000000000e+04 9.499279426138085292e-01
1.800000000000000000e+04 9.482082115608115869e-01
1.810000000000000000e+04 9.499186111359529949e-01
1.820000000000000000e+04 9.392795613359807838e-01
1.830000000000000000e+04 9.505454242101615270e-01
1.840000000000000000e+04 9.454246213239644314e-01
1.850000000000000000e+04 9.447103275347634721e-01
1.860000000000000000e+04 9.369132678966385352e-01
1.870000000000000000e+04 9.457900728846361238e-01
1.880000000000000000e+04 9.409929428226918580e-01
1.890000000000000000e+04 9.383643534805237163e-01
1.900000000000000000e+04 9.507256175850644642e-01
1.910000000000000000e+04 9.403500782776067490e-01
1.920000000000000000e+04 9.563777064589039645e-01
1.930000000000000000e+04 9.424615052796853076e-01
1.940000000000000000e+04 9.395825543474236596e-01
1.950000000000000000e+04 9.500342700083390657e-01
1.960000000000000000e+04 9.400346034462606637e-01
1.970000000000000000e+04 9.403327196927487863e-01
1.980000000000000000e+04 9.395547317647359176e-01
1.990000000000000000e+04 9.365786688164148277e-01
2.000000000000000000e+04 9.472509494145442410e-01
2.010000000000000000e+04 9.464996979434752156e-01
2.020000000000000000e+04 9.469698187770141384e-01
2.030000000000000000e+04 9.466822597932760264e-01
2.040000000000000000e+04 9.432768392869936847e-01
2.050000000000000000e+04 9.501394310973085844e-01
2.060000000000000000e+04 9.550544989412450558e-01
2.070000000000000000e+04 9.473942815376524829e-01
2.080000000000000000e+04 9.409776539112664206e-01
2.090000000000000000e+04 9.471726083750636738e-01
2.100000000000000000e+04 9.482177936237065063e-01
2.110000000000000000e+04 9.412379147289289261e-01
2.120000000000000000e+04 9.426902928981302221e-01
2.130000000000000000e+04 9.513680886966791039e-01
2.140000000000000000e+04 9.516282582856154804e-01
2.150000000000000000e+04 9.462933463747411622e-01
2.160000000000000000e+04 9.422793492906306190e-01
2.170000000000000000e+04 9.463436878757465198e-01
2.180000000000000000e+04 9.462932371520953456e-01
2.190000000000000000e+04 9.460784473993910648e-01
2.200000000000000000e+04 9.459552164026625576e-01
2.210000000000000000e+04 9.439522503959409949e-01
2.220000000000000000e+04 9.480210704341347494e-01
2.230000000000000000e+04 9.483325848885634235e-01
2.240000000000000000e+04 9.375396736766011818e-01
2.250000000000000000e+04 9.448347006825924543e-01
2.260000000000000000e+04 9.517917067083340177e-01
2.270000000000000000e+04 9.427990194369977317e-01
2.280000000000000000e+04 9.410922524477233209e-01
2.290000000000000000e+04 9.505996646421370766e-01
2.300000000000000000e+04 9.467388340766200727e-01
2.310000000000000000e+04 9.377728364797419669e-01
2.320000000000000000e+04 9.447119370682995898e-01
2.330000000000000000e+04 9.296221590327891082e-01
2.340000000000000000e+04 9.470296097629072873e-01
2.350000000000000000e+04 9.402214712255974050e-01
2.360000000000000000e+04 9.328645080087469843e-01
2.370000000000000000e+04 9.407548839695902831e-01
2.380000000000000000e+04 9.461549419964641050e-01
2.390000000000000000e+04 9.533257499622755926e-01
2.400000000000000000e+04 9.431506156907945027e-01
2.410000000000000000e+04 9.492258420132825281e-01
2.420000000000000000e+04 9.442795091865305857e-01
2.430000000000000000e+04 9.352503982811261052e-01
2.440000000000000000e+04 9.495956681101896946e-01
2.450000000000000000e+04 9.532340896582721657e-01
2.460000000000000000e+04 9.449193444885362059e-01
2.470000000000000000e+04 9.403350386017124141e-01
2.480000000000000000e+04 9.535722113029201363e-01
2.490000000000000000e+04 9.359294943831836244e-01
2.500000000000000000e+04 9.397688446783687422e-01
2.510000000000000000e+04 9.507766520790993381e-01
2.520000000000000000e+04 9.301272589761425680e-01
2.530000000000000000e+04 9.496551214056957457e-01
2.540000000000000000e+04 9.637147923370801283e-01
2.550000000000000000e+04 9.339735738771317575e-01
2.560000000000000000e+04 9.524421336489536927e-01
2.570000000000000000e+04 9.484797632524197830e-01
2.580000000000000000e+04 9.449834538518172566e-01
2.590000000000000000e+04 9.451678634066098539e-01
2.600000000000000000e+04 9.426848537360081881e-01
2.610000000000000000e+04 9.488616303371955052e-01
2.620000000000000000e+04 9.476691258221295877e-01
2.630000000000000000e+04 9.434583740865767343e-01
2.640000000000000000e+04 9.378352736768937881e-01
2.650000000000000000e+04 9.372088353956515849e-01
2.660000000000000000e+04 9.461531736462149844e-01
2.670000000000000000e+04 9.485821566659439208e-01
2.680000000000000000e+04 9.452320251951598085e-01
2.690000000000000000e+04 9.428705508341951314e-01
2.700000000000000000e+04 9.511445155483206904e-01
2.710000000000000000e+04 9.409329814676501424e-01
2.720000000000000000e+04 9.511634184230791655e-01
2.730000000000000000e+04 9.451811797091962397e-01
2.740000000000000000e+04 9.402898175976197592e-01
2.750000000000000000e+04 9.512119579320221785e-01
2.760000000000000000e+04 9.496096509922504758e-01
2.770000000000000000e+04 9.486875060148416416e-01
2.780000000000000000e+04 9.484797311113024598e-01
2.790000000000000000e+04 9.346988979432665490e-01
2.800000000000000000e+04 9.502700014286691310e-01
2.810000000000000000e+04 9.492204301803985889e-01
2.820000000000000000e+04 9.428743563723946952e-01
2.830000000000000000e+04 9.548961887321099073e-01
2.840000000000000000e+04 9.458658459715096889e-01
2.850000000000000000e+04 9.448433442800500126e-01
2.860000000000000000e+04 9.516216204118145283e-01
2.870000000000000000e+04 9.512114827369761993e-01
2.880000000000000000e+04 9.459831750807026207e-01
2.890000000000000000e+04 9.462074735038737971e-01
2.900000000000000000e+04 9.462445139471301614e-01
2.910000000000000000e+04 9.479450707766289286e-01
2.920000000000000000e+04 9.445392665222337447e-01
2.930000000000000000e+04 9.421374738236312218e-01
2.940000000000000000e+04 9.428439697828218113e-01
2.950000000000000000e+04 9.437361723339554587e-01
2.960000000000000000e+04 9.432729349887435388e-01
2.970000000000000000e+04 9.455338786646628746e-01
2.980000000000000000e+04 9.440681111717138529e-01
2.990000000000000000e+04 9.498851426633079242e-01
3.000000000000000000e+04 9.469977448722861624e-01
