0.000000000000000000e+00 5.007280000000000619e-01
1.000000000000000000e+02 4.281199999999999450e-01
2.000000000000000000e+02 5.600279999999999703e-01
3.000000000000000000e+02 6.063680000000000181e-01
4.000000000000000000e+02 6.801559999999999828e-01
5.000000000000000000e+02 7.325479999999999769e-01
6.000000000000000000e+02 7.254159999999999497e-01
7.000000000000000000e+02 7.370600000000000485e-01
8.000000000000000000e+02 7.806640000000000246e-01
9.000000000000000000e+02 7.896759999999999335e-01
1.000000000000000000e+03 7.502679999999999350e-01
1.100000000000000000e+03 7.700679999999999747e-01
1.200000000000000000e+03 7.699559999999998627e-01
1.300000000000000000e+03 8.088759999999999284e-01
1.400000000000000000e+03 8.071479999999998656e-01
1.500000000000000000e+03 7.957279999999999909e-01
1.600000000000000000e+03 8.327599999999999447e-01
1.700000000000000000e+03 8.051439999999999708e-01
1.800000000000000000e+03 8.050239999999999618e-01
1.900000000000000000e+03 8.147199999999999998e-01
2.000000000000000000e+03 8.367359999999999243e-01
2.100000000000000000e+03 8.510959999999998526e-01
2.200000000000000000e+03 8.521439999999999015e-01
2.300000000000000000e+03 8.265120000000000244e-01
2.400000000000000000e+03 8.553200000000000802e-01
2.500000000000000000e+03 8.613399999999999945e-01
2.600000000000000000e+03 8.690840000000001897e-01
2.700000000000000000e+03 8.638519999999999532e-01
2.800000000000000000e+03 8.522640000000000216e-01
2.900000000000000000e+03 8.605960000000000276e-01
3.000000000000000000e+03 8.776520000000000987e-01
3.100000000000000000e+03 8.812879999999999603e-01
3.200000000000000000e+03 8.771039999999999948e-01
3.300000000000000000e+03 8.961559999999999526e-01
3.400000000000000000e+03 8.703719999999999235e-01
3.500000000000000000e+03 8.873279999999998946e-01
3.600000000000000000e+03 8.913520000000000332e-01
3.700000000000000000e+03 8.861479999999999357e-01
3.800000000000000000e+03 8.928080000000001570e-01
3.900000000000000000e+03 9.050920000000000076e-01
4.000000000000000000e+03 8.874119999999999786e-01
4.100000000000000000e+03 8.819239999999999302e-01
4.200000000000000000e+03 8.920759999999999801e-01
4.300000000000000000e+03 8.981119999999999104e-01
4.400000000000000000e+03 8.793040000000000855e-01
4.500000000000000000e+03 8.918559999999999821e-01
4.600000000000000000e+03 8.858040000000000358e-01
4.700000000000000000e+03 8.993999999999999773e-01
4.800000000000000000e+03 8.977439999999998754e-01
4.900000000000000000e+03 9.009399999999998521e-01
5.000000000000000000e+03 9.095079999999998721e-01
5.100000000000000000e+03 9.051960000000000006e-01
5.200000000000000000e+03 9.044600000000000417e-01
5.300000000000000000e+03 9.026600000000000179e-01
5.400000000000000000e+03 9.020319999999999450e-01
5.500000000000000000e+03 8.949119999999999298e-01
5.600000000000000000e+03 8.926119999999999610e-01
5.700000000000000000e+03 9.073959999999998693e-01
5.800000000000000000e+03 9.206199999999999939e-01
5.900000000000000000e+03 9.106480000000000130e-01
6.000000000000000000e+03 9.267839999999999412e-01
6.100000000000000000e+03 9.165079999999999893e-01
6.200000000000000000e+03 9.143200000000000216e-01
6.300000000000000000e+03 9.178999999999999382e-01
6.400000000000000000e+03 9.291120000000000489e-01
6.500000000000000000e+03 9.051759999999999806e-01
6.600000000000000000e+03 9.075799999999999423e-01
6.700000000000000000e+03 9.175320000000000142e-01
6.800000000000000000e+03 9.266159999999998842e-01
6.900000000000000000e+03 9.063879999999999715e-01
7.000000000000000000e+03 9.348520000000000163e-01
7.100000000000000000e+03 9.168279999999999763e-01
7.200000000000000000e+03 9.165239999999998943e-01
7.300000000000000000e+03 9.244520000000000515e-01
7.400000000000000000e+03 9.194200000000000150e-01
7.500000000000000000e+03 9.157919999999999394e-01
7.600000000000000000e+03 9.204200000000001269e-01
7.700000000000000000e+03 9.122280000000000388e-01
7.800000000000000000e+03 9.325879999999999725e-01
7.900000000000000000e+03 9.129400000000000848e-01
8.000000000000000000e+03 9.194519999999999360e-01
8.100000000000000000e+03 9.242999999999998995e-01
8.200000000000000000e+03 9.319159999999998556e-01
8.300000000000000000e+03 9.324519999999999476e-01
8.400000000000000000e+03 9.260880000000000223e-01
8.500000000000000000e+03 9.135760000000000547e-01
8.600000000000000000e+03 9.217199999999999838e-01
8.700000000000000000e+03 9.366560000000001551e-01
8.800000000000000000e+03 9.240760000000000085e-01
8.900000000000000000e+03 9.347679999999998213e-01
9.000000000000000000e+03 9.161399999999998434e-01
9.100000000000000000e+03 9.190279999999999561e-01
9.200000000000000000e+03 9.232080000000000286e-01
9.300000000000000000e+03 9.311839999999999007e-01
9.400000000000000000e+03 9.212599999999998568e-01
9.500000000000000000e+03 9.308279999999999887e-01
9.600000000000000000e+03 9.403040000000000287e-01
9.700000000000000000e+03 9.342880000000000074e-01
9.800000000000000000e+03 9.208760000000000279e-01
9.900000000000000000e+03 9.295599999999999419e-01
1.000000000000000000e+04 9.343640000000000834e-01
1.010000000000000000e+04 9.242279999999999385e-01
1.020000000000000000e+04 9.298200000000002019e-01
1.030000000000000000e+04 9.265719999999999512e-01
1.040000000000000000e+04 9.275959999999999761e-01
1.050000000000000000e+04 9.312240000000000517e-01
1.060000000000000000e+04 9.184759999999999591e-01
1.070000000000000000e+04 9.334759999999999724e-01
1.080000000000000000e+04 9.288120000000000820e-01
1.090000000000000000e+04 9.317560000000000286e-01
1.100000000000000000e+04 9.345600000000000573e-01
1.110000000000000000e+04 9.452439999999999731e-01
1.120000000000000000e+04 9.234079999999998956e-01
1.130000000000000000e+04 9.291519999999999779e-01
1.140000000000000000e+04 9.371439999999999770e-01
1.150000000000000000e+04 9.391920000000000268e-01
1.160000000000000000e+04 9.212960000000000038e-01
1.170000000000000000e+04 9.262479999999999603e-01
1.180000000000000000e+04 9.270880000000000232e-01
1.190000000000000000e+04 9.289119999999999600e-01
1.200000000000000000e+04 9.280720000000001191e-01
1.210000000000000000e+04 9.254359999999999253e-01
1.220000000000000000e+04 9.287320000000000020e-01
1.230000000000000000e+04 9.335359999999999214e-01
1.240000000000000000e+04 9.414120000000000266e-01
1.250000000000000000e+04 9.377399999999999070e-01
1.260000000000000000e+04 9.406759999999999566e-01
1.270000000000000000e+04 9.206480000000000219e-01
1.280000000000000000e+04 9.323400000000000576e-01
1.290000000000000000e+04 9.453120000000000411e-01
1.300000000000000000e+04 9.415640000000000676e-01
1.310000000000000000e+04 9.340880000000001404e-01
1.320000000000000000e+04 9.413320000000000576e-01
1.330000000000000000e+04 9.217120000000000868e-01
1.340000000000000000e+04 9.439419999999999478e-01
1.350000000000000000e+04 9.352599999999998692e-01
1.360000000000000000e+04 9.434000000000000163e-01
1.370000000000000000e+04 9.347880000000000633e-01
1.380000000000000000e+04 9.266999999999999682e-01
1.390000000000000000e+04 9.236800000000000566e-01
1.400000000000000000e+04 9.346079999999999943e-01
1.410000000000000000e+04 9.401559999999999917e-01
1.420000000000000000e+04 9.359359999999998792e-01
1.430000000000000000e+04 9.368159999999999821e-01
1.440000000000000000e+04 9.385200000000000209e-01
1.450000000000000000e+04 9.428759999999999364e-01
1.460000000000000000e+04 9.376240000000000130e-01
1.470000000000000000e+04 9.308239999999998737e-01
1.480000000000000000e+04 9.211680000000000978e-01
1.490000000000000000e+04 9.366120000000000001e-01
1.500000000000000000e+04 9.317159999999999886e-01
1.510000000000000000e+04 9.278680000000000261e-01
1.520000000000000000e+04 9.327039999999999775e-01
1.530000000000000000e+04 9.326799999999999535e-01
1.540000000000000000e+04 9.272960000000000091e-01
1.550000000000000000e+04 9.457560000000000411e-01
1.560000000000000000e+04 9.330439999999998735e-01
1.570000000000000000e+04 9.319919999999999316e-01
1.580000000000000000e+04 9.311840000000000117e-01
1.590000000000000000e+04 9.292759999999999909e-01
1.600000000000000000e+04 9.437839999999999563e-01
1.610000000000000000e+04 9.294599999999999529e-01
1.620000000000000000e+04 9.321559999999997626e-01
1.630000000000000000e+04 9.378800000000000470e-01
1.640000000000000000e+04 9.216119999999998758e-01
1.650000000000000000e+04 9.312800000000001077e-01
1.660000000000000000e+04 9.341119999999999424e-01
1.670000000000000000e+04 9.347240000000001103e-01
1.680000000000000000e+04 9.380640000000000089e-01
1.690000000000000000e+04 9.304119999999999058e-01
1.700000000000000000e+04 9.361399999999998611e-01
1.710000000000000000e+04 9.479080000000000839e-01
1.720000000000000000e+04 9.321519999999999806e-01
1.730000000000000000e+04 9.294879999999999809e-01
1.740000000000000000e+04 9.411159999999999526e-01
1.750000000000000000e+04 9.459239999999999871e-01
1.760000000000000000e+04 9.532519999999999882e-01
1.770000000000000000e+04 9.449400000000000022e-01
1.780000000000000000e+04 9.342359999999999554e-01
1.790000000000000000e+04 9.426120000000000054e-01
1.800000000000000000e+04 9.415840000000000876e-01
1.810000000000000000e+04 9.420080000000000675e-01
1.820000000000000000e+04 9.309600000000000097e-01
1.830000000000000000e+04 9.440560000000000063e-01
1.840000000000000000e+04 9.385079999999998979e-01
1.850000000000000000e+04 9.395119999999999028e-01
1.860000000000000000e+04 9.277640000000000331e-01
1.870000000000000000e+04 9.364320000000000421e-01
1.880000000000000000e+04 9.334919999999999884e-01
1.890000000000000000e+04 9.314520000000000577e-01
1.900000000000000000e+04 9.426400000000000334e-01
1.910000000000000000e+04 9.332560000000000855e-01
1.920000000000000000e+04 9.490999999999999437e-01
1.930000000000000000e+04 9.381999999999999229e-01
1.940000000000000000e+04 9.337439999999999074e-01
1.950000000000000000e+04 9.438239999999999963e-01
1.960000000000000000e+04 9.317599999999999216e-01
1.970000000000000000e+04 9.296440000000000259e-01
1.980000000000000000e+04 9.334759999999998614e-01
1.990000000000000000e+04 9.283959999999999990e-01
2.000000000000000000e+04 9.387199999999998878e-01
2.010000000000000000e+04 9.390080000000000648e-01
2.020000000000000000e+04 9.397359999999999047e-01
2.030000000000000000e+04 9.387279999999998958e-01
2.040000000000000000e+04 9.316759999999999486e-01
2.050000000000000000e+04 9.436000000000001053e-01
2.060000000000000000e+04 9.511840000000000295e-01
2.070000000000000000e+04 9.409439999999998916e-01
2.080000000000000000e+04 9.330080000000000595e-01
2.090000000000000000e+04 9.377159999999999940e-01
2.100000000000000000e+04 9.381880000000000219e-01
2.110000000000000000e+04 9.340319999999999734e-01
2.120000000000000000e+04 9.356959999999999722e-01
2.130000000000000000e+04 9.428119999999998724e-01
2.140000000000000000e+04 9.474360000000000559e-01
2.150000000000000000e+04 9.415400000000000436e-01
2.160000000000000000e+04 9.367280000000000051e-01
2.170000000000000000e+04 9.369159999999999711e-01
2.180000000000000000e+04 9.415599999999999525e-01
2.190000000000000000e+04 9.394759999999999778e-01
2.200000000000000000e+04 9.402719999999999967e-01
2.210000000000000000e+04 9.354320000000000412e-01
2.220000000000000000e+04 9.439840000000000453e-01
2.230000000000000000e+04 9.431279999999999664e-01
2.240000000000000000e+04 9.305999999999999828e-01
2.250000000000000000e+04 9.363159999999998151e-01
2.260000000000000000e+04 9.455759999999999721e-01
2.270000000000000000e+04 9.372560000000000890e-01
2.280000000000000000e+04 9.311800000000000077e-01
2.290000000000000000e+04 9.432079999999999353e-01
2.300000000000000000e+04 9.400879999999999237e-01
2.310000000000000000e+04 9.303759999999998698e-01
2.320000000000000000e+04 9.368400000000001171e-01
2.330000000000000000e+04 9.263079999999999092e-01
2.340000000000000000e+04 9.395160000000000178e-01
2.350000000000000000e+04 9.322440000000000726e-01
2.360000000000000000e+04 9.255320000000000213e-01
2.370000000000000000e+04 9.350840000000001373e-01
2.380000000000000000e+04 9.380240000000001910e-01
2.390000000000000000e+04 9.471240000000000769e-01
2.400000000000000000e+04 9.349080000000000723e-01
2.410000000000000000e+04 9.404799999999999827e-01
2.420000000000000000e+04 9.360160000000000702e-01
2.430000000000000000e+04 9.238119999999998555e-01
2.440000000000000000e+04 9.404320000000000457e-01
2.450000000000000000e+04 9.469519999999997939e-01
2.460000000000000000e+04 9.437839999999999563e-01
2.470000000000000000e+04 9.315080000000000027e-01
2.480000000000000000e+04 9.462120000000000530e-01
2.490000000000000000e+04 9.304080000000001238e-01
2.500000000000000000e+04 9.291359999999999619e-01
2.510000000000000000e+04 9.455280000000000351e-01
2.520000000000000000e+04 9.209680000000000089e-01
2.530000000000000000e+04 9.416599999999999415e-01
2.540000000000000000e+04 9.576320000000000388e-01
2.550000000000000000e+04 9.259960000000000413e-01
2.560000000000000000e+04 9.439560000000000173e-01
2.570000000000000000e+04 9.412199999999998346e-01
2.580000000000000000e+04 9.374480000000000590e-01
2.590000000000000000e+04 9.365999999999999881e-01
2.600000000000000000e+04 9.336280000000000134e-01
2.610000000000000000e+04 9.436439999999999273e-01
2.620000000000000000e+04 9.395559999999999468e-01
2.630000000000000000e+04 9.347239999999999993e-01
2.640000000000000000e+04 9.314560000000000617e-01
2.650000000000000000e+04 9.257639999999999203e-01
2.660000000000000000e+04 9.396960000000000868e-01
2.670000000000000000e+04 9.460840000000000360e-01
2.680000000000000000e+04 9.367440000000000211e-01
2.690000000000000000e+04 9.412559999999998706e-01
2.700000000000000000e+04 9.446639999999999482e-01
2.710000000000000000e+04 9.343519999999999603e-01
2.720000000000000000e+04 9.429080000000000794e-01
2.730000000000000000e+04 9.345719999999998473e-01
2.740000000000000000e+04 9.302080000000000348e-01
2.750000000000000000e+04 9.463639999999999830e-01
2.760000000000000000e+04 9.409519999999998996e-01
2.770000000000000000e+04 9.371559999999997670e-01
2.780000000000000000e+04 9.422400000000000775e-01
2.790000000000000000e+04 9.279679999999999040e-01
2.800000000000000000e+04 9.422039999999999305e-01
2.810000000000000000e+04 9.455999999999999961e-01
2.820000000000000000e+04 9.365560000000000551e-01
2.830000000000000000e+04 9.496759999999999646e-01
2.840000000000000000e+04 9.352760000000001073e-01
2.850000000000000000e+04 9.415120000000000156e-01
2.860000000000000000e+04 9.459679999999999200e-01
2.870000000000000000e+04 9.424319999999999364e-01
2.880000000000000000e+04 9.411639999999997785e-01
2.890000000000000000e+04 9.356119999999999992e-01
2.900000000000000000e+04 9.401040000000000507e-01
2.910000000000000000e+04 9.396879999999999677e-01
2.920000000000000000e+04 9.365359999999998131e-01
2.930000000000000000e+04 9.348839999999998263e-01
2.940000000000000000e+04 9.343000000000000194e-01
2.950000000000000000e+04 9.351079999999999393e-01
2.960000000000000000e+04 9.321039999999999326e-01
2.970000000000000000e+04 9.336640000000000494e-01
2.980000000000000000e+04 9.380119999999999569e-01
2.990000000000000000e+04 9.443520000000000802e-01
3.000000000000000000e+04 9.385720000000000729e-01
