0.000000000000000000e+00 4.973232560877851594e-01
1.000000000000000000e+02 4.221010754481572258e-01
2.000000000000000000e+02 3.965388130983461545e-01
3.000000000000000000e+02 4.463068198453170599e-01
4.000000000000000000e+02 4.384550500964791153e-01
5.000000000000000000e+02 4.352538250698810840e-01
6.000000000000000000e+02 4.484238715018302179e-01
7.000000000000000000e+02 4.775626861043176241e-01
8.000000000000000000e+02 4.627201030591584496e-01
9.000000000000000000e+02 4.557211017955061783e-01
1.000000000000000000e+03 4.671197144182362981e-01
1.100000000000000000e+03 4.540021843582845440e-01
1.200000000000000000e+03 4.637910763496714828e-01
1.300000000000000000e+03 4.457243539480273964e-01
1.400000000000000000e+03 4.642331412014937264e-01
1.500000000000000000e+03 4.547932873348525251e-01
1.600000000000000000e+03 4.642687661756893513e-01
1.700000000000000000e+03 4.541022750050743850e-01
1.800000000000000000e+03 4.641695396512059979e-01
1.900000000000000000e+03 4.572710412817080905e-01
2.000000000000000000e+03 4.635866168024243006e-01
2.100000000000000000e+03 4.588781861493550496e-01
2.200000000000000000e+03 4.520874995921845274e-01
2.300000000000000000e+03 4.625715563940041020e-01
2.400000000000000000e+03 4.768068972366591440e-01
2.500000000000000000e+03 4.624469719236035115e-01
2.600000000000000000e+03 4.696554049769061656e-01
2.700000000000000000e+03 4.743737882452706001e-01
2.800000000000000000e+03 4.787555244093610884e-01
2.900000000000000000e+03 4.764421773768772184e-01
3.000000000000000000e+03 4.800824747182214636e-01
3.100000000000000000e+03 4.958338387771600297e-01
3.200000000000000000e+03 4.872647047394120801e-01
3.300000000000000000e+03 4.947148720291517088e-01
3.400000000000000000e+03 4.963681530065727765e-01
3.500000000000000000e+03 4.912387467711017419e-01
3.600000000000000000e+03 4.857744793395037952e-01
3.700000000000000000e+03 5.053096078306871242e-01
3.800000000000000000e+03 5.114474448403742990e-01
3.900000000000000000e+03 4.821639905351374766e-01
4.000000000000000000e+03 5.028418709994534330e-01
4.100000000000000000e+03 5.086006638288210757e-01
4.200000000000000000e+03 5.128715374460439680e-01
4.300000000000000000e+03 5.213682597088329373e-01
4.400000000000000000e+03 5.174267088439651330e-01
4.500000000000000000e+03 5.294156749770734249e-01
4.600000000000000000e+03 5.248707553569443851e-01
4.700000000000000000e+03 5.630778997853777001e-01
4.800000000000000000e+03 5.238591592480184023e-01
4.900000000000000000e+03 5.559581944968994272e-01
5.000000000000000000e+03 5.488363687433708282e-01
5.100000000000000000e+03 5.288916449708872536e-01
5.200000000000000000e+03 5.365550423191747242e-01
5.300000000000000000e+03 5.510018688285666100e-01
5.400000000000000000e+03 5.323834458191106789e-01
5.500000000000000000e+03 5.672929232058121496e-01
5.600000000000000000e+03 5.459203903558806914e-01
5.700000000000000000e+03 5.839413950369083395e-01
5.800000000000000000e+03 5.970597024115538165e-01
5.900000000000000000e+03 5.887369819138342786e-01
6.000000000000000000e+03 5.547254384877791100e-01
6.100000000000000000e+03 5.896259603925191328e-01
6.200000000000000000e+03 5.756051512290281114e-01
6.300000000000000000e+03 6.105515690007436991e-01
6.400000000000000000e+03 5.754934641770627080e-01
6.500000000000000000e+03 5.944894929857629240e-01
6.600000000000000000e+03 6.144024959929930141e-01
6.700000000000000000e+03 5.992529792575052028e-01
6.800000000000000000e+03 6.069092943497339521e-01
6.900000000000000000e+03 6.125298950441682155e-01
7.000000000000000000e+03 5.996688166304615653e-01
7.100000000000000000e+03 6.053160457761482816e-01
7.200000000000000000e+03 6.244757411277161996e-01
7.300000000000000000e+03 6.490300791950468495e-01
7.400000000000000000e+03 6.305951283039992195e-01
7.500000000000000000e+03 6.416837937193466956e-01
7.600000000000000000e+03 6.414250683506046435e-01
7.700000000000000000e+03 6.104049984790657080e-01
7.800000000000000000e+03 6.672477937289811312e-01
7.900000000000000000e+03 6.575681648533056034e-01
8.000000000000000000e+03 6.757512474665460234e-01
8.100000000000000000e+03 6.440064098460551723e-01
8.200000000000000000e+03 6.750338166864084943e-01
8.300000000000000000e+03 6.558830714521879379e-01
8.400000000000000000e+03 6.523737034052703443e-01
8.500000000000000000e+03 6.794522359858827798e-01
8.600000000000000000e+03 6.602637953578253116e-01
8.700000000000000000e+03 6.736070842304378026e-01
8.800000000000000000e+03 6.772077200555504106e-01
8.900000000000000000e+03 6.819684946648598700e-01
9.000000000000000000e+03 6.841202939614650091e-01
9.100000000000000000e+03 6.834657609095655673e-01
9.200000000000000000e+03 6.891232913814626659e-01
9.300000000000000000e+03 6.912353953275530705e-01
9.400000000000000000e+03 7.088702449355485102e-01
9.500000000000000000e+03 6.967865078895683073e-01
9.600000000000000000e+03 6.932834795433873154e-01
9.700000000000000000e+03 7.051998232246655673e-01
9.800000000000000000e+03 7.133467686639218819e-01
9.900000000000000000e+03 6.897432093471367320e-01
1.000000000000000000e+04 7.103053646804349253e-01
1.010000000000000000e+04 6.947965315570692191e-01
1.020000000000000000e+04 7.045478749593623302e-01
1.030000000000000000e+04 7.337109879617829122e-01
1.040000000000000000e+04 7.289486319500431133e-01
1.050000000000000000e+04 7.339521477463608612e-01
1.060000000000000000e+04 7.091014388521028611e-01
1.070000000000000000e+04 6.976621340094378843e-01
1.080000000000000000e+04 7.516730970001086476e-01
1.090000000000000000e+04 7.312386704210973587e-01
1.100000000000000000e+04 7.230758430113147783e-01
1.110000000000000000e+04 7.469913861698482815e-01
1.120000000000000000e+04 7.412853744988316951e-01
1.130000000000000000e+04 7.758962043709775047e-01
1.140000000000000000e+04 7.351511500005931676e-01
1.150000000000000000e+04 7.330427495778182312e-01
1.160000000000000000e+04 7.709325986626364147e-01
1.170000000000000000e+04 7.666624691249510626e-01
1.180000000000000000e+04 7.611482107224597504e-01
1.190000000000000000e+04 7.413804738589198084e-01
1.200000000000000000e+04 7.665506175406728850e-01
1.210000000000000000e+04 7.797344191960464688e-01
1.220000000000000000e+04 7.767027712995144828e-01
1.230000000000000000e+04 7.703239799907490859e-01
1.240000000000000000e+04 7.674511386470100893e-01
1.250000000000000000e+04 7.719973281174552504e-01
1.260000000000000000e+04 7.896264578066518602e-01
1.270000000000000000e+04 7.735983728058377640e-01
1.280000000000000000e+04 7.810947707018762731e-01
1.290000000000000000e+04 8.063553588965541863e-01
1.300000000000000000e+04 7.935125033991976551e-01
1.310000000000000000e+04 7.824070819744897154e-01
1.320000000000000000e+04 8.091195491388371019e-01
1.330000000000000000e+04 8.005100154104528576e-01
1.340000000000000000e+04 8.228339157589419361e-01
1.350000000000000000e+04 8.322462850268012025e-01
1.360000000000000000e+04 8.179522623620834043e-01
1.370000000000000000e+04 8.062819711367310571e-01
1.380000000000000000e+04 8.254538391860619662e-01
1.390000000000000000e+04 8.333582869023903328e-01
1.400000000000000000e+04 8.010523102898627901e-01
1.410000000000000000e+04 8.244574708577836475e-01
1.420000000000000000e+04 8.362287594944943780e-01
1.430000000000000000e+04 8.221217123830997231e-01
1.440000000000000000e+04 8.384892475340044449e-01
1.450000000000000000e+04 8.276938905839941185e-01
1.460000000000000000e+04 8.311708120380533193e-01
1.470000000000000000e+04 8.259036109605781828e-01
1.480000000000000000e+04 8.268648227218392543e-01
1.490000000000000000e+04 8.357309574593990709e-01
1.500000000000000000e+04 8.505154654049120744e-01
1.510000000000000000e+04 8.601321954880560838e-01
1.520000000000000000e+04 8.658535185116882360e-01
1.530000000000000000e+04 8.526645266122416800e-01
1.540000000000000000e+04 8.781249654017451167e-01
1.550000000000000000e+04 8.686089405271854025e-01
1.560000000000000000e+04 8.583485029318307369e-01
1.570000000000000000e+04 8.515860850808170124e-01
1.580000000000000000e+04 8.764132149435560626e-01
1.590000000000000000e+04 8.677879803831227701e-01
1.600000000000000000e+04 8.879876690642796166e-01
1.610000000000000000e+04 8.968004323944798184e-01
1.620000000000000000e+04 8.960154835335893964e-01
1.630000000000000000e+04 8.781754775120848011e-01
1.640000000000000000e+04 9.102428102686714873e-01
1.650000000000000000e+04 8.895564287636472667e-01
1.660000000000000000e+04 8.931058848975284015e-01
1.670000000000000000e+04 9.211331499842163595e-01
1.680000000000000000e+04 8.952060141996706077e-01
1.690000000000000000e+04 9.063758283132958837e-01
1.700000000000000000e+04 8.920853408477369406e-01
1.710000000000000000e+04 9.062278158158312280e-01
1.720000000000000000e+04 9.088869445094893695e-01
1.730000000000000000e+04 9.100058698986721595e-01
1.740000000000000000e+04 9.167255137965886203e-01
1.750000000000000000e+04 9.133138729951754131e-01
1.760000000000000000e+04 9.046098634504984304e-01
1.770000000000000000e+04 9.291236439760347521e-01
1.780000000000000000e+04 9.278778567442351743e-01
1.790000000000000000e+04 9.268104361899323074e-01
1.800000000000000000e+04 9.303239708917477868e-01
1.810000000000000000e+04 9.209165757246468020e-01
1.820000000000000000e+04 9.322840518842654411e-01
1.830000000000000000e+04 9.272966927564673112e-01
1.840000000000000000e+04 9.259253729771841357e-01
1.850000000000000000e+04 9.317597919323727940e-01
1.860000000000000000e+04 9.203453883198184915e-01
1.870000000000000000e+04 9.288678106599774775e-01
1.880000000000000000e+04 9.325874505700539885e-01
1.890000000000000000e+04 9.293907486810839558e-01
1.900000000000000000e+04 9.474450199086312807e-01
1.910000000000000000e+04 9.315394476934859558e-01
1.920000000000000000e+04 9.369903250261855110e-01
1.930000000000000000e+04 9.381504777845847132e-01
1.940000000000000000e+04 9.278418465610070998e-01
1.950000000000000000e+04 9.440477252652538231e-01
1.960000000000000000e+04 9.399084651661545609e-01
1.970000000000000000e+04 9.286842344534378402e-01
1.980000000000000000e+04 9.422266703373395336e-01
1.990000000000000000e+04 9.475813866107304362e-01
2.000000000000000000e+04 9.392068132459382435e-01
2.010000000000000000e+04 9.311241396237129875e-01
2.020000000000000000e+04 9.357031223168237322e-01
2.030000000000000000e+04 9.366200929261138119e-01
2.040000000000000000e+04 9.427369783533953163e-01
2.050000000000000000e+04 9.436857189976444182e-01
2.060000000000000000e+04 9.419315302783209942e-01
2.070000000000000000e+04 9.422174788389645617e-01
2.080000000000000000e+04 9.512110674154572454e-01
2.090000000000000000e+04 9.431825463902987483e-01
2.100000000000000000e+04 9.299041474330036472e-01
2.110000000000000000e+04 9.366047770015246687e-01
2.120000000000000000e+04 9.582424100273130296e-01
2.130000000000000000e+04 9.428425460334212138e-01
2.140000000000000000e+04 9.370824380031207435e-01
2.150000000000000000e+04 9.488766944046972407e-01
2.160000000000000000e+04 9.503923981425803635e-01
2.170000000000000000e+04 9.449914323102481806e-01
2.180000000000000000e+04 9.453225534527470719e-01
2.190000000000000000e+04 9.530125921511302112e-01
2.200000000000000000e+04 9.526945135259160535e-01
2.210000000000000000e+04 9.594505972599812749e-01
2.220000000000000000e+04 9.560383689456207756e-01
2.230000000000000000e+04 9.394709924248854094e-01
2.240000000000000000e+04 9.510919850063397352e-01
2.250000000000000000e+04 9.402406563004095386e-01
2.260000000000000000e+04 9.541036415529515757e-01
2.270000000000000000e+04 9.485846191735503030e-01
2.280000000000000000e+04 9.423063785371816881e-01
2.290000000000000000e+04 9.504303356184747864e-01
2.300000000000000000e+04 9.535066187339793498e-01
2.310000000000000000e+04 9.468283232946196337e-01
2.320000000000000000e+04 9.532778800697533361e-01
2.330000000000000000e+04 9.511568838739373755e-01
2.340000000000000000e+04 9.536270037480993889e-01
2.350000000000000000e+04 9.503498836107948655e-01
2.360000000000000000e+04 9.476163801181202162e-01
2.370000000000000000e+04 9.560171325871430481e-01
2.380000000000000000e+04 9.466771122123688320e-01
2.390000000000000000e+04 9.602152027055476102e-01
2.400000000000000000e+04 9.494148766447141341e-01
2.410000000000000000e+04 9.557314277375291711e-01
2.420000000000000000e+04 9.440207295780322916e-01
2.430000000000000000e+04 9.538298208473493522e-01
2.440000000000000000e+04 9.541677184972614523e-01
2.450000000000000000e+04 9.493892117437395806e-01
2.460000000000000000e+04 9.550212533745641164e-01
2.470000000000000000e+04 9.491868324879441099e-01
2.480000000000000000e+04 9.534697080777023714e-01
2.490000000000000000e+04 9.536137917314445600e-01
2.500000000000000000e+04 9.556201442670447799e-01
2.510000000000000000e+04 9.484917992030224010e-01
2.520000000000000000e+04 9.532095773367266212e-01
2.530000000000000000e+04 9.566403403517514947e-01
2.540000000000000000e+04 9.520742526525070026e-01
2.550000000000000000e+04 9.592442728695210752e-01
2.560000000000000000e+04 9.533711398680504434e-01
2.570000000000000000e+04 9.487358866189017359e-01
2.580000000000000000e+04 9.553739472055869930e-01
2.590000000000000000e+04 9.467323773654553465e-01
2.600000000000000000e+04 9.607650461538049802e-01
2.610000000000000000e+04 9.539579024764455184e-01
2.620000000000000000e+04 9.498063755980253875e-01
2.630000000000000000e+04 9.571839747485821892e-01
2.640000000000000000e+04 9.657263533668652977e-01
2.650000000000000000e+04 9.487506568485754022e-01
2.660000000000000000e+04 9.477560384767906854e-01
2.670000000000000000e+04 9.522433478058526246e-01
2.680000000000000000e+04 9.456502875887047299e-01
2.690000000000000000e+04 9.589954182910691571e-01
2.700000000000000000e+04 9.593511005179399254e-01
2.710000000000000000e+04 9.594417503189904828e-01
2.720000000000000000e+04 9.521722052748052834e-01
2.730000000000000000e+04 9.582219717476567755e-01
2.740000000000000000e+04 9.508108503756249608e-01
2.750000000000000000e+04 9.483076606524064589e-01
2.760000000000000000e+04 9.550494489415842780e-01
2.770000000000000000e+04 9.552318256329006552e-01
2.780000000000000000e+04 9.567186657519293203e-01
2.790000000000000000e+04 9.586283068812475605e-01
2.800000000000000000e+04 9.492664897392568690e-01
2.810000000000000000e+04 9.569154319652926066e-01
2.820000000000000000e+04 9.563106880190612724e-01
2.830000000000000000e+04 9.454108738759641195e-01
2.840000000000000000e+04 9.615273391858052410e-01
2.850000000000000000e+04 9.507791380205358189e-01
2.860000000000000000e+04 9.578226672460068425e-01
2.870000000000000000e+04 9.577284841957364181e-01
2.880000000000000000e+04 9.548709986096070024e-01
2.890000000000000000e+04 9.594527246563322453e-01
2.900000000000000000e+04 9.604249563588648231e-01
2.910000000000000000e+04 9.581829540107650311e-01
2.920000000000000000e+04 9.575923451014800580e-01
2.930000000000000000e+04 9.581253213162385096e-01
2.940000000000000000e+04 9.567679913676154779e-01
2.950000000000000000e+04 9.537728969765266740e-01
2.960000000000000000e+04 9.543071344957387847e-01
2.970000000000000000e+04 9.467685476297468261e-01
2.980000000000000000e+04 9.537894624156378898e-01
2.990000000000000000e+04 9.479469305915554367e-01
3.000000000000000000e+04 9.610942347770572436e-01
