0.000000000000000000e+00 4.906360000000000721e-01
1.000000000000000000e+02 3.721560000000000423e-01
2.000000000000000000e+02 3.433160000000000101e-01
3.000000000000000000e+02 4.321760000000000046e-01
4.000000000000000000e+02 4.115079999999999849e-01
5.000000000000000000e+02 3.979439999999999644e-01
6.000000000000000000e+02 4.227640000000000287e-01
7.000000000000000000e+02 4.486999999999999877e-01
8.000000000000000000e+02 4.456760000000000166e-01
9.000000000000000000e+02 4.454480000000000106e-01
1.000000000000000000e+03 4.499480000000000146e-01
1.100000000000000000e+03 4.354160000000000252e-01
1.200000000000000000e+03 4.468759999999999954e-01
1.300000000000000000e+03 4.259439999999999893e-01
1.400000000000000000e+03 4.497720000000000051e-01
1.500000000000000000e+03 4.379119999999999679e-01
1.600000000000000000e+03 4.469680000000000319e-01
1.700000000000000000e+03 4.344720000000000248e-01
1.800000000000000000e+03 4.587519999999999376e-01
1.900000000000000000e+03 4.440079999999999583e-01
2.000000000000000000e+03 4.601880000000000415e-01
2.100000000000000000e+03 4.602039999999999464e-01
2.200000000000000000e+03 4.401079999999999992e-01
2.300000000000000000e+03 4.626760000000000317e-01
2.400000000000000000e+03 4.718879999999999741e-01
2.500000000000000000e+03 4.410400000000000431e-01
2.600000000000000000e+03 4.664800000000000058e-01
2.700000000000000000e+03 4.801759999999999362e-01
2.800000000000000000e+03 4.627199999999999092e-01
2.900000000000000000e+03 4.703439999999999843e-01
3.000000000000000000e+03 4.765520000000000866e-01
3.100000000000000000e+03 4.945160000000000666e-01
3.200000000000000000e+03 4.671159999999999757e-01
3.300000000000000000e+03 5.001200000000000090e-01
3.400000000000000000e+03 4.993799999999999906e-01
3.500000000000000000e+03 4.990760000000000196e-01
3.600000000000000000e+03 4.847520000000000162e-01
3.700000000000000000e+03 4.851119999999999877e-01
3.800000000000000000e+03 5.178920000000000190e-01
3.900000000000000000e+03 4.857759999999999856e-01
4.000000000000000000e+03 5.024119999999999697e-01
4.100000000000000000e+03 5.186439999999999939e-01
4.200000000000000000e+03 5.196559999999998958e-01
4.300000000000000000e+03 5.432759999999999811e-01
4.400000000000000000e+03 5.267720000000000180e-01
4.500000000000000000e+03 5.352280000000000371e-01
4.600000000000000000e+03 5.238359999999999683e-01
4.700000000000000000e+03 5.626480000000000370e-01
4.800000000000000000e+03 5.199279999999999458e-01
4.900000000000000000e+03 5.479079999999999506e-01
5.000000000000000000e+03 5.584000000000000075e-01
5.100000000000000000e+03 5.148240000000000594e-01
5.200000000000000000e+03 5.279199999999999449e-01
5.300000000000000000e+03 5.618199999999999861e-01
5.400000000000000000e+03 5.277399999999999869e-01
5.500000000000000000e+03 5.654240000000000377e-01
5.600000000000000000e+03 5.492359999999999465e-01
5.700000000000000000e+03 5.684200000000000363e-01
5.800000000000000000e+03 5.829479999999999107e-01
5.900000000000000000e+03 5.842760000000000176e-01
6.000000000000000000e+03 5.501319999999999544e-01
6.100000000000000000e+03 5.838639999999999386e-01
6.200000000000000000e+03 5.641599999999999948e-01
6.300000000000000000e+03 6.032640000000000224e-01
6.400000000000000000e+03 5.739239999999999897e-01
6.500000000000000000e+03 6.094559999999998867e-01
6.600000000000000000e+03 6.041119999999999823e-01
6.700000000000000000e+03 5.850480000000000125e-01
6.800000000000000000e+03 5.961199999999999832e-01
6.900000000000000000e+03 6.085559999999999858e-01
7.000000000000000000e+03 5.996359999999999468e-01
7.100000000000000000e+03 5.949200000000000044e-01
7.200000000000000000e+03 6.005880000000000107e-01
7.300000000000000000e+03 6.480280000000000484e-01
7.400000000000000000e+03 6.206920000000000215e-01
7.500000000000000000e+03 6.278319999999999457e-01
7.600000000000000000e+03 6.324239999999999862e-01
7.700000000000000000e+03 6.169400000000000439e-01
7.800000000000000000e+03 6.445520000000000138e-01
7.900000000000000000e+03 6.455120000000000857e-01
8.000000000000000000e+03 6.547680000000000167e-01
8.100000000000000000e+03 6.184719999999999107e-01
8.200000000000000000e+03 6.574240000000001194e-01
8.300000000000000000e+03 6.400920000000001053e-01
8.400000000000000000e+03 6.389359999999999484e-01
8.500000000000000000e+03 6.551879999999998816e-01
8.600000000000000000e+03 6.349320000000000519e-01
8.700000000000000000e+03 6.520799999999999930e-01
8.800000000000000000e+03 6.565199999999999925e-01
8.900000000000000000e+03 6.727959999999999496e-01
9.000000000000000000e+03 6.625839999999999508e-01
9.100000000000000000e+03 6.548080000000000567e-01
9.200000000000000000e+03 6.606239999999999890e-01
9.300000000000000000e+03 6.797560000000000269e-01
9.400000000000000000e+03 6.909759999999999236e-01
9.500000000000000000e+03 6.671119999999999273e-01
9.600000000000000000e+03 6.697120000000000850e-01
9.700000000000000000e+03 6.899279999999998747e-01
9.800000000000000000e+03 7.018999999999999684e-01
9.900000000000000000e+03 6.817840000000000567e-01
1.000000000000000000e+04 6.813520000000000687e-01
1.010000000000000000e+04 6.882159999999999389e-01
1.020000000000000000e+04 6.843239999999999323e-01
1.030000000000000000e+04 7.165839999999999987e-01
1.040000000000000000e+04 7.164880000000000138e-01
1.050000000000000000e+04 7.177159999999999096e-01
1.060000000000000000e+04 6.920960000000000445e-01
1.070000000000000000e+04 6.884919999999999929e-01
1.080000000000000000e+04 7.297600000000000753e-01
1.090000000000000000e+04 7.234920000000000240e-01
1.100000000000000000e+04 7.189280000000000115e-01
1.110000000000000000e+04 7.394840000000000302e-01
1.120000000000000000e+04 7.190080000000000915e-01
1.130000000000000000e+04 7.650399999999999423e-01
1.140000000000000000e+04 7.228520000000000501e-01
1.150000000000000000e+04 7.243680000000000119e-01
1.160000000000000000e+04 7.526899999999998592e-01
1.170000000000000000e+04 7.404800000000000271e-01
1.180000000000000000e+04 7.573359999999998982e-01
1.190000000000000000e+04 7.247799999999999798e-01
1.200000000000000000e+04 7.495760000000000201e-01
1.210000000000000000e+04 7.666319999999999801e-01
1.220000000000000000e+04 7.602200000000000069e-01
1.230000000000000000e+04 7.566679999999998962e-01
1.240000000000000000e+04 7.594079999999999719e-01
1.250000000000000000e+04 7.680879999999999930e-01
1.260000000000000000e+04 7.743600000000000483e-01
1.270000000000000000e+04 7.712159999999999016e-01
1.280000000000000000e+04 7.718599999999999905e-01
1.290000000000000000e+04 7.899239999999999595e-01
1.300000000000000000e+04 7.840399999999999592e-01
1.310000000000000000e+04 7.771120000000000250e-01
1.320000000000000000e+04 7.928079999999999572e-01
1.330000000000000000e+04 7.831360000000000543e-01
1.340000000000000000e+04 8.081359999999999655e-01
1.350000000000000000e+04 8.179359999999999964e-01
1.360000000000000000e+04 7.976159999999999917e-01
1.370000000000000000e+04 8.033519999999999550e-01
1.380000000000000000e+04 8.139760000000000328e-01
1.390000000000000000e+04 8.151999999999999247e-01
1.400000000000000000e+04 7.875240000000000018e-01
1.410000000000000000e+04 8.155040000000000067e-01
1.420000000000000000e+04 8.167159999999999975e-01
1.430000000000000000e+04 8.206480000000000441e-01
1.440000000000000000e+04 8.250199999999999756e-01
1.450000000000000000e+04 8.225039999999999019e-01
1.460000000000000000e+04 8.172159999999999425e-01
1.470000000000000000e+04 8.246240000000000236e-01
1.480000000000000000e+04 8.052600000000000868e-01
1.490000000000000000e+04 8.303040000000000420e-01
1.500000000000000000e+04 8.359119999999999884e-01
1.510000000000000000e+04 8.408560000000000478e-01
1.520000000000000000e+04 8.426279999999997106e-01
1.530000000000000000e+04 8.473879999999999191e-01
1.540000000000000000e+04 8.601560000000000317e-01
1.550000000000000000e+04 8.496599999999998598e-01
1.560000000000000000e+04 8.513720000000000176e-01
1.570000000000000000e+04 8.416959999999999997e-01
1.580000000000000000e+04 8.605760000000000076e-01
1.590000000000000000e+04 8.545679999999999943e-01
1.600000000000000000e+04 8.770040000000000058e-01
1.610000000000000000e+04 8.819799999999998752e-01
1.620000000000000000e+04 8.819920000000001092e-01
1.630000000000000000e+04 8.623199999999998644e-01
1.640000000000000000e+04 8.996199999999999752e-01
1.650000000000000000e+04 8.794080000000000785e-01
1.660000000000000000e+04 8.735439999999998761e-01
1.670000000000000000e+04 9.046879999999999367e-01
1.680000000000000000e+04 8.808880000000000043e-01
1.690000000000000000e+04 8.932039999999998869e-01
1.700000000000000000e+04 8.760240000000001359e-01
1.710000000000000000e+04 8.880000000000000115e-01
1.720000000000000000e+04 8.996119999999999672e-01
1.730000000000000000e+04 9.022120000000000140e-01
1.740000000000000000e+04 9.016279999999998740e-01
1.750000000000000000e+04 9.010359999999999481e-01
1.760000000000000000e+04 8.899360000000000603e-01
1.770000000000000000e+04 9.152759999999999785e-01
1.780000000000000000e+04 9.179719999999998992e-01
1.790000000000000000e+04 9.142399999999999416e-01
1.800000000000000000e+04 9.147879999999999345e-01
1.810000000000000000e+04 9.072560000000000624e-01
1.820000000000000000e+04 9.194680000000000630e-01
1.830000000000000000e+04 9.145320000000000116e-01
1.840000000000000000e+04 9.163079999999999004e-01
1.850000000000000000e+04 9.206840000000000579e-01
1.860000000000000000e+04 9.061639999999999695e-01
1.870000000000000000e+04 9.243279999999999275e-01
1.880000000000000000e+04 9.210199999999999498e-01
1.890000000000000000e+04 9.176599999999999202e-01
1.900000000000000000e+04 9.371239999999999570e-01
1.910000000000000000e+04 9.194279999999999120e-01
1.920000000000000000e+04 9.274999999999999911e-01
1.930000000000000000e+04 9.297520000000000229e-01
1.940000000000000000e+04 9.179840000000000222e-01
1.950000000000000000e+04 9.336160000000000014e-01
1.960000000000000000e+04 9.294160000000000199e-01
1.970000000000000000e+04 9.169039999999999413e-01
1.980000000000000000e+04 9.332159999999999345e-01
1.990000000000000000e+04 9.426839999999999664e-01
2.000000000000000000e+04 9.289119999999999600e-01
2.010000000000000000e+04 9.223559999999999537e-01
2.020000000000000000e+04 9.265639999999999432e-01
2.030000000000000000e+04 9.279039999999999511e-01
2.040000000000000000e+04 9.341079999999999384e-01
2.050000000000000000e+04 9.327440000000000175e-01
2.060000000000000000e+04 9.280959999999999210e-01
2.070000000000000000e+04 9.302960000000000118e-01
2.080000000000000000e+04 9.470279999999999809e-01
2.090000000000000000e+04 9.336039999999999894e-01
2.100000000000000000e+04 9.246080000000000965e-01
2.110000000000000000e+04 9.235399999999998055e-01
2.120000000000000000e+04 9.492559999999999887e-01
2.130000000000000000e+04 9.325399999999999245e-01
2.140000000000000000e+04 9.301560000000000938e-01
2.150000000000000000e+04 9.427640000000000464e-01
2.160000000000000000e+04 9.402280000000000637e-01
2.170000000000000000e+04 9.372320000000000650e-01
2.180000000000000000e+04 9.362599999999999811e-01
2.190000000000000000e+04 9.418520000000000225e-01
2.200000000000000000e+04 9.426119999999998944e-01
2.210000000000000000e+04 9.508240000000000025e-01
2.220000000000000000e+04 9.441239999999999633e-01
2.230000000000000000e+04 9.291599999999998749e-01
2.240000000000000000e+04 9.425279999999999214e-01
2.250000000000000000e+04 9.319639999999999036e-01
2.260000000000000000e+04 9.417920000000000735e-01
2.270000000000000000e+04 9.381479999999999819e-01
2.280000000000000000e+04 9.331360000000000765e-01
2.290000000000000000e+04 9.418600000000001415e-01
2.300000000000000000e+04 9.425159999999999094e-01
2.310000000000000000e+04 9.408959999999998436e-01
2.320000000000000000e+04 9.443719999999999892e-01
2.330000000000000000e+04 9.420359999999999845e-01
2.340000000000000000e+04 9.421199999999999575e-01
2.350000000000000000e+04 9.441280000000000783e-01
2.360000000000000000e+04 9.363639999999999741e-01
2.370000000000000000e+04 9.485839999999999828e-01
2.380000000000000000e+04 9.424079999999999124e-01
2.390000000000000000e+04 9.540920000000000512e-01
2.400000000000000000e+04 9.374080000000000190e-01
2.410000000000000000e+04 9.463119999999999310e-01
2.420000000000000000e+04 9.354320000000000412e-01
2.430000000000000000e+04 9.438119999999999843e-01
2.440000000000000000e+04 9.450319999999998721e-01
2.450000000000000000e+04 9.374240000000000350e-01
2.460000000000000000e+04 9.459760000000000391e-01
2.470000000000000000e+04 9.424799999999999844e-01
2.480000000000000000e+04 9.450479999999998881e-01
2.490000000000000000e+04 9.464639999999999720e-01
2.500000000000000000e+04 9.466759999999999620e-01
2.510000000000000000e+04 9.387000000000000899e-01
2.520000000000000000e+04 9.438999999999999613e-01
2.530000000000000000e+04 9.508360000000000145e-01
2.540000000000000000e+04 9.401439999999999797e-01
2.550000000000000000e+04 9.503120000000000456e-01
2.560000000000000000e+04 9.448720000000000452e-01
2.570000000000000000e+04 9.387119999999999909e-01
2.580000000000000000e+04 9.462840000000000140e-01
2.590000000000000000e+04 9.372639999999999860e-01
2.600000000000000000e+04 9.535840000000000982e-01
2.610000000000000000e+04 9.464440000000000630e-01
2.620000000000000000e+04 9.451199999999999601e-01
2.630000000000000000e+04 9.486879999999999757e-01
2.640000000000000000e+04 9.633999999999999231e-01
2.650000000000000000e+04 9.433640000000000914e-01
2.660000000000000000e+04 9.367699999999999916e-01
2.670000000000000000e+04 9.405400000000000427e-01
2.680000000000000000e+04 9.379519999999998969e-01
2.690000000000000000e+04 9.507219999999999560e-01
2.700000000000000000e+04 9.529940000000001188e-01
2.710000000000000000e+04 9.514880000000001115e-01
2.720000000000000000e+04 9.455219999999999736e-01
2.730000000000000000e+04 9.533119999999999372e-01
2.740000000000000000e+04 9.377060000000000395e-01
2.750000000000000000e+04 9.369920000000000471e-01
2.760000000000000000e+04 9.448879999999998391e-01
2.770000000000000000e+04 9.470439999999999969e-01
2.780000000000000000e+04 9.483620000000000383e-01
2.790000000000000000e+04 9.505440000000000556e-01
2.800000000000000000e+04 9.435440000000000493e-01
2.810000000000000000e+04 9.489079999999998627e-01
2.820000000000000000e+04 9.501079999999997305e-01
2.830000000000000000e+04 9.340419999999998169e-01
2.840000000000000000e+04 9.528619999999999868e-01
2.850000000000000000e+04 9.408199999999999896e-01
2.860000000000000000e+04 9.480039999999999578e-01
2.870000000000000000e+04 9.482899999999999663e-01
2.880000000000000000e+04 9.452679999999999971e-01
2.890000000000000000e+04 9.514519999999999644e-01
2.900000000000000000e+04 9.535240000000000382e-01
2.910000000000000000e+04 9.461399999999998700e-01
2.920000000000000000e+04 9.468199999999997729e-01
2.930000000000000000e+04 9.534359999999999502e-01
2.940000000000000000e+04 9.446640000000001702e-01
2.950000000000000000e+04 9.460119999999998530e-01
2.960000000000000000e+04 9.471839999999999149e-01
2.970000000000000000e+04 9.396559999999998247e-01
2.980000000000000000e+04 9.442840000000001233e-01
2.990000000000000000e+04 9.416179999999999550e-01
3.000000000000000000e+04 9.533639999999998782e-01
