0.000000000000000000e+00 5.197604339733412626e-01
1.000000000000000000e+02 4.302497855830894058e-01
2.000000000000000000e+02 5.146061028122155268e-01
3.000000000000000000e+02 6.250093510938967700e-01
4.000000000000000000e+02 6.730915637225645121e-01
5.000000000000000000e+02 7.135309732545700445e-01
6.000000000000000000e+02 7.571315090701642436e-01
7.000000000000000000e+02 7.414562028032537500e-01
8.000000000000000000e+02 8.063015974562994792e-01
9.000000000000000000e+02 7.623690891712081585e-01
1.000000000000000000e+03 8.106599179444848868e-01
1.100000000000000000e+03 8.170161386303025353e-01
1.200000000000000000e+03 8.428042292931210433e-01
1.300000000000000000e+03 8.343845127177615950e-01
1.400000000000000000e+03 8.462947376963003698e-01
1.500000000000000000e+03 8.589486962390546765e-01
1.600000000000000000e+03 8.646811747649885138e-01
1.700000000000000000e+03 8.436360895908103785e-01
1.800000000000000000e+03 8.566630564191481945e-01
1.900000000000000000e+03 8.515773798765318148e-01
2.000000000000000000e+03 8.683162732660061334e-01
2.100000000000000000e+03 8.836635753676864713e-01
2.200000000000000000e+03 8.711712319802102922e-01
2.300000000000000000e+03 8.869596302375870600e-01
2.400000000000000000e+03 8.752304469580243218e-01
2.500000000000000000e+03 8.868636956242204050e-01
2.600000000000000000e+03 8.892463170213733559e-01
2.700000000000000000e+03 8.921427579454018764e-01
2.800000000000000000e+03 8.863522272766822807e-01
2.900000000000000000e+03 8.933009161827041300e-01
3.000000000000000000e+03 8.815162802460765334e-01
3.100000000000000000e+03 8.821285100534709267e-01
3.200000000000000000e+03 8.824147656046288368e-01
3.300000000000000000e+03 8.888678096836456488e-01
3.400000000000000000e+03 8.936259742653103189e-01
3.500000000000000000e+03 8.945448701983651496e-01
3.600000000000000000e+03 9.070535463350030136e-01
3.700000000000000000e+03 8.924217389633022357e-01
3.800000000000000000e+03 8.948125270399325260e-01
3.900000000000000000e+03 8.972177504390721481e-01
4.000000000000000000e+03 8.929722989523433130e-01
4.100000000000000000e+03 9.008907980533948923e-01
4.200000000000000000e+03 9.066013026572687927e-01
4.300000000000000000e+03 9.066974906506294341e-01
4.400000000000000000e+03 9.002468145155664292e-01
4.500000000000000000e+03 8.896933754930392846e-01
4.600000000000000000e+03 9.067174220005012053e-01
4.700000000000000000e+03 8.967485115968969467e-01
4.800000000000000000e+03 9.071392355714944511e-01
4.900000000000000000e+03 9.144789811308740024e-01
5.000000000000000000e+03 8.931034144577870704e-01
5.100000000000000000e+03 9.152192698704038065e-01
5.200000000000000000e+03 9.082675000021167566e-01
5.300000000000000000e+03 8.962989945138275516e-01
5.400000000000000000e+03 9.099367422341716471e-01
5.500000000000000000e+03 8.945325715045159276e-01
5.600000000000000000e+03 9.163544378361218046e-01
5.700000000000000000e+03 9.202148613463698723e-01
5.800000000000000000e+03 8.905919614549129282e-01
5.900000000000000000e+03 8.986107579718159988e-01
6.000000000000000000e+03 9.103149323061825449e-01
6.100000000000000000e+03 8.937735951108176646e-01
6.200000000000000000e+03 8.972975380656738054e-01
6.300000000000000000e+03 9.124098953914291377e-01
6.400000000000000000e+03 9.093187754084313124e-01
6.500000000000000000e+03 9.176451176238575869e-01
6.600000000000000000e+03 9.017373901720371343e-01
6.700000000000000000e+03 9.004629147107638953e-01
6.800000000000000000e+03 9.218459992043317452e-01
6.900000000000000000e+03 9.201464467836197869e-01
7.000000000000000000e+03 9.060319860324232977e-01
7.100000000000000000e+03 9.251005398987057760e-01
7.200000000000000000e+03 9.049229539632004382e-01
7.300000000000000000e+03 8.983770571144228390e-01
7.400000000000000000e+03 9.189460136621651065e-01
7.500000000000000000e+03 9.072327645102563620e-01
7.600000000000000000e+03 9.084918695716901471e-01
7.700000000000000000e+03 9.201143511195888358e-01
7.800000000000000000e+03 8.971594933196029853e-01
7.900000000000000000e+03 9.123789829810435847e-01
8.000000000000000000e+03 9.208300326463680907e-01
8.100000000000000000e+03 9.030650755371805172e-01
8.200000000000000000e+03 9.188913388487232048e-01
8.300000000000000000e+03 9.191315072206180936e-01
8.400000000000000000e+03 9.152345671054734622e-01
8.500000000000000000e+03 9.126077354117487772e-01
8.600000000000000000e+03 9.046995482515879372e-01
8.700000000000000000e+03 9.107689784184136439e-01
8.800000000000000000e+03 9.006850710697109630e-01
8.900000000000000000e+03 9.273859246184678051e-01
9.000000000000000000e+03 9.166448505146286285e-01
9.100000000000000000e+03 9.120717203476061963e-01
9.200000000000000000e+03 9.171828714894468826e-01
9.300000000000000000e+03 9.165647912038059619e-01
9.400000000000000000e+03 8.892361358018882056e-01
9.500000000000000000e+03 9.178811655846720319e-01
9.600000000000000000e+03 9.141331771699917619e-01
9.700000000000000000e+03 9.348343740434291727e-01
9.800000000000000000e+03 8.988746408659806786e-01
9.900000000000000000e+03 9.168090626986071801e-01
1.000000000000000000e+04 9.073828131156849164e-01
1.010000000000000000e+04 9.317212521110989076e-01
1.020000000000000000e+04 9.245912103330526932e-01
1.030000000000000000e+04 9.121098646686789380e-01
1.040000000000000000e+04 9.254001936797165984e-01
1.050000000000000000e+04 9.173974069369184026e-01
1.060000000000000000e+04 9.069793632297907804e-01
1.070000000000000000e+04 9.163722905907452088e-01
1.080000000000000000e+04 9.273759741958937930e-01
1.090000000000000000e+04 9.270532314706714239e-01
1.100000000000000000e+04 9.203136380258181148e-01
1.110000000000000000e+04 9.045846448801709849e-01
1.120000000000000000e+04 9.144202654839139743e-01
1.130000000000000000e+04 9.215565626088099149e-01
1.140000000000000000e+04 9.173114063191002421e-01
1.150000000000000000e+04 9.257132618732754059e-01
1.160000000000000000e+04 9.172405540469237284e-01
1.170000000000000000e+04 9.160624171160181017e-01
1.180000000000000000e+04 9.123396228659692575e-01
1.190000000000000000e+04 9.295808502243595450e-01
1.200000000000000000e+04 9.178547378212966734e-01
1.210000000000000000e+04 9.228780516630744613e-01
1.220000000000000000e+04 9.170116955324221220e-01
1.230000000000000000e+04 9.168867882144549064e-01
1.240000000000000000e+04 9.195710630020477172e-01
1.250000000000000000e+04 9.147499685739486353e-01
1.260000000000000000e+04 9.035794422923453251e-01
1.270000000000000000e+04 9.087481795445911947e-01
1.280000000000000000e+04 9.246675107719282138e-01
1.290000000000000000e+04 9.096169027973832755e-01
1.300000000000000000e+04 9.129438783438909022e-01
1.310000000000000000e+04 9.223610503977019981e-01
1.320000000000000000e+04 9.078791606198195474e-01
1.330000000000000000e+04 9.242303597004830618e-01
1.340000000000000000e+04 9.052372239519668184e-01
1.350000000000000000e+04 9.152348416950578658e-01
1.360000000000000000e+04 9.173241589466950563e-01
1.370000000000000000e+04 9.222473827708236316e-01
1.380000000000000000e+04 9.138063637958775409e-01
1.390000000000000000e+04 9.214096087138303748e-01
1.400000000000000000e+04 8.967288144380627379e-01
1.410000000000000000e+04 9.100972764695243189e-01
1.420000000000000000e+04 9.212021105918106745e-01
1.430000000000000000e+04 9.147544153816632440e-01
1.440000000000000000e+04 9.212410855381847341e-01
1.450000000000000000e+04 9.195712880486601737e-01
1.460000000000000000e+04 9.116915323449344966e-01
1.470000000000000000e+04 9.330715499727454398e-01
1.480000000000000000e+04 9.180537232696527328e-01
1.490000000000000000e+04 9.080453840725498660e-01
1.500000000000000000e+04 9.032622040368047944e-01
1.510000000000000000e+04 9.126953961643169411e-01
1.520000000000000000e+04 9.210100564627057285e-01
1.530000000000000000e+04 9.183371444565173736e-01
1.540000000000000000e+04 9.221946765179934724e-01
1.550000000000000000e+04 9.247917089954262870e-01
1.560000000000000000e+04 9.086270048239334374e-01
1.570000000000000000e+04 9.147074097687748484e-01
1.580000000000000000e+04 9.202154716100496845e-01
1.590000000000000000e+04 9.232877298641917196e-01
1.600000000000000000e+04 9.153855619283730594e-01
1.610000000000000000e+04 9.142404253229574618e-01
1.620000000000000000e+04 9.099018084423573516e-01
1.630000000000000000e+04 9.271830003266888776e-01
1.640000000000000000e+04 9.158460695944209418e-01
1.650000000000000000e+04 9.163075731916956457e-01
1.660000000000000000e+04 9.208872822186519036e-01
1.670000000000000000e+04 9.153793750792217354e-01
1.680000000000000000e+04 9.209022349876927471e-01
1.690000000000000000e+04 9.117053840789300923e-01
1.700000000000000000e+04 9.116467214663468432e-01
1.710000000000000000e+04 9.147607540340531029e-01
1.720000000000000000e+04 9.178808443069531586e-01
1.730000000000000000e+04 9.133232415222181100e-01
1.740000000000000000e+04 9.268929313853286889e-01
1.750000000000000000e+04 9.300772791466852540e-01
1.760000000000000000e+04 9.240994159364319671e-01
1.770000000000000000e+04 9.297350225878348029e-01
1.780000000000000000e+04 9.176291654509921569e-01
1.790000000000000000e+04 9.151150999523141039e-01
1.800000000000000000e+04 9.030355840820065705e-01
1.810000000000000000e+04 9.129786073940840962e-01
1.820000000000000000e+04 9.200742235342471709e-01
1.830000000000000000e+04 9.112327124209483875e-01
1.840000000000000000e+04 9.116267078814506153e-01
1.850000000000000000e+04 9.260338848123678135e-01
1.860000000000000000e+04 9.171565638839312973e-01
1.870000000000000000e+04 9.225062668263740440e-01
1.880000000000000000e+04 9.333029665122476448e-01
1.890000000000000000e+04 9.287393514612229950e-01
1.900000000000000000e+04 9.152088507340865320e-01
1.910000000000000000e+04 9.240154921062538884e-01
1.920000000000000000e+04 9.173594440086414448e-01
1.930000000000000000e+04 9.177499353672824434e-01
1.940000000000000000e+04 9.092423884445953730e-01
1.950000000000000000e+04 9.116741301383297635e-01
1.960000000000000000e+04 9.207822037243322821e-01
1.970000000000000000e+04 9.108375574503138061e-01
1.980000000000000000e+04 9.147135303594209343e-01
1.990000000000000000e+04 9.161991492865134701e-01
2.000000000000000000e+04 9.018877026765250715e-01
2.010000000000000000e+04 9.121956591424570382e-01
2.020000000000000000e+04 9.040645118763176447e-01
2.030000000000000000e+04 9.131051522673390153e-01
2.040000000000000000e+04 9.163483068996156611e-01
2.050000000000000000e+04 9.207785323589809945e-01
2.060000000000000000e+04 9.093395112411298831e-01
2.070000000000000000e+04 9.253464020796341449e-01
2.080000000000000000e+04 9.110227898545708580e-01
2.090000000000000000e+04 9.146982791507323185e-01
2.100000000000000000e+04 9.143375621501296235e-01
2.110000000000000000e+04 9.169815533905549820e-01
2.120000000000000000e+04 9.274889442033228404e-01
2.130000000000000000e+04 9.143269214810978429e-01
2.140000000000000000e+04 9.184064638270121872e-01
2.150000000000000000e+04 9.252558396437695620e-01
2.160000000000000000e+04 9.131337878193872548e-01
2.170000000000000000e+04 9.172921316222034660e-01
2.180000000000000000e+04 9.218487231917000813e-01
2.190000000000000000e+04 9.133193289506499335e-01
2.200000000000000000e+04 9.309275896787455595e-01
2.210000000000000000e+04 8.966265850371257784e-01
2.220000000000000000e+04 9.220724385148317825e-01
2.230000000000000000e+04 9.070319162975624128e-01
2.240000000000000000e+04 9.108686250679027818e-01
2.250000000000000000e+04 9.065280966375786065e-01
2.260000000000000000e+04 9.149756197193927854e-01
2.270000000000000000e+04 9.157146152717097198e-01
2.280000000000000000e+04 8.993893264675634214e-01
2.290000000000000000e+04 9.266874091594419216e-01
2.300000000000000000e+04 9.214926512342932474e-01
2.310000000000000000e+04 9.106905503265542157e-01
2.320000000000000000e+04 9.181475410828994210e-01
2.330000000000000000e+04 9.225298701729462980e-01
2.340000000000000000e+04 9.079693815349785257e-01
2.350000000000000000e+04 9.281338543777446493e-01
2.360000000000000000e+04 9.221152723626451220e-01
2.370000000000000000e+04 9.192311244483780674e-01
2.380000000000000000e+04 9.276468617749750178e-01
2.390000000000000000e+04 9.254383609092268204e-01
2.400000000000000000e+04 9.183378539106730187e-01
2.410000000000000000e+04 9.312102782081979058e-01
2.420000000000000000e+04 9.098018594310033347e-01
2.430000000000000000e+04 9.150909029487600543e-01
2.440000000000000000e+04 9.037970277054323542e-01
2.450000000000000000e+04 9.122068701244516742e-01
2.460000000000000000e+04 9.202252654746075899e-01
2.470000000000000000e+04 9.223256367537276956e-01
2.480000000000000000e+04 9.055285748080135200e-01
2.490000000000000000e+04 9.194578986602126580e-01
2.500000000000000000e+04 9.262795791066006368e-01
2.510000000000000000e+04 9.124484965668009373e-01
2.520000000000000000e+04 9.139787270478716419e-01
2.530000000000000000e+04 9.098738210963611683e-01
2.540000000000000000e+04 9.200479257017949442e-01
2.550000000000000000e+04 9.044128826647378494e-01
2.560000000000000000e+04 9.264537837155630839e-01
2.570000000000000000e+04 9.166588060704603524e-01
2.580000000000000000e+04 9.126817371779029076e-01
2.590000000000000000e+04 9.085982751519114942e-01
2.600000000000000000e+04 9.250171778681468560e-01
2.610000000000000000e+04 9.121058379782457370e-01
2.620000000000000000e+04 9.089598193607256738e-01
2.630000000000000000e+04 9.310200246898322485e-01
2.640000000000000000e+04 9.303677506247665097e-01
2.650000000000000000e+04 9.279406818703256343e-01
2.660000000000000000e+04 9.134920772917141107e-01
2.670000000000000000e+04 9.258384177696200590e-01
2.680000000000000000e+04 9.225314547523260078e-01
2.690000000000000000e+04 9.136673410308564502e-01
2.700000000000000000e+04 9.204997893094100103e-01
2.710000000000000000e+04 9.239724349616248444e-01
2.720000000000000000e+04 9.154023329618075078e-01
2.730000000000000000e+04 9.036320330696369085e-01
2.740000000000000000e+04 9.112057026848507935e-01
2.750000000000000000e+04 9.189659600240831505e-01
2.760000000000000000e+04 9.084802668633662481e-01
2.770000000000000000e+04 9.227434727712883200e-01
2.780000000000000000e+04 9.147721114115141550e-01
2.790000000000000000e+04 8.947503471789646223e-01
2.800000000000000000e+04 9.197460138226798421e-01
2.810000000000000000e+04 9.177709606571404777e-01
2.820000000000000000e+04 9.175279629255057579e-01
2.830000000000000000e+04 9.102995978052736969e-01
2.840000000000000000e+04 9.186847269678188876e-01
2.850000000000000000e+04 9.214373523312597847e-01
2.860000000000000000e+04 9.183429928903903416e-01
2.870000000000000000e+04 9.197275714195245477e-01
2.880000000000000000e+04 9.216853401080908892e-01
2.890000000000000000e+04 9.277783136631148064e-01
2.900000000000000000e+04 9.219458650500537145e-01
2.910000000000000000e+04 9.298140712354308057e-01
2.920000000000000000e+04 9.186663773579240022e-01
2.930000000000000000e+04 9.138641441438259960e-01
2.940000000000000000e+04 9.220704761908202762e-01
2.950000000000000000e+04 9.243524986348943262e-01
2.960000000000000000e+04 9.161707230576128236e-01
2.970000000000000000e+04 9.169328182880083222e-01
2.980000000000000000e+04 9.219170134497862712e-01
2.990000000000000000e+04 9.115438713640329205e-01
3.000000000000000000e+04 9.186638545163032799e-01
