0.000000000000000000e+00 5.313080000000001135e-01
1.000000000000000000e+02 4.059639999999999915e-01
2.000000000000000000e+02 5.437800000000000411e-01
3.000000000000000000e+02 6.369160000000000377e-01
4.000000000000000000e+02 6.624959999999999738e-01
5.000000000000000000e+02 6.798839999999999328e-01
6.000000000000000000e+02 7.385120000000000573e-01
7.000000000000000000e+02 7.144119999999999360e-01
8.000000000000000000e+02 7.676039999999999530e-01
9.000000000000000000e+02 7.292279999999999873e-01
1.000000000000000000e+03 7.687840000000000229e-01
1.100000000000000000e+03 7.890360000000000706e-01
1.200000000000000000e+03 8.038759999999999240e-01
1.300000000000000000e+03 7.963000000000000078e-01
1.400000000000000000e+03 8.037119999999999820e-01
1.500000000000000000e+03 8.200359999999999872e-01
1.600000000000000000e+03 8.342959999999999265e-01
1.700000000000000000e+03 8.103719999999999812e-01
1.800000000000000000e+03 8.246320000000000316e-01
1.900000000000000000e+03 8.186560000000000503e-01
2.000000000000000000e+03 8.379919999999999591e-01
2.100000000000000000e+03 8.571960000000000690e-01
2.200000000000000000e+03 8.350959999999998384e-01
2.300000000000000000e+03 8.572439999999998950e-01
2.400000000000000000e+03 8.443440000000000945e-01
2.500000000000000000e+03 8.605760000000000076e-01
2.600000000000000000e+03 8.636039999999999273e-01
2.700000000000000000e+03 8.732199999999999962e-01
2.800000000000000000e+03 8.559999999999998721e-01
2.900000000000000000e+03 8.695800000000000196e-01
3.000000000000000000e+03 8.451159999999999783e-01
3.100000000000000000e+03 8.628719999999998613e-01
3.200000000000000000e+03 8.544359999999999733e-01
3.300000000000000000e+03 8.612239999999999895e-01
3.400000000000000000e+03 8.635279999999998513e-01
3.500000000000000000e+03 8.713560000000000194e-01
3.600000000000000000e+03 8.878759999999998875e-01
3.700000000000000000e+03 8.651520000000000321e-01
3.800000000000000000e+03 8.716199999999999504e-01
3.900000000000000000e+03 8.698879999999999946e-01
4.000000000000000000e+03 8.722039999999999793e-01
4.100000000000000000e+03 8.744760000000001421e-01
4.200000000000000000e+03 8.838480000000001890e-01
4.300000000000000000e+03 8.851679999999999549e-01
4.400000000000000000e+03 8.730280000000001372e-01
4.500000000000000000e+03 8.623319999999999874e-01
4.600000000000000000e+03 8.924960000000001781e-01
4.700000000000000000e+03 8.766119999999999468e-01
4.800000000000000000e+03 8.844039999999999679e-01
4.900000000000000000e+03 8.971799999999998665e-01
5.000000000000000000e+03 8.690319999999999157e-01
5.100000000000000000e+03 8.936800000000000299e-01
5.200000000000000000e+03 8.895360000000001044e-01
5.300000000000000000e+03 8.799359999999999404e-01
5.400000000000000000e+03 8.871919999999999806e-01
5.500000000000000000e+03 8.710080000000001155e-01
5.600000000000000000e+03 8.973000000000002085e-01
5.700000000000000000e+03 9.065680000000000405e-01
5.800000000000000000e+03 8.725840000000000263e-01
5.900000000000000000e+03 8.739799999999999791e-01
6.000000000000000000e+03 8.903719999999999413e-01
6.100000000000000000e+03 8.728039999999999132e-01
6.200000000000000000e+03 8.710439999999999294e-01
6.300000000000000000e+03 8.957399999999999807e-01
6.400000000000000000e+03 8.867119999999999447e-01
6.500000000000000000e+03 9.006520000000000081e-01
6.600000000000000000e+03 8.796680000000000055e-01
6.700000000000000000e+03 8.811120000000000063e-01
6.800000000000000000e+03 9.064240000000001185e-01
6.900000000000000000e+03 9.030839999999997758e-01
7.000000000000000000e+03 8.876359999999998696e-01
7.100000000000000000e+03 9.096560000000000201e-01
7.200000000000000000e+03 8.823000000000000842e-01
7.300000000000000000e+03 8.762719999999999398e-01
7.400000000000000000e+03 9.037639999999997897e-01
7.500000000000000000e+03 8.867680000000000007e-01
7.600000000000000000e+03 8.875880000000000436e-01
7.700000000000000000e+03 8.972200000000000175e-01
7.800000000000000000e+03 8.788639999999999786e-01
7.900000000000000000e+03 8.970119999999999205e-01
8.000000000000000000e+03 9.002839999999999732e-01
8.100000000000000000e+03 8.821720000000000672e-01
8.200000000000000000e+03 8.995640000000000303e-01
8.300000000000000000e+03 9.007559999999998901e-01
8.400000000000000000e+03 8.951999999999999957e-01
8.500000000000000000e+03 8.923399999999999110e-01
8.600000000000000000e+03 8.854539999999999633e-01
8.700000000000000000e+03 8.910399999999999432e-01
8.800000000000000000e+03 8.826559999999999961e-01
8.900000000000000000e+03 9.111799999999999899e-01
9.000000000000000000e+03 8.923080000000001011e-01
9.100000000000000000e+03 8.910599999999999632e-01
9.200000000000000000e+03 8.994440000000000213e-01
9.300000000000000000e+03 8.942479999999999318e-01
9.400000000000000000e+03 8.633159999999999723e-01
9.500000000000000000e+03 8.983440000000000314e-01
9.600000000000000000e+03 8.987160000000000704e-01
9.700000000000000000e+03 9.181960000000000122e-01
9.800000000000000000e+03 8.766439999999999788e-01
9.900000000000000000e+03 8.974440000000000195e-01
1.000000000000000000e+04 8.851599999999999469e-01
1.010000000000000000e+04 9.156320000000000014e-01
1.020000000000000000e+04 9.041599999999999637e-01
1.030000000000000000e+04 8.964159999999998796e-01
1.040000000000000000e+04 9.079119999999999413e-01
1.050000000000000000e+04 8.996839999999999282e-01
1.060000000000000000e+04 8.933879999999999599e-01
1.070000000000000000e+04 9.010400000000000631e-01
1.080000000000000000e+04 9.071639999999998594e-01
1.090000000000000000e+04 9.099759999999998961e-01
1.100000000000000000e+04 9.012680000000000691e-01
1.110000000000000000e+04 8.784560000000001256e-01
1.120000000000000000e+04 8.935359999999998859e-01
1.130000000000000000e+04 9.061559999999997395e-01
1.140000000000000000e+04 8.978920000000000234e-01
1.150000000000000000e+04 9.111079999999999179e-01
1.160000000000000000e+04 9.005960000000000631e-01
1.170000000000000000e+04 8.990799999999998793e-01
1.180000000000000000e+04 8.910919999999999952e-01
1.190000000000000000e+04 9.117359999999998799e-01
1.200000000000000000e+04 8.959240000000000537e-01
1.210000000000000000e+04 9.056359999999998855e-01
1.220000000000000000e+04 9.009320000000000661e-01
1.230000000000000000e+04 8.960960000000000036e-01
1.240000000000000000e+04 9.010959999999998971e-01
1.250000000000000000e+04 8.992720000000000713e-01
1.260000000000000000e+04 8.779520000000000657e-01
1.270000000000000000e+04 8.936119999999998509e-01
1.280000000000000000e+04 9.071239999999999304e-01
1.290000000000000000e+04 8.885880000000000445e-01
1.300000000000000000e+04 8.895319999999999894e-01
1.310000000000000000e+04 9.068759999999997934e-01
1.320000000000000000e+04 8.868719999999999937e-01
1.330000000000000000e+04 9.046359999999999957e-01
1.340000000000000000e+04 8.856160000000000698e-01
1.350000000000000000e+04 8.953119999999999967e-01
1.360000000000000000e+04 8.968159999999999465e-01
1.370000000000000000e+04 9.076680000000000303e-01
1.380000000000000000e+04 8.985760000000000414e-01
1.390000000000000000e+04 9.046440000000001147e-01
1.400000000000000000e+04 8.713640000000000274e-01
1.410000000000000000e+04 8.884479999999999045e-01
1.420000000000000000e+04 9.011679999999999691e-01
1.430000000000000000e+04 8.977720000000000145e-01
1.440000000000000000e+04 9.029000000000000359e-01
1.450000000000000000e+04 9.037799999999999168e-01
1.460000000000000000e+04 8.924199999999999910e-01
1.470000000000000000e+04 9.160639999999998784e-01
1.480000000000000000e+04 9.006159999999998611e-01
1.490000000000000000e+04 8.868719999999998826e-01
1.500000000000000000e+04 8.803320000000000034e-01
1.510000000000000000e+04 8.928640000000001020e-01
1.520000000000000000e+04 9.003959999999998631e-01
1.530000000000000000e+04 9.040359999999999507e-01
1.540000000000000000e+04 9.042399999999999327e-01
1.550000000000000000e+04 9.065200000000001035e-01
1.560000000000000000e+04 8.865080000000000737e-01
1.570000000000000000e+04 9.017399999999999860e-01
1.580000000000000000e+04 9.002639999999999532e-01
1.590000000000000000e+04 9.032679999999999598e-01
1.600000000000000000e+04 8.957079999999999487e-01
1.610000000000000000e+04 8.973279999999999035e-01
1.620000000000000000e+04 8.870319999999999316e-01
1.630000000000000000e+04 9.107440000000001090e-01
1.640000000000000000e+04 8.965280000000001026e-01
1.650000000000000000e+04 8.960160000000000347e-01
1.660000000000000000e+04 9.020680000000000920e-01
1.670000000000000000e+04 9.012080000000000091e-01
1.680000000000000000e+04 9.024399999999999089e-01
1.690000000000000000e+04 8.890119999999999134e-01
1.700000000000000000e+04 8.925159999999999760e-01
1.710000000000000000e+04 8.921239999999999171e-01
1.720000000000000000e+04 8.957319999999998617e-01
1.730000000000000000e+04 8.972839999999999705e-01
1.740000000000000000e+04 9.105039999999999800e-01
1.750000000000000000e+04 9.130880000000000107e-01
1.760000000000000000e+04 9.090840000000000032e-01
1.770000000000000000e+04 9.127199999999999758e-01
1.780000000000000000e+04 8.978239999999998444e-01
1.790000000000000000e+04 8.956839999999999247e-01
1.800000000000000000e+04 8.818759999999999932e-01
1.810000000000000000e+04 8.940479999999999539e-01
1.820000000000000000e+04 8.981760000000001964e-01
1.830000000000000000e+04 8.896159999999999624e-01
1.840000000000000000e+04 8.910280000000000422e-01
1.850000000000000000e+04 9.074160000000001114e-01
1.860000000000000000e+04 8.983680000000000554e-01
1.870000000000000000e+04 9.033720000000000638e-01
1.880000000000000000e+04 9.178360000000000962e-01
1.890000000000000000e+04 9.128039999999998377e-01
1.900000000000000000e+04 8.963760000000000616e-01
1.910000000000000000e+04 9.042360000000000397e-01
1.920000000000000000e+04 8.970920000000000005e-01
1.930000000000000000e+04 9.001800000000000912e-01
1.940000000000000000e+04 8.877839999999999065e-01
1.950000000000000000e+04 8.845200000000000840e-01
1.960000000000000000e+04 9.021999999999998909e-01
1.970000000000000000e+04 8.902319999999999123e-01
1.980000000000000000e+04 8.943880000000001829e-01
1.990000000000000000e+04 9.009840000000000071e-01
2.000000000000000000e+04 8.831560000000000521e-01
2.010000000000000000e+04 8.893719999999998294e-01
2.020000000000000000e+04 8.832720000000000571e-01
2.030000000000000000e+04 8.926039999999999530e-01
2.040000000000000000e+04 9.003680000000000572e-01
2.050000000000000000e+04 9.043519999999998227e-01
2.060000000000000000e+04 8.865799999999999237e-01
2.070000000000000000e+04 9.086920000000000552e-01
2.080000000000000000e+04 8.937319999999999709e-01
2.090000000000000000e+04 8.957000000000000517e-01
2.100000000000000000e+04 8.948360000000000758e-01
2.110000000000000000e+04 8.952799999999999647e-01
2.120000000000000000e+04 9.135959999999999637e-01
2.130000000000000000e+04 8.919960000000000111e-01
2.140000000000000000e+04 8.995800000000000463e-01
2.150000000000000000e+04 9.089279999999999582e-01
2.160000000000000000e+04 8.937319999999999709e-01
2.170000000000000000e+04 8.945799999999999308e-01
2.180000000000000000e+04 9.041720000000000868e-01
2.190000000000000000e+04 8.920000000000000151e-01
2.200000000000000000e+04 9.163000000000000034e-01
2.210000000000000000e+04 8.740440000000000431e-01
2.220000000000000000e+04 9.006720000000000281e-01
2.230000000000000000e+04 8.866680000000000117e-01
2.240000000000000000e+04 8.890200000000000324e-01
2.250000000000000000e+04 8.795120000000000715e-01
2.260000000000000000e+04 8.906480000000001063e-01
2.270000000000000000e+04 8.959560000000000857e-01
2.280000000000000000e+04 8.731480000000000352e-01
2.290000000000000000e+04 9.124520000000000408e-01
2.300000000000000000e+04 8.998359999999998582e-01
2.310000000000000000e+04 8.914439999999999031e-01
2.320000000000000000e+04 8.987680000000000113e-01
2.330000000000000000e+04 9.009439999999999671e-01
2.340000000000000000e+04 8.802480000000000304e-01
2.350000000000000000e+04 9.062760000000000815e-01
2.360000000000000000e+04 9.072399999999999354e-01
2.370000000000000000e+04 9.000799999999999912e-01
2.380000000000000000e+04 9.087560000000001192e-01
2.390000000000000000e+04 9.096079999999999721e-01
2.400000000000000000e+04 8.949400000000000688e-01
2.410000000000000000e+04 9.138720000000000176e-01
2.420000000000000000e+04 8.896119999999998473e-01
2.430000000000000000e+04 8.940399999999999459e-01
2.440000000000000000e+04 8.799119999999999164e-01
2.450000000000000000e+04 8.866080000000000627e-01
2.460000000000000000e+04 9.005639999999999201e-01
2.470000000000000000e+04 9.070799999999999974e-01
2.480000000000000000e+04 8.803839999999999444e-01
2.490000000000000000e+04 9.007160000000000721e-01
2.500000000000000000e+04 9.082999999999999963e-01
2.510000000000000000e+04 8.894199999999999884e-01
2.520000000000000000e+04 8.933919999999999639e-01
2.530000000000000000e+04 8.900719999999999743e-01
2.540000000000000000e+04 8.978520000000000945e-01
2.550000000000000000e+04 8.741999999999999771e-01
2.560000000000000000e+04 9.075680000000000414e-01
2.570000000000000000e+04 8.945600000000001328e-01
2.580000000000000000e+04 8.857559999999999878e-01
2.590000000000000000e+04 8.878639999999999866e-01
2.600000000000000000e+04 9.061919999999998865e-01
2.610000000000000000e+04 8.888320000000000665e-01
2.620000000000000000e+04 8.822960000000000802e-01
2.630000000000000000e+04 9.122119999999999118e-01
2.640000000000000000e+04 9.164120000000000044e-01
2.650000000000000000e+04 9.100239999999999441e-01
2.660000000000000000e+04 8.946039999999998438e-01
2.670000000000000000e+04 9.059000000000000385e-01
2.680000000000000000e+04 9.001879999999999882e-01
2.690000000000000000e+04 8.914239999999997721e-01
2.700000000000000000e+04 8.976760000000000295e-01
2.710000000000000000e+04 9.074320000000000164e-01
2.720000000000000000e+04 8.908559999999999812e-01
2.730000000000000000e+04 8.821160000000000112e-01
2.740000000000000000e+04 8.889160000000000394e-01
2.750000000000000000e+04 8.973240000000000105e-01
2.760000000000000000e+04 8.902559999999999363e-01
2.770000000000000000e+04 9.050759999999999916e-01
2.780000000000000000e+04 8.912400000000000322e-01
2.790000000000000000e+04 8.721719999999999473e-01
2.800000000000000000e+04 8.959319999999999506e-01
2.810000000000000000e+04 8.966159999999999686e-01
2.820000000000000000e+04 8.963919999999999666e-01
2.830000000000000000e+04 8.865240000000000897e-01
2.840000000000000000e+04 8.972799999999999665e-01
2.850000000000000000e+04 9.063839999999998565e-01
2.860000000000000000e+04 8.946239999999999748e-01
2.870000000000000000e+04 9.025840000000000529e-01
2.880000000000000000e+04 9.041239999999998167e-01
2.890000000000000000e+04 9.110000000000000320e-01
2.900000000000000000e+04 9.017680000000000140e-01
2.910000000000000000e+04 9.119960000000000289e-01
2.920000000000000000e+04 8.984119999999997663e-01
2.930000000000000000e+04 8.877720000000000056e-01
2.940000000000000000e+04 9.026920000000000499e-01
2.950000000000000000e+04 9.049039999999998196e-01
2.960000000000000000e+04 8.947759999999999048e-01
2.970000000000000000e+04 8.992639999999999523e-01
2.980000000000000000e+04 8.994880000000000653e-01
2.990000000000000000e+04 8.882839999999999625e-01
3.000000000000000000e+04 8.995999999999999552e-01
