0
1
2
5
6
7
8
12
15
17
19
22
23
24
25
26
31
32
38
40
42
44
45
46
47
49
51
58
59
62
63
64
65
68
69
70
72
74
76
77
80
81
82
84
85
86
89
90
92
95
98
100
103
107
108
110
113
114
116
118
119
121
122
123
124
126
127
129
130
131
132
135
136
137
138
139
140
143
144
152
154
155
156
157
158
159
160
161
164
170
171
172
182
184
185
186
187
188
189
190
191
194
195
197
199
200
203
206
207
208
210
211
212
215
216
218
219
220
221
227
228
231
232
233
236
238
241
242
244
245
246
247
251
252
253
254
255
258
260
262
263
264
265
270
271
272
274
275
277
278
280
281
282
288
289
290
292
293
296
297
298
299
300
305
306
308
312
314
317
318
323
325
326
327
328
329
330
331
332
334
335
336
337
338
339
340
341
342
343
344
345
347
348
349
350
356
357
359
362
364
365
366
367
370
371
372
375
380
381
384
385
386
387
388
389
391
395
397
399
401
402
403
405
406
411
412
413
414
415
416
417
418
419
420
422
423
424
425
426
427
428
429
430
431
432
433
434
435
436
438
439
441
442
443
444
445
446
447
449
451
453
455
461
462
467
471
472
475
477
478
484
485
486
487
489
490
491
492
493
495
496
498
500
504
506
508
509
510
512
514
515
518
519
521
522
523
524
527
528
531
533
534
536
538
541
547
548
549
550
551
552
556
557
558
561
563
564
565
566
567
568
573
577
579
580
581
583
584
587
589
590
596
598
599
600
601
602
606
608
610
611
612
613
614
615
616
617
619
620
622
623
624
625
627
629
631
632
633
634
636
637
638
639
640
642
644
646
648
650
652
654
658
663
664
665
669
671
672
675
678
682
683
684
686
688
690
696
702
706
707
709
718
719
724
727
728
742
744
745
746
747
748
749
750
751
753
754
757
758
759
761
762
763
764
765
766
767
769
771
774
775
777
781
782
784
785
787
788
792
793
795
801
803
806
807
808
811
816
820
822
823
825
827
828
829
830
831
833
834
835
836
838
839
841
842
843
848
851
852
854
855
856
858
859
861
862
864
865
870
873
879
881
883
884
891
893
895
898
899
900
902
904
906
907
908
910
912
913
916
918
919
921
923
926
928
930
931
933
935
936
937
940
941
942
944
945
946
948
949
950
951
955
956
958
960
961
963
964
965
966
968
969
970
973
974
978
982
985
986
987
988
989
990
991
992
993
1000
1001
1002
1003
1005
1006
1007
1008
1010
1011
1013
1015
1017
1019
1021
1022
1025
1026
1028
1029
1030
1032
1033
1034
1035
1036
1037
1040
1041
1042
1049
1050
1051
1052
1053
1054
1055
1056
1058
1061
1062
1063
1066
1068
1070
1071
1073
1074
1075
1077
1078
1080
1081
1082
1084
1086
1087
1088
1089
1090
1091
1093
1095
1099
1102
1105
1107
1108
1111
1113
1118
1119
1120
1123
1125
1126
1128
1129
1130
1131
1133
1135
1136
1140
1143
1144
1146
1147
1149
1150
1152
1153
1154
1155
1162
1163
1164
1165
1166
1167
1168
1171
1173
1174
1175
1176
1177
1178
1181
1185
1188
1189
1190
1191
1192
1193
1198
1201
1202
1204
1205
1208
1209
1212
1213
1216
1217
1218
1219
1221
1225
1226
1227
1228
1229
1230
1231
1233
1234
1236
1237
1238
1239
1242
1246
1247
1248
1249
1250
1251
1252
1253
1256
1260
1263
1265
1266
1268
1277
1280
1283
1284
1287
1288
1289
1292
1294
1298
1301
1302
1304
1305
1308
1310
1313
1315
1318
1320
1321
1324
1326
1331
1334
1339
1340
1341
1342
1343
1344
1345
1346
1347
1352
1354
1356
1358
1359
1361
1362
1363
1364
1365
1366
1367
1368
1369
1373
1379
1384
1385
1386
1387
1391
1392
1393
1394
1395
1398
1399
1400
1404
1405
1409
1411
1412
1413
1415
1416
1417
1419
1420
1421
1422
1423
1424
1428
1429
1430
1431
1432
1434
1435
1437
1443
1444
1447
1448
1452
1453
1454
1456
1460
1461
1463
1464
1465
1466
1467
1468
1469
1471
1472
1473
1475
1476
1477
1480
1481
1482
1483
1484
1485
1486
1487
1488
1489
1491
1492
1496
1499
1500
1502
1505
1506
1508
1509
1510
1513
1514
1516
1517
1518
1520
1521
1522
1524
1525
1527
1528
1530
1533
1534
1535
1539
1540
1541
1542
1543
1544
1548
1549
1550
1551
1554
1557
1558
1561
1562
1563
1564
1565
1566
1567
1568
1570
1571
1576
1577
1578
1579
1580
1582
1584
1590
1591
1596
1597
1599
1600
1601
1602
1603
1604
1605
1606
1607
1609
1615
1616
1617
1620
1621
1622
1623
1624
1625
1626
1627
1628
1629
1633
1634
1635
1636
1638
1639
1640
1641
1642
1643
1644
1647
1648
1649
1650
1651
1652
1653
1654
1656
1657
1660
1661
1662
1664
1665
1666
1667
1668
1669
1671
1673
1674
1675
1676
1677
1679
1680
1683
1684
1689
1691
1693
1695
1697
1698
1700
1701
1706
1707
1708
1709
1710
1713
1715
1717
1720
1721
1723
1725
1726
1727
1729
1731
1734
1737
1738
1739
1741
1745
1746
1747
1749
1751
1752
1753
1755
1756
1758
1759
1760
1761
1762
1763
1764
1765
1766
1767
1768
1769
1770
1771
1772
1773
1774
1778
1779
1780
1781
1782
1783
1784
1785
1786
1787
1788
1790
1791
1792
1795
1797
1799
1802
1804
1806
1807
1811
1813
1816
1818
1819
1820
1823
1826
1829
1831
1832
1833
1834
1836
1838
1841
1845
1848
1852
1854
1855
1856
1857
1860
1861
1862
1864
1865
1866
1867
1868
1869
1870
1871
1872
1873
1874
1875
1876
1877
1878
1879
1880
1881
1882
1883
1884
1885
1886
1887
1888
1890
1891
1892
1893
1894
1896
1897
1900
1901
1902
1904
1905
1906
1907
1908
1909
1910
1911
1912
1914
1916
1917
1918
1919
1921
1922
1925
1926
1927
1928
1929
1932
1933
1934
1935
1937
1940
1943
1944
1945
1946
1948
1952
1953
1955
1956
1957
1961
1962
1963
1964
1966
1967
1970
1971
1972
1973
1974
1975
1977
1979
1980
1981
1982
1984
1985
1986
1987
1988
1995
1998
2002
2005
2012
2013
2016
2017
2021
2023
2025
2026
2027
2028
2029
2030
2031
2033
2034
2036
2037
2038
2039
2040
2041
2043
2045
2046
2047
2048
2049
2050
2051
2056
2057
2058
2059
2062
2064
2065
2066
2067
2068
2070
2072
2073
2074
2075
2077
2078
2079
2080
2083
2084
2086
2087
2088
2089
2090
2091
2093
2094
2095
2096
2097
2100
2101
2102
2103
2107
2108
2109
2110
2111
2113
2114
2115
2117
2118
2119
2120
2123
2124
2127
2129
2130
2131
2133
2134
2136
2137
2138
2139
2140
2141
2142
2146
2147
2148
2149
2150
2152
2153
2154
2155
2157
2158
2159
2160
2161
2162
2163
2166
2167
2170
2171
2172
2173
2174
2175
2176
2180
2182
2183
2184
2185
2186
2188
2189
2191
2192
2193
2195
2196
2198
2200
2201
2202
2204
2205
2209
2210
2211
2212
2213
2214
2215
2218
2220
2222
2224
2225
2227
2228
2229
2230
2232
2234
2235
2240
2243
2244
2245
2247
2248
2253
2255
2256
2258
2259
2261
2262
2263
2264
2265
2267
2269
2271
2274
2276
2277
2278
2279
2280
2283
2284
2286
2288
2290
2292
2293
2295
2296
2297
2299
2302
2303
2305
2306
2307
2308
2310
2316
2317
2320
2321
2322
2323
2324
2327
2329
2336
2337
2338
2339
2341
2342
2343
2346
2350
2351
2354
2355
2357
2361
2362
2363
2365
2366
2368
2370
2371
2373
2376
2378
2383
2386
2388
2389
2390
2391
2392
2393
2394
2395
2397
2400
2401
2402
2403
2406
2407
2408
2409
2410
2412
2413
2414
2416
2417
2418
2419
2420
2422
2426
2427
2428
2429
2432
2433
2434
2436
2437
2439
2440
2441
2442
2444
2445
2446
2448
2449
2450
2451
2452
2455
2456
2457
2458
2459
2460
2461
2462
2463
2464
2466
2467
2468
2469
2470
2475
2476
2477
2479
2480
2481
2482
2483
2488
2489
2490
2492
2494
2499
2501
2503
2504
2505
2506
2507
2510
2511
2515
2516
2517
2518
2521
2522
2523
2524
2525
2526
2527
2528
2529
2530
2532
2533
2536
2538
2540
2541
2542
2543
2544
2545
2546
2549
2551
2552
2553
2554
2556
2557
2559
2561
2562
2563
2564
2565
2567
2571
2572
2573
2574
2575
2576
2578
2579
2580
2583
2584
2586
2587
2588
2589
2590
2591
2593
2595
2596
2597
2598
2599
2600
2602
2603
2604
2605
2606
2607
2608
2609
2610
2613
2614
2615
2617
2619
2622
2623
2625
2627
2628
2629
2630
2631
2634
2641
2642
2645
2646
2650
2651
2653
2654
2655
2656
2657
2658
2659
2660
2661
2665
2666
2667
2669
2670
2672
2674
2675
2678
2680
2681
2682
2683
2685
2686
2688
2689
2690
2692
2693
2694
2696
2697
2698
2699
2700
2701
2702
2704
2706
2707
2709
2710
2712
2714
2715
2720
2721
2722
2726
2728
2729
2730
2734
2735
2736
2737
2739
2741
2743
2745
2746
2750
2751
2752
2753
2754
2756
2759
2760
2761
2763
2764
2768
2769
2770
2771
2773
2775
2777
2780
2781
2782
2783
2787
2790
2791
2792
2793
2794
2795
2796
2797
2798
2799
2800
2801
2802
2803
2806
2808
2809
2810
2811
2813
2814
2815
2816
2817
2819
2820
2821
2822
2823
2825
2826
2828
2829
2830
2831
2833
2834
2838
2839
2844
2845
2847
2848
2849
2851
2853
2854
2859
2860
2862
2864
2865
2866
2867
2868
2869
2870
2872
2873
2877
2879
2880
2882
2883
2885
2886
2888
2889
2890
2891
2892
2893
2895
2897
2898
2901
2902
2903
2905
2908
2909
2910
2912
2914
2917
2918
2919
2920
2924
2925
2927
2928
2930
2931
2933
2935
2938
2939
2940
2941
2944
2945
2946
2947
2948
2949
2953
2954
2956
2957
2963
2964
2965
2966
2967
2968
2971
2972
2973
2974
2975
2976
2977
2978
2979
2980
2981
2982
2983
2985
2986
2987
2988
2989
2990
2991
2992
2993
2994
2995
2996
2997
2998
3002
3003
3005
3006
3007
3008
3009
3012
3013
3014
3015
3016
3017
3018
3019
3022
3023
3024
3025
3026
3027
3028
3029
3030
3031
3032
3034
3035
3036
3037
3038
3040
3043
3044
3045
3046
3047
3050
3051
3052
3053
3054
3055
3057
3058
3060
3061
3062
3063
3064
3065
3067
3071
3072
3073
3075
3077
3078
3079
3080
3081
3082
3083
3084
3087
3088
3090
3091
3092
3093
3094
3095
3097
3099
3100
3101
3102
3104
3105
3106
3108
3109
3111
3112
3113
3115
3117
3119
3120
3123
3126
3129
3132
3133
3134
3135
3137
3138
3139
3141
3142
3143
3147
3148
3149
3150
3155
3157
3158
3159
3160
3161
3162
3163
3164
3166
3167
3168
3169
3172
3173
3176
3177
3178
3181
3182
3183
3185
3187
3188
3190
3191
3194
3195
3196
3198
3200
3203
3204
3205
3206
3207
3208
3209
3210
3211
3212
3213
3214
3217
3220
3221
3223
3225
3226
3227
3228
3229
3232
3234
3236
3237
3238
3240
3242
3244
3245
3247
3250
3251
3252
3253
3254
3255
3256
3260
3261
3263
3264
3265
3268
3269
3270
3272
3274
3276
3277
3279
3282
3283
3284
3287
3288
3289
3291
3293
3294
3298
3300
3301
3302
3305
3306
3308
3309
3311
3312
3313
3314
3315
3316
3317
3318
3319
3320
3324
3325
3326
3327
3331
3333
3336
3337
3338
3339
3340
3341
3343
3344
3345
3346
3350
3351
3352
3353
3354
3357
3358
3359
3362
3364
3365
3366
3367
3368
3369
3370
3371
3373
3374
3375
3376
3377
3379
3380
3381
3382
3383
3384
3387
3388
3389
3392
3393
3395
3398
3399
3400
3401
3402
3403
3404
3408
3409
3411
3412
3413
3414
3415
3416
3417
3421
3422
3423
3424
3426
3427
3428
3429
3430
3432
3434
3436
3437
3438
3439
3440
3442
3443
3444
3445
3446
3447
3448
3450
3451
3453
3454
3455
3456
3457
3458
3459
3460
3461
3462
3464
3465
3466
3467
3468
3469
3470
3471
3472
3475
3477
3478
3479
3481
3482
3485
3486
3487
3489
3490
3491
3492
3493
3494
3495
3497
3499
3500
3501
3503
3505
3506
3507
3509
3510
3512
3513
3514
3515
3516
3519
3520
3521
3525
3527
3528
3529
3530
3531
3532
3534
3536
3537
3538
3539
3540
3541
3543
3546
3547
3549
3550
3551
3553
3555
3556
3557
3558
3559
3560
3561
3562
3563
3566
3567
3568
3569
3570
3572
3573
3574
3575
3576
3577
3579
3581
3582
3584
3585
3586
3588
3589
3590
3591
3592
3595
3597
3598
3599
3602
3604
3605
3606
3607
3608
3611
3613
3614
3616
3617
3618
3621
3623
3624
3625
3628
3629
3631
3632
3633
3634
3635
3637
3638
3639
3640
3641
3644
3645
3646
3649
3650
3651
3652
3655
3656
3657
3659
3662
3663
3665
3666
3668
3669
3670
3671
3672
3673
3674
3675
3676
3677
3681
3684
3686
3687
3688
3689
3690
3691
3692
3693
3694
3695
3696
3697
3698
3699
3700
3701
3702
3703
3704
3705
3706
3707
3709
3710
3711
3712
3713
3714
3715
3716
3718
3719
3720
3723
3724
3727
3730
3731
3732
3733
3734
3735
3736
3737
3739
3740
3741
3742
3743
3745
3746
3747
3749
3750
3752
3753
3754
3756
3757
3758
3759
3760
3762
3763
3766
3767
3769
3770
3771
3772
3773
3774
3775
3777
3778
3779
3780
3781
3782
3784
3785
3786
3787
3788
3789
3790
3791
3793
3794
3798
3800
3802
3804
3806
3807
3809
3811
3812
3813
3815
3816
3817
3818
3819
3820
3821
3822
3824
3825
3826
3827
3828
3829
3830
3831
3832
3833
3834
3835
3836
3837
3838
3840
3841
3842
3843
3844
3845
3846
3847
3848
3849
3850
3851
3853
3854
3855
3856
3858
3859
3860
3863
3864
3865
3866
3867
3868
3869
3870
3871
3872
3874
3875
3877
3878
3879
3880
3881
3882
3883
3884
3885
3888
3889
3890
3891
3892
3894
3895
3898
3900
3901
3902
3904
3905
3906
3907
3908
3910
3911
3912
3914
3915
3916
3917
3918
3919
3920
3921
3923
3924
3925
3926
3927
3928
3929
3930
3931
3932
3934
3935
3937
3938
3939
3942
3944
3945
3946
3947
3948
3949
3950
3951
3952
3953
3955
3956
3957
3958
3960
3962
3963
3964
3968
3969
3971
3972
3973
3974
3975
3976
3978
3981
3982
3986
3987
3989
3992
3995
3996
3999
4000
4001
4002
4003
4004
4005
4007
4008
4010
4011
4012
4014
4015
4017
4018
4019
4020
4022
4023
4025
4026
4027
4029
4030
4034
4035
4036
4037
4038
4042
4043
4045
4051
4052
4055
4056
4058
4061
4062
4065
4066
4068
4070
4071
4073
4074
4075
4076
4077
4079
4083
4084
4085
4086
4087
4088
4089
4092
4093
4094
4095
4099
4100
4102
4103
4104
4106
4107
4109
4110
4112
4113
4114
4116
4118
4120
4121
4122
4124
4125
4126
4128
4129
4131
4132
4133
4134
4135
4137
4138
4139
4140
4141
4142
4143
4144
4145
4146
4147
4148
4151
4152
4153
4154
4155
4156
4157
4158
4159
4161
4162
4163
4166
4168
4169
4170
4173
4175
4176
4177
4178
4179
4181
4182
4185
4186
4187
4188
4189
4191
4192
4193
4195
4196
4197
4199
4201
4202
4203
4207
4208
4210
4211
4212
4214
4215
4216
4217
4219
4222
4223
4224
4226
4227
4229
4230
4231
4233
4234
4235
4236
4238
4240
4241
4244
4245
4247
4248
4250
4251
4253
4255
4256
4257
4258
4259
4262
4263
4265
4266
4267
4268
4271
4272
4273
4276
4277
4278
4279
4281
4282
4283
4284
4285
4286
4288
4290
4291
4293
4294
4295
4296
4297
4298
4299
4301
4302
4303
4304
4305
4307
4308
4309
4310
4313
4315
4316
4317
4318
4319
4321
4322
4323
4324
4325
4326
4328
4331
4332
4335
4337
4338
4339
4340
4341
4342
4344
4345
4346
4347
4348
4349
4350
4352
4353
4354
4356
4357
4358
4359
4360
4361
4362
4363
4365
4366
4367
4368
4370
4371
4372
4373
4374
4376
4377
4378
4379
4380
4381
4382
4383
4384
4385
4388
4390
4391
4392
4394
4395
4398
4400
4401
4402
4403
4404
4405
4407
4408
4409
4410
4411
4413
4414
4415
4416
4421
4422
4424
4425
4426
4429
4430
4431
4434
4435
4436
4438
4439
4440
4441
4443
4446
4447
4448
4449
4450
4451
4452
4455
4457
4458
4462
4463
4465
4466
4467
4469
4470
4471
4473
4475
4478
4480
4481
4482
4483
4484
4487
4488
4489
4490
4491
4492
4493
4495
4496
4497
4498
4499
4500
4501
4502
4503
4504
4505
4507
4508
4509
4510
4513
4514
4515
4516
4517
4518
4520
4521
4522
4523
4524
4525
4526
4527
4528
4529
4530
4532
4533
4534
4535
4536
4537
4538
4539
4540
4541
4542
4543
4544
4545
4547
4548
4549
4550
4551
4552
4553
4555
4556
4557
4560
4561
4562
4563
4564
4565
4566
4567
4568
4571
4572
4574
4575
4576
4577
4579
4580
4582
4583
4584
4585
4586
4587
4588
4589
4591
4592
4593
4594
4595
4596
4597
4599
4600
4602
4603
4604
4605
4606
4607
4608
4609
4610
4611
4613
4615
4616
4617
4618
4619
4620
4621
4623
4625
4626
4627
4629
4630
4631
4632
4633
4634
4635
4636
4637
4638
4640
4641
4643
4644
4645
4646
4647
4648
4649
4650
4651
4653
4655
4656
4657
4658
4659
4662
4663
4665
4666
4667
4668
4669
4670
4671
4673
4674
4676
4677
4678
4679
4680
4681
4682
4683
4684
4685
4686
4687
4688
4689
4690
4691
4692
4693
4694
4695
4696
4697
4698
4700
4701
4702
4704
4705
4707
4708
4709
4711
4712
4713
4714
4715
4716
4717
4718
4719
4722
4723
4724
4726
4729
4730
4731
4732
4733
4734
4735
4736
4737
4739
4740
4742
4744
4745
4746
4747
4748
4749
4750
4751
4753
4754
4757
4758
4759
4760
4761
4762
4764
4765
4766
4767
4768
4770
4772
4773
4774
4775
4776
4777
4778
4779
4780
4781
4782
4783
4784
4785
4787
4788
4789
4790
4791
4792
4793
4794
4795
4796
4797
4798
4799
4800
4802
4803
4804
4805
4806
4807
4808
4810
4811
4812
4813
4814
4815
4816
4817
4818
4819
4820
4822
4823
4824
4825
4828
4829
4830
4831
4833
4835
4836
4837
4839
4840
4841
4842
4844
4847
4849
4850
4851
4852
4853
4854
4855
4856
4857
4858
4859
4860
4862
4864
4866
4867
4869
4870
4871
4874
4876
4877
4878
4879
4881
4883
4884
4885
4888
4889
4890
4892
4894
4895
4896
4897
4898
4900
4901
4903
4904
4905
4906
4907
4908
4909
4910
4911
4912
4914
4915
4916
4918
4919
4920
4921
4922
4923
4924
4925
4926
4927
4928
4930
4931
4932
4933
4934
4935
4936
4937
4938
4939
4940
4941
4943
4944
4945
4946
4947
4948
4949
4950
4951
4952
4953
4954
4955
4956
4958
4959
4960
4961
4962
4963
4964
4965
4966
4967
4968
4969
4970
4971
4973
4974
4975
4978
4979
4981
4982
4983
4984
4985
4987
4988
4989
4990
4991
4992
4993
4995
4996
4998
4999
5001
5003
5004
5006
5007
5008
5010
5011
5012
5013
5014
5015
5016
5017
5018
5020
5021
5022
5023
5024
5025
5026
5027
5028
5029
5030
