0.000000000000000000e+00 5.150884887564500803e-01
1.000000000000000000e+02 4.245156623894940084e-01
2.000000000000000000e+02 4.571197938178805931e-01
3.000000000000000000e+02 5.243537895220951039e-01
4.000000000000000000e+02 5.606264738230218869e-01
5.000000000000000000e+02 5.855118054928102334e-01
6.000000000000000000e+02 6.523873181468675675e-01
7.000000000000000000e+02 6.829630619995765706e-01
8.000000000000000000e+02 7.221544470824985407e-01
9.000000000000000000e+02 7.230286369036420524e-01
1.000000000000000000e+03 7.362841951986077715e-01
1.100000000000000000e+03 7.702696453270417853e-01
1.200000000000000000e+03 7.503038913935615728e-01
1.300000000000000000e+03 7.842766186326848299e-01
1.400000000000000000e+03 7.664076947327658207e-01
1.500000000000000000e+03 7.500883558537816409e-01
1.600000000000000000e+03 7.792278042990571363e-01
1.700000000000000000e+03 8.072525727094739256e-01
1.800000000000000000e+03 8.005115075637811994e-01
1.900000000000000000e+03 8.181163625350866830e-01
2.000000000000000000e+03 8.242962571451741827e-01
2.100000000000000000e+03 8.234592675602894207e-01
2.200000000000000000e+03 8.391510305595616392e-01
2.300000000000000000e+03 8.195656282002299342e-01
2.400000000000000000e+03 8.314268360934220503e-01
2.500000000000000000e+03 8.279039200495438289e-01
2.600000000000000000e+03 8.419926571119287217e-01
2.700000000000000000e+03 8.392356481112165367e-01
2.800000000000000000e+03 8.195903943386259050e-01
2.900000000000000000e+03 8.473023301664021067e-01
3.000000000000000000e+03 8.534684708666355757e-01
3.100000000000000000e+03 8.517799371799910091e-01
3.200000000000000000e+03 8.572029925180437715e-01
3.300000000000000000e+03 8.386326907874347425e-01
3.400000000000000000e+03 8.316650634788149699e-01
3.500000000000000000e+03 8.499161070585503630e-01
3.600000000000000000e+03 8.673021067285404673e-01
3.700000000000000000e+03 8.463956657275497619e-01
3.800000000000000000e+03 8.558741337406258198e-01
3.900000000000000000e+03 8.817585309646472913e-01
4.000000000000000000e+03 8.488134828005344801e-01
4.100000000000000000e+03 8.688963204502822002e-01
4.200000000000000000e+03 8.323266521909612470e-01
4.300000000000000000e+03 8.691915378966732497e-01
4.400000000000000000e+03 8.989711399193225372e-01
4.500000000000000000e+03 8.625092209526630249e-01
4.600000000000000000e+03 8.654231490708657049e-01
4.700000000000000000e+03 8.669053635620547205e-01
4.800000000000000000e+03 8.761775327940386493e-01
4.900000000000000000e+03 8.841245301225266751e-01
5.000000000000000000e+03 8.700035505652723433e-01
5.100000000000000000e+03 8.734656932251658734e-01
5.200000000000000000e+03 8.823414446948441014e-01
5.300000000000000000e+03 8.700866713600177160e-01
5.400000000000000000e+03 8.871465097628594698e-01
5.500000000000000000e+03 8.943802332335080152e-01
5.600000000000000000e+03 8.985944534276082418e-01
5.700000000000000000e+03 8.856882506476841943e-01
5.800000000000000000e+03 9.084620436021751955e-01
5.900000000000000000e+03 8.994123323600449194e-01
6.000000000000000000e+03 9.071168889778136180e-01
6.100000000000000000e+03 8.980893310962301257e-01
6.200000000000000000e+03 9.085964067375014164e-01
6.300000000000000000e+03 9.121139787389028752e-01
6.400000000000000000e+03 9.097062678601859353e-01
6.500000000000000000e+03 9.203520191315476273e-01
6.600000000000000000e+03 9.059201895134700866e-01
6.700000000000000000e+03 9.091191360024455381e-01
6.800000000000000000e+03 9.145253946041947968e-01
6.900000000000000000e+03 8.902157593010399106e-01
7.000000000000000000e+03 9.123051154527691553e-01
7.100000000000000000e+03 9.286436943411827682e-01
7.200000000000000000e+03 9.002121468096693224e-01
7.300000000000000000e+03 9.190296486791778019e-01
7.400000000000000000e+03 9.263254244851073516e-01
7.500000000000000000e+03 9.224736953028171982e-01
7.600000000000000000e+03 9.184935691363391719e-01
7.700000000000000000e+03 9.034780050465740509e-01
7.800000000000000000e+03 9.345868523822711271e-01
7.900000000000000000e+03 9.151558562933370666e-01
8.000000000000000000e+03 9.207582021754259216e-01
8.100000000000000000e+03 9.278727115975139439e-01
8.200000000000000000e+03 9.480382485435352447e-01
8.300000000000000000e+03 9.257924315185256381e-01
8.400000000000000000e+03 9.377457323911704279e-01
8.500000000000000000e+03 9.385156492225424918e-01
8.600000000000000000e+03 9.434189031985754648e-01
8.700000000000000000e+03 9.354831312132174670e-01
8.800000000000000000e+03 9.455833475085316797e-01
8.900000000000000000e+03 9.273518786805940994e-01
9.000000000000000000e+03 9.211134378856244975e-01
9.100000000000000000e+03 9.409947618787436463e-01
9.200000000000000000e+03 9.482161407995003399e-01
9.300000000000000000e+03 9.316700476136589026e-01
9.400000000000000000e+03 9.506381993442630796e-01
9.500000000000000000e+03 9.403344301135398986e-01
9.600000000000000000e+03 9.400075657502815485e-01
9.700000000000000000e+03 9.366447396838669670e-01
9.800000000000000000e+03 9.286966546290608138e-01
9.900000000000000000e+03 9.395373027416648037e-01
1.000000000000000000e+04 9.447464643287428743e-01
1.010000000000000000e+04 9.459650771643848266e-01
1.020000000000000000e+04 9.388542829034528525e-01
1.030000000000000000e+04 9.318791169763065430e-01
1.040000000000000000e+04 9.345537804600376752e-01
1.050000000000000000e+04 9.577287532010154703e-01
1.060000000000000000e+04 9.421085763785738143e-01
1.070000000000000000e+04 9.555308370643200711e-01
1.080000000000000000e+04 9.560552796418273491e-01
1.090000000000000000e+04 9.471607916228793611e-01
1.100000000000000000e+04 9.481433243067582950e-01
1.110000000000000000e+04 9.488088631755084990e-01
1.120000000000000000e+04 9.401746102981860531e-01
1.130000000000000000e+04 9.546365468307379532e-01
1.140000000000000000e+04 9.662393645159118583e-01
1.150000000000000000e+04 9.572142056953539813e-01
1.160000000000000000e+04 9.403345352479353103e-01
1.170000000000000000e+04 9.500324123434057411e-01
1.180000000000000000e+04 9.556423914110784290e-01
1.190000000000000000e+04 9.511456754049278928e-01
1.200000000000000000e+04 9.575526049663615202e-01
1.210000000000000000e+04 9.534323364597706574e-01
1.220000000000000000e+04 9.358846302671641748e-01
1.230000000000000000e+04 9.460002787932937363e-01
1.240000000000000000e+04 9.385070629645851925e-01
1.250000000000000000e+04 9.482571906393332251e-01
1.260000000000000000e+04 9.466811866240466555e-01
1.270000000000000000e+04 9.548370485903818761e-01
1.280000000000000000e+04 9.448137081669685244e-01
1.290000000000000000e+04 9.466451181312995899e-01
1.300000000000000000e+04 9.467944179547211903e-01
1.310000000000000000e+04 9.508074044498651123e-01
1.320000000000000000e+04 9.600616226709532963e-01
1.330000000000000000e+04 9.524203361203130713e-01
1.340000000000000000e+04 9.410967881169305382e-01
1.350000000000000000e+04 9.462017573965036954e-01
1.360000000000000000e+04 9.562727655382757819e-01
1.370000000000000000e+04 9.577074734843752379e-01
1.380000000000000000e+04 9.413610557722121852e-01
1.390000000000000000e+04 9.562426763195681634e-01
1.400000000000000000e+04 9.575295264832354158e-01
1.410000000000000000e+04 9.685329256655643704e-01
1.420000000000000000e+04 9.512946847484565760e-01
1.430000000000000000e+04 9.546880302432191323e-01
1.440000000000000000e+04 9.612061444251500664e-01
1.450000000000000000e+04 9.534420469634555806e-01
1.460000000000000000e+04 9.567704863364997481e-01
1.470000000000000000e+04 9.581524878614415819e-01
1.480000000000000000e+04 9.384684017264737221e-01
1.490000000000000000e+04 9.517715335946228539e-01
1.500000000000000000e+04 9.586505406719485478e-01
1.510000000000000000e+04 9.577568473664104243e-01
1.520000000000000000e+04 9.615346591733556769e-01
1.530000000000000000e+04 9.474222953607753794e-01
1.540000000000000000e+04 9.667272983361950844e-01
1.550000000000000000e+04 9.632667323693344663e-01
1.560000000000000000e+04 9.518363518886316932e-01
1.570000000000000000e+04 9.631057135724284679e-01
1.580000000000000000e+04 9.630316778311132087e-01
1.590000000000000000e+04 9.555895960836953140e-01
1.600000000000000000e+04 9.560254577930922260e-01
1.610000000000000000e+04 9.564809215898067984e-01
1.620000000000000000e+04 9.575173585042764390e-01
1.630000000000000000e+04 9.571382917245933042e-01
1.640000000000000000e+04 9.594723973068688405e-01
1.650000000000000000e+04 9.599711618209437747e-01
1.660000000000000000e+04 9.506799271695192122e-01
1.670000000000000000e+04 9.520077341532732218e-01
1.680000000000000000e+04 9.636721419186046189e-01
1.690000000000000000e+04 9.550874115827610034e-01
1.700000000000000000e+04 9.587184971230393593e-01
1.710000000000000000e+04 9.592481763324663957e-01
1.720000000000000000e+04 9.676244497771480102e-01
1.730000000000000000e+04 9.608715970205968793e-01
1.740000000000000000e+04 9.486471471286014312e-01
1.750000000000000000e+04 9.665625094845458065e-01
1.760000000000000000e+04 9.551493367034571413e-01
1.770000000000000000e+04 9.618671314365225822e-01
1.780000000000000000e+04 9.635053656833452163e-01
1.790000000000000000e+04 9.656915750038133073e-01
1.800000000000000000e+04 9.605965739534632064e-01
1.810000000000000000e+04 9.654751327326638322e-01
1.820000000000000000e+04 9.580166063807236121e-01
1.830000000000000000e+04 9.571653322587204693e-01
1.840000000000000000e+04 9.578326742988307885e-01
1.850000000000000000e+04 9.660567125082961670e-01
1.860000000000000000e+04 9.632889137317228734e-01
1.870000000000000000e+04 9.723102172633627527e-01
1.880000000000000000e+04 9.551808592413597587e-01
1.890000000000000000e+04 9.647725814287542168e-01
1.900000000000000000e+04 9.539822147281912246e-01
1.910000000000000000e+04 9.582282442704844749e-01
1.920000000000000000e+04 9.574824546595843699e-01
1.930000000000000000e+04 9.529618897358504981e-01
1.940000000000000000e+04 9.531589536202885737e-01
1.950000000000000000e+04 9.564229042873378939e-01
1.960000000000000000e+04 9.603304698336405654e-01
1.970000000000000000e+04 9.611230697523284183e-01
1.980000000000000000e+04 9.469254853301323216e-01
1.990000000000000000e+04 9.597809770404123197e-01
2.000000000000000000e+04 9.597913131540404263e-01
2.010000000000000000e+04 9.628722062000016901e-01
2.020000000000000000e+04 9.636680508321961991e-01
2.030000000000000000e+04 9.680302807080949368e-01
2.040000000000000000e+04 9.522454068737521427e-01
2.050000000000000000e+04 9.487441106960061710e-01
2.060000000000000000e+04 9.577184197349023487e-01
2.070000000000000000e+04 9.485737088020382846e-01
2.080000000000000000e+04 9.585383529948979797e-01
2.090000000000000000e+04 9.563160349289179241e-01
2.100000000000000000e+04 9.572188698584208622e-01
2.110000000000000000e+04 9.570675245187050262e-01
2.120000000000000000e+04 9.674864682633816937e-01
2.130000000000000000e+04 9.579151441741204920e-01
2.140000000000000000e+04 9.579096259677366554e-01
2.150000000000000000e+04 9.608225433705444019e-01
2.160000000000000000e+04 9.543660881374076421e-01
2.170000000000000000e+04 9.592324767707994804e-01
2.180000000000000000e+04 9.644500964645883467e-01
2.190000000000000000e+04 9.614143072313497962e-01
2.200000000000000000e+04 9.557334588917645313e-01
2.210000000000000000e+04 9.642244070652838950e-01
2.220000000000000000e+04 9.618030407172990515e-01
2.230000000000000000e+04 9.475684215431587898e-01
2.240000000000000000e+04 9.628643810996757590e-01
2.250000000000000000e+04 9.676731593494078965e-01
2.260000000000000000e+04 9.648509075362923237e-01
2.270000000000000000e+04 9.600728858552691758e-01
2.280000000000000000e+04 9.576848585859919494e-01
2.290000000000000000e+04 9.548468991025116370e-01
2.300000000000000000e+04 9.592307075500897673e-01
2.310000000000000000e+04 9.572979924948763486e-01
2.320000000000000000e+04 9.690370795217627675e-01
2.330000000000000000e+04 9.617429112889643861e-01
2.340000000000000000e+04 9.550992080263114303e-01
2.350000000000000000e+04 9.641455592932811625e-01
2.360000000000000000e+04 9.508260227515047402e-01
2.370000000000000000e+04 9.652189912763493584e-01
2.380000000000000000e+04 9.574172942519637575e-01
2.390000000000000000e+04 9.612745391150961938e-01
2.400000000000000000e+04 9.681256058776857021e-01
2.410000000000000000e+04 9.658973922133650136e-01
2.420000000000000000e+04 9.610710663180823676e-01
2.430000000000000000e+04 9.524911841005699875e-01
2.440000000000000000e+04 9.718974001644924421e-01
2.450000000000000000e+04 9.684238760559746861e-01
2.460000000000000000e+04 9.595479856942988883e-01
2.470000000000000000e+04 9.562635587148038407e-01
2.480000000000000000e+04 9.602137283425523639e-01
2.490000000000000000e+04 9.574587921812172109e-01
2.500000000000000000e+04 9.536769681142747146e-01
2.510000000000000000e+04 9.598073452817168505e-01
2.520000000000000000e+04 9.591203254701050618e-01
2.530000000000000000e+04 9.599275854048963108e-01
2.540000000000000000e+04 9.598103459695850326e-01
2.550000000000000000e+04 9.627726806765927181e-01
2.560000000000000000e+04 9.644687357560410845e-01
2.570000000000000000e+04 9.733223455660140466e-01
2.580000000000000000e+04 9.544219698412871322e-01
2.590000000000000000e+04 9.592750952997131098e-01
2.600000000000000000e+04 9.665535346873093125e-01
2.610000000000000000e+04 9.523329594539982068e-01
2.620000000000000000e+04 9.628942763220988965e-01
2.630000000000000000e+04 9.583111824347301244e-01
2.640000000000000000e+04 9.523788801040816709e-01
2.650000000000000000e+04 9.594631579964222334e-01
2.660000000000000000e+04 9.601609036657281493e-01
2.670000000000000000e+04 9.546022168780384787e-01
2.680000000000000000e+04 9.615023629157597451e-01
2.690000000000000000e+04 9.637031924417219786e-01
2.700000000000000000e+04 9.586495445127803938e-01
2.710000000000000000e+04 9.688633949854221772e-01
2.720000000000000000e+04 9.532374740903690746e-01
2.730000000000000000e+04 9.616619684856465566e-01
2.740000000000000000e+04 9.667490964167564371e-01
2.750000000000000000e+04 9.555451286590198601e-01
2.760000000000000000e+04 9.540305263962356452e-01
2.770000000000000000e+04 9.494737451626789060e-01
2.780000000000000000e+04 9.582460419621473546e-01
2.790000000000000000e+04 9.537783722376615980e-01
2.800000000000000000e+04 9.583644339912433807e-01
2.810000000000000000e+04 9.622749434940394142e-01
2.820000000000000000e+04 9.661905717151602069e-01
2.830000000000000000e+04 9.665162021138096193e-01
2.840000000000000000e+04 9.672975137208711383e-01
2.850000000000000000e+04 9.662256708003603700e-01
2.860000000000000000e+04 9.621224989695352781e-01
2.870000000000000000e+04 9.566372047235566223e-01
2.880000000000000000e+04 9.567694935039807724e-01
2.890000000000000000e+04 9.663321362145927962e-01
2.900000000000000000e+04 9.623615119715254185e-01
2.910000000000000000e+04 9.605219997069390780e-01
2.920000000000000000e+04 9.520636879075727865e-01
2.930000000000000000e+04 9.598355490944164847e-01
2.940000000000000000e+04 9.605315415269096713e-01
2.950000000000000000e+04 9.624802067452224996e-01
2.960000000000000000e+04 9.612333562370680706e-01
2.970000000000000000e+04 9.601236264442225554e-01
2.980000000000000000e+04 9.583399501373240925e-01
2.990000000000000000e+04 9.590316048326025244e-01
3.000000000000000000e+04 9.524666524948430801e-01
