0.000000000000000000e+00 4.960760000000000169e-01
1.000000000000000000e+02 3.771079999999999988e-01
2.000000000000000000e+02 4.693000000000000504e-01
3.000000000000000000e+02 5.257719999999999061e-01
4.000000000000000000e+02 5.709800000000000431e-01
5.000000000000000000e+02 5.947420000000001039e-01
6.000000000000000000e+02 6.694200000000000150e-01
7.000000000000000000e+02 6.757239999999999913e-01
8.000000000000000000e+02 6.988119999999999887e-01
9.000000000000000000e+02 7.145840000000001080e-01
1.000000000000000000e+03 7.322680000000001410e-01
1.100000000000000000e+03 7.567280000000000673e-01
1.200000000000000000e+03 7.461320000000000174e-01
1.300000000000000000e+03 7.682160000000000100e-01
1.400000000000000000e+03 7.566199999999999593e-01
1.500000000000000000e+03 7.427279999999999438e-01
1.600000000000000000e+03 7.703959999999999697e-01
1.700000000000000000e+03 7.846199999999999841e-01
1.800000000000000000e+03 7.828960000000000363e-01
1.900000000000000000e+03 8.006039999999999823e-01
2.000000000000000000e+03 7.994359999999998134e-01
2.100000000000000000e+03 8.027599999999999181e-01
2.200000000000000000e+03 8.176679999999998394e-01
2.300000000000000000e+03 7.977679999999999216e-01
2.400000000000000000e+03 8.112540000000000306e-01
2.500000000000000000e+03 8.017840000000000522e-01
2.600000000000000000e+03 8.204879999999998841e-01
2.700000000000000000e+03 8.255399999999999405e-01
2.800000000000000000e+03 8.006520000000000303e-01
2.900000000000000000e+03 8.221000000000000529e-01
3.000000000000000000e+03 8.277519999999998213e-01
3.100000000000000000e+03 8.333199999999999497e-01
3.200000000000000000e+03 8.388480000000000381e-01
3.300000000000000000e+03 8.170800000000000285e-01
3.400000000000000000e+03 8.120519999999999960e-01
3.500000000000000000e+03 8.264920000000001155e-01
3.600000000000000000e+03 8.426000000000000156e-01
3.700000000000000000e+03 8.347280000000001365e-01
3.800000000000000000e+03 8.329159999999999897e-01
3.900000000000000000e+03 8.610119999999998885e-01
4.000000000000000000e+03 8.337519999999999376e-01
4.100000000000000000e+03 8.458639999999999493e-01
4.200000000000000000e+03 8.152079999999999327e-01
4.300000000000000000e+03 8.522000000000000686e-01
4.400000000000000000e+03 8.866680000000000117e-01
4.500000000000000000e+03 8.509960000000000857e-01
4.600000000000000000e+03 8.558679999999999621e-01
4.700000000000000000e+03 8.492319999999999869e-01
4.800000000000000000e+03 8.630039999999999933e-01
4.900000000000000000e+03 8.653279999999999861e-01
5.000000000000000000e+03 8.565719999999998890e-01
5.100000000000000000e+03 8.635000000000001563e-01
5.200000000000000000e+03 8.749119999999998010e-01
5.300000000000000000e+03 8.591159999999999908e-01
5.400000000000000000e+03 8.786640000000001116e-01
5.500000000000000000e+03 8.794039999999998525e-01
5.600000000000000000e+03 8.828600000000000891e-01
5.700000000000000000e+03 8.723520000000000163e-01
5.800000000000000000e+03 8.918999999999999151e-01
5.900000000000000000e+03 8.853280000000000038e-01
6.000000000000000000e+03 8.961760000000000836e-01
6.100000000000000000e+03 8.927119999999999500e-01
6.200000000000000000e+03 8.901280000000000303e-01
6.300000000000000000e+03 9.040599999999998637e-01
6.400000000000000000e+03 9.014320000000000110e-01
6.500000000000000000e+03 9.056600000000001316e-01
6.600000000000000000e+03 8.978919999999999124e-01
6.700000000000000000e+03 9.024840000000000639e-01
6.800000000000000000e+03 9.030480000000000729e-01
6.900000000000000000e+03 8.806999999999999273e-01
7.000000000000000000e+03 8.993119999999998893e-01
7.100000000000000000e+03 9.200200000000000600e-01
7.200000000000000000e+03 8.888679999999998804e-01
7.300000000000000000e+03 9.076799999999999313e-01
7.400000000000000000e+03 9.135880000000000667e-01
7.500000000000000000e+03 9.143840000000000856e-01
7.600000000000000000e+03 9.048879999999999146e-01
7.700000000000000000e+03 9.015159999999998730e-01
7.800000000000000000e+03 9.253280000000000394e-01
7.900000000000000000e+03 9.005720000000000391e-01
8.000000000000000000e+03 9.197999999999999510e-01
8.100000000000000000e+03 9.198960000000000470e-01
8.200000000000000000e+03 9.395879999999999788e-01
8.300000000000000000e+03 9.179619999999999447e-01
8.400000000000000000e+03 9.317960000000000687e-01
8.500000000000000000e+03 9.321839999999999016e-01
8.600000000000000000e+03 9.347679999999999323e-01
8.700000000000000000e+03 9.243159999999999155e-01
8.800000000000000000e+03 9.389120000000001909e-01
8.900000000000000000e+03 9.275999999999999801e-01
9.000000000000000000e+03 9.118800000000001349e-01
9.100000000000000000e+03 9.358080000000000842e-01
9.200000000000000000e+03 9.402119999999999367e-01
9.300000000000000000e+03 9.231400000000000716e-01
9.400000000000000000e+03 9.424160000000000315e-01
9.500000000000000000e+03 9.398919999999999497e-01
9.600000000000000000e+03 9.429799999999999294e-01
9.700000000000000000e+03 9.344120000000000203e-01
9.800000000000000000e+03 9.234160000000000146e-01
9.900000000000000000e+03 9.355399999999998162e-01
1.000000000000000000e+04 9.391959999999999198e-01
1.010000000000000000e+04 9.432640000000001024e-01
1.020000000000000000e+04 9.339959999999998264e-01
1.030000000000000000e+04 9.317799999999999416e-01
1.040000000000000000e+04 9.338079999999999714e-01
1.050000000000000000e+04 9.517600000000000504e-01
1.060000000000000000e+04 9.372920000000001250e-01
1.070000000000000000e+04 9.526879999999999793e-01
1.080000000000000000e+04 9.513119999999999354e-01
1.090000000000000000e+04 9.412480000000000846e-01
1.100000000000000000e+04 9.436919999999999753e-01
1.110000000000000000e+04 9.489760000000000417e-01
1.120000000000000000e+04 9.366799999999999571e-01
1.130000000000000000e+04 9.455919999999999881e-01
1.140000000000000000e+04 9.616000000000000103e-01
1.150000000000000000e+04 9.509839999999999405e-01
1.160000000000000000e+04 9.361879999999999091e-01
1.170000000000000000e+04 9.489279999999999937e-01
1.180000000000000000e+04 9.519999999999999574e-01
1.190000000000000000e+04 9.499560000000000226e-01
1.200000000000000000e+04 9.520719999999999184e-01
1.210000000000000000e+04 9.475200000000000289e-01
1.220000000000000000e+04 9.381320000000000769e-01
1.230000000000000000e+04 9.456240000000000201e-01
1.240000000000000000e+04 9.324719999999999676e-01
1.250000000000000000e+04 9.482880000000000198e-01
1.260000000000000000e+04 9.493559999999999777e-01
1.270000000000000000e+04 9.512400000000000855e-01
1.280000000000000000e+04 9.348599999999999133e-01
1.290000000000000000e+04 9.481039999999999468e-01
1.300000000000000000e+04 9.420080000000000675e-01
1.310000000000000000e+04 9.457959999999999701e-01
1.320000000000000000e+04 9.529600000000000293e-01
1.330000000000000000e+04 9.486439999999999317e-01
1.340000000000000000e+04 9.350279999999999703e-01
1.350000000000000000e+04 9.466200000000000170e-01
1.360000000000000000e+04 9.539879999999999471e-01
1.370000000000000000e+04 9.556559999999999500e-01
1.380000000000000000e+04 9.415120000000001266e-01
1.390000000000000000e+04 9.523599999999999843e-01
1.400000000000000000e+04 9.504280000000000506e-01
1.410000000000000000e+04 9.637080000000000091e-01
1.420000000000000000e+04 9.426879999999999704e-01
1.430000000000000000e+04 9.532999999999999252e-01
1.440000000000000000e+04 9.547639999999999461e-01
1.450000000000000000e+04 9.495719999999999716e-01
1.460000000000000000e+04 9.532119999999999482e-01
1.470000000000000000e+04 9.567599999999998328e-01
1.480000000000000000e+04 9.465079999999999050e-01
1.490000000000000000e+04 9.476440000000000419e-01
1.500000000000000000e+04 9.557079999999998909e-01
1.510000000000000000e+04 9.547759999999998470e-01
1.520000000000000000e+04 9.575000000000000178e-01
1.530000000000000000e+04 9.467240000000000100e-01
1.540000000000000000e+04 9.601039999999999575e-01
1.550000000000000000e+04 9.606840000000000934e-01
1.560000000000000000e+04 9.486840000000000828e-01
1.570000000000000000e+04 9.604359999999999564e-01
1.580000000000000000e+04 9.610600000000000254e-01
1.590000000000000000e+04 9.506440000000000445e-01
1.600000000000000000e+04 9.548800000000000621e-01
1.610000000000000000e+04 9.542920000000000291e-01
1.620000000000000000e+04 9.518519999999999204e-01
1.630000000000000000e+04 9.509159999999999835e-01
1.640000000000000000e+04 9.550639999999999130e-01
1.650000000000000000e+04 9.567480000000000429e-01
1.660000000000000000e+04 9.476599999999999469e-01
1.670000000000000000e+04 9.495520000000000627e-01
1.680000000000000000e+04 9.544479999999998521e-01
1.690000000000000000e+04 9.503040000000000376e-01
1.700000000000000000e+04 9.541800000000000281e-01
1.710000000000000000e+04 9.544680000000000941e-01
1.720000000000000000e+04 9.644119999999999360e-01
1.730000000000000000e+04 9.563399999999999679e-01
1.740000000000000000e+04 9.449360000000001092e-01
1.750000000000000000e+04 9.606279999999999264e-01
1.760000000000000000e+04 9.543840000000000101e-01
1.770000000000000000e+04 9.574120000000000408e-01
1.780000000000000000e+04 9.564160000000000439e-01
1.790000000000000000e+04 9.625400000000000622e-01
1.800000000000000000e+04 9.556839999999999780e-01
1.810000000000000000e+04 9.630039999999999711e-01
1.820000000000000000e+04 9.538959999999999662e-01
1.830000000000000000e+04 9.542519999999999891e-01
1.840000000000000000e+04 9.542520000000001001e-01
1.850000000000000000e+04 9.631680000000000241e-01
1.860000000000000000e+04 9.584040000000000337e-01
1.870000000000000000e+04 9.684840000000000115e-01
1.880000000000000000e+04 9.465319999999999290e-01
1.890000000000000000e+04 9.600239999999998775e-01
1.900000000000000000e+04 9.481039999999999468e-01
1.910000000000000000e+04 9.547159999999998981e-01
1.920000000000000000e+04 9.540799999999999281e-01
1.930000000000000000e+04 9.500200000000000866e-01
1.940000000000000000e+04 9.476199999999999068e-01
1.950000000000000000e+04 9.548759999999998360e-01
1.960000000000000000e+04 9.570359999999999978e-01
1.970000000000000000e+04 9.572960000000000358e-01
1.980000000000000000e+04 9.487439999999999207e-01
1.990000000000000000e+04 9.540040000000000742e-01
2.000000000000000000e+04 9.590039999999999676e-01
2.010000000000000000e+04 9.571920000000000428e-01
2.020000000000000000e+04 9.627639999999999532e-01
2.030000000000000000e+04 9.647680000000000700e-01
2.040000000000000000e+04 9.548560000000000381e-01
2.050000000000000000e+04 9.437599999999999323e-01
2.060000000000000000e+04 9.527919999999999723e-01
2.070000000000000000e+04 9.463519999999999710e-01
2.080000000000000000e+04 9.531680000000000152e-01
2.090000000000000000e+04 9.497800000000000686e-01
2.100000000000000000e+04 9.533719999999998862e-01
2.110000000000000000e+04 9.525959999999999983e-01
2.120000000000000000e+04 9.630079999999999751e-01
2.130000000000000000e+04 9.529680000000000373e-01
2.140000000000000000e+04 9.582039999999999447e-01
2.150000000000000000e+04 9.526680000000000703e-01
2.160000000000000000e+04 9.528959999999998542e-01
2.170000000000000000e+04 9.557800000000000740e-01
2.180000000000000000e+04 9.582719999999999017e-01
2.190000000000000000e+04 9.525200000000000333e-01
2.200000000000000000e+04 9.471040000000000569e-01
2.210000000000000000e+04 9.605639999999999734e-01
2.220000000000000000e+04 9.583520000000000927e-01
2.230000000000000000e+04 9.412639999999998786e-01
2.240000000000000000e+04 9.622640000000001193e-01
2.250000000000000000e+04 9.644759999999998890e-01
2.260000000000000000e+04 9.591559999999998976e-01
2.270000000000000000e+04 9.565679999999999739e-01
2.280000000000000000e+04 9.580159999999999787e-01
2.290000000000000000e+04 9.520239999999999814e-01
2.300000000000000000e+04 9.537719999999999532e-01
2.310000000000000000e+04 9.554679999999998730e-01
2.320000000000000000e+04 9.632800000000000251e-01
2.330000000000000000e+04 9.587440000000000406e-01
2.340000000000000000e+04 9.545000000000000151e-01
2.350000000000000000e+04 9.614120000000000443e-01
2.360000000000000000e+04 9.512159999999999505e-01
2.370000000000000000e+04 9.580879999999999397e-01
2.380000000000000000e+04 9.561239999999999739e-01
2.390000000000000000e+04 9.591239999999999766e-01
2.400000000000000000e+04 9.619559999999999222e-01
2.410000000000000000e+04 9.610319999999998863e-01
2.420000000000000000e+04 9.571559999999998958e-01
2.430000000000000000e+04 9.520439999999998903e-01
2.440000000000000000e+04 9.685880000000000045e-01
2.450000000000000000e+04 9.657440000000001579e-01
2.460000000000000000e+04 9.536279999999999202e-01
2.470000000000000000e+04 9.497199999999998976e-01
2.480000000000000000e+04 9.593679999999999986e-01
2.490000000000000000e+04 9.550080000000000791e-01
2.500000000000000000e+04 9.532640000000000002e-01
2.510000000000000000e+04 9.583519999999999817e-01
2.520000000000000000e+04 9.577839999999999687e-01
2.530000000000000000e+04 9.557720000000000660e-01
2.540000000000000000e+04 9.522839999999999083e-01
2.550000000000000000e+04 9.571120000000000738e-01
2.560000000000000000e+04 9.578760000000000607e-01
2.570000000000000000e+04 9.677200000000000246e-01
2.580000000000000000e+04 9.557240000000000180e-01
2.590000000000000000e+04 9.561560000000000059e-01
2.600000000000000000e+04 9.614239999999999453e-01
2.610000000000000000e+04 9.506959999999999855e-01
2.620000000000000000e+04 9.567039999999999988e-01
2.630000000000000000e+04 9.522919999999999163e-01
2.640000000000000000e+04 9.488999999999999657e-01
2.650000000000000000e+04 9.583320000000000727e-01
2.660000000000000000e+04 9.523039999999999283e-01
2.670000000000000000e+04 9.487079999999998847e-01
2.680000000000000000e+04 9.569600000000001438e-01
2.690000000000000000e+04 9.586520000000000596e-01
2.700000000000000000e+04 9.565280000000000449e-01
2.710000000000000000e+04 9.631959999999999411e-01
2.720000000000000000e+04 9.499800000000000466e-01
2.730000000000000000e+04 9.539400000000000102e-01
2.740000000000000000e+04 9.639079999999999870e-01
2.750000000000000000e+04 9.533159999999999412e-01
2.760000000000000000e+04 9.554839999999998890e-01
2.770000000000000000e+04 9.493639999999999857e-01
2.780000000000000000e+04 9.556400000000000450e-01
2.790000000000000000e+04 9.507399999999999185e-01
2.800000000000000000e+04 9.560440000000001159e-01
2.810000000000000000e+04 9.605920000000000014e-01
2.820000000000000000e+04 9.631559999999999011e-01
2.830000000000000000e+04 9.630519999999999081e-01
2.840000000000000000e+04 9.606399999999999384e-01
2.850000000000000000e+04 9.622640000000000082e-01
2.860000000000000000e+04 9.564519999999998578e-01
2.870000000000000000e+04 9.553200000000000580e-01
2.880000000000000000e+04 9.497760000000000646e-01
2.890000000000000000e+04 9.628999999999999782e-01
2.900000000000000000e+04 9.567639999999999478e-01
2.910000000000000000e+04 9.520119999999999694e-01
2.920000000000000000e+04 9.490279999999997607e-01
2.930000000000000000e+04 9.565319999999998268e-01
2.940000000000000000e+04 9.568080000000001029e-01
2.950000000000000000e+04 9.570560000000000178e-01
2.960000000000000000e+04 9.571840000000000348e-01
2.970000000000000000e+04 9.575479999999999547e-01
2.980000000000000000e+04 9.557199999999999029e-01
2.990000000000000000e+04 9.569800000000000528e-01
3.000000000000000000e+04 9.454320000000001611e-01
