0.000000000000000000e+00 5.015350729853882417e-01
1.000000000000000000e+02 4.159268164967021564e-01
2.000000000000000000e+02 4.213534948210387321e-01
3.000000000000000000e+02 4.260570996634742702e-01
4.000000000000000000e+02 4.361054761371918054e-01
5.000000000000000000e+02 4.540220055376956720e-01
6.000000000000000000e+02 4.405550515306706494e-01
7.000000000000000000e+02 4.454797505088222698e-01
8.000000000000000000e+02 4.793385511783747610e-01
9.000000000000000000e+02 4.799915442526185849e-01
1.000000000000000000e+03 4.783654329194085286e-01
1.100000000000000000e+03 4.846722765220172757e-01
1.200000000000000000e+03 4.897920685218341008e-01
1.300000000000000000e+03 4.916410055458104722e-01
1.400000000000000000e+03 4.755795358681531582e-01
1.500000000000000000e+03 5.314690244039301792e-01
1.600000000000000000e+03 5.245515922599643943e-01
1.700000000000000000e+03 4.850749774707286410e-01
1.800000000000000000e+03 5.071523426038897497e-01
1.900000000000000000e+03 5.069380739501697652e-01
2.000000000000000000e+03 5.177706128082877335e-01
2.100000000000000000e+03 5.132634245370877313e-01
2.200000000000000000e+03 5.547860939081982190e-01
2.300000000000000000e+03 5.672069184560347699e-01
2.400000000000000000e+03 5.537817803886400103e-01
2.500000000000000000e+03 5.480318673377941874e-01
2.600000000000000000e+03 5.480426512779521531e-01
2.700000000000000000e+03 6.038508087816569780e-01
2.800000000000000000e+03 6.282455054678942608e-01
2.900000000000000000e+03 5.660436290792640879e-01
3.000000000000000000e+03 6.040304271889705978e-01
3.100000000000000000e+03 6.091901772649988001e-01
3.200000000000000000e+03 5.868659567399364674e-01
3.300000000000000000e+03 6.041426648611379902e-01
3.400000000000000000e+03 6.097693670926642717e-01
3.500000000000000000e+03 6.327797602221573170e-01
3.600000000000000000e+03 7.086987794760988280e-01
3.700000000000000000e+03 6.551785320440243199e-01
3.800000000000000000e+03 6.595565053676288869e-01
3.900000000000000000e+03 6.470941879471275859e-01
4.000000000000000000e+03 6.495516718303114834e-01
4.100000000000000000e+03 6.520730739443969526e-01
4.200000000000000000e+03 6.765152438320218842e-01
4.300000000000000000e+03 6.830584467492961664e-01
4.400000000000000000e+03 7.015570295391635458e-01
4.500000000000000000e+03 7.051540569426235638e-01
4.600000000000000000e+03 6.998435457986131869e-01
4.700000000000000000e+03 6.837529408723610480e-01
4.800000000000000000e+03 7.027830381636928081e-01
4.900000000000000000e+03 7.027326894001031388e-01
5.000000000000000000e+03 7.116748313251921587e-01
5.100000000000000000e+03 7.063400832698560894e-01
5.200000000000000000e+03 7.231989010417345654e-01
5.300000000000000000e+03 7.031095057549012761e-01
5.400000000000000000e+03 7.333147406346186559e-01
5.500000000000000000e+03 7.444905244560123814e-01
5.600000000000000000e+03 7.340842301995403885e-01
5.700000000000000000e+03 7.616998251843021261e-01
5.800000000000000000e+03 7.473178550762130667e-01
5.900000000000000000e+03 7.444717801893009357e-01
6.000000000000000000e+03 7.706102904417049260e-01
6.100000000000000000e+03 7.571967965530004285e-01
6.200000000000000000e+03 7.547226756803172565e-01
6.300000000000000000e+03 7.785416346469239413e-01
6.400000000000000000e+03 7.534037429871252023e-01
6.500000000000000000e+03 7.832879031436806860e-01
6.600000000000000000e+03 7.834245722040084070e-01
6.700000000000000000e+03 7.618378422892641000e-01
6.800000000000000000e+03 7.933218962032499988e-01
6.900000000000000000e+03 7.774260417310655535e-01
7.000000000000000000e+03 7.793040738377603471e-01
7.100000000000000000e+03 8.011341710633888002e-01
7.200000000000000000e+03 8.053932789910864809e-01
7.300000000000000000e+03 8.174340138139010170e-01
7.400000000000000000e+03 7.901000949704677367e-01
7.500000000000000000e+03 8.051284493274070142e-01
7.600000000000000000e+03 8.145066290120335228e-01
7.700000000000000000e+03 8.176022469071473342e-01
7.800000000000000000e+03 8.412221274606950239e-01
7.900000000000000000e+03 8.324415751987582768e-01
8.000000000000000000e+03 8.183909667279958278e-01
8.100000000000000000e+03 8.385264788783510781e-01
8.200000000000000000e+03 8.152510152825358514e-01
8.300000000000000000e+03 8.211844640423313635e-01
8.400000000000000000e+03 8.311967528273275230e-01
8.500000000000000000e+03 8.379717576505623100e-01
8.600000000000000000e+03 8.323168123292299381e-01
8.700000000000000000e+03 8.434976723006697430e-01
8.800000000000000000e+03 8.408539565177935993e-01
8.900000000000000000e+03 8.378405957865662224e-01
9.000000000000000000e+03 8.469884539587793082e-01
9.100000000000000000e+03 8.243912872913787826e-01
9.200000000000000000e+03 8.455138234195302971e-01
9.300000000000000000e+03 8.539494721586755599e-01
9.400000000000000000e+03 8.523059063577481664e-01
9.500000000000000000e+03 8.756985387054854186e-01
9.600000000000000000e+03 8.325164892889844737e-01
9.700000000000000000e+03 8.626065808681339098e-01
9.800000000000000000e+03 8.664662851319615555e-01
9.900000000000000000e+03 8.769096511656403470e-01
1.000000000000000000e+04 8.848297229613774073e-01
1.010000000000000000e+04 8.604451528459688969e-01
1.020000000000000000e+04 8.756442690842288767e-01
1.030000000000000000e+04 8.732122203433916319e-01
1.040000000000000000e+04 8.694744716603851620e-01
1.050000000000000000e+04 8.608517983747296931e-01
1.060000000000000000e+04 8.839375369728440512e-01
1.070000000000000000e+04 8.694963178438351870e-01
1.080000000000000000e+04 8.781741790897369393e-01
1.090000000000000000e+04 8.877360109226922757e-01
1.100000000000000000e+04 8.920386158434960855e-01
1.110000000000000000e+04 8.739491353050068412e-01
1.120000000000000000e+04 8.846801741642398298e-01
1.130000000000000000e+04 8.967366369074387666e-01
1.140000000000000000e+04 8.982001797658776265e-01
1.150000000000000000e+04 8.935226401218133718e-01
1.160000000000000000e+04 8.891190505562049928e-01
1.170000000000000000e+04 8.958880951611842836e-01
1.180000000000000000e+04 9.208514733501670380e-01
1.190000000000000000e+04 9.036979543665528691e-01
1.200000000000000000e+04 9.078155540015373504e-01
1.210000000000000000e+04 9.109989429079723422e-01
1.220000000000000000e+04 9.047884708673891163e-01
1.230000000000000000e+04 9.189356227378118191e-01
1.240000000000000000e+04 9.096940146779977088e-01
1.250000000000000000e+04 9.186026109973616238e-01
1.260000000000000000e+04 9.185322002288511811e-01
1.270000000000000000e+04 9.424404829007339002e-01
1.280000000000000000e+04 9.196436129531654347e-01
1.290000000000000000e+04 9.229186027504440171e-01
1.300000000000000000e+04 9.403065674605083357e-01
1.310000000000000000e+04 9.183080484587439196e-01
1.320000000000000000e+04 9.234632764797401361e-01
1.330000000000000000e+04 9.317237890518039745e-01
1.340000000000000000e+04 9.223354007864192905e-01
1.350000000000000000e+04 9.393281256315547667e-01
1.360000000000000000e+04 9.387662753691847772e-01
1.370000000000000000e+04 9.360941499773831609e-01
1.380000000000000000e+04 9.387382892832367709e-01
1.390000000000000000e+04 9.350210504813227796e-01
1.400000000000000000e+04 9.423841349990138561e-01
1.410000000000000000e+04 9.466959678285702395e-01
1.420000000000000000e+04 9.492521504961900503e-01
1.430000000000000000e+04 9.450231235974885236e-01
1.440000000000000000e+04 9.545075867558920901e-01
1.450000000000000000e+04 9.524921457328913155e-01
1.460000000000000000e+04 9.477789941128332840e-01
1.470000000000000000e+04 9.528639677044428158e-01
1.480000000000000000e+04 9.494720933066594926e-01
1.490000000000000000e+04 9.461134782292527357e-01
1.500000000000000000e+04 9.546456181039306710e-01
1.510000000000000000e+04 9.510944314372583586e-01
1.520000000000000000e+04 9.599151413223355744e-01
1.530000000000000000e+04 9.508262678086345510e-01
1.540000000000000000e+04 9.504438741073303332e-01
1.550000000000000000e+04 9.560934806189965718e-01
1.560000000000000000e+04 9.541770450163915562e-01
1.570000000000000000e+04 9.465451719304820433e-01
1.580000000000000000e+04 9.549484022899230595e-01
1.590000000000000000e+04 9.625366708734006682e-01
1.600000000000000000e+04 9.581711319848601471e-01
1.610000000000000000e+04 9.570961791812636621e-01
1.620000000000000000e+04 9.537163687768097642e-01
1.630000000000000000e+04 9.609398812551356306e-01
1.640000000000000000e+04 9.652307532507827803e-01
1.650000000000000000e+04 9.573175002313936144e-01
1.660000000000000000e+04 9.637284175211902060e-01
1.670000000000000000e+04 9.569869126206945742e-01
1.680000000000000000e+04 9.519675415177689670e-01
1.690000000000000000e+04 9.719834944544420985e-01
1.700000000000000000e+04 9.581805131090685990e-01
1.710000000000000000e+04 9.721172899585051042e-01
1.720000000000000000e+04 9.612296635237127518e-01
1.730000000000000000e+04 9.609199727110423472e-01
1.740000000000000000e+04 9.628074937832542535e-01
1.750000000000000000e+04 9.582459474013108602e-01
1.760000000000000000e+04 9.665513723701356641e-01
1.770000000000000000e+04 9.596129383884708375e-01
1.780000000000000000e+04 9.683334247142992846e-01
1.790000000000000000e+04 9.660749915650246322e-01
1.800000000000000000e+04 9.650411485475464124e-01
1.810000000000000000e+04 9.737846913489484058e-01
1.820000000000000000e+04 9.679084994756118610e-01
1.830000000000000000e+04 9.669383748383110211e-01
1.840000000000000000e+04 9.726839152467999794e-01
1.850000000000000000e+04 9.672089527138661991e-01
1.860000000000000000e+04 9.625874389210251625e-01
1.870000000000000000e+04 9.630768918488135100e-01
1.880000000000000000e+04 9.715150042221188942e-01
1.890000000000000000e+04 9.682238805431749862e-01
1.900000000000000000e+04 9.656929797137430160e-01
1.910000000000000000e+04 9.742294579313106606e-01
1.920000000000000000e+04 9.592350272763505714e-01
1.930000000000000000e+04 9.727277538689249603e-01
1.940000000000000000e+04 9.664618808555071050e-01
1.950000000000000000e+04 9.631703312398294248e-01
1.960000000000000000e+04 9.734317789947468658e-01
1.970000000000000000e+04 9.755168515642707039e-01
1.980000000000000000e+04 9.704461610471097899e-01
1.990000000000000000e+04 9.709242120781714780e-01
2.000000000000000000e+04 9.702868702942228918e-01
2.010000000000000000e+04 9.677836126210048739e-01
2.020000000000000000e+04 9.735354761076331354e-01
2.030000000000000000e+04 9.715669650468675700e-01
2.040000000000000000e+04 9.612188342208867198e-01
2.050000000000000000e+04 9.629060298279952246e-01
2.060000000000000000e+04 9.703518069516947619e-01
2.070000000000000000e+04 9.734358991655768234e-01
2.080000000000000000e+04 9.638160698382334246e-01
2.090000000000000000e+04 9.691101121989138534e-01
2.100000000000000000e+04 9.659836168139913637e-01
2.110000000000000000e+04 9.683735386811711532e-01
2.120000000000000000e+04 9.757149754304779155e-01
2.130000000000000000e+04 9.685768326006874984e-01
2.140000000000000000e+04 9.701807063492376981e-01
2.150000000000000000e+04 9.666854984806818596e-01
2.160000000000000000e+04 9.724881130148798070e-01
2.170000000000000000e+04 9.644357764807509614e-01
2.180000000000000000e+04 9.723733652778259184e-01
2.190000000000000000e+04 9.674349051682330503e-01
2.200000000000000000e+04 9.688089781269831890e-01
2.210000000000000000e+04 9.643570955243215836e-01
2.220000000000000000e+04 9.605627050098837216e-01
2.230000000000000000e+04 9.665343096364980013e-01
2.240000000000000000e+04 9.682528289349267014e-01
2.250000000000000000e+04 9.644826485714632636e-01
2.260000000000000000e+04 9.729944101839762549e-01
2.270000000000000000e+04 9.632560690039099205e-01
2.280000000000000000e+04 9.654878047079520353e-01
2.290000000000000000e+04 9.691551934802178359e-01
2.300000000000000000e+04 9.752526735122959423e-01
2.310000000000000000e+04 9.637836751029528193e-01
2.320000000000000000e+04 9.678628009776937269e-01
2.330000000000000000e+04 9.675537444309271207e-01
2.340000000000000000e+04 9.744309159153893285e-01
2.350000000000000000e+04 9.764948587933861557e-01
2.360000000000000000e+04 9.678703827461163645e-01
2.370000000000000000e+04 9.718078347299461406e-01
2.380000000000000000e+04 9.783181965900945576e-01
2.390000000000000000e+04 9.642177713857102983e-01
2.400000000000000000e+04 9.758278533059303594e-01
2.410000000000000000e+04 9.748228094896881357e-01
2.420000000000000000e+04 9.705588715265052180e-01
2.430000000000000000e+04 9.755905198922457666e-01
2.440000000000000000e+04 9.734389888734857887e-01
2.450000000000000000e+04 9.689468382637848043e-01
2.460000000000000000e+04 9.569351313398281045e-01
2.470000000000000000e+04 9.733584349304533756e-01
2.480000000000000000e+04 9.624436938867699798e-01
2.490000000000000000e+04 9.774975910584915439e-01
2.500000000000000000e+04 9.741785250774508409e-01
2.510000000000000000e+04 9.640914049832778332e-01
2.520000000000000000e+04 9.670881554227854782e-01
2.530000000000000000e+04 9.640651820580805609e-01
2.540000000000000000e+04 9.635394123586148440e-01
2.550000000000000000e+04 9.735369837242906499e-01
2.560000000000000000e+04 9.697720457015278628e-01
2.570000000000000000e+04 9.645659526683850737e-01
2.580000000000000000e+04 9.642031035080618206e-01
2.590000000000000000e+04 9.711355261933023453e-01
2.600000000000000000e+04 9.706507259599704840e-01
2.610000000000000000e+04 9.698442949996061158e-01
2.620000000000000000e+04 9.718026702250952553e-01
2.630000000000000000e+04 9.703804046526870453e-01
2.640000000000000000e+04 9.738066399715241683e-01
2.650000000000000000e+04 9.638047109603705698e-01
2.660000000000000000e+04 9.661283472944064421e-01
2.670000000000000000e+04 9.718532835632640587e-01
2.680000000000000000e+04 9.661356521609189008e-01
2.690000000000000000e+04 9.732078312268240827e-01
2.700000000000000000e+04 9.664708227991696265e-01
2.710000000000000000e+04 9.746815284949278402e-01
2.720000000000000000e+04 9.719989489531848381e-01
2.730000000000000000e+04 9.675985270587801335e-01
2.740000000000000000e+04 9.721551547823303885e-01
2.750000000000000000e+04 9.705079180218745272e-01
2.760000000000000000e+04 9.746960556955379662e-01
2.770000000000000000e+04 9.709707659062916107e-01
2.780000000000000000e+04 9.647827247950281349e-01
2.790000000000000000e+04 9.767998173260110661e-01
2.800000000000000000e+04 9.665185640616615892e-01
2.810000000000000000e+04 9.783751712676226342e-01
2.820000000000000000e+04 9.701845555589652115e-01
2.830000000000000000e+04 9.641044164770918856e-01
2.840000000000000000e+04 9.671843193813505213e-01
2.850000000000000000e+04 9.631776661555963015e-01
2.860000000000000000e+04 9.695978538273791747e-01
2.870000000000000000e+04 9.740279068429141818e-01
2.880000000000000000e+04 9.653421870701079932e-01
2.890000000000000000e+04 9.701980693033391834e-01
2.900000000000000000e+04 9.665549371403960865e-01
2.910000000000000000e+04 9.738234560740777201e-01
2.920000000000000000e+04 9.749378678705903356e-01
2.930000000000000000e+04 9.694309603491827465e-01
2.940000000000000000e+04 9.702994620931449932e-01
2.950000000000000000e+04 9.759640447176127775e-01
2.960000000000000000e+04 9.632349784032533391e-01
2.970000000000000000e+04 9.663829617662971216e-01
2.980000000000000000e+04 9.680598693694645318e-01
2.990000000000000000e+04 9.736396225493448853e-01
3.000000000000000000e+04 9.708576763110000618e-01
