0.000000000000000000e+00 4.989000000000000101e-01
1.000000000000000000e+02 3.597679999999999767e-01
2.000000000000000000e+02 3.755519999999999969e-01
3.000000000000000000e+02 3.969559999999999755e-01
4.000000000000000000e+02 4.239840000000000275e-01
5.000000000000000000e+02 4.592800000000000216e-01
6.000000000000000000e+02 4.264479999999999937e-01
7.000000000000000000e+02 4.460960000000000480e-01
8.000000000000000000e+02 4.893319999999999892e-01
9.000000000000000000e+02 4.932839999999999447e-01
1.000000000000000000e+03 4.811519999999999686e-01
1.100000000000000000e+03 5.040280000000000316e-01
1.200000000000000000e+03 5.096359999999999779e-01
1.300000000000000000e+03 5.053440000000000154e-01
1.400000000000000000e+03 4.917280000000000539e-01
1.500000000000000000e+03 5.637839999999999518e-01
1.600000000000000000e+03 5.331280000000000463e-01
1.700000000000000000e+03 5.017439999999999678e-01
1.800000000000000000e+03 5.116840000000000277e-01
1.900000000000000000e+03 5.167039999999999411e-01
2.000000000000000000e+03 5.197279999999999678e-01
2.100000000000000000e+03 5.287720000000000198e-01
2.200000000000000000e+03 5.593920000000000003e-01
2.300000000000000000e+03 5.884840000000000071e-01
2.400000000000000000e+03 5.732159999999999478e-01
2.500000000000000000e+03 5.569020000000000081e-01
2.600000000000000000e+03 5.704719999999999791e-01
2.700000000000000000e+03 6.223520000000000163e-01
2.800000000000000000e+03 6.207080000000000375e-01
2.900000000000000000e+03 5.758400000000000185e-01
3.000000000000000000e+03 6.241440000000000321e-01
3.100000000000000000e+03 6.103520000000000056e-01
3.200000000000000000e+03 6.100399999999999157e-01
3.300000000000000000e+03 6.195319999999999716e-01
3.400000000000000000e+03 6.331679999999999531e-01
3.500000000000000000e+03 6.538439999999999808e-01
3.600000000000000000e+03 6.893719999999999848e-01
3.700000000000000000e+03 6.485640000000000294e-01
3.800000000000000000e+03 6.467720000000000136e-01
3.900000000000000000e+03 6.425080000000000791e-01
4.000000000000000000e+03 6.504759999999999431e-01
4.100000000000000000e+03 6.705559999999999299e-01
4.200000000000000000e+03 6.736360000000000126e-01
4.300000000000000000e+03 6.699159999999999560e-01
4.400000000000000000e+03 6.882960000000000189e-01
4.500000000000000000e+03 6.953479999999999661e-01
4.600000000000000000e+03 6.866240000000000121e-01
4.700000000000000000e+03 6.856959999999998612e-01
4.800000000000000000e+03 7.048399999999999110e-01
4.900000000000000000e+03 6.864440000000000541e-01
5.000000000000000000e+03 7.036559999999999482e-01
5.100000000000000000e+03 6.968080000000000940e-01
5.200000000000000000e+03 7.206360000000000543e-01
5.300000000000000000e+03 6.972799999999998999e-01
5.400000000000000000e+03 7.253799999999999137e-01
5.500000000000000000e+03 7.349640000000000617e-01
5.600000000000000000e+03 7.219639999999999391e-01
5.700000000000000000e+03 7.420960000000000889e-01
5.800000000000000000e+03 7.381320000000000103e-01
5.900000000000000000e+03 7.314039999999998320e-01
6.000000000000000000e+03 7.559879999999999933e-01
6.100000000000000000e+03 7.457999999999999075e-01
6.200000000000000000e+03 7.438039999999999097e-01
6.300000000000000000e+03 7.584480000000000111e-01
6.400000000000000000e+03 7.383480000000000043e-01
6.500000000000000000e+03 7.667640000000000011e-01
6.600000000000000000e+03 7.655319999999998792e-01
6.700000000000000000e+03 7.469239999999999213e-01
6.800000000000000000e+03 7.817720000000000224e-01
6.900000000000000000e+03 7.562719999999998333e-01
7.000000000000000000e+03 7.524999999999999467e-01
7.100000000000000000e+03 7.848760000000000181e-01
7.200000000000000000e+03 7.809280000000000665e-01
7.300000000000000000e+03 7.963800000000000878e-01
7.400000000000000000e+03 7.749239999999999462e-01
7.500000000000000000e+03 7.841839999999999922e-01
7.600000000000000000e+03 7.945079999999999920e-01
7.700000000000000000e+03 7.846519999999999051e-01
7.800000000000000000e+03 8.137399999999999078e-01
7.900000000000000000e+03 8.108640000000000292e-01
8.000000000000000000e+03 7.897800000000000376e-01
8.100000000000000000e+03 8.211040000000000560e-01
8.200000000000000000e+03 7.893120000000000136e-01
8.300000000000000000e+03 7.969079999999999497e-01
8.400000000000000000e+03 8.095799999999999663e-01
8.500000000000000000e+03 8.108720000000000372e-01
8.600000000000000000e+03 8.033639999999999670e-01
8.700000000000000000e+03 8.177240000000000064e-01
8.800000000000000000e+03 8.148159999999999847e-01
8.900000000000000000e+03 8.119399999999998840e-01
9.000000000000000000e+03 8.280080000000000773e-01
9.100000000000000000e+03 7.971700000000000452e-01
9.200000000000000000e+03 8.300399999999997780e-01
9.300000000000000000e+03 8.350239999999999885e-01
9.400000000000000000e+03 8.300600000000000200e-01
9.500000000000000000e+03 8.564159999999999551e-01
9.600000000000000000e+03 8.007759999999999323e-01
9.700000000000000000e+03 8.388160000000000061e-01
9.800000000000000000e+03 8.438279999999999115e-01
9.900000000000000000e+03 8.546000000000000263e-01
1.000000000000000000e+04 8.592519999999999047e-01
1.010000000000000000e+04 8.387279999999999180e-01
1.020000000000000000e+04 8.607319999999999416e-01
1.030000000000000000e+04 8.571519999999999140e-01
1.040000000000000000e+04 8.552720000000000322e-01
1.050000000000000000e+04 8.399080000000000990e-01
1.060000000000000000e+04 8.618879999999999875e-01
1.070000000000000000e+04 8.507199999999999207e-01
1.080000000000000000e+04 8.600799999999999557e-01
1.090000000000000000e+04 8.691199999999998926e-01
1.100000000000000000e+04 8.674839999999999218e-01
1.110000000000000000e+04 8.481760000000000410e-01
1.120000000000000000e+04 8.730999999999999872e-01
1.130000000000000000e+04 8.735999999999999321e-01
1.140000000000000000e+04 8.777360000000000717e-01
1.150000000000000000e+04 8.649999999999998801e-01
1.160000000000000000e+04 8.647240000000000482e-01
1.170000000000000000e+04 8.770880000000000898e-01
1.180000000000000000e+04 9.070079999999998144e-01
1.190000000000000000e+04 8.863119999999999887e-01
1.200000000000000000e+04 8.880320000000000435e-01
1.210000000000000000e+04 8.949719999999999898e-01
1.220000000000000000e+04 8.917280000000000761e-01
1.230000000000000000e+04 9.035199999999999898e-01
1.240000000000000000e+04 8.906200000000000783e-01
1.250000000000000000e+04 9.078720000000000123e-01
1.260000000000000000e+04 9.022520000000000540e-01
1.270000000000000000e+04 9.341319999999999624e-01
1.280000000000000000e+04 9.066719999999999224e-01
1.290000000000000000e+04 9.110039999999999250e-01
1.300000000000000000e+04 9.317079999999998696e-01
1.310000000000000000e+04 9.091479999999998451e-01
1.320000000000000000e+04 9.098439999999998751e-01
1.330000000000000000e+04 9.156320000000000014e-01
1.340000000000000000e+04 9.101120000000000321e-01
1.350000000000000000e+04 9.279960000000000431e-01
1.360000000000000000e+04 9.262680000000000913e-01
1.370000000000000000e+04 9.244640000000000635e-01
1.380000000000000000e+04 9.264799999999999702e-01
1.390000000000000000e+04 9.195039999999999880e-01
1.400000000000000000e+04 9.274959999999999871e-01
1.410000000000000000e+04 9.360439999999998761e-01
1.420000000000000000e+04 9.415240000000000276e-01
1.430000000000000000e+04 9.354279999999999262e-01
1.440000000000000000e+04 9.442200000000000593e-01
1.450000000000000000e+04 9.431439999999999824e-01
1.460000000000000000e+04 9.363680000000000891e-01
1.470000000000000000e+04 9.427079999999999904e-01
1.480000000000000000e+04 9.406239999999999046e-01
1.490000000000000000e+04 9.316679999999999406e-01
1.500000000000000000e+04 9.432880000000000154e-01
1.510000000000000000e+04 9.440600000000000103e-01
1.520000000000000000e+04 9.499680000000000346e-01
1.530000000000000000e+04 9.407800000000000606e-01
1.540000000000000000e+04 9.471360000000000889e-01
1.550000000000000000e+04 9.466800000000000770e-01
1.560000000000000000e+04 9.419520000000000115e-01
1.570000000000000000e+04 9.338199999999999834e-01
1.580000000000000000e+04 9.417760000000000575e-01
1.590000000000000000e+04 9.530079999999999663e-01
1.600000000000000000e+04 9.470279999999999809e-01
1.610000000000000000e+04 9.463359999999999550e-01
1.620000000000000000e+04 9.431319999999999704e-01
1.630000000000000000e+04 9.517879999999998564e-01
1.640000000000000000e+04 9.570239999999999858e-01
1.650000000000000000e+04 9.454319999999999391e-01
1.660000000000000000e+04 9.545480000000000631e-01
1.670000000000000000e+04 9.451159999999999561e-01
1.680000000000000000e+04 9.414240000000000386e-01
1.690000000000000000e+04 9.653960000000000319e-01
1.700000000000000000e+04 9.506319999999999215e-01
1.710000000000000000e+04 9.664960000000000218e-01
1.720000000000000000e+04 9.505000000000001226e-01
1.730000000000000000e+04 9.517319999999999114e-01
1.740000000000000000e+04 9.532319999999998572e-01
1.750000000000000000e+04 9.486360000000000348e-01
1.760000000000000000e+04 9.570279999999999898e-01
1.770000000000000000e+04 9.479599999999999138e-01
1.780000000000000000e+04 9.619999999999999662e-01
1.790000000000000000e+04 9.571960000000000468e-01
1.800000000000000000e+04 9.568999999999999728e-01
1.810000000000000000e+04 9.657600000000000628e-01
1.820000000000000000e+04 9.608519999999999284e-01
1.830000000000000000e+04 9.566799999999999748e-01
1.840000000000000000e+04 9.678999999999999826e-01
1.850000000000000000e+04 9.599280000000000035e-01
1.860000000000000000e+04 9.513719999999998844e-01
1.870000000000000000e+04 9.528759999999998342e-01
1.880000000000000000e+04 9.619239999999998902e-01
1.890000000000000000e+04 9.600439999999998975e-01
1.900000000000000000e+04 9.564559999999999729e-01
1.910000000000000000e+04 9.663520000000000998e-01
1.920000000000000000e+04 9.492920000000000247e-01
1.930000000000000000e+04 9.644160000000000510e-01
1.940000000000000000e+04 9.579920000000000657e-01
1.950000000000000000e+04 9.517079999999999984e-01
1.960000000000000000e+04 9.663479999999999848e-01
1.970000000000000000e+04 9.674239999999999506e-01
1.980000000000000000e+04 9.630859999999999976e-01
1.990000000000000000e+04 9.625960000000001182e-01
2.000000000000000000e+04 9.614439999999999653e-01
2.010000000000000000e+04 9.571719999999999118e-01
2.020000000000000000e+04 9.653920000000000279e-01
2.030000000000000000e+04 9.628799999999999581e-01
2.040000000000000000e+04 9.513880000000001225e-01
2.050000000000000000e+04 9.522880000000000233e-01
2.060000000000000000e+04 9.610119999999999774e-01
2.070000000000000000e+04 9.682039999999999536e-01
2.080000000000000000e+04 9.565199999999999259e-01
2.090000000000000000e+04 9.592559999999999976e-01
2.100000000000000000e+04 9.584639999999999826e-01
2.110000000000000000e+04 9.604399999999998494e-01
2.120000000000000000e+04 9.712319999999998732e-01
2.130000000000000000e+04 9.620640000000000303e-01
2.140000000000000000e+04 9.634080000000000421e-01
2.150000000000000000e+04 9.594759999999999955e-01
2.160000000000000000e+04 9.660039999999999738e-01
2.170000000000000000e+04 9.553479999999998640e-01
2.180000000000000000e+04 9.629760000000000542e-01
2.190000000000000000e+04 9.609280000000000044e-01
2.200000000000000000e+04 9.612640000000000073e-01
2.210000000000000000e+04 9.554719999999999880e-01
2.220000000000000000e+04 9.498360000000000136e-01
2.230000000000000000e+04 9.564160000000000439e-01
2.240000000000000000e+04 9.590279999999999916e-01
2.250000000000000000e+04 9.518280000000000074e-01
2.260000000000000000e+04 9.670520000000000227e-01
2.270000000000000000e+04 9.549600000000000311e-01
2.280000000000000000e+04 9.577639999999998377e-01
2.290000000000000000e+04 9.618679999999999453e-01
2.300000000000000000e+04 9.690679999999998184e-01
2.310000000000000000e+04 9.581199999999999717e-01
2.320000000000000000e+04 9.583079999999999377e-01
2.330000000000000000e+04 9.609559999999999214e-01
2.340000000000000000e+04 9.664239999999999498e-01
2.350000000000000000e+04 9.723479999999998791e-01
2.360000000000000000e+04 9.602799999999999114e-01
2.370000000000000000e+04 9.653360000000001939e-01
2.380000000000000000e+04 9.742040000000000699e-01
2.390000000000000000e+04 9.534679999999999822e-01
2.400000000000000000e+04 9.705440000000000733e-01
2.410000000000000000e+04 9.647679999999999589e-01
2.420000000000000000e+04 9.607959999999999834e-01
2.430000000000000000e+04 9.690280000000000005e-01
2.440000000000000000e+04 9.680160000000000986e-01
2.450000000000000000e+04 9.632560000000000011e-01
2.460000000000000000e+04 9.474959999999998939e-01
2.470000000000000000e+04 9.701680000000001414e-01
2.480000000000000000e+04 9.516760000000000774e-01
2.490000000000000000e+04 9.714580000000001547e-01
2.500000000000000000e+04 9.683559999999998835e-01
2.510000000000000000e+04 9.525039999999999063e-01
2.520000000000000000e+04 9.611459999999999448e-01
2.530000000000000000e+04 9.579999999999999627e-01
2.540000000000000000e+04 9.537560000000000482e-01
2.550000000000000000e+04 9.690039999999999765e-01
2.560000000000000000e+04 9.627759999999999652e-01
2.570000000000000000e+04 9.563960000000000239e-01
2.580000000000000000e+04 9.546280000000000321e-01
2.590000000000000000e+04 9.630279999999999951e-01
2.600000000000000000e+04 9.642159999999999620e-01
2.610000000000000000e+04 9.626520000000000632e-01
2.620000000000000000e+04 9.655959999999998988e-01
2.630000000000000000e+04 9.615440000000000653e-01
2.640000000000000000e+04 9.666759999999998687e-01
2.650000000000000000e+04 9.505819999999999270e-01
2.660000000000000000e+04 9.611600000000000144e-01
2.670000000000000000e+04 9.646680000000000810e-01
2.680000000000000000e+04 9.570079999999999698e-01
2.690000000000000000e+04 9.694040000000000434e-01
2.700000000000000000e+04 9.561079999999999579e-01
2.710000000000000000e+04 9.660999999999999588e-01
2.720000000000000000e+04 9.641319999999999890e-01
2.730000000000000000e+04 9.597480000000000455e-01
2.740000000000000000e+04 9.646439999999999459e-01
2.750000000000000000e+04 9.627919999999998701e-01
2.760000000000000000e+04 9.709720000000000573e-01
2.770000000000000000e+04 9.618379999999999708e-01
2.780000000000000000e+04 9.552960000000000340e-01
2.790000000000000000e+04 9.700480000000001324e-01
2.800000000000000000e+04 9.627999999999999892e-01
2.810000000000000000e+04 9.731080000000000840e-01
2.820000000000000000e+04 9.628740000000000077e-01
2.830000000000000000e+04 9.510680000000000245e-01
2.840000000000000000e+04 9.590600000000000236e-01
2.850000000000000000e+04 9.527719999999999523e-01
2.860000000000000000e+04 9.619620000000000948e-01
2.870000000000000000e+04 9.683279999999999665e-01
2.880000000000000000e+04 9.559719999999999329e-01
2.890000000000000000e+04 9.638239999999999030e-01
2.900000000000000000e+04 9.568499999999999783e-01
2.910000000000000000e+04 9.697500000000000009e-01
2.920000000000000000e+04 9.706000000000000183e-01
2.930000000000000000e+04 9.652399999999999869e-01
2.940000000000000000e+04 9.645880000000000010e-01
2.950000000000000000e+04 9.702319999999999833e-01
2.960000000000000000e+04 9.521799999999999153e-01
2.970000000000000000e+04 9.611560000000000104e-01
2.980000000000000000e+04 9.603760000000000074e-01
2.990000000000000000e+04 9.669760000000000577e-01
3.000000000000000000e+04 9.642600000000000060e-01
