0.000000000000000000e+00 5.213470719423131117e-01
1.000000000000000000e+02 4.191218048403445584e-01
2.000000000000000000e+02 4.348324720145080313e-01
3.000000000000000000e+02 4.432111267754693662e-01
4.000000000000000000e+02 4.715488496297401411e-01
5.000000000000000000e+02 4.642309568090244309e-01
6.000000000000000000e+02 4.838442674830552570e-01
7.000000000000000000e+02 4.730041915384364803e-01
8.000000000000000000e+02 5.013972026601930532e-01
9.000000000000000000e+02 5.074939445944728345e-01
1.000000000000000000e+03 4.712452810132167214e-01
1.100000000000000000e+03 5.024193330328627916e-01
1.200000000000000000e+03 5.196589521529932920e-01
1.300000000000000000e+03 4.762187655983030066e-01
1.400000000000000000e+03 4.704794527883731092e-01
1.500000000000000000e+03 5.088056253863972866e-01
1.600000000000000000e+03 5.210797652249437029e-01
1.700000000000000000e+03 4.804921320181479993e-01
1.800000000000000000e+03 5.050477319001839271e-01
1.900000000000000000e+03 5.463918048856100107e-01
2.000000000000000000e+03 5.018474374363262047e-01
2.100000000000000000e+03 5.092597867823460689e-01
2.200000000000000000e+03 5.025796154089169354e-01
2.300000000000000000e+03 5.308967354457847510e-01
2.400000000000000000e+03 5.287346174091630546e-01
2.500000000000000000e+03 5.084425307690327855e-01
2.600000000000000000e+03 5.506680446381162497e-01
2.700000000000000000e+03 5.385836828387527975e-01
2.800000000000000000e+03 5.391189367254026754e-01
2.900000000000000000e+03 5.303006482870782357e-01
3.000000000000000000e+03 5.933420128897806123e-01
3.100000000000000000e+03 5.616806255081159271e-01
3.200000000000000000e+03 5.584441167375694404e-01
3.300000000000000000e+03 5.631450835904484586e-01
3.400000000000000000e+03 5.769568937554138133e-01
3.500000000000000000e+03 5.726868599295757978e-01
3.600000000000000000e+03 5.787832005941732083e-01
3.700000000000000000e+03 5.617479205410540466e-01
3.800000000000000000e+03 5.925606574133972515e-01
3.900000000000000000e+03 5.930060646636499122e-01
4.000000000000000000e+03 5.722171404171847442e-01
4.100000000000000000e+03 6.040124108713031958e-01
4.200000000000000000e+03 6.264585251636698437e-01
4.300000000000000000e+03 6.032053193865041241e-01
4.400000000000000000e+03 5.715727879572007897e-01
4.500000000000000000e+03 5.945036316228287099e-01
4.600000000000000000e+03 5.727903280537398611e-01
4.700000000000000000e+03 6.095122345894689042e-01
4.800000000000000000e+03 6.290416594398732242e-01
4.900000000000000000e+03 6.356917546550413523e-01
5.000000000000000000e+03 6.448406962348315341e-01
5.100000000000000000e+03 6.377348871096695238e-01
5.200000000000000000e+03 6.483083589119111867e-01
5.300000000000000000e+03 6.095775444889691697e-01
5.400000000000000000e+03 6.339538634164247899e-01
5.500000000000000000e+03 6.354073015016525883e-01
5.600000000000000000e+03 6.860561141949078623e-01
5.700000000000000000e+03 6.665192141707633189e-01
5.800000000000000000e+03 6.612891974685607410e-01
5.900000000000000000e+03 6.581070585323943734e-01
6.000000000000000000e+03 6.843956670236714945e-01
6.100000000000000000e+03 6.685773242578193498e-01
6.200000000000000000e+03 6.876720952648662788e-01
6.300000000000000000e+03 6.909932942205881945e-01
6.400000000000000000e+03 6.701694367172783551e-01
6.500000000000000000e+03 6.664118949319530749e-01
6.600000000000000000e+03 6.886494753256382495e-01
6.700000000000000000e+03 7.128883179122637026e-01
6.800000000000000000e+03 6.934504470265987486e-01
6.900000000000000000e+03 7.195814570071568106e-01
7.000000000000000000e+03 6.881488549290717405e-01
7.100000000000000000e+03 7.183321055165359237e-01
7.200000000000000000e+03 7.144993245441999541e-01
7.300000000000000000e+03 7.336656100121465851e-01
7.400000000000000000e+03 7.296912291821966434e-01
7.500000000000000000e+03 7.266175778062901047e-01
7.600000000000000000e+03 7.347931504278073511e-01
7.700000000000000000e+03 7.357390420959749600e-01
7.800000000000000000e+03 7.654048332661272935e-01
7.900000000000000000e+03 7.512092965117684873e-01
8.000000000000000000e+03 7.797470532994095205e-01
8.100000000000000000e+03 7.649470208014230721e-01
8.200000000000000000e+03 7.473972855273784965e-01
8.300000000000000000e+03 7.772566702993203291e-01
8.400000000000000000e+03 7.680169812645567529e-01
8.500000000000000000e+03 7.978793922360128965e-01
8.600000000000000000e+03 7.741215873673712444e-01
8.700000000000000000e+03 7.769868480389453547e-01
8.800000000000000000e+03 7.954511805471526920e-01
8.900000000000000000e+03 7.807994089220036127e-01
9.000000000000000000e+03 8.080531241308785972e-01
9.100000000000000000e+03 7.822394650224293589e-01
9.200000000000000000e+03 7.964528281748959326e-01
9.300000000000000000e+03 8.098343381411442499e-01
9.400000000000000000e+03 7.986439019147297813e-01
9.500000000000000000e+03 8.250106806060431008e-01
9.600000000000000000e+03 8.026858154893328212e-01
9.700000000000000000e+03 8.142848183654680660e-01
9.800000000000000000e+03 8.064134247773251385e-01
9.900000000000000000e+03 8.037585975942701522e-01
1.000000000000000000e+04 8.327905150294906411e-01
1.010000000000000000e+04 8.274269247362446844e-01
1.020000000000000000e+04 8.584283017938904026e-01
1.030000000000000000e+04 8.376757789083377759e-01
1.040000000000000000e+04 8.653216512068183652e-01
1.050000000000000000e+04 8.368673218114923706e-01
1.060000000000000000e+04 8.544795237664737364e-01
1.070000000000000000e+04 8.590250204208749185e-01
1.080000000000000000e+04 8.437794311343748133e-01
1.090000000000000000e+04 8.283219320729873214e-01
1.100000000000000000e+04 8.479038944787018472e-01
1.110000000000000000e+04 8.603595168472149002e-01
1.120000000000000000e+04 8.636331810748635318e-01
1.130000000000000000e+04 8.721061593982418758e-01
1.140000000000000000e+04 8.761018387090450110e-01
1.150000000000000000e+04 8.528342787777182243e-01
1.160000000000000000e+04 8.893480021340696151e-01
1.170000000000000000e+04 8.748857533154379418e-01
1.180000000000000000e+04 8.680833952663762343e-01
1.190000000000000000e+04 8.889251690737265399e-01
1.200000000000000000e+04 8.808028476772243875e-01
1.210000000000000000e+04 8.978572915322987624e-01
1.220000000000000000e+04 8.869528856403805506e-01
1.230000000000000000e+04 8.837475569688464372e-01
1.240000000000000000e+04 8.848758344813185683e-01
1.250000000000000000e+04 9.060924701829479178e-01
1.260000000000000000e+04 8.822231156759671178e-01
1.270000000000000000e+04 9.013575128251147817e-01
1.280000000000000000e+04 9.020113339910753592e-01
1.290000000000000000e+04 9.057582426385457630e-01
1.300000000000000000e+04 8.961225376308514790e-01
1.310000000000000000e+04 9.037169074375457356e-01
1.320000000000000000e+04 9.020885665305901080e-01
1.330000000000000000e+04 9.098284054473724236e-01
1.340000000000000000e+04 9.185221591992261958e-01
1.350000000000000000e+04 9.068056282359699960e-01
1.360000000000000000e+04 9.219544992496955249e-01
1.370000000000000000e+04 9.095821512494941530e-01
1.380000000000000000e+04 9.211129463095265590e-01
1.390000000000000000e+04 9.295731325911003040e-01
1.400000000000000000e+04 9.329473022995158349e-01
1.410000000000000000e+04 9.250354152707335187e-01
1.420000000000000000e+04 9.292007370638651897e-01
1.430000000000000000e+04 9.456862146206128639e-01
1.440000000000000000e+04 9.143579540718729248e-01
1.450000000000000000e+04 9.244880359271339110e-01
1.460000000000000000e+04 9.359419823449885989e-01
1.470000000000000000e+04 9.274711159583453046e-01
1.480000000000000000e+04 9.336032792184334461e-01
1.490000000000000000e+04 9.434554835081006008e-01
1.500000000000000000e+04 9.306267577749076647e-01
1.510000000000000000e+04 9.445727109383615927e-01
1.520000000000000000e+04 9.388264344114829463e-01
1.530000000000000000e+04 9.293874599688142224e-01
1.540000000000000000e+04 9.407538962039329045e-01
1.550000000000000000e+04 9.445547490269374791e-01
1.560000000000000000e+04 9.406052703811065285e-01
1.570000000000000000e+04 9.441951373250063728e-01
1.580000000000000000e+04 9.435871305360846728e-01
1.590000000000000000e+04 9.511763346398433017e-01
1.600000000000000000e+04 9.459605884099587803e-01
1.610000000000000000e+04 9.349087145559473733e-01
1.620000000000000000e+04 9.478690859278660064e-01
1.630000000000000000e+04 9.407543263761255492e-01
1.640000000000000000e+04 9.451057131403726164e-01
1.650000000000000000e+04 9.352079304010464389e-01
1.660000000000000000e+04 9.590622717006416220e-01
1.670000000000000000e+04 9.462042925537194060e-01
1.680000000000000000e+04 9.460971705110160501e-01
1.690000000000000000e+04 9.604848380284822795e-01
1.700000000000000000e+04 9.523973067063530307e-01
1.710000000000000000e+04 9.415222385005679318e-01
1.720000000000000000e+04 9.519832342294138883e-01
1.730000000000000000e+04 9.513422019554713671e-01
1.740000000000000000e+04 9.429246712899156391e-01
1.750000000000000000e+04 9.539849674103455524e-01
1.760000000000000000e+04 9.461160694221242284e-01
1.770000000000000000e+04 9.550700014658638493e-01
1.780000000000000000e+04 9.579714137715156230e-01
1.790000000000000000e+04 9.499556548052513483e-01
1.800000000000000000e+04 9.546866295831781812e-01
1.810000000000000000e+04 9.428792531145773204e-01
1.820000000000000000e+04 9.393069595071859013e-01
1.830000000000000000e+04 9.504194007175303938e-01
1.840000000000000000e+04 9.486135302601421682e-01
1.850000000000000000e+04 9.405147695605690084e-01
1.860000000000000000e+04 9.550823704022892713e-01
1.870000000000000000e+04 9.483773987469308331e-01
1.880000000000000000e+04 9.542767464372419184e-01
1.890000000000000000e+04 9.564514339695682210e-01
1.900000000000000000e+04 9.469925805434714627e-01
1.910000000000000000e+04 9.460929161353256456e-01
1.920000000000000000e+04 9.542746013048271081e-01
1.930000000000000000e+04 9.566437643742786712e-01
1.940000000000000000e+04 9.544449881436594119e-01
1.950000000000000000e+04 9.547198477101178637e-01
1.960000000000000000e+04 9.473460445086211434e-01
1.970000000000000000e+04 9.392861373648667689e-01
1.980000000000000000e+04 9.492613880722602371e-01
1.990000000000000000e+04 9.488008975451633908e-01
2.000000000000000000e+04 9.592893399729071069e-01
2.010000000000000000e+04 9.523098638546890760e-01
2.020000000000000000e+04 9.487026284823150135e-01
2.030000000000000000e+04 9.522956578980833475e-01
2.040000000000000000e+04 9.484676343692679534e-01
2.050000000000000000e+04 9.579262159066045390e-01
2.060000000000000000e+04 9.482282912798961627e-01
2.070000000000000000e+04 9.615243656378975601e-01
2.080000000000000000e+04 9.493604031278948252e-01
2.090000000000000000e+04 9.521816321870896216e-01
2.100000000000000000e+04 9.537548604379195716e-01
2.110000000000000000e+04 9.510549017871067212e-01
2.120000000000000000e+04 9.483080258250800032e-01
2.130000000000000000e+04 9.492934022506510638e-01
2.140000000000000000e+04 9.573580883319392498e-01
2.150000000000000000e+04 9.511090988384762746e-01
2.160000000000000000e+04 9.461036732305658781e-01
2.170000000000000000e+04 9.575908157486651140e-01
2.180000000000000000e+04 9.469697231442153473e-01
2.190000000000000000e+04 9.461371364952186891e-01
2.200000000000000000e+04 9.537987186747171053e-01
2.210000000000000000e+04 9.551655432814623037e-01
2.220000000000000000e+04 9.536996180585191052e-01
2.230000000000000000e+04 9.543873679160758128e-01
2.240000000000000000e+04 9.425797919440215278e-01
2.250000000000000000e+04 9.499072456385880825e-01
2.260000000000000000e+04 9.456270733928082706e-01
2.270000000000000000e+04 9.505406251520321925e-01
2.280000000000000000e+04 9.394780093982072477e-01
2.290000000000000000e+04 9.501752011145141452e-01
2.300000000000000000e+04 9.440834479481220454e-01
2.310000000000000000e+04 9.497190045549562809e-01
2.320000000000000000e+04 9.511064147918649736e-01
2.330000000000000000e+04 9.418365415735642232e-01
2.340000000000000000e+04 9.553903536769141613e-01
2.350000000000000000e+04 9.469527278669552794e-01
2.360000000000000000e+04 9.595050137836783621e-01
2.370000000000000000e+04 9.546239827013784929e-01
2.380000000000000000e+04 9.523098691560567541e-01
2.390000000000000000e+04 9.447557528837406959e-01
2.400000000000000000e+04 9.458743833963328962e-01
2.410000000000000000e+04 9.524105409483352158e-01
2.420000000000000000e+04 9.500986203861556678e-01
2.430000000000000000e+04 9.561158861449898794e-01
2.440000000000000000e+04 9.407116413553132661e-01
2.450000000000000000e+04 9.400152926678727594e-01
2.460000000000000000e+04 9.466862317629047840e-01
2.470000000000000000e+04 9.525496590200016600e-01
2.480000000000000000e+04 9.608219734889571484e-01
2.490000000000000000e+04 9.514380989881293660e-01
2.500000000000000000e+04 9.430700039780867128e-01
2.510000000000000000e+04 9.449735581484693947e-01
2.520000000000000000e+04 9.420235861608372563e-01
2.530000000000000000e+04 9.536313448392275127e-01
2.540000000000000000e+04 9.483413213951927823e-01
2.550000000000000000e+04 9.460938047782855298e-01
2.560000000000000000e+04 9.415008501496217042e-01
2.570000000000000000e+04 9.509069864566345176e-01
2.580000000000000000e+04 9.523612200267271843e-01
2.590000000000000000e+04 9.446517412070166708e-01
2.600000000000000000e+04 9.363280209933788623e-01
2.610000000000000000e+04 9.569500498334954086e-01
2.620000000000000000e+04 9.531738868743984128e-01
2.630000000000000000e+04 9.485519015572831947e-01
2.640000000000000000e+04 9.479304587376082836e-01
2.650000000000000000e+04 9.545179750712897704e-01
2.660000000000000000e+04 9.449180901609464112e-01
2.670000000000000000e+04 9.417087912489123802e-01
2.680000000000000000e+04 9.487671140118068003e-01
2.690000000000000000e+04 9.443096786692691813e-01
2.700000000000000000e+04 9.471002883208070600e-01
2.710000000000000000e+04 9.576712851034219209e-01
2.720000000000000000e+04 9.469520267316423601e-01
2.730000000000000000e+04 9.537851122101325130e-01
2.740000000000000000e+04 9.535735564451841562e-01
2.750000000000000000e+04 9.550360083283002677e-01
2.760000000000000000e+04 9.473999763462958024e-01
2.770000000000000000e+04 9.534488443164039762e-01
2.780000000000000000e+04 9.532761556404789616e-01
2.790000000000000000e+04 9.557212051684975673e-01
2.800000000000000000e+04 9.490714957459082113e-01
2.810000000000000000e+04 9.408965560690334407e-01
2.820000000000000000e+04 9.456274796864371224e-01
2.830000000000000000e+04 9.499923925866273766e-01
2.840000000000000000e+04 9.583817936478747912e-01
2.850000000000000000e+04 9.479240411108805775e-01
2.860000000000000000e+04 9.435086799862957285e-01
2.870000000000000000e+04 9.526801656589733991e-01
2.880000000000000000e+04 9.472999511040696152e-01
2.890000000000000000e+04 9.435515053785518136e-01
2.900000000000000000e+04 9.551238707840938869e-01
2.910000000000000000e+04 9.536197403824046015e-01
2.920000000000000000e+04 9.555187845971656602e-01
2.930000000000000000e+04 9.535545035979722250e-01
2.940000000000000000e+04 9.479304202804300639e-01
2.950000000000000000e+04 9.574529506807040180e-01
2.960000000000000000e+04 9.424800838299554062e-01
2.970000000000000000e+04 9.474882523129594114e-01
2.980000000000000000e+04 9.604095724255545807e-01
2.990000000000000000e+04 9.594574862267832849e-01
3.000000000000000000e+04 9.554932127647945972e-01
