0.000000000000000000e+00 5.213480000000000336e-01
1.000000000000000000e+02 3.716279999999999584e-01
2.000000000000000000e+02 3.961639999999999606e-01
3.000000000000000000e+02 4.177839999999999887e-01
4.000000000000000000e+02 4.442360000000000197e-01
5.000000000000000000e+02 4.283480000000000620e-01
6.000000000000000000e+02 4.642560000000000020e-01
7.000000000000000000e+02 4.581120000000000192e-01
8.000000000000000000e+02 4.909679999999999600e-01
9.000000000000000000e+02 5.016359999999999708e-01
1.000000000000000000e+03 4.552399999999999780e-01
1.100000000000000000e+03 4.962440000000000184e-01
1.200000000000000000e+03 5.298920000000000297e-01
1.300000000000000000e+03 4.799359999999999737e-01
1.400000000000000000e+03 4.625360000000000027e-01
1.500000000000000000e+03 5.052720000000000544e-01
1.600000000000000000e+03 5.151799999999999713e-01
1.700000000000000000e+03 4.734959999999999725e-01
1.800000000000000000e+03 5.012680000000000469e-01
1.900000000000000000e+03 5.503439999999999444e-01
2.000000000000000000e+03 5.131839999999999735e-01
2.100000000000000000e+03 5.079279999999999351e-01
2.200000000000000000e+03 5.000240000000000240e-01
2.300000000000000000e+03 5.338319999999999732e-01
2.400000000000000000e+03 5.418920000000000403e-01
2.500000000000000000e+03 5.195319999999999938e-01
2.600000000000000000e+03 5.467520000000000158e-01
2.700000000000000000e+03 5.352519999999999500e-01
2.800000000000000000e+03 5.543279999999999319e-01
2.900000000000000000e+03 5.300839999999999996e-01
3.000000000000000000e+03 5.704240000000000421e-01
3.100000000000000000e+03 5.597039999999999793e-01
3.200000000000000000e+03 5.560199999999999587e-01
3.300000000000000000e+03 5.584679999999999644e-01
3.400000000000000000e+03 5.819440000000000168e-01
3.500000000000000000e+03 5.679559999999999054e-01
3.600000000000000000e+03 5.733960000000000168e-01
3.700000000000000000e+03 5.605040000000000022e-01
3.800000000000000000e+03 5.973640000000000061e-01
3.900000000000000000e+03 5.963559999999998862e-01
4.000000000000000000e+03 5.794519999999999671e-01
4.100000000000000000e+03 6.018040000000000056e-01
4.200000000000000000e+03 6.132560000000000233e-01
4.300000000000000000e+03 6.045159999999999423e-01
4.400000000000000000e+03 5.703320000000000611e-01
4.500000000000000000e+03 5.955200000000000493e-01
4.600000000000000000e+03 5.828679999999999417e-01
4.700000000000000000e+03 6.115359999999999685e-01
4.800000000000000000e+03 6.279359999999999387e-01
4.900000000000000000e+03 6.153800000000000381e-01
5.000000000000000000e+03 6.310519999999999463e-01
5.100000000000000000e+03 6.321120000000000072e-01
5.200000000000000000e+03 6.285800000000000276e-01
5.300000000000000000e+03 6.051480000000000192e-01
5.400000000000000000e+03 6.311279999999999113e-01
5.500000000000000000e+03 6.333880000000000621e-01
5.600000000000000000e+03 6.802559999999999718e-01
5.700000000000000000e+03 6.540080000000000338e-01
5.800000000000000000e+03 6.495680000000000343e-01
5.900000000000000000e+03 6.515880000000000560e-01
6.000000000000000000e+03 6.797119999999999829e-01
6.100000000000000000e+03 6.641000000000001346e-01
6.200000000000000000e+03 6.783720000000001971e-01
6.300000000000000000e+03 6.822600000000000886e-01
6.400000000000000000e+03 6.604759999999999520e-01
6.500000000000000000e+03 6.481239999999999224e-01
6.600000000000000000e+03 6.770919999999999161e-01
6.700000000000000000e+03 7.000839999999999286e-01
6.800000000000000000e+03 6.902440000000000797e-01
6.900000000000000000e+03 7.017640000000000544e-01
7.000000000000000000e+03 6.761479999999999713e-01
7.100000000000000000e+03 7.139400000000000190e-01
7.200000000000000000e+03 7.069360000000000088e-01
7.300000000000000000e+03 7.143639999999999990e-01
7.400000000000000000e+03 7.109440000000000204e-01
7.500000000000000000e+03 7.232520000000000060e-01
7.600000000000000000e+03 7.343239999999999768e-01
7.700000000000000000e+03 7.286519999999999664e-01
7.800000000000000000e+03 7.574919999999999431e-01
7.900000000000000000e+03 7.480200000000000182e-01
8.000000000000000000e+03 7.781160000000000299e-01
8.100000000000000000e+03 7.521320000000000228e-01
8.200000000000000000e+03 7.421479999999999189e-01
8.300000000000000000e+03 7.777680000000000149e-01
8.400000000000000000e+03 7.608840000000000048e-01
8.500000000000000000e+03 7.897559999999999025e-01
8.600000000000000000e+03 7.675119999999999720e-01
8.700000000000000000e+03 7.782519999999999438e-01
8.800000000000000000e+03 7.885959999999999637e-01
8.900000000000000000e+03 7.795039999999999747e-01
9.000000000000000000e+03 7.989999999999999325e-01
9.100000000000000000e+03 7.764199999999998880e-01
9.200000000000000000e+03 7.947479999999998990e-01
9.300000000000000000e+03 7.925519999999999232e-01
9.400000000000000000e+03 7.966860000000000053e-01
9.500000000000000000e+03 8.063439999999999497e-01
9.600000000000000000e+03 7.970599999999999907e-01
9.700000000000000000e+03 8.107360000000000122e-01
9.800000000000000000e+03 8.015240000000000142e-01
9.900000000000000000e+03 8.014240000000000252e-01
1.000000000000000000e+04 8.201640000000000041e-01
1.010000000000000000e+04 8.133520000000000749e-01
1.020000000000000000e+04 8.380399999999998961e-01
1.030000000000000000e+04 8.282439999999999802e-01
1.040000000000000000e+04 8.550839999999999552e-01
1.050000000000000000e+04 8.200720000000000232e-01
1.060000000000000000e+04 8.416559999999999597e-01
1.070000000000000000e+04 8.415480000000000738e-01
1.080000000000000000e+04 8.270799999999999264e-01
1.090000000000000000e+04 8.237280000000000157e-01
1.100000000000000000e+04 8.399359999999999049e-01
1.110000000000000000e+04 8.478040000000000020e-01
1.120000000000000000e+04 8.479479999999999240e-01
1.130000000000000000e+04 8.542559999999999043e-01
1.140000000000000000e+04 8.598159999999999137e-01
1.150000000000000000e+04 8.459520000000000373e-01
1.160000000000000000e+04 8.771160000000000068e-01
1.170000000000000000e+04 8.613720000000000265e-01
1.180000000000000000e+04 8.508159999999999057e-01
1.190000000000000000e+04 8.720799999999999663e-01
1.200000000000000000e+04 8.658160000000000300e-01
1.210000000000000000e+04 8.870839999999999836e-01
1.220000000000000000e+04 8.695879999999999166e-01
1.230000000000000000e+04 8.764920000000000488e-01
1.240000000000000000e+04 8.737439999999999651e-01
1.250000000000000000e+04 8.910760000000000902e-01
1.260000000000000000e+04 8.706080000000000485e-01
1.270000000000000000e+04 8.885359999999999925e-01
1.280000000000000000e+04 8.936839999999999229e-01
1.290000000000000000e+04 8.922279999999999101e-01
1.300000000000000000e+04 8.793439999999999035e-01
1.310000000000000000e+04 8.919479999999998521e-01
1.320000000000000000e+04 8.867519999999999847e-01
1.330000000000000000e+04 8.988599999999999923e-01
1.340000000000000000e+04 9.042600000000000637e-01
1.350000000000000000e+04 8.972480000000000455e-01
1.360000000000000000e+04 9.092839999999999812e-01
1.370000000000000000e+04 9.021919999999999940e-01
1.380000000000000000e+04 9.075719999999999343e-01
1.390000000000000000e+04 9.174400000000001443e-01
1.400000000000000000e+04 9.211439999999999628e-01
1.410000000000000000e+04 9.161320000000000574e-01
1.420000000000000000e+04 9.162399999999999434e-01
1.430000000000000000e+04 9.364240000000000341e-01
1.440000000000000000e+04 9.046399999999998887e-01
1.450000000000000000e+04 9.104719999999999480e-01
1.460000000000000000e+04 9.294759999999999689e-01
1.470000000000000000e+04 9.166119999999999823e-01
1.480000000000000000e+04 9.221920000000001227e-01
1.490000000000000000e+04 9.364919999999999911e-01
1.500000000000000000e+04 9.224959999999998717e-01
1.510000000000000000e+04 9.353720000000000923e-01
1.520000000000000000e+04 9.301599999999999868e-01
1.530000000000000000e+04 9.170199999999999463e-01
1.540000000000000000e+04 9.334119999999999084e-01
1.550000000000000000e+04 9.342279999999999474e-01
1.560000000000000000e+04 9.320440000000000946e-01
1.570000000000000000e+04 9.326400000000000245e-01
1.580000000000000000e+04 9.389320000000000999e-01
1.590000000000000000e+04 9.464799999999999880e-01
1.600000000000000000e+04 9.364999999999999991e-01
1.610000000000000000e+04 9.263559999999998462e-01
1.620000000000000000e+04 9.414999999999998925e-01
1.630000000000000000e+04 9.387120000000001019e-01
1.640000000000000000e+04 9.382759999999998879e-01
1.650000000000000000e+04 9.263360000000000483e-01
1.660000000000000000e+04 9.531919999999999282e-01
1.670000000000000000e+04 9.397759999999999447e-01
1.680000000000000000e+04 9.374439999999999440e-01
1.690000000000000000e+04 9.532680000000000042e-01
1.700000000000000000e+04 9.453440000000000731e-01
1.710000000000000000e+04 9.336439999999999184e-01
1.720000000000000000e+04 9.435479999999999423e-01
1.730000000000000000e+04 9.418279999999999985e-01
1.740000000000000000e+04 9.375600000000000600e-01
1.750000000000000000e+04 9.430199999999999694e-01
1.760000000000000000e+04 9.372519999999999740e-01
1.770000000000000000e+04 9.476919999999999789e-01
1.780000000000000000e+04 9.519800000000000484e-01
1.790000000000000000e+04 9.382760000000001099e-01
1.800000000000000000e+04 9.503399999999998515e-01
1.810000000000000000e+04 9.318799999999999306e-01
1.820000000000000000e+04 9.274279999999999191e-01
1.830000000000000000e+04 9.409279999999998756e-01
1.840000000000000000e+04 9.416240000000000165e-01
1.850000000000000000e+04 9.348599999999999133e-01
1.860000000000000000e+04 9.424479999999999524e-01
1.870000000000000000e+04 9.422720000000001095e-01
1.880000000000000000e+04 9.457560000000000411e-01
1.890000000000000000e+04 9.484479999999999578e-01
1.900000000000000000e+04 9.398800000000000487e-01
1.910000000000000000e+04 9.357839999999999492e-01
1.920000000000000000e+04 9.469040000000000790e-01
1.930000000000000000e+04 9.477640000000000509e-01
1.940000000000000000e+04 9.479279999999999928e-01
1.950000000000000000e+04 9.503520000000000856e-01
1.960000000000000000e+04 9.385119999999999019e-01
1.970000000000000000e+04 9.298319999999998808e-01
1.980000000000000000e+04 9.400920000000000387e-01
1.990000000000000000e+04 9.417320000000000135e-01
2.000000000000000000e+04 9.490640000000000187e-01
2.010000000000000000e+04 9.442999999999999172e-01
2.020000000000000000e+04 9.380159999999999609e-01
2.030000000000000000e+04 9.416519999999999335e-01
2.040000000000000000e+04 9.406319999999999126e-01
2.050000000000000000e+04 9.520999999999999464e-01
2.060000000000000000e+04 9.411720000000000086e-01
2.070000000000000000e+04 9.534319999999999462e-01
2.080000000000000000e+04 9.372959999999999070e-01
2.090000000000000000e+04 9.457679999999999421e-01
2.100000000000000000e+04 9.440239999999999743e-01
2.110000000000000000e+04 9.441920000000000313e-01
2.120000000000000000e+04 9.413519999999999666e-01
2.130000000000000000e+04 9.402439999999999687e-01
2.140000000000000000e+04 9.482199999999999518e-01
2.150000000000000000e+04 9.458880000000000621e-01
2.160000000000000000e+04 9.391959999999999198e-01
2.170000000000000000e+04 9.525719999999999743e-01
2.180000000000000000e+04 9.385480000000001599e-01
2.190000000000000000e+04 9.358279999999999932e-01
2.200000000000000000e+04 9.487680000000000557e-01
2.210000000000000000e+04 9.446439999999999282e-01
2.220000000000000000e+04 9.459359999999999991e-01
2.230000000000000000e+04 9.471040000000000569e-01
2.240000000000000000e+04 9.360600000000001142e-01
2.250000000000000000e+04 9.407440000000000246e-01
2.260000000000000000e+04 9.354919999999999902e-01
2.270000000000000000e+04 9.433440000000000714e-01
2.280000000000000000e+04 9.329239999999999755e-01
2.290000000000000000e+04 9.381840000000000179e-01
2.300000000000000000e+04 9.321479999999999766e-01
2.310000000000000000e+04 9.443880000000000052e-01
2.320000000000000000e+04 9.415240000000000276e-01
2.330000000000000000e+04 9.325039999999999996e-01
2.340000000000000000e+04 9.455160000000000231e-01
2.350000000000000000e+04 9.361559999999998771e-01
2.360000000000000000e+04 9.512439999999998674e-01
2.370000000000000000e+04 9.440239999999999743e-01
2.380000000000000000e+04 9.464319999999999400e-01
2.390000000000000000e+04 9.368440000000000101e-01
2.400000000000000000e+04 9.419000000000000705e-01
2.410000000000000000e+04 9.427159999999999984e-01
2.420000000000000000e+04 9.402639999999999887e-01
2.430000000000000000e+04 9.477720000000000589e-01
2.440000000000000000e+04 9.331760000000001165e-01
2.450000000000000000e+04 9.356679999999999442e-01
2.460000000000000000e+04 9.403799999999999937e-01
2.470000000000000000e+04 9.453640000000000931e-01
2.480000000000000000e+04 9.568800000000000638e-01
2.490000000000000000e+04 9.457639999999999381e-01
2.500000000000000000e+04 9.353239999999999332e-01
2.510000000000000000e+04 9.400479999999999947e-01
2.520000000000000000e+04 9.348319999999998853e-01
2.530000000000000000e+04 9.460940000000001016e-01
2.540000000000000000e+04 9.426159999999998984e-01
2.550000000000000000e+04 9.394639999999998548e-01
2.560000000000000000e+04 9.346520000000000383e-01
2.570000000000000000e+04 9.481239999999999668e-01
2.580000000000000000e+04 9.474679999999999769e-01
2.590000000000000000e+04 9.391800000000001258e-01
2.600000000000000000e+04 9.276759999999999451e-01
2.610000000000000000e+04 9.487119999999999997e-01
2.620000000000000000e+04 9.460840000000000360e-01
2.630000000000000000e+04 9.371639999999999970e-01
2.640000000000000000e+04 9.412020000000000941e-01
2.650000000000000000e+04 9.460220000000000296e-01
2.660000000000000000e+04 9.350500000000000478e-01
2.670000000000000000e+04 9.338800000000001544e-01
2.680000000000000000e+04 9.420659999999999590e-01
2.690000000000000000e+04 9.398239999999998817e-01
2.700000000000000000e+04 9.409359999999999946e-01
2.710000000000000000e+04 9.522280000000000744e-01
2.720000000000000000e+04 9.390760000000000218e-01
2.730000000000000000e+04 9.478340000000001764e-01
2.740000000000000000e+04 9.443840000000000012e-01
2.750000000000000000e+04 9.486359999999999237e-01
2.760000000000000000e+04 9.383159999999999279e-01
2.770000000000000000e+04 9.453300000000001146e-01
2.780000000000000000e+04 9.459839999999999360e-01
2.790000000000000000e+04 9.475719999999999699e-01
2.800000000000000000e+04 9.396279999999999077e-01
2.810000000000000000e+04 9.311999999999999167e-01
2.820000000000000000e+04 9.410080000000000666e-01
2.830000000000000000e+04 9.467040000000001010e-01
2.840000000000000000e+04 9.505940000000002721e-01
2.850000000000000000e+04 9.449180000000000357e-01
2.860000000000000000e+04 9.350600000000000023e-01
2.870000000000000000e+04 9.468239999999999990e-01
2.880000000000000000e+04 9.411260000000000181e-01
2.890000000000000000e+04 9.355319999999999192e-01
2.900000000000000000e+04 9.497179999999999511e-01
2.910000000000000000e+04 9.495039999999999036e-01
2.920000000000000000e+04 9.479799999999999338e-01
2.930000000000000000e+04 9.457180000000000586e-01
2.940000000000000000e+04 9.412939999999999641e-01
2.950000000000000000e+04 9.525139999999999718e-01
2.960000000000000000e+04 9.331539999999999280e-01
2.970000000000000000e+04 9.375219999999999665e-01
2.980000000000000000e+04 9.527759999999999563e-01
2.990000000000000000e+04 9.525319999999999343e-01
3.000000000000000000e+04 9.447000000000000952e-01
