0
1
3
4
5
6
7
8
10
13
15
16
17
18
19
21
22
24
25
26
27
28
29
31
32
33
34
35
36
38
39
42
43
45
46
48
49
50
51
52
53
55
57
58
60
61
62
65
66
67
68
69
70
71
73
74
75
76
77
79
81
82
84
85
86
87
88
89
92
93
94
95
96
98
99
100
102
103
104
105
106
107
109
110
111
113
114
115
116
117
120
121
122
124
125
126
127
128
130
131
132
133
134
135
136
137
138
139
140
141
142
143
144
145
146
147
148
149
150
151
152
153
154
156
158
159
160
161
162
163
164
165
167
168
169
170
171
172
176
177
178
179
180
181
182
183
184
185
186
187
188
189
190
191
192
194
195
196
197
198
199
200
201
202
203
204
205
206
207
208
209
210
211
212
213
214
215
216
217
218
219
220
221
222
223
224
225
226
227
228
229
230
231
232
233
234
235
236
237
238
239
240
241
242
243
244
245
246
247
249
250
251
252
253
255
256
257
258
259
261
263
264
265
266
267
268
269
270
271
272
273
274
275
278
279
280
281
282
283
284
285
286
288
289
290
291
292
293
294
295
298
299
300
301
302
303
304
305
306
307
308
309
310
311
312
313
314
316
317
319
320
321
323
324
325
326
327
328
329
330
331
332
334
335
336
337
338
339
340
342
343
344
346
347
348
349
350
351
352
353
354
355
357
358
359
360
361
362
363
364
365
366
367
368
369
370
371
372
373
374
375
376
377
378
379
381
382
383
384
385
387
388
389
391
392
393
394
395
396
397
398
401
402
403
404
405
406
407
408
409
410
411
412
413
414
415
416
417
418
419
420
421
422
423
424
426
427
428
429
432
433
434
435
436
438
441
442
443
444
445
446
447
448
449
450
451
452
453
454
455
456
457
458
459
460
461
462
463
464
465
466
468
469
470
472
473
475
476
477
479
480
482
483
484
485
486
487
488
489
490
491
492
493
494
495
496
497
498
499
500
501
502
503
505
506
508
509
510
511
512
514
515
516
517
518
519
520
521
522
523
524
526
527
528
529
530
531
532
533
534
535
536
537
538
539
540
541
542
543
544
545
546
547
548
549
550
551
552
554
555
556
557
558
559
560
561
562
563
564
565
566
567
568
569
572
573
574
575
577
578
579
580
581
583
584
585
586
587
588
589
590
591
592
594
595
597
598
599
600
601
602
603
604
605
606
607
608
609
610
611
612
613
614
616
617
618
619
620
622
623
624
625
626
627
628
629
630
631
632
633
634
635
636
638
639
640
641
642
643
645
646
647
648
650
651
653
654
656
657
658
659
660
661
662
663
664
665
666
668
669
670
672
673
675
676
678
680
681
682
683
684
685
686
687
689
690
691
692
694
697
698
699
700
702
703
704
705
708
711
712
713
714
715
716
717
719
720
721
722
723
724
725
726
727
728
729
730
731
732
734
735
736
737
738
739
740
743
744
746
747
748
749
751
752
754
757
759
760
761
762
763
764
765
766
767
769
770
771
772
773
774
775
776
780
783
790
795
796
799
800
801
802
803
806
808
809
815
817
818
822
824
827
832
837
838
839
840
842
843
845
846
847
848
850
852
855
856
858
859
860
864
866
867
868
871
872
874
875
876
877
879
881
882
883
885
886
888
889
892
894
895
897
898
901
902
903
905
908
909
910
911
914
915
916
917
918
922
923
924
925
927
928
929
931
932
934
935
938
940
945
946
947
949
950
951
953
955
958
959
960
961
963
965
966
968
970
972
974
976
977
978
979
982
983
985
986
987
988
991
992
1000
1001
1002
1003
1004
1006
1007
1008
1010
1012
1013
1014
1020
1021
1022
1023
1024
1025
1026
1029
1030
1032
1033
1034
1037
1038
1039
1041
1043
1044
1045
1046
1047
1049
1050
1051
1052
1054
1055
1060
1061
1063
1065
1066
1067
1069
1073
1076
1078
1079
1080
1081
1085
1087
1090
1091
1094
1095
1096
1097
1098
1100
1101
1103
1104
1108
1109
1111
1112
1113
1114
1116
1123
1128
1130
1131
1132
1133
1134
1138
1139
1141
1145
1147
1149
1154
1158
1161
1165
1168
1169
1173
1176
1177
1181
1182
1183
1184
1185
1186
1187
1188
1189
1191
1192
1193
1195
1196
1198
1201
1205
1209
1211
1212
1213
1217
1223
1224
1227
1229
1230
1231
1235
1236
1237
1238
1240
1243
1245
1247
1248
1250
1254
1259
1260
1261
1265
1266
1268
1269
1270
1271
1272
1273
1274
1275
1276
1277
1279
1280
1281
1282
1284
1285
1287
1290
1291
1292
1293
1296
1297
1298
1299
1300
1301
1302
1307
1309
1311
1312
1314
1315
1317
1318
1320
1329
1330
1333
1336
1338
1339
1340
1341
1343
1344
1348
1351
1355
1358
1359
1360
1361
1362
1363
1364
1365
1367
1368
1369
1370
1371
1372
1374
1378
1379
1380
1381
1383
1384
1387
1388
1389
1392
1393
1395
1397
1398
1399
1400
1401
1403
1406
1407
1413
1416
1417
1418
1421
1425
1426
1427
1430
1432
1433
1435
1442
1446
1448
1449
1451
1452
1453
1454
1457
1458
1459
1461
1462
1463
1464
1466
1467
1468
1469
1472
1473
1474
1475
1478
1479
1480
1481
1482
1483
1484
1485
1486
1488
1489
1491
1492
1494
1496
1497
1499
1500
1501
1503
1505
1506
1509
1510
1512
1513
1514
1515
1517
1518
1519
1523
1524
1525
1526
1527
1528
1530
1531
1533
1539
1541
1542
1543
1544
1545
1549
1551
1553
1556
1558
1560
1562
1563
1564
1565
1566
1567
1568
1569
1576
1580
1585
1589
1590
1591
1593
1594
1595
1597
1598
1599
1600
1601
1602
1603
1604
1605
1606
1607
1608
1609
1611
1615
1617
1618
1619
1620
1621
1622
1623
1624
1627
1629
1631
1632
1633
1637
1640
1642
1643
1644
1646
1647
1649
1652
1656
1658
1659
1660
1662
1663
1667
1668
1669
1670
1671
1672
1675
1676
1677
1682
1683
1684
1685
1687
1689
1690
1693
1695
1696
1697
1698
1699
1702
1703
1704
1716
1717
1718
1721
1722
1723
1726
1730
1733
1735
1737
1738
1739
1742
1747
1748
1750
1751
1753
1754
1755
1757
1759
1760
1762
1764
1766
1769
1770
1773
1776
1779
1782
1783
1785
1787
1788
1791
1792
1794
1795
1796
1798
1801
1803
1804
1806
1808
1810
1813
1814
1818
1819
1821
1823
1827
1828
1830
1836
1837
1838
1839
1840
1841
1845
1846
1847
1848
1850
1851
1854
1855
1856
1858
1862
1863
1864
1865
1869
1871
1879
1880
1882
1883
1886
1888
1889
1892
1894
1898
1901
1907
1908
1911
1912
1914
1917
1922
1923
1925
1926
1927
1928
1930
1932
1934
1936
1938
1940
1941
1942
1943
1944
1946
1949
1951
1952
1953
1957
1958
1961
1962
1965
1968
1970
1971
1972
1976
1977
1979
1982
1986
1992
1993
1994
1996
1997
1999
2000
2002
2004
2006
2007
2009
2011
2012
2015
2021
2022
2023
2024
2031
2032
2033
2034
2037
2038
2041
2044
2045
2046
2050
2052
2053
2055
2057
2058
2059
2060
2061
2062
2065
2067
2068
2069
2071
2072
2073
2074
2077
2078
2079
2080
2081
2083
2084
2085
2088
2089
2091
2093
2095
2096
2099
2100
2101
2102
2103
2104
2105
2108
2109
2110
2112
2113
2114
2116
2118
2119
2120
2125
2126
2127
2128
2129
2130
2131
2133
2134
2135
2136
2137
2138
2145
2146
2147
2148
2149
2150
2151
2152
2155
2156
2157
2162
2163
2164
2165
2166
2170
2171
2179
2180
2181
2185
2187
2190
2191
2192
2193
2195
2197
2200
2201
2202
2203
2207
2208
2209
2210
2211
2218
2221
2223
2225
2226
2234
2236
2238
2239
2245
2247
2250
2256
2257
2259
2260
2262
2263
2266
2267
2268
2270
2271
2273
2276
2277
2278
2279
2280
2282
2286
2287
2288
2289
2291
2292
2294
2295
2296
2297
2298
2301
2304
2306
2308
2309
2310
2311
2312
2313
2314
2315
2316
2319
2321
2322
2323
2324
2325
2326
2327
2329
2330
2331
2332
2333
2334
2335
2336
2337
2339
2340
2343
2345
2347
2348
2349
2351
2352
2353
2354
2355
2356
2357
2358
2360
2361
2362
2363
2364
2366
2367
2370
2371
2374
2375
2376
2378
2380
2383
2386
2389
2390
2393
2394
2396
2398
2399
2400
2401
2402
2403
2404
2405
2406
2407
2408
2409
2412
2413
2417
2419
2420
2423
2427
2428
2429
2430
2431
2432
2433
2436
2437
2439
2440
2442
2444
2447
2448
2450
2452
2453
2459
2460
2462
2464
2465
2466
2467
2471
2472
2474
2476
2477
2479
2481
2483
2484
2485
2487
2489
2490
2493
2494
2495
2499
2500
2502
2504
2505
2507
2508
2509
2514
2515
2517
2519
2521
2523
2524
2525
2529
2530
2533
2534
2537
2538
2541
2542
2545
2546
2548
2549
2552
2553
2555
2557
2559
2560
2561
2565
2566
2567
2569
2570
2571
2572
2573
2574
2579
2580
2582
2583
2584
2585
2586
2587
2588
2590
2592
2594
2596
2597
2598
2600
2601
2604
2605
2607
2608
2609
2610
2612
2614
2616
2618
2620
2621
2622
2625
2626
2627
2628
2629
2631
2633
2634
2635
2637
2638
2639
2640
2641
2644
2646
2648
2650
2651
2652
2654
2655
2656
2657
2660
2662
2664
2665
2666
2667
2668
2671
2672
2674
2675
2676
2678
2679
2680
2681
2683
2685
2687
2689
2690
2691
2692
2693
2695
2696
2697
2698
2699
2700
2702
2705
2706
2707
2708
2709
2710
2711
2712
2713
2714
2715
2717
2718
2719
2720
2721
2722
2723
2724
2726
2727
2730
2731
2733
2737
2738
2739
2740
2741
2742
2743
2744
2745
2746
2747
2749
2751
2752
2753
2754
2759
2764
2766
2767
2770
2773
2774
2775
2776
2777
2778
2779
2780
2781
2782
2784
2786
2787
2788
2789
2790
2791
2793
2795
2797
2798
2799
2800
2801
2802
2803
2804
2805
2807
2808
2810
2811
2812
2813
2814
2817
2820
2821
2824
2826
2828
2830
2831
2832
2833
2835
2836
2837
2838
2840
2841
2843
2845
2846
2847
2848
2849
2850
2851
2852
2853
2854
2855
2856
2857
2859
2861
2862
2863
2865
2866
2867
2870
2871
2872
2873
2875
2876
2877
2879
2880
2883
2884
2888
2890
2891
2892
2893
2897
2898
2900
2901
2902
2903
2904
2905
2906
2908
2910
2911
2912
2914
2915
2916
2917
2922
2927
2928
2929
2931
2932
2934
2935
2936
2937
2940
2941
2942
2944
2945
2946
2947
2948
2949
2950
2951
2952
2953
2954
2957
2959
2961
2963
2965
2966
2967
2969
2971
2972
2974
2975
2976
2977
2980
2981
2982
2983
2984
2985
2988
2989
2990
2991
2992
2993
2994
2996
2997
2998
3002
3003
3004
3006
3007
3008
3011
3012
3013
3016
3017
3018
3019
3020
3021
3023
3024
3025
3026
3027
3028
3029
3030
3031
3032
3033
3034
3038
3040
3041
3042
3045
3047
3048
3049
3050
3052
3054
3055
3056
3057
3058
3059
3063
3065
3066
3067
3069
3072
3073
3075
3076
3077
3078
3080
3081
3082
3084
3085
3086
3087
3090
3091
3093
3094
3095
3099
3101
3102
3103
3104
3107
3108
3109
3112
3113
3114
3115
3116
3117
3118
3122
3123
3124
3127
3128
3129
3130
3132
3133
3134
3135
3136
3138
3139
3140
3141
3144
3145
3146
3147
3148
3149
3152
3153
3154
3156
3157
3158
3164
3165
3167
3168
3169
3170
3172
3173
3174
3175
3176
3177
3178
3179
3180
3181
3182
3185
3188
3190
3192
3193
3194
3200
3201
3202
3203
3205
3206
3207
3208
3209
3210
3211
3212
3213
3214
3215
3216
3217
3219
3220
3221
3222
3223
3224
3227
3229
3232
3233
3238
3240
3241
3243
3244
3246
3247
3248
3249
3251
3252
3254
3256
3257
3260
3271
3272
3275
3278
3279
3280
3281
3283
3284
3285
3286
3287
3290
3292
3293
3294
3296
3298
3302
3304
3306
3308
3312
3313
3314
3315
3316
3318
3319
3320
3321
3322
3323
3327
3328
3329
3330
3331
3333
3334
3336
3337
3338
3340
3342
3344
3347
3348
3349
3352
3353
3354
3355
3359
3360
3361
3362
3363
3364
3366
3367
3368
3369
3370
3371
3372
3374
3375
3376
3377
3379
3381
3386
3388
3391
3392
3393
3395
3396
3397
3399
3401
3403
3404
3406
3407
3408
3409
3410
3411
3412
3414
3416
3417
3418
3420
3424
3425
3426
3427
3428
3429
3431
3432
3433
3435
3437
3438
3439
3440
3441
3442
3443
3444
3445
3446
3447
3448
3450
3451
3452
3453
3454
3456
3457
3458
3461
3462
3463
3464
3466
3467
3468
3469
3470
3471
3472
3473
3476
3477
3480
3481
3482
3484
3485
3486
3488
3490
3491
3493
3494
3495
3496
3497
3498
3500
3502
3503
3504
3505
3506
3507
3509
3510
3512
3514
3515
3516
3517
3518
3519
3520
3522
3523
3525
3526
3528
3529
3530
3532
3533
3535
3537
3538
3539
3541
3542
3544
3545
3551
3552
3553
3555
3556
3557
3560
3563
3565
3567
3568
3569
3570
3571
3572
3574
3575
3576
3578
3579
3580
3582
3583
3584
3587
3589
3591
3592
3594
3595
3597
3599
3600
3602
3603
3604
3605
3606
3608
3609
3610
3612
3617
3618
3619
3620
3621
3622
3623
3625
3627
3628
3629
3630
3631
3632
3634
3635
3636
3637
3640
3642
3643
3646
3648
3652
3653
3655
3656
3657
3659
3660
3665
3666
3668
3673
3678
3683
3684
3685
3686
3687
3688
3689
3690
3691
3692
3695
3697
3699
3704
3705
3706
3710
3711
3712
3714
3715
3717
3718
3719
3720
3721
3722
3723
3724
3725
3726
3727
3728
3729
3730
3734
3740
3741
3742
3746
3747
3748
3754
3755
3756
3764
3765
3767
3768
3770
3771
3772
3773
3774
3777
3779
3781
3782
3783
3784
3785
3787
3788
3790
3791
3792
3794
3795
3796
3797
3798
3800
3801
3802
3803
3807
3808
3809
3810
3812
3813
3814
3815
3816
3817
3818
3819
3820
3821
3822
3823
3824
3825
3826
3828
3829
3830
3831
3832
3833
3834
3835
3837
3838
3839
3840
3842
3843
3844
3845
3849
3850
3852
3853
3854
3855
3856
3858
3861
3863
3865
3866
3867
3868
3869
3873
3874
3875
3877
3878
3879
3880
3881
3882
3883
3884
3885
3887
3892
3893
3894
3897
3898
3899
3900
3901
3902
3903
3904
3905
3906
3907
3908
3911
3912
3914
3915
3917
3919
3920
3921
3922
3923
3924
3927
3928
3930
3931
3932
3934
3935
3936
3937
3938
3939
3940
3941
3942
3943
3945
3946
3947
3948
3949
3950
3951
3952
3953
3954
3956
3957
3958
3959
3960
3961
3962
3963
3964
3966
3968
3969
3970
3971
3972
3974
3975
3977
3978
3979
3981
3984
3986
3987
3988
3989
3990
3991
3993
3994
3995
3996
3997
3998
3999
4000
4001
4002
4004
4005
4006
4007
4008
4009
4010
4011
4012
4013
4014
4015
4016
4017
4019
4020
4021
4022
4023
4024
4025
4027
4028
4029
4030
4031
4032
4033
4034
4036
4037
4041
4042
4043
4044
4046
4047
4048
4050
4051
4052
4053
4054
4056
4057
4058
4061
4062
4064
4065
4066
4067
4068
4069
4071
4072
4074
4075
4076
4077
4078
4081
4083
4084
4086
4087
4088
4089
4090
4092
4093
4094
4095
4096
4098
4100
4101
4102
4105
4109
4110
4111
4112
4113
4114
4116
4117
4119
4120
4121
4122
4123
4125
4127
4129
4130
4131
4132
4136
4137
4138
4139
4140
4141
4142
4145
4146
4147
4149
4150
4151
4153
4155
4156
4157
4158
4160
4161
4163
4165
4166
4168
4169
4170
4174
4175
4176
4178
4179
4180
4181
4182
4183
4184
4185
4186
4190
4192
4194
4195
4196
4200
4201
4204
4206
4208
4209
4210
4211
4212
4213
4214
4217
4218
4219
4220
4221
4222
4223
4225
4226
4227
4228
4229
4230
4231
4232
4234
4235
4236
4237
4238
4239
4240
4242
4245
4246
4248
4249
4251
4252
4253
4255
4256
4257
4261
4263
4264
4266
4269
4272
4273
4274
4275
4276
4277
4278
4279
4280
4282
4284
4286
4288
4289
4290
4291
4293
4294
4296
4297
4300
4301
4302
4303
4309
4310
4313
4315
4317
4318
4319
4320
4322
4323
4324
4325
4327
4329
4330
4331
4332
4334
4335
4336
4337
4339
4340
4341
4342
4343
4346
4349
4350
4351
4352
4353
4354
4356
4358
4359
4360
4361
4362
4364
4369
4372
4374
4376
4378
4379
4382
4383
4384
4385
4386
4389
4391
4392
4393
4394
4395
4396
4398
4399
4401
4403
4405
4407
4408
4410
4411
4413
4416
4417
4418
4419
4420
4421
4422
4424
4425
4426
4427
4428
4429
4430
4432
4433
4434
4435
4436
4437
4438
4439
4440
4441
4442
4443
4446
4447
4448
4449
4450
4451
4452
4453
4454
4455
4456
4460
4461
4462
4463
4464
4465
4466
4469
4470
4471
4472
4473
4475
4476
4478
4479
4480
4481
4482
4484
4485
4486
4487
4488
4489
4491
4492
4494
4496
4497
4498
4499
4505
4506
4507
4509
4510
4513
4514
4515
4517
4518
4519
4520
4522
4523
4524
4525
4526
4528
4529
4532
4533
4534
4535
4536
4537
4538
4539
4540
4541
4542
4543
4544
4545
4546
4547
4548
4549
4550
4553
4554
4555
4556
4557
4560
4562
4563
4564
4565
4566
4567
4568
4569
4571
4573
4575
4576
4577
4578
4579
4580
4581
4582
4583
4584
4588
4590
4591
4592
4593
4595
4596
4597
4598
4599
4602
4603
4604
4605
4606
4607
4608
4609
4610
4612
4613
4614
4615
4617
4618
4619
4621
4622
4624
4625
4626
4628
4629
4630
4634
4635
4636
4637
4638
4639
4640
4641
4642
4643
4644
4646
4647
4648
4649
4652
4653
4654
4656
4657
4658
4659
4660
4661
4663
4666
4667
4669
4670
4671
4678
4679
4681
4682
4685
4686
4687
4688
4690
4691
4692
4693
4699
4701
4703
4705
4706
4709
4711
4712
4713
4714
4715
4717
4718
4719
4722
4724
4725
4727
4728
4729
4730
4732
4733
4734
4737
4739
4740
4741
4742
4744
4745
4748
4749
4750
4751
4752
4753
4755
4758
4759
4760
4763
4764
4765
4767
4768
4769
4771
4772
4774
4776
4778
4780
4781
4782
4784
4785
4786
4787
4788
4789
4792
4794
4796
4797
4798
4799
4801
4802
4803
4804
4806
4807
4808
4809
4811
4812
4814
4816
4817
4818
4819
4821
4822
4824
4825
4826
4827
4828
4831
4832
4833
4834
4836
4837
4838
4839
4840
4842
4843
4844
4845
4846
4848
4849
4850
4853
4855
4857
4858
4860
4861
4862
4864
4865
4866
4867
4868
4871
4873
4874
4876
4877
4880
4881
4883
4886
4889
4890
4891
4892
4894
4895
4896
4898
4899
4900
4901
4903
4905
4908
4909
4911
4912
4913
4915
4919
4920
4921
4922
4925
4933
4934
4935
4937
4938
4939
4940
4941
4942
4944
4946
4947
4948
4950
4951
4952
4953
4954
4955
4958
4961
4962
4963
4965
4967
4971
4972
4973
4974
4975
4976
4977
4980
4981
4982
4984
4985
4986
4987
4989
4990
4991
4992
4993
4994
4995
4996
4997
4998
5000
5002
5003
5005
5007
5009
5011
5012
5013
5016
5018
5019
5020
5021
5022
5023
5024
5025
5026
5028
5030
5032
5033
5034
5035
5036
5038
5039
5041
5042
5044
5045
5046
5048
5049
5051
5053
5055
5056
5057
5059
5060
5061
5062
5063
5065
5067
5068
5069
5072
5073
5075
5076
5077
5078
5084
5087
5089
5091
5092
5095
5096
5102
5103
5104
5107
5109
5115
5116
5119
5121
5122
5123
5125
5126
5127
5128
5130
5132
5134
5137
5138
5139
5143
5147
5148
5149
5150
5151
5152
5155
5156
5157
5158
5159
5160
5161
5163
5164
5165
5167
5169
5170
5172
5173
5174
5175
5176
5178
5179
5181
5182
5184
5185
5186
5187
5189
5190
5192
5193
5195
5201
5202
5203
5204
5205
5207
5208
5210
5211
5212
5215
5216
5217
5218
5219
5220
5221
5222
5223
5224
5225
5227
5228
5229
5230
5231
5232
5237
5238
5239
5240
5241
5242
5243
5244
5248
5249
5250
5251
5252
5253
5255
5256
5258
5259
5260
5261
5262
5264
5265
5266
5268
5270
5271
5272
5273
5274
5276
5278
5279
5280
5281
5282
5283
5284
5285
5289
5290
5291
5292
5293
5296
5297
5298
5299
5300
5301
5302
5303
5304
5308
5309
5311
5312
5313
5315
5316
5317
5319
5320
5321
5322
5323
5328
5330
5332
5333
5334
5335
5336
5337
5338
5339
5340
5342
5345
5346
5347
5348
5350
5351
5352
5354
5355
5356
5358
5359
5360
5361
5362
5363
5364
5365
5367
5369
5370
5371
5372
5374
5377
5380
5381
5382
5383
5385
5386
5388
5390
5391
5392
5393
5394
5395
5397
5398
5399
5400
5402
5403
5404
5405
5406
5407
5408
5410
5413
5417
5418
5419
5420
5421
5422
5423
5424
5426
5427
5428
5429
5430
5435
5436
5437
5438
5439
5440
5442
5443
5444
5446
5448
5449
5450
5451
5452
5454
5455
5456
5457
5458
5459
5460
5461
5462
5463
5464
5466
5467
5468
5470
5473
5474
5475
5476
5477
5478
5479
5481
5484
5485
5486
5487
5489
5491
5493
5495
5496
5497
5498
5499
5500
5501
5502
5505
5506
5507
5510
5511
5512
5513
5514
5515
5516
5518
5519
5520
5521
5522
5523
5524
5525
5526
5527
5529
5531
5534
5535
5536
5538
5541
5542
5543
5544
5545
5546
5547
5548
5549
5554
5555
5556
5559
5561
5563
5564
5566
5567
5568
5569
5570
5571
5572
5574
5575
5576
5578
5579
5580
5581
5582
5583
5584
5585
5586
5587
5589
5590
5592
5594
5595
5596
5598
5599
5600
5601
5604
5606
5608
5609
5610
5611
5612
5614
5616
5617
5618
5619
5620
5621
5622
5623
5624
5626
5627
5628
5629
5630
5631
5635
5636
5638
5639
5640
5642
5645
5646
5648
5652
5655
5657
5658
5659
5660
5661
5664
5665
5666
5667
5668
5670
5671
5672
5673
5676
5677
5679
5680
5681
5682
5683
5684
5685
5686
5688
5691
5692
5693
5694
5695
5698
5699
5700
5701
5704
5705
5706
5707
5708
5710
5711
5712
5713
5714
5715
5716
5717
5719
5720
5721
5722
5723
5724
5725
5726
5727
5729
5731
5733
5735
5737
5738
5739
5740
5741
5742
5743
5744
5745
5746
5747
5748
5749
5750
5751
5752
5753
5755
5756
5757
5758
5761
5762
5763
5766
5767
5768
5769
5770
5771
5773
5774
5775
5776
5777
5778
5779
5780
5782
5784
5785
5787
5788
5789
5790
5791
5792
5793
5795
5796
5798
5800
5801
5802
5803
5804
5806
5807
5808
5809
5810
5811
5812
5814
5815
5818
5820
5822
5823
5824
5827
5829
5830
5832
5833
5834
5835
5836
5839
5840
5841
5842
5844
5845
5846
5847
5850
5854
5855
5856
5857
5858
5859
5860
5861
5862
5864
5867
5868
5869
5870
5871
5872
5873
5874
5875
5876
5877
5878
5879
5881
5883
5886
5887
5888
5889
5891
5893
5894
5895
5896
5898
5901
5902
5903
5904
5905
5906
5907
5908
5909
5910
5911
5912
5913
5915
5918
5919
5924
5926
5927
5928
5929
5931
5932
5933
5934
5937
5939
5940
5941
5942
5943
5944
5945
5947
5948
5950
5951
5952
5953
5954
5956
5957
5959
5961
5964
5965
5966
5967
5968
5969
5970
5971
5972
5973
5974
5975
5976
5977
5978
5980
5982
5983
5984
5986
5987
5988
5990
5992
5994
5997
5999
6000
6001
6002
6003
6004
6005
6006
6007
6008
6009
6011
6012
6013
6014
6016
6017
6018
6019
6020
6021
6024
6026
6027
6028
6029
6030
6033
6036
6037
6038
6040
6042
6043
6044
6045
6046
6048
6049
6050
6051
6052
6053
6054
6055
6058
6059
6060
6061
6062
6063
6064
6065
6067
6070
6071
6072
6075
6077
6078
6081
6082
6084
6087
6089
6090
6091
6092
6097
6098
6099
6100
6103
6104
6108
6109
6111
6117
6120
6122
6123
6126
6127
6128
6130
6131
6133
6134
6135
6136
6137
6139
6140
6141
6142
6143
6145
6146
6148
6149
6150
6153
6155
6157
6159
6160
6161
6162
6163
6165
6167
6169
6170
6171
6172
6173
6174
6175
6176
6178
6180
6181
6182
6183
6186
6187
6188
6189
6191
6192
6194
6195
6196
6197
6198
6199
6200
6201
6204
6206
6208
6209
6210
6211
6212
6214
6215
6218
6219
6220
6221
6222
6223
6225
6226
6229
6230
6231
6232
6233
6234
6235
6237
6239
6241
6242
6243
6245
6246
6248
6250
6251
6253
6254
6255
6256
6257
6258
6259
6260
6261
6262
6264
6265
6266
6267
6268
6269
6270
6271
6272
6273
6274
6275
6276
6277
6278
6279
6280
6282
6283
6285
6286
6287
6289
6290
6291
6292
6293
6294
6296
6301
6302
6303
6304
6305
6306
6307
6309
6311
6313
6314
6315
6316
6317
6318
6319
6321
6322
6323
6324
6325
6326
6327
6329
6330
6331
6332
6334
6335
6336
6337
6338
6339
6340
6341
6344
6347
6348
6350
6352
6353
6354
6355
6356
6357
6358
6359
6360
6362
6363
6364
6365
6366
6368
6370
6371
6372
6373
6374
6375
6376
6377
6378
6379
6380
6381
6382
6383
6384
6385
6386
6387
6388
6390
6391
6392
6393
6394
6395
6396
6397
6398
6399
6400
6402
6403
6405
6406
6407
6408
6409
6410
6411
6412
6414
6415
6417
6418
6419
6420
6421
6422
6423
6424
6425
6426
6427
6428
6429
6430
6431
6433
6434
6435
6436
6437
6438
6440
6441
6442
6444
6445
6446
6447
6448
6449
6450
6451
6452
6453
6454
6455
6456
6457
6460
6461
6462
6465
6466
6468
6470
6471
6472
6473
6474
6475
6476
6477
6478
6481
6482
6483
6484
6487
6488
6489
6490
6491
6492
6493
6494
6496
6499
6501
6502
6503
6504
6505
6506
6507
6509
6510
6511
6512
6513
6514
6515
6516
6517
6518
6520
6521
6522
6523
6524
6525
6526
6527
6529
6530
6531
6532
6533
6534
6536
6537
6539
6540
6541
6542
6544
6545
6549
6550
6551
6554
6556
6558
6560
6562
6564
6566
6567
6568
6569
6571
6573
6574
6575
6576
6577
6578
6579
6580
6581
6582
6583
6584
6585
6586
6587
6588
6589
6591
6592
6593
6594
6596
6598
6599
6600
6601
6602
6604
6605
6606
6607
6608
6610
6611
6612
6613
6615
6617
6618
6621
6623
6624
6625
6626
6627
6629
6630
6631
6632
6633
6634
6635
6636
6638
6639
6643
6645
6646
6647
6648
6649
6651
6652
6653
6654
6655
6656
6657
6660
6661
6663
6665
6666
6667
6671
6672
6673
6674
6675
6676
6677
6678
6679
6681
6682
6684
6685
6686
6687
6688
6689
6691
6692
6693
6694
6696
6697
6699
6701
6702
6703
6704
6705
6707
6708
6709
6710
6711
6712
6713
6714
6715
6716
6717
6718
6719
6720
6721
6722
6723
6724
6725
6726
6727
6729
6730
6731
6732
6733
6734
6736
6739
6741
6743
6744
6745
6746
6747
6748
6751
6752
6754
6755
6756
6757
6758
6759
6761
6762
6764
6765
6766
6767
6769
6771
6772
6773
6774
6776
6777
6778
6779
6780
6784
6785
6787
6789
6790
6791
6792
6794
6795
6797
6798
6799
6800
6807
6808
6809
6810
6813
6815
6817
6818
6819
6821
6822
6825
6827
6828
6829
6833
6836
6837
6838
6840
6842
6843
6844
6845
6846
6847
6849
6850
6851
6853
6854
6857
6858
6860
6864
6865
6866
6867
6868
6869
6870
6871
6872
6874
6875
6876
6877
6878
6879
6880
6882
6883
6884
6885
6888
6889
6890
6891
6892
6894
6895
6896
6897
6898
6899
6900
6901
6903
6904
6905
6907
6909
6910
6912
6916
6917
6918
6919
6922
6926
6927
6930
6931
6932
6934
6935
6936
6937
6938
6940
6941
6942
6943
6944
6945
6946
6948
6949
6950
6951
6952
6953
6954
6955
6956
6957
6958
6959
6960
6961
6962
6963
6964
6965
6966
6968
6969
6970
6972
6973
6975
6976
6977
6978
6979
6980
6981
6984
6985
6986
6987
6988
6989
6991
6994
6995
6996
6997
6998
7000
7001
7002
7003
7005
7006
7007
7009
7010
7011
7014
7015
7018
7020
7023
7024
7026
7027
7029
7030
7031
7032
7033
7034
7035
7036
7038
7042
7044
7046
7047
7048
7049
7050
7051
7053
7054
7055
7056
7057
7059
7061
7062
7063
7064
7065
7066
7068
7069
7070
7071
7073
7074
7075
7076
7079
7080
7081
7082
7083
7085
7086
7088
7089
7090
7091
7092
7093
7094
7095
7096
7097
7098
7099
7100
7101
7102
7103
7106
7107
7108
7110
7112
7113
7114
7115
7121
7123
7124
7125
7126
7131
7134
7135
7136
7138
7140
7141
7143
7145
7149
7150
7152
7153
7155
7156
7157
7159
7163
7165
7167
7168
7171
7173
7174
7175
7176
7177
7178
7184
7185
7186
7187
7188
7189
7190
7192
7193
7195
7196
7197
7200
7201
7203
7205
7206
7207
7208
7209
7210
7212
7213
7215
7216
7217
7218
7221
7222
7224
7227
7229
7230
7231
7232
7233
7234
7235
7237
7238
7239
7241
7243
7244
7245
7246
7247
7248
7250
7251
7254
7257
7258
7259
7260
7261
7262
7263
7264
7267
7268
7270
7271
7272
7274
7275
7277
7278
7279
7280
7282
7283
7284
7285
7286
7287
7288
7290
7291
7292
7294
7295
7297
7298
7299
7300
7302
7303
7304
7305
7306
7309
7310
7312
7313
7314
7315
7317
7318
7319
7321
7322
7325
7327
7328
7330
7333
7334
7335
7336
7337
7338
7339
7340
7342
7343
7344
7345
7347
7348
7349
7350
7351
7352
7353
7355
7356
7358
7360
7361
7363
7364
7365
7366
7367
7369
7371
7373
7374
7375
7377
7379
7380
7381
7382
7383
7384
7386
7389
7390
7392
7393
7394
7395
7400
7402
7403
7405
7406
7407
7408
7410
7411
7412
7414
7417
7418
7419
7420
7423
7425
7426
7427
7428
7429
7430
7431
7432
7433
7436
7439
7442
7446
7447
7449
7450
7452
7453
7454
7455
7456
7461
7465
7467
7468
7469
7471
7472
7473
7474
7475
7476
7478
7479
7481
7482
7484
7485
7486
7487
7488
7490
7491
7493
7494
7497
7501
7502
7503
7504
7505
7506
7507
7508
7509
7510
7511
7513
7514
7515
7516
7517
7518
7521
7522
7524
7526
7527
7528
7529
7530
7533
7534
7535
7537
7538
7540
7541
7546
7547
7549
7550
7551
7552
7553
7554
7556
7558
7561
7562
7564
7566
7567
7569
7570
7573
7575
7577
7578
7579
7580
7581
7583
7584
7589
7590
7592
7594
7596
7597
7598
7599
7600
7601
7602
7603
7604
7605
7606
7607
7608
7609
7610
7611
7612
7613
7614
7615
7616
7617
7618
7619
7620
7621
7622
7623
7624
7626
7628
7629
7630
7631
7632
7634
7635
7636
7637
7639
7640
7641
7642
7643
7644
7646
7647
7648
7649
7650
7651
7653
7654
7655
7657
7659
7661
7662
7663
7664
7666
7667
7668
7670
7671
7673
7674
7675
7676
7677
7679
7680
7681
7682
7683
7684
7686
7692
7693
7694
7695
7696
7698
7700
7702
7703
7706
7707
7710
7711
7712
7713
7714
7715
7717
7719
7720
7722
7724
7725
7726
7727
7729
7730
7731
7733
7734
7735
7736
7737
7738
7739
7740
7741
7742
7743
7744
7745
7746
7748
7749
7750
7751
7752
7753
7754
7755
7756
7757
7758
7760
7761
7763
7764
7765
7766
7771
7772
7773
7775
7776
7777
7778
7779
7782
7783
7785
7787
7788
7789
7791
7792
7793
7794
7795
7796
7797
7798
7799
7801
7802
7803
7804
7806
7808
7809
7810
7813
7814
7815
7816
7817
7818
7819
7820
7821
7822
7823
7824
7827
7828
7829
7830
7831
7832
7833
7834
7836
7837
7838
7840
7841
7842
7846
7848
7849
7851
7853
7854
7855
7856
7859
7860
7861
7863
7865
7867
7869
7870
7871
7873
7874
7875
7877
7878
7879
7880
7881
7883
7885
7886
7887
7888
7889
7890
7892
7896
7898
7899
7900
7901
7902
7904
7905
7906
7907
7908
7910
7911
7913
7914
7915
7916
7918
7919
7920
7921
7922
7923
7924
7925
7926
7927
7928
7929
7930
7931
7932
7933
7934
7935
7936
7938
7939
7940
7942
7943
7944
7947
7948
7949
7951
7952
7953
7954
7955
7956
7957
7958
7959
7960
7961
7962
7963
7964
7965
7966
7967
7968
7970
7971
7973
7974
7975
7977
7980
7981
7982
7983
7984
7986
7987
7988
7990
7991
7992
7994
7996
7998
8000
8001
8002
8003
8004
8006
8007
8010
8011
8012
8013
8014
8015
8016
8017
8019
8021
8025
8026
8030
8031
8032
8033
8034
8036
8037
8038
8040
8044
8045
8046
8047
8048
8049
8050
8053
8054
8056
8057
8059
8060
8062
8063
8064
8065
8066
8067
8068
8070
8071
8072
8073
8074
8076
8078
8079
8080
8081
8082
8083
8084
8086
8088
8090
8091
8092
8093
8094
8095
8096
8097
8100
8101
8102
8103
8104
8106
8107
8108
8111
8112
8113
8116
8117
8118
8119
8120
8121
8122
8123
8124
8126
8128
8130
8131
8132
8134
8135
8136
8137
8138
8139
8140
8141
8143
8144
8145
8147
8148
8149
8150
8151
8152
8153
8155
8156
8157
8159
8163
8164
8165
8166
8167
8168
8169
8170
8172
8173
8174
8175
8176
8177
8178
8179
8180
8181
8182
8183
8185
8186
8187
8188
8189
8190
8191
8192
8194
8195
8196
8197
8198
8199
8200
8201
8202
8203
8204
8205
8206
8207
8208
8209
8210
8215
8216
8218
8219
8220
8221
8223
8224
8227
8228
8229
8230
8231
8232
8234
8235
8236
8237
8238
8239
8240
8241
8242
8243
8244
8245
8246
8247
8249
8250
8252
8253
8254
8255
8257
8258
8259
8261
8262
8263
8266
8267
8268
8269
8270
8271
8272
8273
8274
8275
8278
8279
8280
8282
8283
8284
8285
8286
8287
8288
8289
8290
8291
8292
8293
8294
8295
8297
8298
8299
8300
8301
8304
8305
8306
8307
8308
8309
8310
8311
8312
8313
8314
8315
8316
8317
8318
8319
8320
8321
8322
8323
8324
8325
8326
8327
8328
8329
8330
8332
8333
8334
8335
8336
8337
8338
8339
8340
8342
8343
8344
8345
8346
8347
8348
8349
8351
8352
8353
8354
8355
8356
8357
8358
8359
8361
8364
8365
8366
8367
8368
8369
8371
8372
8374
8376
8378
8379
8380
8381
8382
8383
8385
8386
8387
8388
8391
8392
8394
8395
8397
8398
8399
8402
8403
8405
8406
8407
8408
8409
8410
8411
8412
8413
8414
8415
8416
8417
8418
8419
8420
8421
8422
8423
8424
8425
8426
8427
8428
8429
8432
8433
8434
8435
8436
8437
8439
8440
8441
8442
8444
8445
8446
8447
8448
8449
8450
8451
8452
8453
8455
8456
8457
8458
8459
8460
8463
8464
8465
8468
8470
8471
8472
8473
8474
8476
8477
8479
8480
8481
8482
8483
8484
8485
8486
8488
8489
8490
8491
8492
8493
8494
8496
8497
8498
8499
8501
8502
8503
8505
8506
8507
8509
8510
8512
8513
8514
8515
8517
8518
8520
8521
8523
8524
8526
8527
8528
8530
8531
8532
8533
8534
8535
8536
8537
8538
8541
8543
8544
8545
8546
8547
8548
8549
8551
8552
8553
8554
8556
8557
8558
8559
8561
8562
8563
8565
8566
8567
8568
8570
8572
8573
8574
8575
8577
8580
8583
8584
8585
8586
8587
8588
8589
8591
8592
8593
8594
8595
8597
8598
8601
8602
8604
8605
8606
8607
8608
8609
8611
8612
8613
8615
8616
8617
8618
8620
8623
8625
8626
8629
8630
8631
8632
8633
8634
8635
8636
8637
8638
8639
8641
8642
8643
8644
8645
8647
8649
8650
8651
8654
8655
8656
8657
8659
8665
8667
8668
8669
8670
8672
8673
8674
8675
8676
8677
8678
8679
8680
8682
8685
8686
8687
8688
8689
8690
8691
8692
8694
8695
8696
8697
8698
8699
8700
8701
8702
8705
8707
8708
8709
8711
8712
8714
8715
8716
8717
8718
8719
8721
8722
8723
8724
8725
8726
8728
8730
8731
8732
8733
8735
8736
8737
8738
8739
8740
8741
8742
8744
8745
8747
8748
8749
8750
8751
8752
8753
8755
8756
8757
8758
8759
8762
8764
8766
8767
8768
8769
8770
8771
8773
8774
8775
8777
8778
8779
8781
8782
8783
8784
8785
8786
8787
8788
8789
8790
8791
8792
8794
8795
8796
8797
8798
8800
8801
8802
8803
8806
8807
8809
8811
8812
8815
8816
8817
8819
8821
8822
8823
8825
8826
8827
8828
8829
8832
8833
8834
8835
8836
8837
8838
8842
8843
8844
8845
8846
8847
8848
8851
8852
8853
8854
8856
8857
8858
8859
8860
8861
8862
8865
8866
8867
8868
8869
8870
8871
8872
8874
8875
8876
8878
8879
8880
8881
8882
8883
8884
8885
8886
8887
8889
8890
8891
8892
8893
8895
8896
8897
8898
8899
8900
8901
8902
8903
8904
8905
8906
8907
8909
8911
8912
8913
8914
8916
8918
8919
8920
8921
8922
8923
8924
8926
8927
8928
8929
8930
8931
8932
8933
8934
8936
8937
8938
8939
8940
8941
8944
8945
8948
8950
8951
8952
8953
8955
8957
8958
8959
8961
8962
8965
8966
8967
8968
8969
8970
8972
8973
8975
8976
8977
8978
8979
8980
8981
8982
8983
8984
8985
8986
8987
8988
8990
8991
8993
8994
8995
8997
8998
8999
9000
9001
9002
9003
9004
9005
9006
9008
9009
9010
9011
9012
9013
9015
9017
9018
9019
9020
9021
9023
9024
9025
9026
9027
9029
9031
9033
9034
9035
9036
9037
9038
9039
9040
9042
9045
9046
9047
9048
9049
9050
9052
9053
9054
9055
9056
9057
9058
9060
9061
9062
9063
9064
9065
9066
9067
9068
9069
9071
9072
9073
9076
9077
9079
9081
9083
9085
9086
9087
9089
9091
9092
9093
9094
9095
9096
9097
9098
9101
9102
9103
9104
9105
9106
9107
9108
9112
9113
9114
9115
9116
9117
9118
9119
9122
9123
9125
9127
9129
9131
9132
9133
9134
9137
9138
9139
9140
9141
9142
9144
9147
9148
9149
9151
9152
9153
9156
9158
9160
9161
9162
9163
9164
9165
9167
9168
9169
9170
9172
9173
9174
9175
9178
9180
9181
9182
9183
9185
9186
9187
9188
9189
9190
9191
9192
9195
9196
9198
9199
9201
9202
9203
9205
9206
9207
9208
9209
9210
9211
9212
9213
9214
9216
9218
9219
9220
9221
9222
9223
9225
9226
9228
9229
9230
9231
9232
9233
9234
9235
9236
9237
9238
9239
9240
9241
9242
9245
9246
9247
9248
9249
9250
9252
9253
9256
9257
9258
9259
9261
9262
9263
9265
9266
9267
9268
9269
9270
9271
9272
9273
9274
9275
9276
9277
9278
9279
9280
9281
9283
9284
9285
9286
9287
9288
9289
9291
9292
9294
9295
9296
9298
9299
9300
9301
9302
9303
9304
9305
9307
9310
9311
9312
9313
9316
9318
9319
9320
9321
9322
9323
9324
9325
9326
9327
9329
9330
9332
9333
9336
9337
9339
9341
9342
9344
9345
9346
9347
9348
9349
9351
9352
9353
9354
9355
9356
9357
9358
9360
9361
9362
9364
9365
9366
9367
9368
9369
9370
9371
9372
9373
9374
9375
9376
9377
9378
9379
9381
9382
9385
9386
9387
9392
9393
9394
9396
9397
9398
9399
9400
9404
9405
9408
9409
9410
9411
9412
9414
9415
9417
9418
9419
9420
9422
9423
9425
9426
9427
9429
9430
9431
9432
9433
9434
9435
9436
9437
9439
9440
9441
9442
9443
9444
9445
9446
9447
9448
9450
9451
9452
9453
9454
9457
9459
9460
9462
9464
9465
9466
9467
9468
9469
9470
9472
9473
9474
9476
9479
9480
9481
9483
9484
9485
9486
9488
9490
9491
9492
9494
9495
9497
9499
9500
9501
9502
9503
9504
9505
9506
9507
9508
9509
9510
9512
9513
9514
9515
9517
9518
9519
9520
9522
9523
9524
9525
9526
9528
9529
9530
9531
9532
9534
9535
9536
9537
9538
9539
9540
9541
9542
9543
9544
9546
9547
9548
9550
9551
9554
9555
9556
9559
9562
9564
9565
9567
9568
9570
9571
9572
9574
9575
9576
9577
9578
9579
9580
9581
9582
9583
9584
9585
9587
9588
9589
9590
9592
9593
9594
9595
9596
9597
9598
9599
9600
9601
9602
9603
9604
9605
9606
9607
9608
9609
9610
9611
9612
9613
9616
9617
9618
9619
9620
9621
9623
9624
9625
9627
9629
9631
9632
9633
9634
9635
9636
9637
9638
9640
9641
9642
9643
9644
9646
9647
9648
9649
9650
9651
9653
9654
9655
9657
9658
9659
9660
9662
9663
9666
9668
9669
9671
9672
9673
9675
9677
9678
9679
9681
9682
9685
9686
9687
9688
9689
9690
9691
9692
9693
9695
9697
9698
9699
9700
9701
9703
9704
9705
9706
9707
9708
9710
9711
9712
9713
9714
9717
9718
9719
9720
9721
9724
9725
9726
9727
9728
9729
9730
9731
9732
9734
9735
9736
9737
9738
9740
9741
9742
9743
9744
9745
9746
9747
9748
9751
9752
9754
9755
9756
9757
9758
9761
9762
9763
9764
9765
9768
9769
9770
9772
9773
9774
9775
9776
9777
9779
9780
9783
9784
9785
9786
9787
9788
9789
9791
9792
9793
9794
9795
9796
9797
9800
9802
9803
9804
9806
9808
9809
9810
9813
9814
9815
9816
9818
9820
9821
9822
9823
9824
9825
9826
9827
9828
9829
9830
9831
9832
9833
9834
9837
9838
9839
9841
9842
9843
9845
9846
9847
9848
9849
9850
9851
9852
9853
9854
9855
9856
9857
9858
9859
9860
9861
9862
9863
9865
9866
9867
9868
9869
9870
9872
9873
9874
9876
9879
9881
9882
9884
9885
9886
9891
9892
9893
9897
9898
9899
9900
9901
9903
9904
9907
9908
9909
9910
9912
9916
9917
9918
9919
9921
9923
9925
9926
9927
9928
9931
9933
9935
9936
9937
9938
9939
9942
9943
9944
9945
9946
9947
9948
9949
9950
9952
9954
9956
9957
9958
9959
9960
9961
9962
9963
9964
9966
9967
9968
9969
9970
9971
9972
9973
9976
9977
9983
9984
9986
9988
9989
9990
9992
9993
9994
9995
9997
9998
9999
10000
10001
10002
10003
10005
10006
10007
10008
10010
10011
10012
10013
10014
10015
10016
10017
10021
10023
10024
10026
10027
10029
10030
10031
10032
10034
10035
10036
10037
10039
10041
10042
10043
10045
10046
10048
10049
10051
10053
10055
10056
10057
10058
10059
10060
10062
10063
10064
10065
10066
10067
10068
10069
10071
10072
10073
10074
10075
10076
10078
10080
10081
10082
10083
10084
10085
10089
10090
10091
10092
10093
10094
10095
10097
10099
10101
10102
10103
10104
10105
10106
10107
10109
10110
10111
10112
10114
10115
10117
10118
10119
10120
10121
10122
10123
10124
10125
10126
10127
10128
10129
10133
10134
10135
10138
10139
10142
10143
10144
10145
10146
10147
10148
10149
10150
10151
10152
10153
10154
10155
10157
10158
10159
10160
10161
10162
10163
10164
10165
10166
10167
10168
10169
10171
10172
10173
10174
10175
10177
10179
10180
10181
10182
10183
10184
10185
10187
10188
10189
10190
10192
10193
10194
10195
10197
10199
10200
10201
10202
10204
10205
10206
10210
10211
10213
10214
10215
10216
10218
10219
10220
10221
10222
10223
10224
10225
10226
10227
10230
10231
10232
10234
10236
10237
10238
10239
10240
10242
10244
10245
10246
10248
10250
10251
10252
10253
10255
10256
10257
10258
10259
10260
10262
10263
10265
10266
10267
10268
10269
10270
10271
10272
10273
10274
10275
10276
10277
10278
10279
10280
10281
10282
10283
10285
10286
10287
10288
10289
10290
10291
10292
10293
10294
10296
10297
10298
10299
10301
10303
10304
10305
10306
10307
10309
10310
10311
10312
10315
10316
10317
10318
10319
10320
10322
10323
10324
10327
10328
10329
10332
10333
10335
10336
10337
10338
10339
10340
10341
10342
10344
10345
10346
10347
10348
10349
10350
10351
10352
10353
10354
10355
10356
10357
10360
10361
10363
10364
10367
10368
10369
10370
10371
10372
10373
10374
10376
10377
10378
10379
10381
10382
10383
10384
10385
10388
10389
10390
10392
10393
10395
10397
10398
10399
10400
10401
10402
10404
10405
10406
10407
10408
10409
10410
10411
10412
10413
10414
10415
10416
10417
10419
10420
10422
10424
10425
10426
10428
10429
10431
10432
10433
10434
10435
10436
10437
10438
10439
10442
10443
10444
10445
10446
10448
10449
10450
10451
10452
10453
10454
10457
10458
10460
10461
10462
10463
10464
10465
10466
10467
10468
10469
10470
10471
10472
10473
10474
10476
10478
10479
10480
10481
10482
10483
10484
10485
10486
10487
10488
10489
10490
10491
10496
10497
10498
10500
10501
10502
10503
10505
10506
10507
10509
10510
10511
10512
10514
10516
10517
10518
10519
10520
10521
10522
10523
10525
10527
10528
10529
10530
10531
10532
10533
10534
10535
10536
10539
10541
10542
10543
10544
10545
10546
10547
10548
10552
10553
10554
10555
10557
10558
10559
10560
10561
10562
10563
10564
10566
10568
10569
10570
10571
10572
10573
10574
10575
10576
10577
10578
10581
10582
10583
10585
10586
10587
10588
10589
10590
10593
10594
10595
10596
10597
10598
10601
10602
10603
10605
10606
10608
10609
10610
10612
10614
10616
10617
10619
10620
10621
10623
10624
10625
10628
10630
10631
10632
10633
10634
10635
10637
10638
10642
10644
10645
10646
10647
10648
10649
10650
10651
10652
10653
10654
10655
10656
10657
10658
10659
10661
10662
10663
10664
10665
10666
10667
10668
10669
10671
10672
10673
10674
10675
10676
10677
10678
10680
10682
10683
10684
10686
10687
10688
10689
10690
10691
10692
10693
10694
10695
10696
10697
10699
10701
10702
10703
10704
10705
10706
10707
10708
10710
10711
10712
10713
10714
10715
10716
10717
10721
10723
10725
10726
10727
10729
10730
10732
10733
10734
10735
10737
10738
10740
10742
10743
10745
10746
10748
10749
10750
10751
10753
10754
10755
10757
10758
10759
10760
10761
10762
10763
10765
10766
10768
10770
10771
10772
10773
10774
10775
10776
10777
10779
10780
10781
10782
10783
10784
10785
10786
10787
10788
10789
10790
10791
10792
10793
10794
10795
10797
10800
10801
10804
10805
10806
10807
10808
10809
10810
10811
10812
10815
10816
10817
10818
10819
10820
10821
10823
10824
10826
10827
10828
10829
10830
10831
10832
10833
10834
10835
10836
10837
10838
10839
10841
10843
10845
10846
10847
10849
10851
10852
10853
10854
10855
10857
10858
10859
10860
10861
10862
10863
10864
10866
10867
10870
10871
10872
10874
10875
10876
10877
10878
10879
10881
10882
10883
10884
10885
10886
10888
10889
10890
10891
10892
10893
10894
10895
10897
10900
10901
10903
10904
10905
10907
10909
10913
10916
10917
10918
10921
10922
10924
10925
10926
10927
10928
10931
10933
10934
10935
10936
10937
10938
10939
10940
10942
10943
10944
10945
10946
10947
10948
10949
10950
10951
10952
10953
10955
10956
10957
10958
10961
10962
10963
10964
10965
10966
10967
10968
10969
10970
10971
10973
10974
10975
10976
10977
10978
10979
10980
10981
10982
10983
10984
10985
10987
10988
10990
10991
10992
10993
10994
10995
10996
10998
10999
11000
11001
11002
11003
11004
11005
11006
11008
11009
11011
11012
11013
11014
11016
11017
11018
11019
11020
11021
11022
11023
11024
11026
11027
11029
11030
11031
11032
11033
11034
11036
11037
11038
11039
11040
11041
11042
11043
11044
11045
11046
11047
11048
11050
11051
11052
11053
11054
11055
11056
11057
11058
11061
11062
11063
11064
11066
11067
11068
11070
11072
11073
11075
11076
11078
11079
11081
11084
11085
11086
11087
11089
11091
11092
11093
11095
11096
11097
11098
11099
11101
11102
11103
11104
11105
11106
11107
11108
11109
11110
11111
11112
11113
11114
11115
11116
11117
11118
11119
11120
11122
11123
11124
11125
11126
11127
11128
11129
11130
11131
11132
11133
11134
11135
11136
11137
11138
11139
11141
11142
11143
11145
11146
11148
11150
11153
11154
11156
11157
11158
11159
11162
11163
11165
11166
11167
11168
11169
11170
11171
11172
11174
11175
11176
11177
11180
11181
11182
11184
11185
11186
11188
11189
11191
11194
11195
11197
11198
11199
11200
11201
11202
11204
11205
11207
11208
11209
11210
11211
11212
11214
11215
11216
11219
11220
11221
11222
11223
11224
11225
11227
11228
11229
11230
11231
11234
11235
11236
11237
11238
11240
11241
11243
11245
11246
11248
11251
11252
11253
11254
11255
11256
11259
11260
11261
11262
11263
11264
11265
11267
11268
11269
11270
11273
11274
11275
11276
11277
11278
11279
11280
11283
11284
11285
11286
11287
11288
11289
11290
11291
11292
11293
11294
11295
11296
11297
11298
11299
11300
11302
11305
11308
11311
11314
11315
11318
11320
11321
11323
11324
11325
11326
11327
11330
11331
11333
11334
11336
11337
11338
11339
11340
11341
11342
11343
11344
11345
11346
11347
11348
11349
11353
11354
11355
11356
11358
11359
11361
11362
11363
11364
11366
11367
11368
11369
11370
11371
11372
11373
11374
11376
11379
11380
11381
11382
11383
11384
11385
11386
11387
11388
11390
11393
11394
11395
11396
11397
11399
11400
11402
11403
11404
11405
11407
11409
11410
11411
11412
11413
11414
11415
11418
11419
11420
11421
11423
11424
11425
11426
11427
11428
11429
11433
11434
11436
11437
11438
11439
11442
11443
11444
11445
11446
11448
11450
11451
11452
11453
11454
11455
11456
11457
11458
11459
11461
11462
11463
11464
11465
11466
11467
11468
11469
11472
11474
11475
11476
11477
11478
11479
11480
11482
11483
11485
11486
11487
11488
11489
11491
11492
11494
11495
11496
11498
11499
11500
11501
11502
11504
11507
11508
11509
11511
11512
11513
11514
11516
11517
11518
11519
11520
11521
11522
11526
11527
11529
11530
11532
11533
11534
11535
11536
11537
11538
11539
11540
11541
11542
11543
11544
11545
11546
11547
11548
11549
11550
11551
11553
11554
11555
11556
11557
11558
11559
11561
11562
11563
11564
11565
11567
11568
11569
11571
11572
11573
11574
11575
11576
11577
11578
11579
11580
11581
11582
11583
11584
11586
11587
11589
11590
11591
11592
11593
11595
11596
11597
11601
11603
11605
11606
11607
11608
11609
11611
11612
11613
11614
11615
11616
11617
11618
11620
11621
11622
11624
11625
11626
11627
11628
11631
11632
11633
11634
11635
11639
11640
11641
11642
11643
11646
11648
11649
11650
11651
11652
11655
11656
11659
11662
11665
11666
11667
11669
11670
11672
11675
11676
11677
11678
11679
11680
11681
11682
11683
11684
11685
11687
11688
11690
11691
11692
11693
11694
11696
11697
11699
11700
11702
11703
11704
11705
11706
11707
11708
11709
11711
11712
11713
11714
11718
11720
11721
11722
11723
11724
11725
11726
11727
11728
11730
11731
11734
11735
11736
11737
11738
11739
11740
11742
11743
11744
11745
11746
11747
11748
11749
11750
11752
11753
11755
11756
11759
11760
11762
11764
11765
11766
11768
11769
11770
11772
11773
11774
11776
11777
11778
11779
11781
11782
11783
11784
11785
11786
11787
11788
11789
11790
11791
11792
11793
11794
11795
11796
11797
11799
11800
11801
11803
11804
11805
11806
11807
11809
11810
11811
11812
11813
11814
11815
11816
11817
11818
11820
11821
11822
11823
11824
11825
11827
11830
11831
11833
11835
11838
11839
11841
11843
11844
11845
11846
11847
11848
11849
11850
11851
11854
11855
11856
11857
11859
11860
11861
11862
11864
11865
11866
11867
11868
11870
11871
11872
11873
11874
11875
11876
11877
11878
11879
11880
11882
11883
11884
11885
11886
11887
11888
11889
11890
11891
11892
11893
11895
11897
11898
11899
11901
11903
11905
11906
11907
11909
11910
11912
11913
11914
11915
11916
11918
11919
11920
11921
11922
11923
11924
11926
11927
11928
11929
11931
11932
11935
11936
11937
11939
11941
11942
11943
11944
11945
11946
11947
11949
11950
11952
11953
11955
11956
11957
11958
11959
11960
11962
11963
11964
11965
11966
11967
11968
11970
11971
11972
11973
11974
11975
11976
11977
11978
11979
11980
11982
11983
11984
11985
11986
11987
11988
11989
11990
11991
11992
11993
11994
11995
11996
11997
11998
11999
12000
12001
12003
12004
12005
12007
12009
12010
12011
12013
12015
12016
12018
12019
12020
12021
12022
12023
12025
12026
12027
12028
12029
12030
12031
12032
12034
12035
12037
12038
12039
12040
12043
12044
12045
12046
12048
12049
12050
12051
12052
12053
12054
12055
12056
12057
12058
12060
12061
12062
12063
12064
12065
12067
12068
12071
12072
12074
12075
12076
12077
12079
12080
12081
12082
12084
12085
12086
12087
12089
12090
12091
12092
12095
12096
12097
12098
12100
12101
12102
12103
12104
12105
12106
12107
12108
12109
12110
12111
12112
12114
12115
12116
12117
12118
12119
12120
12121
12123
12124
12126
12128
12129
12130
12131
12132
12133
12135
12137
12138
12140
12141
12142
12143
12145
12146
12147
12148
12149
12150
12152
12153
12155
12156
12158
12159
12160
12161
12163
12164
12165
12166
12167
12168
12169
12171
12174
12175
12176
12177
12178
12183
12185
12186
12188
12190
12191
12193
12194
12195
12197
12198
12199
12200
12201
12202
12203
12204
12205
12207
12208
12209
12210
12211
12212
12214
12215
12216
12217
12219
12220
12221
12223
12225
12226
12227
12229
12230
12231
12232
12233
12235
12236
12237
12238
12240
12241
12244
12246
12247
12248
12249
12254
12255
12256
12257
12259
12260
12261
12262
12263
12264
12265
12267
12268
12269
12272
12273
12274
12276
12277
12280
12281
12282
12283
12284
12286
12287
12288
12289
12290
12291
12292
12293
12294
12295
12297
12298
12299
12301
12302
12303
12304
12305
12306
12307
12308
12309
12310
12311
12314
12315
12317
12318
12319
12320
12322
12323
12324
12325
12326
12327
12328
12330
12331
12332
12333
12334
12341
12344
12345
12346
12347
12348
12349
12350
12351
12352
12353
12354
12355
12356
12357
12360
12361
12363
12364
12365
12367
12368
12369
12370
12371
12373
12375
12376
12377
12378
12379
12380
12381
12382
12383
12385
12386
12387
12389
12390
12392
12393
12394
12395
12396
12397
12398
12399
12401
12402
12403
12405
12406
12407
12408
12409
12410
12411
12412
12414
12415
12416
12418
12419
12420
12421
12422
12423
12424
12425
12426
12427
12428
12430
12431
12432
12433
12435
12436
12437
12438
12439
12441
12442
12443
12445
12446
12447
12450
12451
12452
12453
12454
12455
12456
12458
12460
12461
12462
12463
12464
12465
12466
12467
12468
12470
12471
12472
12473
12474
12475
12476
12477
12478
12479
12481
12482
12483
12484
12485
12486
12488
12489
12490
12492
12495
12496
12497
12500
12501
12502
12503
12505
12506
12508
12509
12510
12511
12512
12513
12514
12515
12519
12520
12523
12524
12525
12526
12528
12529
12530
12531
12532
12533
12534
12539
12541
12542
12543
12544
12545
12546
12547
12548
12550
12553
12554
12555
12556
12560
12561
12562
12563
12565
12566
12567
12569
12570
12571
12572
12573
12574
12575
12576
12578
12579
12580
12582
12583
12584
12585
12586
12589
12590
12591
12592
12594
12596
12597
12598
12601
12602
12604
12605
12608
12609
12610
12612
12613
12614
12615
12616
12617
12618
12619
12620
12621
12622
12623
12624
12627
12628
12629
12630
12631
12632
12633
12634
12635
12637
12639
12640
12641
12642
12643
12644
12645
12646
12647
12649
12650
12651
12653
12654
12657
12658
12659
12660
12661
12662
12663
12666
12667
12668
12670
12671
12672
12673
12674
12675
12676
12677
12678
12679
12680
12681
12683
12684
12685
12686
12687
12688
12691
12692
12693
12695
12696
12698
12699
12700
12702
12703
12704
12705
12706
12708
12710
12713
12715
12716
12718
12719
12721
12725
12726
12727
12728
12729
12730
12732
12733
12734
12735
12736
12737
12738
12739
12741
12742
12743
12744
12745
12747
12748
12750
12751
12752
12753
12754
12755
12756
12757
12759
12761
12762
12763
12764
12765
12767
12769
12770
12771
12772
12774
12775
12776
12777
12778
12779
12780
12781
12782
12783
12784
12788
12789
12790
12791
12792
12793
12794
12795
12796
12797
12798
12799
12800
12801
12802
12804
12805
12806
12807
12808
12810
12812
12813
12815
12816
12817
12818
12819
12820
12821
12822
12823
12824
12825
12826
12827
12828
12829
12830
12831
12832
12833
12835
12840
12841
12842
12844
12845
12847
12848
12849
12850
12851
12852
12853
12854
12855
12856
12857
12858
12859
12860
12861
12862
12863
12864
12865
12866
12867
12868
12870
12871
12872
12873
12874
12875
12876
12877
12878
12880
12881
12882
12883
12885
12886
12887
12888
12889
12890
12891
12893
12894
12895
12896
12898
12899
12900
12901
12902
12903
12904
12905
12906
12907
12908
12909
12910
12911
12912
12913
12914
12915
12917
12918
12920
12922
12923
12924
12925
12928
12930
12931
12932
12933
12934
12936
12937
12938
12939
12941
12943
12944
12945
12946
12947
12948
12949
12950
12951
12952
12954
12955
12956
12959
12960
12962
12963
12965
12967
12968
12969
12970
12973
12974
12975
12977
12978
12979
12980
12981
12982
12983
12984
12985
12986
12988
12990
12991
12993
12994
12995
12997
12999
13001
13002
13003
13004
13005
13006
13007
13008
13010
13011
13012
13015
13016
13017
13018
13019
13021
13022
13023
13024
13025
13026
13028
13030
13031
13032
13033
13034
13035
13036
13038
13039
13040
13041
13042
13044
13045
13046
13048
13049
13050
13051
13052
13053
13054
13056
13057
13058
13059
13061
13062
13064
13066
13067
13068
13070
13071
13072
13073
13074
13075
13077
13079
13080
13081
13083
13084
13085
13086
13087
13088
13090
13091
13092
13094
13096
13097
13098
13101
13102
13103
13104
13105
13107
13108
13109
13110
13111
13112
13113
13114
13115
13116
13117
13118
13119
13121
13123
13124
13125
13128
13129
13130
13131
13132
13133
13134
13135
13136
13138
13140
13142
13143
13144
13145
13146
13147
13150
13153
13154
13155
13156
13157
13158
13159
13160
13161
13162
13163
13164
13165
13167
13169
13171
13173
13174
13176
13177
13178
13179
13181
13182
13183
13185
13186
13187
13188
13189
13191
13194
13195
13196
13197
13198
13201
13202
13203
13204
13206
13207
13208
13209
13211
13212
13214
13216
13220
13221
13222
13223
13224
13225
13226
13229
13232
13233
13235
13236
13237
13239
13241
13242
13244
13246
13247
13249
13250
13251
13252
13253
13254
13256
13257
13258
13259
13260
13261
13262
13263
13264
13265
13266
13267
13269
13270
13271
13273
13274
13278
13279
13280
13281
13283
13285
13286
13289
13290
13291
13292
13293
13294
13295
13296
13297
13298
13300
13301
13302
13303
13306
13307
13308
13309
13310
13312
13313
13314
13315
13317
13318
13319
13320
13321
13322
13323
13324
13325
13326
13329
13331
13333
13334
13335
13336
13337
13338
13339
13340
13341
13342
13343
13344
13345
13346
13347
13349
13350
13351
13352
13353
13354
13355
13356
13357
13359
13360
13364
13365
13366
13367
13368
13369
13370
13371
13372
13373
13374
13375
13376
13377
13378
13379
13380
13381
13382
13383
13385
13386
13387
13388
13389
13390
13391
13392
13393
13396
13399
13401
13402
13403
13404
13405
13406
13407
13408
13409
13410
13411
13412
13413
13415
13416
13418
13419
13420
13421
13423
13424
13425
13427
13428
13429
13430
13432
13434
13436
13437
13440
13443
13444
13445
13447
13449
13451
13452
13453
13454
13455
13459
13463
13466
13470
13471
13472
13473
13474
13475
13477
13478
13479
13480
13482
13483
13484
13485
13489
13490
13491
13492
13493
13494
13495
13496
13497
13498
13500
13501
13503
13504
13505
13506
13507
13508
13509
13510
13511
13512
13513
13514
13515
13516
13517
13518
13519
13520
13521
13522
13523
13524
13525
13526
13529
13531
13534
13536
13537
13538
13539
13540
13541
13542
13543
13548
13549
13550
13551
13555
13556
13558
13559
13560
13561
13562
13563
13564
13565
13566
13567
13568
13569
13570
13572
13573
13575
13576
13577
13578
13579
13580
13582
13583
13585
13586
13587
13588
13589
13590
13591
13592
13594
13595
13596
13598
13599
13600
13601
13603
13604
13605
13607
13608
13609
13610
13611
13612
13613
13614
13615
13616
13617
13620
13621
13623
13624
13625
13626
13627
13628
13629
13632
13633
13636
13637
13638
13640
13641
13642
13644
13645
13646
13647
13648
13649
13650
13651
13652
13653
13654
13655
13656
13657
13658
13659
13660
13663
13665
13669
13670
13671
13673
13674
13676
13678
13679
13680
13681
13682
13683
13685
13686
13688
13689
13691
13692
13693
13696
13697
13698
13699
13700
13702
13703
13704
13705
13707
13709
13713
13714
13715
13716
13718
13720
13724
13726
13728
13729
13730
13731
13732
13734
13735
13737
13739
13740
13741
13742
13743
13744
13745
13746
13748
13749
13750
13751
13752
13753
13754
13755
13756
13757
13758
13759
13760
13761
13762
13764
13765
13766
13767
13768
13769
13770
13771
13773
13774
13775
13776
13777
13778
13779
13780
13781
13783
13784
13785
13786
13787
13788
13790
13791
13792
13794
13795
13796
13798
13799
13800
13802
13803
13807
13808
13810
13811
13812
13813
13814
13815
13816
13817
13819
13820
13821
13822
13825
13827
13828
13830
13832
13833
13834
13836
13838
13840
13841
13843
13844
13845
13846
13847
13849
13851
13852
13853
13854
13855
13856
13858
13863
13864
13865
13866
13867
13868
13869
13871
13872
13875
13876
13877
13881
13882
13883
13884
13885
13886
13887
13889
13890
13892
13893
13895
13896
13897
13900
13902
13903
13904
13905
13909
13911
13913
13914
13915
13917
13918
13919
13921
13922
13923
13926
13927
13928
13929
13930
13931
13932
13934
13935
13936
13937
13938
13939
13940
13941
13942
13943
13944
13946
13947
13949
13951
13953
13954
13955
13956
13957
13958
13960
13961
13962
13964
13966
13967
13968
13969
13970
13971
13973
13974
13975
13976
13978
13979
13980
13981
13982
13983
13985
13987
13988
13989
13990
13991
13993
13994
13995
13996
13998
14002
14003
14004
14005
14006
14008
14010
14011
14013
14014
14015
14016
14017
14018
14019
14020
14021
14023
14024
14025
14026
14027
14028
14029
14030
14032
14034
14035
14038
14040
14042
14043
14045
14046
14048
14051
14052
14053
14054
14056
14057
14059
14061
14062
14063
14065
14066
14067
14068
14071
14072
14076
14078
14079
14080
14081
14083
14084
14085
14088
14090
14092
14093
14094
14095
14096
14097
14098
14099
14100
14101
14102
14103
14104
14105
14106
14107
14108
14109
14110
14111
14112
14113
14114
14115
14117
14118
14119
14120
14121
14122
14123
14124
14125
14126
14128
14130
14131
14132
14133
14136
14137
14138
14139
14140
14141
14142
14143
14144
14145
14146
14147
14148
14149
14150
14151
14152
14153
14154
14155
14156
14157
14158
14159
14160
14161
14162
14163
14164
14165
14166
14167
14168
14169
14170
14171
14173
14174
14175
14177
14178
14179
14180
14181
14182
14183
14185
14188
14189
14190
14191
14192
14193
14195
14196
14197
14199
14201
14203
14204
14205
14206
14207
14208
14209
14210
14212
14213
14214
14215
14216
14217
14218
14219
14222
14224
14225
14226
14227
14228
14229
14230
14231
14232
14233
14234
14236
14238
14239
14241
14242
14245
14246
14247
14248
14249
14250
14251
14252
14254
14256
14257
14258
14259
14260
14262
14263
14264
14265
14266
14267
14268
14269
14271
14276
14278
14279
14281
14282
14284
14286
14287
14288
14290
14291
14292
14293
14295
14296
14297
14298
14299
14300
14301
14302
14303
14304
14305
14306
14307
14308
14309
14311
14312
14314
14315
14316
14317
14320
14321
14322
14323
14324
14325
14327
14328
14330
14331
14332
14334
14335
14336
14339
14340
14341
14342
14343
14344
14345
14346
14347
14348
14349
14350
14351
14352
14353
14354
14355
14356
14357
14358
14359
14360
14361
14362
14363
14364
14365
14367
14368
14369
14370
14371
14372
14373
14374
14375
14376
14377
14378
14380
14381
14382
14383
14384
14385
14387
14388
14389
14390
14392
14393
14395
14396
14397
14398
14399
14400
14402
14403
14404
14405
14406
14407
14408
14410
14411
14412
14413
14414
14415
14416
14418
14419
14420
14422
14424
14425
14426
14427
14428
14429
14430
14431
14432
14433
14434
14435
14436
14437
14438
14441
14442
14444
14445
14446
14449
14451
14452
14454
14457
14458
14459
14460
14461
14462
14463
14464
14465
14466
14467
14468
14469
14470
14471
14472
14474
14475
14476
14477
14478
14479
14480
14481
14482
14483
14484
14485
14487
14489
14490
14491
14493
14494
14495
14496
14497
14498
14499
14501
14502
14503
14504
14506
14507
14509
14510
14513
14514
14515
14516
14518
14519
14520
14521
14522
14524
14525
14526
14527
14528
14529
14530
14531
14532
14534
14535
14536
14537
14538
14539
14540
14541
14542
14543
14544
14545
14546
14547
14548
14549
14550
14552
14557
14558
14560
14561
14562
14563
14564
14565
14566
14567
14568
14569
14570
14571
14572
14573
14574
14575
14576
14577
14578
14579
14580
14581
14582
14583
14584
14588
14589
14590
14591
14592
14594
14595
14597
14598
14599
14600
14601
14602
14603
14605
14606
14607
14608
14609
14610
14611
14612
14613
14615
14616
14617
14618
14619
14621
14622
14624
14625
14626
14628
14629
14630
14631
14632
14633
14635
14636
14637
14638
14639
14640
14641
14642
14643
14644
14645
14646
14647
14648
14649
14650
14651
14653
14654
14655
14656
14657
14658
14659
14660
14661
14662
14663
14664
14665
14666
14667
14668
14669
14670
14671
14672
14674
14675
14676
14679
14680
14681
14682
14684
14685
14686
14688
14689
14692
14693
14694
14695
14697
14699
14700
14701
14702
14703
14704
14705
14706
14708
14709
14710
14711
14712
14713
14714
14715
14716
14717
14718
14719
14722
14723
14724
14725
14726
14727
14729
14730
14731
14732
14733
14734
14737
14738
14739
14740
14741
14742
14743
14744
14745
14747
14749
14751
14752
14753
14754
14758
14759
14761
14762
14763
14764
14767
14768
14769
14770
14772
14773
14774
14775
14776
14777
14778
14779
14780
14782
14785
14789
14790
14791
14792
14794
14796
14799
14800
14801
14802
14803
14809
14810
14812
14813
14814
14815
14816
14817
14818
14820
14822
14823
14824
14825
14826
14828
14829
14830
14831
14832
14833
14835
14836
14837
14838
14841
14842
14843
14845
14846
14847
14849
14850
14851
14853
14854
14855
14856
14858
14859
14860
14861
14864
14865
14866
14867
14868
14869
14870
14871
14872
14873
14874
14876
14877
14878
14880
14881
14882
14883
14885
14886
14888
14891
14892
14893
14894
14895
14896
14897
14898
14899
14900
14901
14902
14903
14904
14905
14906
14907
14908
14909
14910
14912
14913
14914
14915
14916
14917
14918
14919
14920
14921
14922
14923
14924
14927
14928
14929
14930
14931
14932
14933
14934
14936
14938
14939
14940
14941
14942
14943
14945
14946
14947
14948
14950
14951
14952
14953
14954
14955
14956
14957
14958
14959
14960
14961
14962
14963
14966
14967
14968
14970
14971
14973
14974
14975
14976
14977
14978
14980
14981
14983
14984
14986
14987
14988
14989
14990
14991
14993
14994
14996
14997
14998
14999
15000
15001
15002
15003
15004
15005
15007
15008
15009
15010
15011
15012
15014
15015
15016
15017
15018
15020
15021
15022
15023
15024
15025
15027
15028
15029
15030
15031
15033
15034
15035
15036
15037
15038
15039
15041
15042
15043
15044
15045
15046
15047
15048
15049
15050
15051
15052
15054
15056
15057
15058
15059
15060
15061
15062
15063
15064
15065
15066
15068
15069
15070
15073
15074
15075
15076
15077
15079
15081
15085
15086
15088
15092
15093
15095
15096
15097
15098
15100
15101
15102
15103
15104
15105
15106
15107
15113
15114
15115
15116
15117
15118
15119
15120
15123
15124
15125
15127
15129
15130
15131
15132
15133
15136
15137
15138
15140
15141
15142
15143
15144
15146
15147
15149
15150
15151
15152
15154
15155
15158
15159
15160
15162
15164
15165
15166
15167
15168
15169
15170
15171
15172
15173
15174
15175
15176
15177
15178
15179
15180
15183
15184
15185
15186
15187
15189
15190
15191
15192
15193
15194
15196
15198
15200
15201
15202
15203
15204
15205
15207
15209
15210
15211
15212
15213
15214
15216
15218
15220
15221
15222
15224
15225
15226
15227
15228
15229
15230
15232
15235
15236
15237
15238
15239
15240
15242
15243
15244
15246
15248
15249
15250
15252
15253
15254
15255
15256
15257
15258
15260
15261
15262
15263
15264
15266
15267
15268
15270
15271
15272
15273
15274
15275
15276
15277
15278
15279
15280
15281
15282
15283
15284
15285
15287
15288
15289
15290
15291
15293
15294
15295
15296
15297
15298
15299
15300
15301
15302
15304
15305
15306
15307
15309
15310
15311
15312
15313
15314
15315
15316
15317
15318
15319
15320
15321
15322
15323
15325
15326
15327
15328
15330
15331
15332
15333
15335
15336
15337
15338
15341
15342
15343
15344
15345
15346
15347
15349
15350
15351
15352
15353
15354
15355
15356
15357
15358
15359
15360
15361
15362
15363
15366
15367
15368
15369
15370
15372
15373
15374
15375
15376
15377
15378
15379
15380
15381
15382
15383
15384
15385
15386
15388
15389
15391
15392
15393
15394
15395
15396
15397
15399
15400
15401
15402
15403
15404
15405
15406
15407
15408
15409
15410
15411
15412
15414
15415
15416
15417
15418
15419
15420
15422
15423
15424
15425
15429
15430
15432
15433
15434
15435
15436
15437
15438
15439
15440
15441
15442
15443
15444
15445
15446
15447
15448
15450
15451
15452
15453
15454
15455
15456
15459
15460
15461
15462
15463
15464
15466
15467
15468
15469
15470
15471
15472
15473
15474
15475
15476
15477
15479
15480
15481
15483
15484
15486
15487
15488
15489
15490
15491
15492
15493
15494
15495
15496
15497
15498
15499
15500
15501
15502
15503
15504
15505
15507
15508
15510
15511
15514
15516
15517
15518
15519
15520
15521
15522
15523
15524
15525
15526
15527
15529
15530
15533
15534
15537
15538
15539
15541
15542
15544
15545
15546
15547
15549
15550
15556
15557
15559
15560
15561
15563
15564
15566
15567
15568
15570
15571
15572
15573
15575
15577
15578
15579
15580
15581
15583
15584
15585
15586
15587
15589
15590
15592
15593
15594
15595
15597
15598
15599
15600
15602
15604
15605
15606
15607
15608
15609
15612
15613
15614
15616
15621
15622
15623
15624
15625
15628
15629
15630
15631
15632
15633
15634
15635
15638
15639
15640
15641
15643
15644
15647
15648
15649
15650
15651
15652
15653
15655
15656
15657
15659
15660
15661
15662
15663
15664
15665
15666
15667
15669
15670
15671
15672
15673
15675
15679
15680
15681
15684
15685
15686
15687
15688
15689
15690
15691
15692
15693
15694
15696
15697
15698
15701
15702
15703
15704
15705
15706
15707
15708
15709
15710
15711
15713
15714
15715
15716
15717
15718
15719
15720
15721
15722
15723
15724
15725
15726
15727
15729
15730
15731
15733
15734
15735
15736
15737
15739
15740
15742
15743
15744
15745
15746
15747
15748
15749
15750
15751
15752
15753
15754
15755
15756
15757
15758
15759
15760
15762
15763
15764
15765
15766
15767
15768
15769
15770
15771
15772
15773
15774
15775
15776
15777
15778
15779
15780
15781
15783
15784
15785
15786
15787
15788
15789
15790
15791
15792
15793
15794
15797
15798
15799
15800
15801
15802
15803
15804
15805
15806
15808
15809
15810
15811
15812
15813
15814
15815
15816
15817
15818
15819
15821
15822
15823
15824
15825
15826
15827
15828
15829
15830
15831
15833
15834
15835
15836
15837
15839
15840
15841
15843
15844
15845
15846
15847
15848
15849
15850
15851
15852
15853
15854
15855
15856
15857
