0
1
2
3
5
6
7
9
10
12
13
14
15
16
19
22
23
24
25
26
28
33
35
36
37
39
40
41
43
45
46
47
49
50
52
53
54
56
57
58
62
66
67
68
70
71
72
73
75
76
79
80
81
83
84
86
87
88
89
91
92
93
94
95
96
97
98
99
100
101
102
103
105
106
110
112
114
116
118
119
120
121
122
123
124
125
126
127
129
131
133
134
135
136
137
138
139
140
142
145
147
150
151
152
154
156
158
161
162
163
166
167
168
169
171
172
173
174
175
176
177
178
179
180
182
185
187
188
189
191
192
197
198
200
201
202
203
204
205
206
210
213
214
215
216
217
218
219
220
221
223
224
225
226
227
229
230
231
233
234
235
236
237
238
239
240
241
242
244
246
247
248
249
251
252
254
256
257
258
259
260
262
263
264
265
268
269
272
273
274
275
278
279
281
282
283
284
285
286
287
288
290
292
293
294
295
296
297
298
301
302
304
305
307
308
310
311
312
314
315
316
318
319
320
322
325
326
327
328
329
331
332
333
334
335
336
337
338
339
341
343
346
347
349
351
353
357
358
361
367
373
375
378
380
382
389
390
391
401
404
407
408
412
414
420
424
425
427
428
430
434
440
441
442
443
445
449
450
454
455
456
460
461
465
467
470
472
475
476
479
482
485
486
487
490
491
492
499
500
502
504
505
508
515
517
519
520
523
524
535
537
544
545
561
563
565
566
567
569
575
577
578
585
587
592
593
596
600
604
609
612
616
631
637
639
641
644
648
663
664
665
666
671
673
674
675
676
682
683
691
692
699
701
707
708
710
716
717
718
723
730
731
732
734
747
749
757
762
763
765
773
774
778
780
782
790
792
794
796
800
803
808
809
814
815
816
817
819
822
825
831
832
833
846
847
849
851
853
857
858
860
861
863
865
867
873
875
877
882
883
884
885
892
894
898
900
901
903
905
909
910
911
913
915
918
921
924
925
926
927
928
930
931
938
945
949
950
951
953
963
964
967
968
970
971
973
978
985
988
991
992
993
994
996
997
1000
1004
1005
1006
1008
1009
1013
1018
1023
1026
1031
1033
1034
1036
1037
1044
1045
1046
1047
1048
1050
1053
1054
1056
1057
1058
1060
1061
1062
1066
1068
1070
1076
1078
1079
1080
1084
1085
1090
1097
1099
1100
1101
1102
1106
1107
1108
1110
1112
1118
1121
1126
1132
1140
1141
1151
1152
1153
1154
1155
1157
1161
1163
1164
1165
1170
1172
1176
1179
1180
1182
1185
1188
1195
1197
1199
1200
1201
1203
1204
1206
1208
1212
1217
1218
1219
1220
1221
1226
1229
1231
1233
1236
1238
1239
1240
1242
1243
1244
1245
1248
1250
1251
1252
1256
1258
1259
1260
1266
1269
1270
1275
1291
1292
1295
1296
1297
1298
1301
1302
1308
1318
1319
1321
1332
1333
1336
1342
1346
1349
1353
1355
1357
1358
1360
1361
1365
1367
1369
1372
1373
1374
1375
1376
1377
1379
1381
1383
1384
1385
1390
1394
1395
1396
1397
1399
1401
1402
1403
1404
1406
1412
1413
1417
1418
1420
1421
1422
1423
1428
1430
1432
1433
1434
1435
1436
1440
1443
1444
1445
1448
1449
1450
1451
1452
1453
1456
1458
1459
1460
1464
1465
1467
1470
1471
1475
1481
1489
1492
1493
1500
1501
1502
1503
1504
1507
1508
1509
1510
1511
1515
1517
1518
1521
1522
1523
1524
1528
1532
1536
1540
1542
1544
1549
1550
1552
1553
1554
1556
1559
1560
1561
1562
1564
1567
1568
1570
1571
1572
1573
1574
1579
1584
1587
1588
1589
1590
1594
1598
1600
1609
1613
1615
1617
1618
1619
1620
1621
1622
1623
1624
1625
1626
1627
1628
1629
1630
1637
1638
1641
1648
1650
1652
1661
1665
1668
1673
1676
1679
1681
1685
1690
1692
1694
1695
1698
1701
1702
1703
1704
1705
1706
1707
1709
1712
1714
1715
1716
1717
1723
1725
1726
1728
1729
1731
1742
1756
1757
1758
1760
1761
1762
1763
1765
1770
1771
1772
1777
1778
1780
1783
1784
1787
1788
1790
1791
1792
1800
1802
1803
1804
1813
1814
1815
1822
1826
1827
1833
1835
1836
1838
1840
1843
1846
1848
1849
1855
1857
1858
1861
1864
1867
1868
1870
1871
1873
1879
1881
1883
1892
1894
1895
1897
1911
1912
1914
1915
1916
1918
1921
1922
1924
1925
1926
1927
1929
1930
1931
1932
1937
1939
1940
1944
1945
1946
1948
1951
1953
1954
1955
1957
1958
1959
1960
1961
1964
1967
1970
1972
1973
1974
1975
1976
1977
1982
1985
1987
1988
1991
1992
1996
1999
2003
2006
2007
2010
2012
2013
2014
2015
2016
2024
2025
2026
2028
2030
2031
2032
2035
2036
2037
2038
2040
2041
2042
2043
2048
2051
2053
2054
2055
2057
2059
2060
2063
2065
2067
2071
2072
2073
2078
2080
2081
2085
2086
2087
2089
2090
2091
2093
2094
2096
2100
2102
2104
2111
2115
2116
2119
2121
2126
2128
2129
2132
2136
2137
2138
2139
2140
2141
2142
2147
2150
2152
2153
2156
2158
2161
2165
2166
2168
2169
2173
2180
2182
2183
2184
2185
2189
2190
2191
2197
2198
2199
2200
2206
2207
2209
2211
2213
2217
2219
2220
2221
2228
2229
2230
2231
2232
2233
2234
2235
2240
2241
2243
2244
2245
2246
2249
2251
2253
2255
2257
2259
2260
2264
2265
2266
2267
2268
2269
2271
2272
2273
2275
2276
2277
2278
2280
2281
2282
2283
2284
2287
2288
2290
2291
2292
2293
2299
2301
2302
2304
2306
2307
2308
2309
2310
2311
2312
2315
2320
2321
2323
2325
2326
2327
2331
2332
2338
2339
2340
2341
2342
2346
2348
2355
2360
2361
2362
2364
2366
2368
2380
2381
2382
2385
2386
2387
2388
2389
2396
2399
2405
2407
2413
2414
2415
2418
2419
2420
2422
2423
2424
2428
2429
2433
2437
2439
2440
2443
2444
2447
2449
2450
2451
2455
2456
2460
2462
2467
2468
2473
2484
2485
2487
2488
2489
2494
2498
2501
2503
2507
2509
2511
2512
2513
2514
2515
2517
2518
2519
2521
2523
2527
2528
2529
2531
2534
2535
2537
2538
2541
2546
2547
2549
2552
2557
2559
2560
2563
2565
2566
2567
2568
2569
2570
2571
2573
2576
2577
2578
2580
2582
2583
2590
2591
2592
2594
2595
2596
2597
2598
2599
2602
2605
2606
2607
2609
2610
2613
2615
2619
2620
2621
2623
2624
2625
2626
2627
2628
2629
2630
2631
2632
2633
2634
2635
2637
2638
2639
2646
2649
2653
2656
2657
2658
2664
2665
2667
2668
2671
2673
2675
2676
2678
2681
2682
2684
2692
2695
2699
2700
2705
2706
2708
2711
2713
2714
2720
2722
2729
2730
2731
2732
2735
2738
2739
2740
2742
2744
2746
2749
2750
2752
2753
2754
2757
2758
2761
2763
2767
2768
2769
2770
2771
2772
2773
2776
2780
2781
2782
2784
2787
2788
2789
2797
2799
2802
2803
2807
2808
2810
2811
2812
2814
2816
2817
2821
2824
2825
2826
2829
2830
2833
2834
2835
2836
2839
2841
2848
2853
2859
2861
2866
2867
2881
2882
2883
2884
2885
2886
2887
2889
2890
2892
2895
2897
2901
2902
2903
2904
2906
2907
2908
2909
2910
2911
2913
2916
2917
2919
2921
2922
2924
2925
2928
2929
2932
2933
2937
2938
2939
2941
2944
2946
2947
2949
2950
2951
2952
2953
2955
2957
2964
2965
2970
2972
2973
2975
2981
2983
2986
2987
2995
3001
3002
3004
3007
3009
3010
3011
3013
3015
3024
3025
3026
3027
3028
3031
3033
3035
3036
3037
3039
3042
3043
3044
3045
3049
3051
3052
3053
3054
3055
3056
3057
3058
3059
3060
3062
3065
3066
3067
3068
3069
3070
3071
3073
3076
3077
3078
3079
3080
3083
3084
3085
3086
3088
3089
3097
3102
3103
3107
3108
3110
3113
3114
3117
3118
3120
3121
3122
3123
3126
3128
3129
3133
3136
3138
3139
3140
3143
3144
3150
3152
3153
3154
3156
3157
3158
3161
3164
3165
3166
3168
3169
3172
3174
3175
3176
3177
3178
3180
3181
3183
3186
3187
3189
3190
3193
3195
3196
3200
3202
3204
3206
3207
3210
3211
3212
3213
3215
3219
3222
3226
3228
3230
3231
3236
3237
3240
3241
3242
3243
3245
3247
3248
3249
3250
3251
3256
3257
3258
3261
3264
3266
3270
3272
3273
3274
3276
3278
3279
3291
3292
3293
3296
3297
3299
3301
3302
3303
3305
3307
3313
3314
3315
3318
3320
3321
3322
3323
3324
3325
3329
3331
3332
3333
3334
3340
3346
3347
3348
3350
3351
3352
3354
3355
3360
3362
3365
3368
3369
3370
3371
3372
3373
3374
3380
3381
3383
3387
3388
3390
3393
3396
3397
3400
3401
3403
3406
3413
3416
3419
3420
3421
3422
3423
3425
3426
3429
3430
3432
3437
3438
3442
3447
3449
3450
3451
3453
3454
3455
3458
3459
3461
3462
3465
3468
3470
3471
3472
3476
3478
3480
3482
3483
3485
3487
3488
3489
3493
3496
3497
3502
3504
3505
3506
3509
3511
3512
3513
3516
3517
3523
3526
3536
3537
3538
3539
3540
3543
3545
3548
3549
3550
3552
3554
3557
3559
3560
3564
3568
3571
3572
3573
3574
3575
3577
3578
3579
3580
3581
3583
3584
3585
3586
3587
3588
3589
3590
3591
3593
3594
3595
3596
3597
3598
3599
3600
3601
3603
3608
3615
3617
3619
3620
3621
3622
3629
3630
3631
3632
3635
3636
3637
3638
3640
3641
3643
3646
3648
3649
3656
3657
3658
3660
3666
3668
3669
3671
3673
3674
3677
3678
3683
3687
3691
3693
3695
3701
3702
3706
3707
3708
3711
3712
3716
3718
3719
3720
3721
3722
3723
3724
3726
3727
3729
3730
3739
3740
3743
3744
3745
3748
3750
3751
3754
3756
3757
3758
3759
3760
3762
3764
3766
3767
3769
3770
3771
3772
3773
3775
3777
3778
3779
3781
3783
3786
3789
3792
3794
3799
3800
3801
3802
3803
3805
3806
3808
3809
3816
3817
3820
3822
3823
3824
3826
3827
3828
3830
3832
3835
3836
3838
3839
3840
3843
3845
3848
3849
3851
3857
3858
3860
3862
3863
3865
3866
3867
3869
3870
3876
3878
3885
3886
3889
3891
3895
3899
3903
3906
3910
3911
3914
3915
3916
3917
3918
3919
3924
3925
3926
3928
3929
3930
3934
3935
3936
3937
3938
3940
3942
3944
3945
3947
3950
3955
3956
3958
3959
3960
3961
3962
3963
3964
3965
3966
3969
3973
3975
3977
3978
3981
3983
3984
3985
3986
3988
3989
3991
3994
3995
3996
3998
4001
4008
4009
4010
4011
4013
4014
4017
4018
4020
4021
4022
4024
4027
4028
4029
4032
4033
4034
4037
4040
4043
4044
4045
4047
4049
4050
4052
4058
4059
4061
4067
4072
4074
4075
4078
4079
4081
4082
4083
4084
4085
4086
4087
4090
4091
4094
4095
4102
4105
4107
4110
4114
4115
4117
4118
4119
4120
4125
4126
4127
4128
4130
4134
4135
4138
4141
4142
4147
4150
4152
4155
4158
4159
4160
4162
4165
4167
4168
4169
4170
4171
4173
4174
4177
4178
4179
4180
4181
4182
4183
4184
4185
4186
4187
4190
4191
4195
4197
4200
4201
4205
4207
4208
4210
4211
4212
4214
4217
4218
4220
4222
4223
4226
4227
4229
4232
4233
4235
4236
4238
4241
4247
4249
4250
4255
4257
4260
4263
4264
4267
4270
4271
4273
4274
4276
4277
4278
4279
4281
4282
4284
4286
4288
4290
4292
4293
4295
4296
4297
4298
4302
4303
4304
4308
4313
4316
4318
4319
4322
4323
4324
4325
4326
4328
4329
4331
4335
4336
4338
4339
4340
4342
4343
4344
4347
4350
4352
4363
4364
4367
4368
4372
4375
4379
4382
4384
4391
4392
4395
4400
4403
4407
4408
4410
4411
4412
4414
4415
4417
4421
4422
4423
4424
4426
4428
4430
4431
4432
4434
4435
4440
4442
4443
4444
4445
4448
4451
4452
4454
4455
4456
4457
4458
4459
4460
4461
4462
4463
4465
4467
4468
4469
4471
4472
4475
4478
4479
4480
4481
4482
4483
4484
4486
4488
4489
4491
4492
4494
4495
4496
4497
4499
4503
4504
4505
4506
4507
4508
4509
4511
4512
4515
4516
4517
4518
4526
4527
4529
4533
4537
4539
4540
4541
4544
4545
4546
4547
4551
4552
4555
4556
4557
4558
4560
4561
4562
4564
4566
4568
4569
4570
4571
4572
4575
4576
4577
4578
4579
4580
4581
4582
4585
4586
4587
4589
4591
4592
4593
4594
4595
4596
4599
4604
4606
4607
4608
4609
4611
4612
4614
4617
4618
4619
4621
4625
4627
4629
4630
4633
4636
4638
4639
4640
4642
4643
4644
4645
4647
4649
4651
4655
4657
4658
4659
4660
4662
4663
4666
4668
4670
4671
4672
4675
4677
4679
4680
4681
4683
4689
4693
4697
4698
4700
4701
4702
4703
4704
4707
4709
4712
4715
4716
4718
4719
4723
4725
4726
4727
4728
4729
4733
4734
4737
4740
4742
4743
4745
4746
4747
4750
4752
4756
4757
4759
4760
4761
4762
4765
4766
4769
4770
4772
4773
4774
4776
4777
4778
4780
4785
4786
4787
4789
4790
4791
4794
4797
4798
4800
4801
4804
4807
4808
4809
4810
4814
4815
4816
4818
4820
4822
4823
4826
4827
4829
4830
4831
4834
4837
4839
4841
4842
4846
4848
4849
4850
4851
4852
4853
4855
4857
4858
4860
4861
4862
4864
4865
4866
4868
4869
4870
4871
4872
4873
4874
4875
4877
4878
4879
4880
4881
4882
4883
4884
4885
4886
4888
4889
4890
4891
4892
4894
4896
4897
4898
4899
4901
4902
4903
4904
4906
4907
4909
4910
4911
4912
4914
4915
4916
4917
4919
4922
4924
4925
4926
4927
4931
4932
4938
4942
4943
4945
4946
4949
4950
4952
4954
4955
4958
4961
4967
4968
4969
4971
4974
4976
4979
4982
4984
4986
4994
4997
4998
5000
5003
5007
5009
5011
5012
5013
5014
5015
5018
5020
5022
5023
5024
5025
5026
5031
5033
5035
5037
5038
5039
5042
5043
5044
5045
5047
5051
5052
5053
5055
5058
5059
5060
5063
5067
5068
5069
5070
5071
5072
5073
5074
5075
5076
5077
5078
5079
5080
5081
5084
5085
5087
5092
5094
5095
5099
5106
5107
5109
5110
5114
5123
5128
5129
5130
5132
5136
5140
5141
5142
5143
5144
5145
5146
5149
5151
5157
5161
5162
5163
5164
5165
5167
5169
5170
5171
5172
5173
5176
5177
5178
5179
5180
5181
5183
5185
5186
5188
5189
5192
5193
5194
5196
5197
5198
5199
5201
5202
5203
5205
5206
5207
5208
5209
5210
5212
5214
5215
5217
5218
5219
5220
5221
5224
5226
5227
5228
5232
5233
5234
5235
5236
5237
5239
5242
5246
5247
5248
5251
5252
5256
5257
5260
5261
5267
5268
5269
5271
5273
5274
5278
5280
5281
5282
5283
5284
5285
5288
5289
5291
5292
5294
5295
5296
5297
5299
5300
5302
5305
5307
5309
5311
5312
5316
5317
5320
5322
5323
5324
5326
5328
5331
5332
5333
5336
5341
5342
5345
5347
5348
5349
5352
5353
5358
5361
5364
5365
5366
5369
5370
5371
5374
5375
5376
5377
5379
5381
5383
5384
5385
5387
5389
5390
5392
5393
5394
5395
5398
5400
5401
5407
5408
5413
5418
5422
5426
5434
5435
5440
5441
5442
5443
5444
5445
5446
5447
5448
5449
5450
5451
5452
5455
5456
5457
5458
5459
5461
5463
5464
5466
5467
5468
5469
5471
5472
5473
5474
5475
5476
5477
5478
5479
5480
5481
5485
5490
5491
5492
5493
5496
5497
5498
5500
5501
5502
5504
5505
5506
5507
5508
5509
5510
5511
5513
5514
5515
5516
5517
5518
5519
5520
5522
5525
5528
5529
5530
5533
5534
5537
5541
5543
5544
5546
5547
5548
5550
5551
5554
5555
5558
5559
5560
5561
5565
5568
5569
5570
5572
5574
5576
5577
5578
5580
5581
5582
5584
5585
5586
5589
5592
5594
5595
5596
5597
5598
5601
5603
5604
5605
5606
5608
5609
5610
5612
5614
5615
5617
5619
5621
5622
5623
5624
5625
5627
5629
5630
5631
5632
5633
5635
5636
5637
5638
5639
5640
5641
5642
5643
5644
5645
5649
5658
5659
5661
5663
5664
5665
5667
5669
5670
5671
5672
5673
5677
5682
5683
5685
5688
5689
5690
5691
5693
5694
5695
5696
5697
5702
5703
5704
5708
5709
5714
5716
5717
5722
5727
5731
5732
5733
5734
5735
5736
5737
5738
5739
5742
5743
5747
5748
5754
5757
5758
5762
5764
5767
5768
5773
5774
5777
5778
5779
5780
5781
5782
5783
5784
5786
5787
5788
5792
5793
5795
5800
5805
5807
5809
5810
5812
5814
5815
5817
5818
5819
5820
5821
5822
5823
5824
5825
5826
5827
5829
5830
5831
5834
5837
5840
5841
5842
5843
5845
5847
5848
5853
5855
5856
5857
5860
5862
5863
5864
5865
5866
5867
5869
5870
5871
5872
5873
5875
5876
5878
5880
5881
5882
5884
5885
5886
5887
5888
5889
5890
5891
5896
5897
5899
5900
5901
5905
5907
5912
5913
5916
5917
5918
5919
5921
5922
5923
5928
5929
5930
5932
5933
5934
5936
5938
5939
5941
5943
5944
5945
5946
5950
5951
5952
5953
5954
5955
5956
5958
5959
5960
5961
5962
5963
5964
5965
5966
5967
5968
5969
5974
5975
5976
5978
5980
5981
5982
5983
5984
5985
5987
5989
5990
5992
5993
5995
5996
5997
6000
6003
6004
6008
6010
6012
6014
6017
6019
6020
6022
6023
6024
6026
6027
6028
6029
6030
6031
6035
6036
6039
6040
6042
6043
6046
6048
6049
6050
6051
6055
6058
6059
6060
6061
6063
6064
6065
6068
6070
6073
6076
6078
6079
6080
6081
6083
6084
6085
6086
6087
6088
6089
6090
6093
6094
6096
6099
6100
6101
6102
6104
6105
6107
6108
6109
6113
6116
6117
6119
6120
6124
6126
6127
6128
6129
6130
6132
6133
6135
6136
6139
6140
6141
6143
6144
6146
6147
6148
6150
6152
6154
6156
6157
6159
6160
6163
6167
6168
6170
6175
6176
6177
6178
6179
6180
6182
6183
6184
6185
6187
6189
6191
6192
6194
6195
6196
6197
6198
6199
6201
6204
6205
6206
6207
6210
6212
6214
6215
6216
6217
6219
6220
6222
6224
6228
6229
6230
6231
6232
6233
6235
6236
6237
6238
6241
6242
6243
6246
6247
6248
6253
6254
6255
6256
6257
6258
6260
6261
6263
6264
6266
6269
6270
6271
6273
6276
6281
6283
6284
6285
6286
6287
6288
6289
6290
6293
6294
6295
6296
6297
6298
6299
6300
6301
6302
6304
6305
6308
6310
6311
6312
6314
6315
6316
6317
6318
6319
6321
6322
6325
6327
6328
6330
6333
6334
6340
6343
6344
6345
6346
6347
6348
6350
6353
6357
6359
6361
6365
6367
6368
6372
6373
6375
6378
6379
6381
6384
6385
6387
6390
6391
6392
6393
6394
6395
6398
6399
6401
6403
6404
6405
6406
6407
6408
6409
6410
6411
6414
6417
6418
6420
6422
6423
6424
6425
6426
6428
6429
6430
6431
6432
6433
6435
6437
6439
6440
6442
6446
6447
6450
6451
6453
6458
6459
6462
6466
6467
6471
6473
6474
6475
6476
6478
6480
6482
6483
6487
6489
6490
6491
6496
6497
6499
6500
6501
6502
6503
6504
6505
6506
6508
6510
6513
6514
6515
6516
6517
6518
6520
6521
6522
6523
6524
6529
6531
6532
6534
6535
6538
6539
6540
6541
6542
6543
6544
6545
6546
6547
6548
6549
6553
6555
6556
6558
6559
6560
6561
6562
6564
6566
6567
6568
6569
6570
6571
6573
6574
6577
6578
6580
6581
6582
6583
6584
6589
6591
6592
6596
6597
6598
6599
6600
6601
6602
6605
6607
6608
6610
6611
6612
6613
6614
6615
6617
6619
6620
6621
6622
6624
6625
6627
6628
6630
6632
6638
6639
6640
6644
6645
6650
6651
6652
6655
6656
6660
6663
6664
6665
6666
6668
6671
6672
6677
6679
6680
6681
6682
6683
6684
6688
6690
6694
6697
6701
6704
6705
6707
6711
6713
6714
6715
6716
6717
6719
6720
6721
6722
6726
6727
6729
6730
6731
6732
6734
6737
6738
6739
6740
6743
6744
6745
6746
6747
6748
6749
6753
6754
6755
6757
6759
6760
6762
6764
6765
6766
6767
6768
6771
6772
6774
6776
6777
6779
6781
6782
6783
6785
6786
6787
6788
6789
6790
6791
6792
6793
6794
6795
6796
6797
6799
6800
6801
6803
6804
6805
6806
6807
6808
6810
6811
6812
6814
6816
6817
6818
6820
6823
6825
6827
6828
6829
6831
6833
6834
6835
6838
6839
6841
6842
6843
6845
6847
6848
6850
6851
6852
6855
6858
6859
6861
6863
6865
6866
6868
6870
6871
6872
6875
6877
6882
6883
6884
6885
6886
6887
6889
6890
6891
6892
6893
6895
6897
6899
6900
6901
6904
6905
6906
6907
6910
6911
6912
6913
6914
6915
6916
6917
6919
6922
6923
6924
6925
6926
6927
6928
6930
6931
6933
6935
6936
6937
6938
6940
6942
6943
6944
6945
6946
6947
6948
6949
6950
6951
6956
6957
6958
6959
6960
6961
6962
6963
6965
6967
6970
6971
6972
6973
6974
6975
6976
6977
6978
6980
6981
6982
6983
6985
6986
6987
6989
6990
6992
6993
6994
6995
6996
6997
6999
7001
7002
7004
7005
7006
7007
7008
7009
7010
7012
7014
7015
7016
7017
7021
7022
7023
7025
7026
7027
7028
7029
7030
7031
7032
7034
7036
7037
7038
7039
7040
7041
7044
7045
7048
7050
7051
7054
7056
7057
7058
7060
7061
7062
7063
7064
7065
7066
7067
7068
7069
7070
7071
7072
7073
7074
7075
7076
7078
7079
7080
7082
7083
7084
7089
7090
7091
7092
7094
7096
7098
7099
7100
7101
7105
7107
7108
7110
7111
7112
7113
7117
7118
7119
7120
7121
7122
7124
7125
7127
7128
7129
7130
7133
7135
7136
7137
7138
7141
7143
7144
7145
7148
7149
7154
7157
7158
7160
7161
7164
7165
7166
7167
7168
7169
7170
7172
7173
7174
7178
7179
7181
7182
7184
7185
7186
7188
7189
7190
7191
7192
7194
7195
7196
7197
7198
7199
7202
7204
7207
7208
7209
7210
7211
7213
7214
7215
7216
7217
7218
7221
7223
7224
7227
7229
7230
7232
7233
7234
7237
7238
7242
7243
7244
7250
7251
7252
7253
7254
7256
7258
7259
7261
7264
7265
7267
7268
7271
7272
7273
7274
7276
7283
7285
7287
7288
7290
7292
7293
7294
7296
7300
7301
7302
7303
7305
7307
7308
7309
7310
7312
7315
7317
7318
7319
7320
7321
7322
7323
7324
7326
7327
7329
7330
7331
7332
7333
7334
7335
7336
7338
7339
7340
7341
7342
7343
7346
7348
7350
7351
7352
7353
7355
7356
7361
7362
7363
7364
7368
7369
7371
7372
7373
7375
7376
7377
7379
7381
7382
7384
7385
7386
7387
7388
7389
7390
7391
7392
7393
7394
7395
7396
7400
7403
7405
7406
7409
7410
7411
7412
7413
7414
7415
7416
7417
7418
7419
7420
7422
7424
7425
7426
7427
7428
7429
7430
7431
7434
7435
7436
7438
7439
7440
7441
7442
7443
7444
7445
7446
7447
7448
7449
7452
7453
7454
7455
7457
7458
7459
7460
7461
7463
7464
7467
7468
7469
7470
7471
7472
7476
7477
7478
7480
7481
7484
7485
7487
7489
7490
7493
7494
7495
7496
7498
7500
7502
7504
7511
7512
7513
7514
7515
7516
7519
7521
7524
7525
7526
7527
7528
7529
7530
7531
7532
7533
7536
7537
7538
7539
7541
7542
7543
7545
7546
7547
7548
7549
7551
7552
7553
7556
7557
7558
7559
7561
7562
7563
7564
7565
7566
7567
7568
7569
7570
7571
7572
7573
7574
7575
7576
7577
7579
7580
7581
7582
7583
7584
7586
7590
7591
7592
7594
7595
7596
7599
7600
7601
7602
7603
7604
7605
7606
7607
7610
7611
7614
7615
7617
7618
7619
7620
7621
7623
7624
7625
7626
7627
7628
7629
7630
7631
7632
7633
7635
7636
7638
7639
7640
7641
7642
7644
7645
7646
7647
7648
7650
7651
7653
7654
7656
7658
7659
7661
7663
7664
7665
7666
7668
7670
7671
7673
7674
7676
7677
7678
7679
7680
7681
7682
7683
7684
7685
7686
7687
7688
7689
7690
7693
7694
7695
7696
7697
7699
7700
7701
7702
7703
7705
7706
7707
7708
7709
7711
7712
7713
7714
7715
7716
7717
7718
7719
7720
7723
7725
7729
7732
7733
7734
7735
7736
7737
7738
7739
7741
7744
7745
7748
7749
7750
7751
7753
7754
7759
7760
7763
7764
7765
7766
7767
7769
7771
7772
7773
7774
7775
7776
7777
7779
7781
7782
7784
7785
7786
7788
7789
7790
7792
7793
7794
7796
7797
7803
7806
7807
7809
7810
7811
7812
7813
7814
7816
7822
7823
7824
7825
7826
7827
7828
7829
7830
7831
7833
7835
7836
7837
7838
7839
7840
7841
7842
7843
7846
7847
7848
7849
7851
7852
7853
7854
7858
7860
7861
7862
7863
7864
7865
7866
7867
7868
7870
7871
7872
7873
7876
7878
7879
7880
7881
7882
7886
7891
7892
7894
7897
7898
7899
7900
7903
7905
7908
7909
7911
7912
7913
7915
7921
7923
7925
7926
7927
7930
7932
7933
7934
7935
7939
7940
7941
7943
7944
7946
7949
7950
7951
7952
7954
7955
7958
7960
7962
7963
7964
7965
7966
7968
7969
7970
7971
7972
7979
7980
7981
7984
7986
7988
7989
7990
7991
7992
7993
7994
7995
7996
7997
7999
8002
8003
8004
8006
8011
8012
8013
8014
8015
8016
8018
8021
8022
8023
8024
8026
8027
8028
8031
8033
8034
8035
8038
8040
8041
8042
8043
8044
8046
8049
8050
8051
8052
8053
8054
8055
8057
8058
8060
8063
8064
8065
8066
8067
8072
8074
8076
8078
8079
8080
8083
8084
8086
8087
8093
8094
8097
8099
8100
8102
8106
8107
8110
8111
8112
8116
8117
8118
8119
8120
8121
8123
8124
8125
8127
8128
8129
8131
8132
8133
8136
8137
8138
8139
8140
8141
8143
8144
8147
8150
8152
8153
8155
8160
8161
8162
8164
8165
8166
8167
8168
8169
8170
8171
8173
8174
8177
8178
8179
8180
8181
8182
8184
8187
8192
8194
8196
8197
8199
8203
8204
8205
8206
8208
8210
8211
8212
8213
8218
8219
8220
8221
8222
8224
8225
8229
8231
8232
8234
8235
8236
8237
8240
8241
8243
8244
8249
8250
8251
8252
8253
8254
8255
8256
8259
8260
8261
8262
8264
8265
8266
8267
8272
8275
8278
8279
8281
8283
8285
8286
8288
8289
8290
8292
8293
8295
8296
8298
8300
8301
8304
8305
8306
8307
8308
8309
8311
8313
8315
8316
8317
8318
8320
8321
8324
8325
8327
8329
8330
8331
8332
8333
8335
8336
8337
8338
8339
8341
8344
8345
8346
8347
8349
8350
8351
8353
8354
8355
8357
8358
8359
8361
8362
8363
8365
8366
8369
8370
8371
8373
8374
8375
8377
8378
8379
8380
8383
8386
8387
8389
8393
8394
8396
8397
8398
8399
8400
8401
8404
8406
8407
8409
8411
8415
8416
8417
8422
8423
8424
8426
8427
8429
8430
8431
8432
8434
8435
8437
8438
8439
8442
8446
8447
8448
8449
8451
8452
8453
8455
8456
8457
8459
8461
8462
8464
8465
8466
8468
8469
8470
8471
8473
8474
8477
8478
8479
8480
8481
8482
8484
8485
8486
8489
8490
8491
8492
8493
8495
8496
8497
8499
8500
8502
8503
8504
8506
8507
8511
8512
8513
8515
8516
8517
8518
8519
8521
8522
8523
8524
8525
8526
8528
8531
8532
8534
8535
8536
8537
8539
8542
8544
8546
8547
8548
8549
8551
8552
8553
8554
8555
8557
8558
8560
8561
8562
8563
8564
8566
8567
8568
8569
8572
8573
8574
8575
8576
8579
8581
8583
8584
8586
8588
8589
8590
8592
8593
8594
8596
8597
8598
8600
8601
8603
8604
8605
8607
8608
8611
8612
8614
8615
8616
8617
8618
8619
8620
8621
8622
8623
8624
8625
8627
8628
8631
8632
8634
8635
8637
8638
8639
8640
8641
8642
8643
8644
8646
8648
8649
8650
8651
8652
8653
8654
8655
8656
8657
8659
8661
8663
8664
8665
8666
8668
8669
8671
8672
8674
8675
8678
8680
8682
8683
8686
8688
8689
8690
8691
8692
8693
8696
8699
8701
8702
8703
8704
8705
8706
8709
8711
8712
8713
8714
8715
8718
8720
8721
8722
8723
8724
8725
8726
8727
8729
8730
8731
8732
8734
8735
8736
8738
8739
8741
8744
8746
8747
8748
8749
8750
8751
8753
8754
8755
8757
8758
8759
8760
8761
8762
8763
8764
8765
8766
8767
8770
8772
8773
8774
8776
8777
8778
8781
8782
8783
8784
8785
8786
8787
8788
8789
8790
8791
8792
8794
8796
8799
8800
8801
8803
8806
8807
8808
8809
8811
8812
8813
8814
8815
8816
8818
8819
8820
8822
8823
8825
8826
8827
8829
8830
8831
8833
8834
8835
8836
8837
8838
8839
8840
8841
8843
8844
8845
8846
8848
8849
8851
8852
8853
8855
8856
8859
8860
8861
8862
8864
8865
8866
8867
8870
8872
8873
8874
8878
8880
8881
8885
8888
8889
8891
8892
8894
8896
8898
8900
8901
8902
8903
8905
8906
8907
8908
8910
8911
8912
8913
8914
8915
8916
8917
8919
8920
8921
8922
8923
8925
8927
8928
8930
8933
8934
8939
8940
8941
8942
8944
8945
8946
8947
8949
8950
8951
8952
8955
8956
8958
8959
8963
8966
8967
8969
8971
8973
8977
8980
8982
8983
8984
8985
8986
8987
8989
8991
8992
8993
8995
8996
8997
8998
8999
9001
9002
9003
9004
9005
9007
9008
9009
9010
9012
9013
9014
9015
9016
9017
9018
9020
9021
9022
9023
9024
9026
9027
9029
9030
9031
9032
9033
9034
9036
9037
9038
9039
9040
9041
9042
9043
9044
9046
9047
9048
9052
9054
9055
9056
9057
9058
9059
9061
9062
9063
9064
9066
9067
9068
9069
9072
9073
9074
9075
9076
9077
9078
9079
9080
9081
9082
9085
9086
9088
9089
9091
9093
9094
9096
9100
9101
9102
9103
9105
9106
9107
9108
9111
9112
9113
9114
9115
9116
9117
9118
9119
9121
9122
9123
9124
9126
9127
9128
9129
9130
9131
9134
9135
9136
9137
9139
9141
9142
9143
9147
9148
9149
9150
9152
9154
9155
9156
9157
9158
9161
9163
9164
9165
9166
9168
9169
9170
9171
9172
9174
9175
9176
9177
9178
9179
9180
9181
9182
9184
9185
9186
9187
9188
9190
9194
9195
9196
9197
9198
9199
9202
9203
9204
9205
9206
9207
9209
9211
9213
9214
9215
9216
9217
9218
9219
9220
9221
9222
9224
9225
9226
9227
9228
9229
9230
9231
9233
9234
9235
9237
9239
9240
9241
9242
9244
9245
9246
9247
9248
9249
9250
9251
9252
9254
9255
9256
9257
9259
9260
9262
9263
9264
9265
9267
9269
9270
9271
9272
9274
9275
9276
9277
9279
9281
9282
9284
9285
9286
9288
9289
9292
9293
9294
9297
9298
9299
9300
9301
9302
9303
9304
9305
9306
9307
9308
9309
9310
9312
9313
9314
9315
9316
9317
9318
9319
9321
9322
9323
9324
9325
9327
9328
9329
9330
9332
9333
9335
9336
9339
9340
9342
9343
9344
9345
9346
9348
9352
9353
9354
9355
9356
9358
9359
9361
9362
9363
9364
9366
9367
9368
9371
9372
9373
9374
9375
9377
9378
9379
9380
9381
9382
9383
9385
9386
9387
9389
9390
9391
9393
9394
9395
9396
9397
9398
9400
9401
9402
9403
9404
9405
9407
9408
9411
9412
9413
9415
9416
9417
9418
9419
9421
9422
9424
9426
9428
9429
9437
9438
9439
9440
9442
9444
9446
9451
9453
9454
9455
9457
9458
9459
9461
9463
9464
9465
9466
9468
9469
9470
9471
9472
9474
9477
9478
9479
9481
9482
9484
9485
9486
9487
9488
9489
9490
9491
9492
9493
9495
9496
9497
9499
9500
9501
9503
9504
9505
9507
9508
9509
9511
9512
9515
9517
9519
9521
9522
9523
9524
9525
9526
9527
9528
9529
9530
9532
9533
9535
9536
9537
9538
9539
9541
9543
9544
9545
9546
9547
9548
9549
9551
9552
9553
9554
9556
9557
9558
9559
9560
9561
9562
9563
9564
9566
9567
9568
9569
9570
9571
9572
9573
9574
9575
9576
9577
9578
9579
9581
9583
9584
9585
9586
9589
9590
9592
9594
9595
9596
9597
9598
9600
9602
9603
9605
9607
9608
9609
9610
9611
9612
9614
9615
9618
9619
9620
9621
9623
9624
9625
9626
9628
9629
9630
9632
9633
9634
9635
9636
9637
9638
9639
9643
9644
9648
9650
9652
9653
9655
9656
9657
9659
9660
9661
9662
9663
9664
9665
9666
9667
9668
9669
9670
9671
9673
9674
9677
9678
9679
9680
9681
9682
9683
9685
9686
9688
9689
9691
9692
9693
9694
9695
9697
9698
9699
9700
9701
9703
9704
9705
9706
9707
9708
9710
9711
9712
9713
9715
9716
9719
9720
9721
9722
9723
9724
9725
9726
