0.000000000000000000e+00 4.742279999999999829e-01
1.000000000000000000e+02 3.505479999999999707e-01
2.000000000000000000e+02 4.105959999999999610e-01
3.000000000000000000e+02 4.693039999999999989e-01
4.000000000000000000e+02 5.118120000000000447e-01
5.000000000000000000e+02 5.395759999999999446e-01
6.000000000000000000e+02 5.798200000000000021e-01
7.000000000000000000e+02 5.954199999999999493e-01
8.000000000000000000e+02 6.367079999999999407e-01
9.000000000000000000e+02 6.399519999999999653e-01
1.000000000000000000e+03 6.207280000000000575e-01
1.100000000000000000e+03 6.499639999999999862e-01
1.200000000000000000e+03 6.330359999999999321e-01
1.300000000000000000e+03 6.505319999999999991e-01
1.400000000000000000e+03 6.844760000000000844e-01
1.500000000000000000e+03 7.007120000000000015e-01
1.600000000000000000e+03 6.661240000000000494e-01
1.700000000000000000e+03 6.747680000000000344e-01
1.800000000000000000e+03 7.290719999999999423e-01
1.900000000000000000e+03 7.068520000000000358e-01
2.000000000000000000e+03 7.363919999999999355e-01
2.100000000000000000e+03 7.091680000000000206e-01
2.200000000000000000e+03 7.241159999999999819e-01
2.300000000000000000e+03 7.236359999999998349e-01
2.400000000000000000e+03 7.271440000000000126e-01
2.500000000000000000e+03 7.202340000000000408e-01
2.600000000000000000e+03 7.210319999999998952e-01
2.700000000000000000e+03 7.222360000000001001e-01
2.800000000000000000e+03 7.484080000000000732e-01
2.900000000000000000e+03 7.324960000000000360e-01
3.000000000000000000e+03 7.408439999999999470e-01
3.100000000000000000e+03 7.486479999999999801e-01
3.200000000000000000e+03 7.486939999999999706e-01
3.300000000000000000e+03 7.529279999999999307e-01
3.400000000000000000e+03 7.611559999999999437e-01
3.500000000000000000e+03 7.835280000000000022e-01
3.600000000000000000e+03 7.568120000000000402e-01
3.700000000000000000e+03 7.756680000000000241e-01
3.800000000000000000e+03 7.598920000000000119e-01
3.900000000000000000e+03 7.880880000000001218e-01
4.000000000000000000e+03 7.828720000000000123e-01
4.100000000000000000e+03 7.691599999999999548e-01
4.200000000000000000e+03 7.927639999999999132e-01
4.300000000000000000e+03 8.313159999999999439e-01
4.400000000000000000e+03 8.131559999999999899e-01
4.500000000000000000e+03 8.018159999999999732e-01
4.600000000000000000e+03 8.128400000000000070e-01
4.700000000000000000e+03 8.094879999999999853e-01
4.800000000000000000e+03 8.059079999999999577e-01
4.900000000000000000e+03 8.151159999999999517e-01
5.000000000000000000e+03 8.221560000000001089e-01
5.100000000000000000e+03 8.163200000000000456e-01
5.200000000000000000e+03 8.134160000000000279e-01
5.300000000000000000e+03 8.190040000000000653e-01
5.400000000000000000e+03 7.957039999999999669e-01
5.500000000000000000e+03 8.067639999999998146e-01
5.600000000000000000e+03 8.393839999999999080e-01
5.700000000000000000e+03 8.086280000000000134e-01
5.800000000000000000e+03 8.380160000000000942e-01
5.900000000000000000e+03 8.419120000000001047e-01
6.000000000000000000e+03 8.478359999999999230e-01
6.100000000000000000e+03 8.402919999999999279e-01
6.200000000000000000e+03 8.501000000000000778e-01
6.300000000000000000e+03 8.504599999999999937e-01
6.400000000000000000e+03 8.237200000000000077e-01
6.500000000000000000e+03 8.458999999999998742e-01
6.600000000000000000e+03 8.438719999999999555e-01
6.700000000000000000e+03 8.612479999999999025e-01
6.800000000000000000e+03 8.523200000000000776e-01
6.900000000000000000e+03 8.632759999999999323e-01
7.000000000000000000e+03 8.603359999999998786e-01
7.100000000000000000e+03 8.487839999999998719e-01
7.200000000000000000e+03 8.605439999999999756e-01
7.300000000000000000e+03 8.560679999999999401e-01
7.400000000000000000e+03 8.462119999999998532e-01
7.500000000000000000e+03 8.725519999999999943e-01
7.600000000000000000e+03 8.487519999999999509e-01
7.700000000000000000e+03 8.804999999999998384e-01
7.800000000000000000e+03 8.669560000000000599e-01
7.900000000000000000e+03 8.823799999999998311e-01
8.000000000000000000e+03 8.780600000000000627e-01
8.100000000000000000e+03 8.850319999999999299e-01
8.200000000000000000e+03 8.683000000000000718e-01
8.300000000000000000e+03 8.964799999999999436e-01
8.400000000000000000e+03 9.124999999999999778e-01
8.500000000000000000e+03 9.038159999999999528e-01
8.600000000000000000e+03 8.720279999999999143e-01
8.700000000000000000e+03 8.968119999999999425e-01
8.800000000000000000e+03 8.875120000000000786e-01
8.900000000000000000e+03 8.775960000000000427e-01
9.000000000000000000e+03 8.844599999999999129e-01
9.100000000000000000e+03 8.833600000000001451e-01
9.200000000000000000e+03 8.968120000000000536e-01
9.300000000000000000e+03 8.753640000000000310e-01
9.400000000000000000e+03 8.945080000000000808e-01
9.500000000000000000e+03 8.718639999999999723e-01
9.600000000000000000e+03 9.043080000000001117e-01
9.700000000000000000e+03 8.804799999999999294e-01
9.800000000000000000e+03 8.948760000000001158e-01
9.900000000000000000e+03 8.862679999999998337e-01
1.000000000000000000e+04 8.817239999999999522e-01
1.010000000000000000e+04 8.858199999999999408e-01
1.020000000000000000e+04 8.876040000000000596e-01
1.030000000000000000e+04 9.021040000000001280e-01
1.040000000000000000e+04 9.072960000000001024e-01
1.050000000000000000e+04 8.989880000000001203e-01
1.060000000000000000e+04 8.848199999999999399e-01
1.070000000000000000e+04 9.135759999999999437e-01
1.080000000000000000e+04 8.996599999999999042e-01
1.090000000000000000e+04 9.047000000000000597e-01
1.100000000000000000e+04 8.898599999999998733e-01
1.110000000000000000e+04 9.062240000000000295e-01
1.120000000000000000e+04 8.934920000000000639e-01
1.130000000000000000e+04 8.935959999999999459e-01
1.140000000000000000e+04 8.945080000000001919e-01
1.150000000000000000e+04 9.125600000000000378e-01
1.160000000000000000e+04 8.960280000000000467e-01
1.170000000000000000e+04 8.962639999999999496e-01
1.180000000000000000e+04 9.003199999999997871e-01
1.190000000000000000e+04 9.068359999999999754e-01
1.200000000000000000e+04 9.064200000000001145e-01
1.210000000000000000e+04 9.025080000000000879e-01
1.220000000000000000e+04 8.987080000000000624e-01
1.230000000000000000e+04 8.871400000000000396e-01
1.240000000000000000e+04 9.153399999999999315e-01
1.250000000000000000e+04 9.114399999999999169e-01
1.260000000000000000e+04 8.978080000000000505e-01
1.270000000000000000e+04 9.149479999999999835e-01
1.280000000000000000e+04 8.999880000000000102e-01
1.290000000000000000e+04 9.067679999999999074e-01
1.300000000000000000e+04 9.105119999999998770e-01
1.310000000000000000e+04 9.081399999999999473e-01
1.320000000000000000e+04 9.109360000000000790e-01
1.330000000000000000e+04 9.101720000000000921e-01
1.340000000000000000e+04 8.951160000000000228e-01
1.350000000000000000e+04 9.285800000000000720e-01
1.360000000000000000e+04 9.170399999999999663e-01
1.370000000000000000e+04 9.132919999999999927e-01
1.380000000000000000e+04 9.157699999999999729e-01
1.390000000000000000e+04 9.200880000000001280e-01
1.400000000000000000e+04 9.100999999999999091e-01
1.410000000000000000e+04 9.065680000000000405e-01
1.420000000000000000e+04 9.214440000000000408e-01
1.430000000000000000e+04 9.082919999999999883e-01
1.440000000000000000e+04 9.139919999999999156e-01
1.450000000000000000e+04 9.023559999999999359e-01
1.460000000000000000e+04 9.054280000000000106e-01
1.470000000000000000e+04 9.227160000000000917e-01
1.480000000000000000e+04 8.996359999999999912e-01
1.490000000000000000e+04 8.952919999999999767e-01
1.500000000000000000e+04 9.153759999999998564e-01
1.510000000000000000e+04 9.063599999999999435e-01
1.520000000000000000e+04 8.909399999999998432e-01
1.530000000000000000e+04 9.115720000000001599e-01
1.540000000000000000e+04 9.118040000000000589e-01
1.550000000000000000e+04 9.024360000000000159e-01
1.560000000000000000e+04 8.979160000000000474e-01
1.570000000000000000e+04 9.053599999999999426e-01
1.580000000000000000e+04 9.122999999999999998e-01
1.590000000000000000e+04 9.193080000000001251e-01
1.600000000000000000e+04 9.077960000000000473e-01
1.610000000000000000e+04 9.170079999999999343e-01
1.620000000000000000e+04 9.195160000000000000e-01
1.630000000000000000e+04 9.231320000000000636e-01
1.640000000000000000e+04 9.117720000000000269e-01
1.650000000000000000e+04 9.117120000000000779e-01
1.660000000000000000e+04 9.231200000000000516e-01
1.670000000000000000e+04 9.213719999999998578e-01
1.680000000000000000e+04 9.285839999999999650e-01
1.690000000000000000e+04 9.074880000000000724e-01
1.700000000000000000e+04 9.030759999999999899e-01
1.710000000000000000e+04 9.065959999999998464e-01
1.720000000000000000e+04 9.221000000000000307e-01
1.730000000000000000e+04 9.205039999999999889e-01
1.740000000000000000e+04 9.156679999999999264e-01
1.750000000000000000e+04 9.269279999999999742e-01
1.760000000000000000e+04 9.182239999999999291e-01
1.770000000000000000e+04 9.213439999999999408e-01
1.780000000000000000e+04 9.069999999999999174e-01
1.790000000000000000e+04 9.224280000000000257e-01
1.800000000000000000e+04 9.172120000000001383e-01
1.810000000000000000e+04 9.270359999999998601e-01
1.820000000000000000e+04 9.152679999999999705e-01
1.830000000000000000e+04 9.185799999999999521e-01
1.840000000000000000e+04 9.226600000000000357e-01
1.850000000000000000e+04 9.173639999999998462e-01
1.860000000000000000e+04 9.051160000000000316e-01
1.870000000000000000e+04 9.139760000000000106e-01
1.880000000000000000e+04 9.171560000000000823e-01
1.890000000000000000e+04 9.061040000000000205e-01
1.900000000000000000e+04 9.297839999999998328e-01
1.910000000000000000e+04 9.157959999999999434e-01
1.920000000000000000e+04 9.213999999999999968e-01
1.930000000000000000e+04 9.241600000000000925e-01
1.940000000000000000e+04 9.226999999999999647e-01
1.950000000000000000e+04 9.156680000000000375e-01
1.960000000000000000e+04 9.206199999999999939e-01
1.970000000000000000e+04 9.321039999999998216e-01
1.980000000000000000e+04 9.162880000000001024e-01
1.990000000000000000e+04 9.068519999999999914e-01
2.000000000000000000e+04 9.180279999999999552e-01
2.010000000000000000e+04 9.290760000000000129e-01
2.020000000000000000e+04 9.209200000000000719e-01
2.030000000000000000e+04 9.199880000000000280e-01
2.040000000000000000e+04 9.203800000000000869e-01
2.050000000000000000e+04 9.202280000000000459e-01
2.060000000000000000e+04 9.254679999999998463e-01
2.070000000000000000e+04 9.243439999999999435e-01
2.080000000000000000e+04 9.246320000000000094e-01
2.090000000000000000e+04 9.221520000000000827e-01
2.100000000000000000e+04 9.318559999999999066e-01
2.110000000000000000e+04 9.085359999999998992e-01
2.120000000000000000e+04 9.245160000000000045e-01
2.130000000000000000e+04 9.260919999999998042e-01
2.140000000000000000e+04 9.255919999999998593e-01
2.150000000000000000e+04 9.157680000000000264e-01
2.160000000000000000e+04 9.139639999999999986e-01
2.170000000000000000e+04 9.248680000000000234e-01
2.180000000000000000e+04 9.043039999999999967e-01
2.190000000000000000e+04 9.243640000000000745e-01
2.200000000000000000e+04 9.101959999999998940e-01
2.210000000000000000e+04 9.112520000000000620e-01
2.220000000000000000e+04 9.237679999999999225e-01
2.230000000000000000e+04 9.080840000000000023e-01
2.240000000000000000e+04 9.141960000000000086e-01
2.250000000000000000e+04 9.147520000000000095e-01
2.260000000000000000e+04 9.164399999999999213e-01
2.270000000000000000e+04 9.102440000000000531e-01
2.280000000000000000e+04 9.154600000000000515e-01
2.290000000000000000e+04 9.200559999999999850e-01
2.300000000000000000e+04 9.299040000000000639e-01
2.310000000000000000e+04 9.234720000000000706e-01
2.320000000000000000e+04 9.240040000000000475e-01
2.330000000000000000e+04 9.166360000000000063e-01
2.340000000000000000e+04 9.084160000000001123e-01
2.350000000000000000e+04 9.238399999999999945e-01
2.360000000000000000e+04 9.175039999999999862e-01
2.370000000000000000e+04 9.221960000000000157e-01
2.380000000000000000e+04 9.205160000000000009e-01
2.390000000000000000e+04 9.120280000000000609e-01
2.400000000000000000e+04 9.058159999999999545e-01
2.410000000000000000e+04 9.285000000000001030e-01
2.420000000000000000e+04 9.339199999999999724e-01
2.430000000000000000e+04 9.328119999999999745e-01
2.440000000000000000e+04 9.287799999999999390e-01
2.450000000000000000e+04 9.281559999999999810e-01
2.460000000000000000e+04 9.330719999999999015e-01
2.470000000000000000e+04 9.186039999999998651e-01
2.480000000000000000e+04 9.071919999999999984e-01
2.490000000000000000e+04 9.155079999999999885e-01
2.500000000000000000e+04 9.114279999999999049e-01
2.510000000000000000e+04 9.156800000000000495e-01
2.520000000000000000e+04 9.252999999999999003e-01
2.530000000000000000e+04 9.176720000000000432e-01
2.540000000000000000e+04 9.176559999999999162e-01
2.550000000000000000e+04 9.229680000000000106e-01
2.560000000000000000e+04 9.247079999999999744e-01
2.570000000000000000e+04 9.223160000000000247e-01
2.580000000000000000e+04 9.302280000000000548e-01
2.590000000000000000e+04 9.132519999999998417e-01
2.600000000000000000e+04 9.136720000000001507e-01
2.610000000000000000e+04 9.323319999999999386e-01
2.620000000000000000e+04 9.062360000000000415e-01
2.630000000000000000e+04 9.163200000000000234e-01
2.640000000000000000e+04 9.165639999999999343e-01
2.650000000000000000e+04 9.267119999999999802e-01
2.660000000000000000e+04 9.219760000000000177e-01
2.670000000000000000e+04 9.250159999999999494e-01
2.680000000000000000e+04 9.154879999999999685e-01
2.690000000000000000e+04 9.337799999999999434e-01
2.700000000000000000e+04 9.166319999999998913e-01
2.710000000000000000e+04 9.254599999999999493e-01
2.720000000000000000e+04 9.228760000000000296e-01
2.730000000000000000e+04 9.038319999999999688e-01
2.740000000000000000e+04 9.199399999999999800e-01
2.750000000000000000e+04 9.160440000000000804e-01
2.760000000000000000e+04 9.240960000000000285e-01
2.770000000000000000e+04 9.276559999999999251e-01
2.780000000000000000e+04 9.277279999999998861e-01
2.790000000000000000e+04 9.011679999999999691e-01
2.800000000000000000e+04 9.301919999999997968e-01
2.810000000000000000e+04 9.062360000000000415e-01
2.820000000000000000e+04 9.201599999999999779e-01
2.830000000000000000e+04 9.121879999999999988e-01
2.840000000000000000e+04 9.206320000000001169e-01
2.850000000000000000e+04 9.274080000000000101e-01
2.860000000000000000e+04 9.304959999999999898e-01
2.870000000000000000e+04 9.178640000000000132e-01
2.880000000000000000e+04 9.115079999999999849e-01
2.890000000000000000e+04 9.232359999999999456e-01
2.900000000000000000e+04 9.234120000000000106e-01
2.910000000000000000e+04 9.272360000000000602e-01
2.920000000000000000e+04 9.201799999999999979e-01
2.930000000000000000e+04 9.163720000000000754e-01
2.940000000000000000e+04 9.160440000000000804e-01
2.950000000000000000e+04 9.227039999999999687e-01
2.960000000000000000e+04 9.228600000000000136e-01
2.970000000000000000e+04 9.075840000000000574e-01
2.980000000000000000e+04 9.208840000000000359e-01
2.990000000000000000e+04 9.253919999999999924e-01
3.000000000000000000e+04 9.285880000000000800e-01
