0.000000000000000000e+00 5.063189460838743994e-01
1.000000000000000000e+02 3.922507517152178380e-01
2.000000000000000000e+02 4.170809215316358398e-01
3.000000000000000000e+02 4.253963335101128007e-01
4.000000000000000000e+02 4.384070804370460706e-01
5.000000000000000000e+02 4.400012440248133871e-01
6.000000000000000000e+02 4.423736626732145960e-01
7.000000000000000000e+02 4.501077627451559593e-01
8.000000000000000000e+02 4.759792055301138025e-01
9.000000000000000000e+02 4.820899386611489090e-01
1.000000000000000000e+03 4.849997339459388712e-01
1.100000000000000000e+03 4.966117537933766313e-01
1.200000000000000000e+03 5.059397788091197778e-01
1.300000000000000000e+03 5.041483742562186121e-01
1.400000000000000000e+03 5.235265873698153882e-01
1.500000000000000000e+03 5.671848477825475188e-01
1.600000000000000000e+03 5.693274810423845089e-01
1.700000000000000000e+03 5.537880905826251254e-01
1.800000000000000000e+03 5.691374660312995548e-01
1.900000000000000000e+03 5.847658542750042709e-01
2.000000000000000000e+03 5.803024720337388587e-01
2.100000000000000000e+03 5.939482309394434889e-01
2.200000000000000000e+03 6.443496842062900187e-01
2.300000000000000000e+03 5.828969751891923678e-01
2.400000000000000000e+03 6.349723277861447635e-01
2.500000000000000000e+03 6.330773491887201621e-01
2.600000000000000000e+03 6.727558427556336040e-01
2.700000000000000000e+03 6.760133214499892684e-01
2.800000000000000000e+03 6.444863726920264657e-01
2.900000000000000000e+03 6.520127601782812476e-01
3.000000000000000000e+03 6.598868767561532067e-01
3.100000000000000000e+03 6.907032331911087120e-01
3.200000000000000000e+03 6.907474067756360636e-01
3.300000000000000000e+03 6.959143302512499352e-01
3.400000000000000000e+03 7.032159963510955514e-01
3.500000000000000000e+03 6.811998022644349948e-01
3.600000000000000000e+03 7.079367632973103674e-01
3.700000000000000000e+03 7.243058383899324548e-01
3.800000000000000000e+03 7.054820775887888917e-01
3.900000000000000000e+03 7.283620928979156472e-01
4.000000000000000000e+03 7.409965170050742955e-01
4.100000000000000000e+03 7.432680384018941488e-01
4.200000000000000000e+03 7.677370897340340949e-01
4.300000000000000000e+03 7.861127703603478789e-01
4.400000000000000000e+03 7.531201504143019143e-01
4.500000000000000000e+03 7.673737653042217444e-01
4.600000000000000000e+03 7.511001821005063306e-01
4.700000000000000000e+03 7.826965010073763107e-01
4.800000000000000000e+03 7.937164162599051886e-01
4.900000000000000000e+03 7.827618443055854858e-01
5.000000000000000000e+03 7.723580700723271519e-01
5.100000000000000000e+03 8.133259863186184102e-01
5.200000000000000000e+03 7.934559798968980893e-01
5.300000000000000000e+03 7.939525366890868296e-01
5.400000000000000000e+03 8.115401782368103500e-01
5.500000000000000000e+03 8.087662539347342250e-01
5.600000000000000000e+03 8.137580024361152908e-01
5.700000000000000000e+03 8.011209513209079924e-01
5.800000000000000000e+03 8.234848813988234761e-01
5.900000000000000000e+03 8.248758748069670022e-01
6.000000000000000000e+03 8.335396935615284608e-01
6.100000000000000000e+03 8.331396634613972285e-01
6.200000000000000000e+03 8.392024857531362736e-01
6.300000000000000000e+03 8.387724839654836506e-01
6.400000000000000000e+03 8.659884774471819924e-01
6.500000000000000000e+03 8.484020440889582515e-01
6.600000000000000000e+03 8.683311219720850627e-01
6.700000000000000000e+03 8.691974455240463193e-01
6.800000000000000000e+03 8.505649635943541842e-01
6.900000000000000000e+03 8.617345067258401770e-01
7.000000000000000000e+03 8.683666116215826847e-01
7.100000000000000000e+03 8.678384929608269349e-01
7.200000000000000000e+03 8.740540588517641263e-01
7.300000000000000000e+03 8.791438551767065679e-01
7.400000000000000000e+03 8.624565834986637203e-01
7.500000000000000000e+03 8.819837146931966965e-01
7.600000000000000000e+03 8.913844005237399060e-01
7.700000000000000000e+03 8.914370668666232733e-01
7.800000000000000000e+03 8.895985523670829620e-01
7.900000000000000000e+03 9.027225603446434876e-01
8.000000000000000000e+03 8.899545759198983497e-01
8.100000000000000000e+03 8.995124259382613063e-01
8.200000000000000000e+03 8.934968352050334239e-01
8.300000000000000000e+03 9.004094887792949420e-01
8.400000000000000000e+03 9.137442975870295747e-01
8.500000000000000000e+03 9.106172640728549261e-01
8.600000000000000000e+03 9.035715196720324194e-01
8.700000000000000000e+03 9.089093838911663781e-01
8.800000000000000000e+03 9.159914571276519535e-01
8.900000000000000000e+03 9.039678652431205608e-01
9.000000000000000000e+03 9.279378302422485181e-01
9.100000000000000000e+03 9.213629175472344279e-01
9.200000000000000000e+03 9.216283911236557991e-01
9.300000000000000000e+03 9.217615962084392267e-01
9.400000000000000000e+03 9.287114729394124746e-01
9.500000000000000000e+03 9.294107675113261191e-01
9.600000000000000000e+03 9.277658032165970736e-01
9.700000000000000000e+03 9.408226705395887901e-01
9.800000000000000000e+03 9.166779253861840893e-01
9.900000000000000000e+03 9.262651665716362670e-01
1.000000000000000000e+04 9.274161761809235349e-01
1.010000000000000000e+04 9.371725826404103676e-01
1.020000000000000000e+04 9.388397755119161081e-01
1.030000000000000000e+04 9.424399486992163233e-01
1.040000000000000000e+04 9.319733972024883961e-01
1.050000000000000000e+04 9.415735936976863396e-01
1.060000000000000000e+04 9.482232415005962256e-01
1.070000000000000000e+04 9.442618973306248220e-01
1.080000000000000000e+04 9.431994607230004268e-01
1.090000000000000000e+04 9.471269491897810200e-01
1.100000000000000000e+04 9.447645953096394100e-01
1.110000000000000000e+04 9.450902932029153769e-01
1.120000000000000000e+04 9.453072669354138924e-01
1.130000000000000000e+04 9.448455841527736432e-01
1.140000000000000000e+04 9.453968981165640217e-01
1.150000000000000000e+04 9.533225310807265096e-01
1.160000000000000000e+04 9.578541003684299948e-01
1.170000000000000000e+04 9.428254403786688886e-01
1.180000000000000000e+04 9.469711947416420417e-01
1.190000000000000000e+04 9.597509661877854370e-01
1.200000000000000000e+04 9.548814196417840794e-01
1.210000000000000000e+04 9.549032043040650564e-01
1.220000000000000000e+04 9.487110801625275869e-01
1.230000000000000000e+04 9.585248024349237728e-01
1.240000000000000000e+04 9.611143641176225216e-01
1.250000000000000000e+04 9.647793575093766005e-01
1.260000000000000000e+04 9.612732559839681779e-01
1.270000000000000000e+04 9.641411502911044762e-01
1.280000000000000000e+04 9.566800209349384243e-01
1.290000000000000000e+04 9.672062769455080922e-01
1.300000000000000000e+04 9.688667960873117435e-01
1.310000000000000000e+04 9.628196650368424647e-01
1.320000000000000000e+04 9.630358550387805305e-01
1.330000000000000000e+04 9.635190674254912047e-01
1.340000000000000000e+04 9.680124495643787075e-01
1.350000000000000000e+04 9.679212618771313448e-01
1.360000000000000000e+04 9.655068302280463977e-01
1.370000000000000000e+04 9.721756369369930484e-01
1.380000000000000000e+04 9.689420902247785072e-01
1.390000000000000000e+04 9.724717846124102394e-01
1.400000000000000000e+04 9.633679463545817834e-01
1.410000000000000000e+04 9.639479333998074440e-01
1.420000000000000000e+04 9.687338273178476289e-01
1.430000000000000000e+04 9.674769905887635746e-01
1.440000000000000000e+04 9.772613882313190281e-01
1.450000000000000000e+04 9.710546242320428068e-01
1.460000000000000000e+04 9.700606243163086839e-01
1.470000000000000000e+04 9.771041362096730687e-01
1.480000000000000000e+04 9.750932403956795724e-01
1.490000000000000000e+04 9.749574305313166711e-01
1.500000000000000000e+04 9.747513079191961749e-01
1.510000000000000000e+04 9.705713893974494688e-01
1.520000000000000000e+04 9.647732900640366704e-01
1.530000000000000000e+04 9.688610699294623041e-01
1.540000000000000000e+04 9.709099431781376133e-01
1.550000000000000000e+04 9.723392836702196007e-01
1.560000000000000000e+04 9.770228637903929370e-01
1.570000000000000000e+04 9.690510158460778900e-01
1.580000000000000000e+04 9.712621256079637666e-01
1.590000000000000000e+04 9.741367146543036259e-01
1.600000000000000000e+04 9.772167192782081901e-01
1.610000000000000000e+04 9.805764728359050997e-01
1.620000000000000000e+04 9.734657246515393547e-01
1.630000000000000000e+04 9.709575670103198775e-01
1.640000000000000000e+04 9.697114587699221522e-01
1.650000000000000000e+04 9.728994631744127819e-01
1.660000000000000000e+04 9.761625426512373638e-01
1.670000000000000000e+04 9.731742201130739733e-01
1.680000000000000000e+04 9.778721431689678667e-01
1.690000000000000000e+04 9.779923071252256683e-01
1.700000000000000000e+04 9.721145021767099159e-01
1.710000000000000000e+04 9.787041863421505061e-01
1.720000000000000000e+04 9.723038184636995096e-01
1.730000000000000000e+04 9.779290238282137837e-01
1.740000000000000000e+04 9.764898944279057913e-01
1.750000000000000000e+04 9.765255781524979639e-01
1.760000000000000000e+04 9.744447350792790896e-01
1.770000000000000000e+04 9.759457099645394429e-01
1.780000000000000000e+04 9.739773070897635998e-01
1.790000000000000000e+04 9.719980112997692601e-01
1.800000000000000000e+04 9.762582758735898203e-01
1.810000000000000000e+04 9.679968043577439341e-01
1.820000000000000000e+04 9.836438272204045541e-01
1.830000000000000000e+04 9.737883033215651851e-01
1.840000000000000000e+04 9.767011681327870676e-01
1.850000000000000000e+04 9.738693407924960965e-01
1.860000000000000000e+04 9.718343175126169520e-01
1.870000000000000000e+04 9.759797922291407746e-01
1.880000000000000000e+04 9.753739350385725038e-01
1.890000000000000000e+04 9.707060761214407751e-01
1.900000000000000000e+04 9.773904683305373320e-01
1.910000000000000000e+04 9.792018821150334507e-01
1.920000000000000000e+04 9.741802520662758980e-01
1.930000000000000000e+04 9.758542408150333580e-01
1.940000000000000000e+04 9.790263783647521478e-01
1.950000000000000000e+04 9.714596734793277122e-01
1.960000000000000000e+04 9.781667205418018707e-01
1.970000000000000000e+04 9.802545314578972047e-01
1.980000000000000000e+04 9.763050315753518671e-01
1.990000000000000000e+04 9.808755147470133995e-01
2.000000000000000000e+04 9.746979793936715319e-01
2.010000000000000000e+04 9.744295790858835682e-01
2.020000000000000000e+04 9.743333810977523601e-01
2.030000000000000000e+04 9.762563089569161745e-01
2.040000000000000000e+04 9.731306202177877340e-01
2.050000000000000000e+04 9.783124456364266086e-01
2.060000000000000000e+04 9.777332081286069787e-01
2.070000000000000000e+04 9.786605641226259200e-01
2.080000000000000000e+04 9.746708698901644929e-01
2.090000000000000000e+04 9.779816685672607646e-01
2.100000000000000000e+04 9.695344676645946125e-01
2.110000000000000000e+04 9.724975492512387687e-01
2.120000000000000000e+04 9.738938906741193557e-01
2.130000000000000000e+04 9.766081105788936290e-01
2.140000000000000000e+04 9.735566568942513044e-01
2.150000000000000000e+04 9.816571148640705902e-01
2.160000000000000000e+04 9.760614760395328604e-01
2.170000000000000000e+04 9.781590200182518346e-01
2.180000000000000000e+04 9.720303757690380575e-01
2.190000000000000000e+04 9.785016735028194690e-01
2.200000000000000000e+04 9.775916470354204524e-01
2.210000000000000000e+04 9.839240423739028518e-01
2.220000000000000000e+04 9.755747298895987019e-01
2.230000000000000000e+04 9.759088645748493773e-01
2.240000000000000000e+04 9.809888907438589767e-01
2.250000000000000000e+04 9.735516658461342843e-01
2.260000000000000000e+04 9.810726027757781242e-01
2.270000000000000000e+04 9.763205562316781272e-01
2.280000000000000000e+04 9.754306663287743984e-01
2.290000000000000000e+04 9.760229417261198082e-01
2.300000000000000000e+04 9.787197536133294129e-01
2.310000000000000000e+04 9.764617104897252986e-01
2.320000000000000000e+04 9.811924378368592770e-01
2.330000000000000000e+04 9.791914841926248059e-01
2.340000000000000000e+04 9.720326169622041101e-01
2.350000000000000000e+04 9.782917661191175007e-01
2.360000000000000000e+04 9.780068661964087529e-01
2.370000000000000000e+04 9.749803289498394365e-01
2.380000000000000000e+04 9.784693896913851940e-01
2.390000000000000000e+04 9.788198276036146339e-01
2.400000000000000000e+04 9.787763639830372453e-01
2.410000000000000000e+04 9.760265660213420791e-01
2.420000000000000000e+04 9.764916755707006013e-01
2.430000000000000000e+04 9.729777623143284204e-01
2.440000000000000000e+04 9.793201222036440612e-01
2.450000000000000000e+04 9.790410877398665335e-01
2.460000000000000000e+04 9.737581623155217025e-01
2.470000000000000000e+04 9.742638293777647895e-01
2.480000000000000000e+04 9.691999300425437891e-01
2.490000000000000000e+04 9.718925608760410340e-01
2.500000000000000000e+04 9.776411481104289036e-01
2.510000000000000000e+04 9.734829600917525028e-01
2.520000000000000000e+04 9.796569773448691176e-01
2.530000000000000000e+04 9.737586317843187622e-01
2.540000000000000000e+04 9.702910422357128306e-01
2.550000000000000000e+04 9.749098397569764263e-01
2.560000000000000000e+04 9.788039873007859937e-01
2.570000000000000000e+04 9.689030564208787055e-01
2.580000000000000000e+04 9.715691917446394044e-01
2.590000000000000000e+04 9.730936294586725044e-01
2.600000000000000000e+04 9.764565422473332479e-01
2.610000000000000000e+04 9.718566711696189353e-01
2.620000000000000000e+04 9.762085527631695347e-01
2.630000000000000000e+04 9.747648762280499701e-01
2.640000000000000000e+04 9.699943396898600412e-01
2.650000000000000000e+04 9.742217967732103023e-01
2.660000000000000000e+04 9.789918745643686471e-01
2.670000000000000000e+04 9.753216114226677114e-01
2.680000000000000000e+04 9.741363273236884890e-01
2.690000000000000000e+04 9.693825035579969329e-01
2.700000000000000000e+04 9.737652189363878996e-01
2.710000000000000000e+04 9.723567245599888942e-01
2.720000000000000000e+04 9.750000396556744997e-01
2.730000000000000000e+04 9.754874750747769552e-01
2.740000000000000000e+04 9.789433639979324697e-01
2.750000000000000000e+04 9.724846900537795769e-01
2.760000000000000000e+04 9.723305373677182395e-01
2.770000000000000000e+04 9.809656463224389888e-01
2.780000000000000000e+04 9.707052060065691768e-01
2.790000000000000000e+04 9.794743739413547257e-01
2.800000000000000000e+04 9.787958716149549598e-01
2.810000000000000000e+04 9.734948899463865546e-01
2.820000000000000000e+04 9.789903466812557298e-01
2.830000000000000000e+04 9.726760408787603618e-01
2.840000000000000000e+04 9.718520582820978637e-01
2.850000000000000000e+04 9.795741696345238170e-01
2.860000000000000000e+04 9.783568448066548573e-01
2.870000000000000000e+04 9.701805964018856976e-01
2.880000000000000000e+04 9.709274664694796941e-01
2.890000000000000000e+04 9.765866427565615959e-01
2.900000000000000000e+04 9.700382572572914253e-01
2.910000000000000000e+04 9.761893527823172212e-01
2.920000000000000000e+04 9.766247712755259380e-01
2.930000000000000000e+04 9.734362862924822446e-01
2.940000000000000000e+04 9.649959805829806392e-01
2.950000000000000000e+04 9.694844751882413236e-01
2.960000000000000000e+04 9.725428461523822898e-01
2.970000000000000000e+04 9.759408323988106870e-01
2.980000000000000000e+04 9.750454829397350309e-01
2.990000000000000000e+04 9.757576902467242075e-01
3.000000000000000000e+04 9.763460235900424111e-01
