0.000000000000000000e+00 4.960599999999999454e-01
1.000000000000000000e+02 3.172520000000000340e-01
2.000000000000000000e+02 3.763440000000000119e-01
3.000000000000000000e+02 3.883599999999999830e-01
4.000000000000000000e+02 4.328679999999999750e-01
5.000000000000000000e+02 4.223200000000000287e-01
6.000000000000000000e+02 4.382520000000000304e-01
7.000000000000000000e+02 4.500079999999999636e-01
8.000000000000000000e+02 4.763479999999999936e-01
9.000000000000000000e+02 4.919360000000000399e-01
1.000000000000000000e+03 5.063360000000000083e-01
1.100000000000000000e+03 5.094600000000000239e-01
1.200000000000000000e+03 5.184440000000000159e-01
1.300000000000000000e+03 5.137239999999999585e-01
1.400000000000000000e+03 5.386279999999999957e-01
1.500000000000000000e+03 5.739079999999999737e-01
1.600000000000000000e+03 5.627879999999999550e-01
1.700000000000000000e+03 5.581239999999999535e-01
1.800000000000000000e+03 5.696719999999999562e-01
1.900000000000000000e+03 5.912159999999999638e-01
2.000000000000000000e+03 5.867520000000000513e-01
2.100000000000000000e+03 6.048720000000000763e-01
2.200000000000000000e+03 6.537880000000000358e-01
2.300000000000000000e+03 5.911919999999999398e-01
2.400000000000000000e+03 6.302400000000000224e-01
2.500000000000000000e+03 6.182360000000000078e-01
2.600000000000000000e+03 6.718319999999999848e-01
2.700000000000000000e+03 6.725879999999999637e-01
2.800000000000000000e+03 6.520120000000000360e-01
2.900000000000000000e+03 6.427760000000000140e-01
3.000000000000000000e+03 6.532159999999999078e-01
3.100000000000000000e+03 6.837239999999999984e-01
3.200000000000000000e+03 6.814839999999998676e-01
3.300000000000000000e+03 6.736759999999999415e-01
3.400000000000000000e+03 6.961239999999999650e-01
3.500000000000000000e+03 6.778200000000000891e-01
3.600000000000000000e+03 6.961999999999999300e-01
3.700000000000000000e+03 7.031959999999999322e-01
3.800000000000000000e+03 6.970879999999999299e-01
3.900000000000000000e+03 7.085200000000000387e-01
4.000000000000000000e+03 7.247999999999999998e-01
4.100000000000000000e+03 7.262279999999999847e-01
4.200000000000000000e+03 7.499599999999999600e-01
4.300000000000000000e+03 7.740560000000000773e-01
4.400000000000000000e+03 7.332279999999999909e-01
4.500000000000000000e+03 7.523480000000000167e-01
4.600000000000000000e+03 7.335760000000000058e-01
4.700000000000000000e+03 7.599920000000000009e-01
4.800000000000000000e+03 7.793599999999999417e-01
4.900000000000000000e+03 7.699520000000000808e-01
5.000000000000000000e+03 7.527359999999999607e-01
5.100000000000000000e+03 7.985160000000000036e-01
5.200000000000000000e+03 7.721479999999998345e-01
5.300000000000000000e+03 7.804200000000001136e-01
5.400000000000000000e+03 7.930519999999999792e-01
5.500000000000000000e+03 7.958080000000000709e-01
5.600000000000000000e+03 7.999120000000001784e-01
5.700000000000000000e+03 7.929519999999999902e-01
5.800000000000000000e+03 8.142879999999999008e-01
5.900000000000000000e+03 8.152560000000000917e-01
6.000000000000000000e+03 8.135520000000000529e-01
6.100000000000000000e+03 8.192679999999999962e-01
6.200000000000000000e+03 8.301399999999998780e-01
6.300000000000000000e+03 8.294519999999999671e-01
6.400000000000000000e+03 8.548320000000000363e-01
6.500000000000000000e+03 8.361160000000000814e-01
6.600000000000000000e+03 8.544439999999999813e-01
6.700000000000000000e+03 8.592239999999999878e-01
6.800000000000000000e+03 8.425880000000000036e-01
6.900000000000000000e+03 8.533319999999999794e-01
7.000000000000000000e+03 8.577440000000000619e-01
7.100000000000000000e+03 8.527720000000000855e-01
7.200000000000000000e+03 8.648920000000001052e-01
7.300000000000000000e+03 8.643199999999999772e-01
7.400000000000000000e+03 8.573679999999999080e-01
7.500000000000000000e+03 8.788279999999999426e-01
7.600000000000000000e+03 8.823680000000000412e-01
7.700000000000000000e+03 8.776959999999999207e-01
7.800000000000000000e+03 8.832359999999999101e-01
7.900000000000000000e+03 8.939639999999999809e-01
8.000000000000000000e+03 8.834039999999999671e-01
8.100000000000000000e+03 8.838679999999998760e-01
8.200000000000000000e+03 8.827639999999998821e-01
8.300000000000000000e+03 8.889240000000000475e-01
8.400000000000000000e+03 9.040960000000000107e-01
8.500000000000000000e+03 8.987359999999999793e-01
8.600000000000000000e+03 8.965019999999999101e-01
8.700000000000000000e+03 8.993159999999998933e-01
8.800000000000000000e+03 9.100480000000000791e-01
8.900000000000000000e+03 8.947439999999999838e-01
9.000000000000000000e+03 9.180280000000000662e-01
9.100000000000000000e+03 9.156480000000000175e-01
9.200000000000000000e+03 9.123480000000001588e-01
9.300000000000000000e+03 9.134239999999999027e-01
9.400000000000000000e+03 9.221640000000000947e-01
9.500000000000000000e+03 9.185119999999999951e-01
9.600000000000000000e+03 9.170760000000000023e-01
9.700000000000000000e+03 9.334679999999999644e-01
9.800000000000000000e+03 9.049200000000001687e-01
9.900000000000000000e+03 9.209400000000000919e-01
1.000000000000000000e+04 9.209959999999999258e-01
1.010000000000000000e+04 9.303080000000000238e-01
1.020000000000000000e+04 9.323919999999998875e-01
1.030000000000000000e+04 9.338319999999999954e-01
1.040000000000000000e+04 9.242200000000000415e-01
1.050000000000000000e+04 9.342159999999999354e-01
1.060000000000000000e+04 9.382719999999999949e-01
1.070000000000000000e+04 9.343879999999999963e-01
1.080000000000000000e+04 9.373400000000000620e-01
1.090000000000000000e+04 9.412719999999999976e-01
1.100000000000000000e+04 9.346119999999999983e-01
1.110000000000000000e+04 9.388199999999999878e-01
1.120000000000000000e+04 9.388339999999999463e-01
1.130000000000000000e+04 9.360359999999999792e-01
1.140000000000000000e+04 9.364040000000000141e-01
1.150000000000000000e+04 9.481680000000000108e-01
1.160000000000000000e+04 9.534160000000000412e-01
1.170000000000000000e+04 9.367280000000000051e-01
1.180000000000000000e+04 9.400439999999998797e-01
1.190000000000000000e+04 9.541960000000001552e-01
1.200000000000000000e+04 9.493080000000000407e-01
1.210000000000000000e+04 9.489639999999999187e-01
1.220000000000000000e+04 9.416799999999999615e-01
1.230000000000000000e+04 9.511359999999999815e-01
1.240000000000000000e+04 9.525280000000000413e-01
1.250000000000000000e+04 9.596520000000000605e-01
1.260000000000000000e+04 9.533719999999999972e-01
1.270000000000000000e+04 9.607999999999999874e-01
1.280000000000000000e+04 9.500879999999999326e-01
1.290000000000000000e+04 9.614239999999999453e-01
1.300000000000000000e+04 9.618560000000000443e-01
1.310000000000000000e+04 9.587599999999999456e-01
1.320000000000000000e+04 9.565200000000000369e-01
1.330000000000000000e+04 9.592239999999999656e-01
1.340000000000000000e+04 9.632319999999999771e-01
1.350000000000000000e+04 9.628200000000000092e-01
1.360000000000000000e+04 9.591159999999999686e-01
1.370000000000000000e+04 9.680520000000000236e-01
1.380000000000000000e+04 9.644079999999999320e-01
1.390000000000000000e+04 9.679639999999999356e-01
1.400000000000000000e+04 9.590400000000000036e-01
1.410000000000000000e+04 9.589040000000000896e-01
1.420000000000000000e+04 9.628480000000000372e-01
1.430000000000000000e+04 9.615719999999998713e-01
1.440000000000000000e+04 9.708479999999999333e-01
1.450000000000000000e+04 9.672119999999999607e-01
1.460000000000000000e+04 9.661079999999999668e-01
1.470000000000000000e+04 9.738399999999999279e-01
1.480000000000000000e+04 9.699480000000000324e-01
1.490000000000000000e+04 9.700360000000000094e-01
1.500000000000000000e+04 9.702439999999999953e-01
1.510000000000000000e+04 9.674560000000000937e-01
1.520000000000000000e+04 9.588919999999999666e-01
1.530000000000000000e+04 9.650119999999999809e-01
1.540000000000000000e+04 9.663479999999999848e-01
1.550000000000000000e+04 9.667759999999999687e-01
1.560000000000000000e+04 9.737959999999999949e-01
1.570000000000000000e+04 9.649960000000000759e-01
1.580000000000000000e+04 9.680400000000000116e-01
1.590000000000000000e+04 9.702679999999999083e-01
1.600000000000000000e+04 9.722960000000000491e-01
1.610000000000000000e+04 9.764919999999999156e-01
1.620000000000000000e+04 9.687639999999999585e-01
1.630000000000000000e+04 9.661720000000000308e-01
1.640000000000000000e+04 9.640960000000000640e-01
1.650000000000000000e+04 9.691160000000000885e-01
1.660000000000000000e+04 9.746799999999999908e-01
1.670000000000000000e+04 9.695360000000000644e-01
1.680000000000000000e+04 9.747320000000000428e-01
1.690000000000000000e+04 9.749280000000000168e-01
1.700000000000000000e+04 9.682079999999998465e-01
1.710000000000000000e+04 9.761560000000000237e-01
1.720000000000000000e+04 9.678199999999999026e-01
1.730000000000000000e+04 9.747200000000000308e-01
1.740000000000000000e+04 9.739680000000000559e-01
1.750000000000000000e+04 9.729679999999998330e-01
1.760000000000000000e+04 9.713799999999999102e-01
1.770000000000000000e+04 9.724559999999999871e-01
1.780000000000000000e+04 9.695759999999999934e-01
1.790000000000000000e+04 9.682439999999998825e-01
1.800000000000000000e+04 9.735199999999999410e-01
1.810000000000000000e+04 9.624519999999998632e-01
1.820000000000000000e+04 9.824680000000000080e-01
1.830000000000000000e+04 9.710839999999999472e-01
1.840000000000000000e+04 9.743119999999999559e-01
1.850000000000000000e+04 9.715519999999999712e-01
1.860000000000000000e+04 9.686879999999999935e-01
1.870000000000000000e+04 9.720920000000000671e-01
1.880000000000000000e+04 9.714960000000000262e-01
1.890000000000000000e+04 9.673599999999999977e-01
1.900000000000000000e+04 9.737519999999999509e-01
1.910000000000000000e+04 9.757480000000000597e-01
1.920000000000000000e+04 9.702620000000000688e-01
1.930000000000000000e+04 9.719520000000000381e-01
1.940000000000000000e+04 9.759240000000000137e-01
1.950000000000000000e+04 9.683939999999999770e-01
1.960000000000000000e+04 9.743880000000000319e-01
1.970000000000000000e+04 9.790159999999998863e-01
1.980000000000000000e+04 9.720599999999999241e-01
1.990000000000000000e+04 9.788759999999999684e-01
2.000000000000000000e+04 9.711680000000000312e-01
2.010000000000000000e+04 9.711359999999999992e-01
2.020000000000000000e+04 9.716599999999999682e-01
2.030000000000000000e+04 9.730460000000000775e-01
2.040000000000000000e+04 9.707399999999998252e-01
2.050000000000000000e+04 9.750719999999999388e-01
2.060000000000000000e+04 9.739320000000000199e-01
2.070000000000000000e+04 9.758560000000000567e-01
2.080000000000000000e+04 9.720239999999999991e-01
2.090000000000000000e+04 9.760480000000000267e-01
2.100000000000000000e+04 9.662480000000001068e-01
2.110000000000000000e+04 9.681900000000001061e-01
2.120000000000000000e+04 9.716219999999999857e-01
2.130000000000000000e+04 9.731139999999999235e-01
2.140000000000000000e+04 9.711040000000000783e-01
2.150000000000000000e+04 9.804040000000000532e-01
2.160000000000000000e+04 9.726979999999999515e-01
2.170000000000000000e+04 9.748600000000000598e-01
2.180000000000000000e+04 9.680019999999999181e-01
2.190000000000000000e+04 9.741440000000000099e-01
2.200000000000000000e+04 9.756719999999999837e-01
2.210000000000000000e+04 9.818160000000000220e-01
2.220000000000000000e+04 9.715520000000000822e-01
2.230000000000000000e+04 9.706139999999999768e-01
2.240000000000000000e+04 9.788080000000000114e-01
2.250000000000000000e+04 9.693579999999999419e-01
2.260000000000000000e+04 9.777799999999999825e-01
2.270000000000000000e+04 9.737640000000000740e-01
2.280000000000000000e+04 9.720800000000000551e-01
2.290000000000000000e+04 9.724900000000001876e-01
2.300000000000000000e+04 9.756740000000000412e-01
2.310000000000000000e+04 9.734220000000001205e-01
2.320000000000000000e+04 9.781279999999999974e-01
2.330000000000000000e+04 9.764599999999999946e-01
2.340000000000000000e+04 9.691799999999998194e-01
2.350000000000000000e+04 9.750219999999999443e-01
2.360000000000000000e+04 9.744540000000000424e-01
2.370000000000000000e+04 9.726519999999999611e-01
2.380000000000000000e+04 9.768320000000000336e-01
2.390000000000000000e+04 9.757879999999999887e-01
2.400000000000000000e+04 9.762200000000000877e-01
2.410000000000000000e+04 9.722780000000000866e-01
2.420000000000000000e+04 9.743479999999998808e-01
2.430000000000000000e+04 9.696279999999999344e-01
2.440000000000000000e+04 9.784479999999999844e-01
2.450000000000000000e+04 9.777680000000000815e-01
2.460000000000000000e+04 9.705459999999999088e-01
2.470000000000000000e+04 9.718800000000000772e-01
2.480000000000000000e+04 9.655520000000000769e-01
2.490000000000000000e+04 9.687200000000000255e-01
2.500000000000000000e+04 9.768179999999999641e-01
2.510000000000000000e+04 9.710720000000000462e-01
2.520000000000000000e+04 9.778640000000000665e-01
2.530000000000000000e+04 9.708920000000000883e-01
2.540000000000000000e+04 9.658660000000000023e-01
2.550000000000000000e+04 9.723880000000000301e-01
2.560000000000000000e+04 9.757139999999999702e-01
2.570000000000000000e+04 9.663799999999999057e-01
2.580000000000000000e+04 9.686639999999999695e-01
2.590000000000000000e+04 9.703380000000000338e-01
2.600000000000000000e+04 9.733260000000000245e-01
2.610000000000000000e+04 9.687940000000001550e-01
2.620000000000000000e+04 9.739799999999999569e-01
2.630000000000000000e+04 9.724380000000000246e-01
2.640000000000000000e+04 9.661080000000000778e-01
2.650000000000000000e+04 9.719839999999999591e-01
2.660000000000000000e+04 9.772620000000000751e-01
2.670000000000000000e+04 9.743999999999999329e-01
2.680000000000000000e+04 9.731279999999999930e-01
2.690000000000000000e+04 9.665479999999999627e-01
2.700000000000000000e+04 9.720240000000001102e-01
2.710000000000000000e+04 9.690300000000000580e-01
2.720000000000000000e+04 9.715099999999999847e-01
2.730000000000000000e+04 9.723580000000000556e-01
2.740000000000000000e+04 9.778120000000000145e-01
2.750000000000000000e+04 9.690919999999999535e-01
2.760000000000000000e+04 9.695420000000000149e-01
2.770000000000000000e+04 9.776799999999999935e-01
2.780000000000000000e+04 9.674839999999998996e-01
2.790000000000000000e+04 9.758119999999999017e-01
2.800000000000000000e+04 9.760040000000000937e-01
2.810000000000000000e+04 9.694540000000000379e-01
2.820000000000000000e+04 9.756179999999998742e-01
2.830000000000000000e+04 9.699960000000000804e-01
2.840000000000000000e+04 9.697160000000000224e-01
2.850000000000000000e+04 9.767099999999999671e-01
2.860000000000000000e+04 9.770800000000000596e-01
2.870000000000000000e+04 9.675520000000000786e-01
2.880000000000000000e+04 9.692359999999999864e-01
2.890000000000000000e+04 9.742539999999998424e-01
2.900000000000000000e+04 9.655499999999999083e-01
2.910000000000000000e+04 9.743680000000000119e-01
2.920000000000000000e+04 9.735960000000000170e-01
2.930000000000000000e+04 9.711039999999998562e-01
2.940000000000000000e+04 9.619919999999998472e-01
2.950000000000000000e+04 9.648739999999998984e-01
2.960000000000000000e+04 9.695280000000000564e-01
2.970000000000000000e+04 9.735360000000000680e-01
2.980000000000000000e+04 9.727600000000000691e-01
2.990000000000000000e+04 9.731199999999999850e-01
3.000000000000000000e+04 9.726000000000000201e-01
