0.000000000000000000e+00 5.066068984198115466e-01
1.000000000000000000e+02 4.081328638458704416e-01
2.000000000000000000e+02 4.378011824041695421e-01
3.000000000000000000e+02 4.832227628642150608e-01
4.000000000000000000e+02 5.155872744538911867e-01
5.000000000000000000e+02 6.000060600249108589e-01
6.000000000000000000e+02 6.047461849993917005e-01
7.000000000000000000e+02 6.106685175065456050e-01
8.000000000000000000e+02 6.681171272397833372e-01
9.000000000000000000e+02 6.977139463495547478e-01
1.000000000000000000e+03 6.880631798387247811e-01
1.100000000000000000e+03 7.226150552582315534e-01
1.200000000000000000e+03 6.881181900031566601e-01
1.300000000000000000e+03 6.966890172083275434e-01
1.400000000000000000e+03 7.530645620726915679e-01
1.500000000000000000e+03 7.301425886976158353e-01
1.600000000000000000e+03 7.619724707435965305e-01
1.700000000000000000e+03 7.666917143597280493e-01
1.800000000000000000e+03 7.689645193884778740e-01
1.900000000000000000e+03 7.739927876308136945e-01
2.000000000000000000e+03 7.762147688177767346e-01
2.100000000000000000e+03 7.981842396617468971e-01
2.200000000000000000e+03 7.837397316043743789e-01
2.300000000000000000e+03 8.097755098360996939e-01
2.400000000000000000e+03 7.801712577262682746e-01
2.500000000000000000e+03 7.910734078531336255e-01
2.600000000000000000e+03 8.151888157425323245e-01
2.700000000000000000e+03 8.254587490218358026e-01
2.800000000000000000e+03 8.345567279468797395e-01
2.900000000000000000e+03 8.434405091919563446e-01
3.000000000000000000e+03 8.242477004459892731e-01
3.100000000000000000e+03 8.370396896112459739e-01
3.200000000000000000e+03 8.221015757791465539e-01
3.300000000000000000e+03 8.537411573428961287e-01
3.400000000000000000e+03 8.486454596237225090e-01
3.500000000000000000e+03 8.432031818373137977e-01
3.600000000000000000e+03 8.402749844549979308e-01
3.700000000000000000e+03 8.544043692755169950e-01
3.800000000000000000e+03 8.360430270843288714e-01
3.900000000000000000e+03 8.837629463240204153e-01
4.000000000000000000e+03 8.521520791285652763e-01
4.100000000000000000e+03 8.538273622319308975e-01
4.200000000000000000e+03 8.676317674554845372e-01
4.300000000000000000e+03 8.524846396092382594e-01
4.400000000000000000e+03 8.626966135616745968e-01
4.500000000000000000e+03 8.578148167596313378e-01
4.600000000000000000e+03 8.612927897807937105e-01
4.700000000000000000e+03 8.775613480846995440e-01
4.800000000000000000e+03 8.842057902073860998e-01
4.900000000000000000e+03 8.704567999853731752e-01
5.000000000000000000e+03 8.861405761161856853e-01
5.100000000000000000e+03 8.685190793799865139e-01
5.200000000000000000e+03 8.916402460176207079e-01
5.300000000000000000e+03 8.652712486302251982e-01
5.400000000000000000e+03 8.844894428488192517e-01
5.500000000000000000e+03 8.654905568923387804e-01
5.600000000000000000e+03 8.675860270116231288e-01
5.700000000000000000e+03 8.767928144096187593e-01
5.800000000000000000e+03 9.044265156096461533e-01
5.900000000000000000e+03 9.076392921382475665e-01
6.000000000000000000e+03 8.908533119673384126e-01
6.100000000000000000e+03 8.845525214032676775e-01
6.200000000000000000e+03 8.857842347287836482e-01
6.300000000000000000e+03 8.791095092348861773e-01
6.400000000000000000e+03 8.981796659067473598e-01
6.500000000000000000e+03 8.987688956741467505e-01
6.600000000000000000e+03 8.909176793870530187e-01
6.700000000000000000e+03 9.064252755066186662e-01
6.800000000000000000e+03 8.966756488269077563e-01
6.900000000000000000e+03 8.999814658870506356e-01
7.000000000000000000e+03 8.949553623880175390e-01
7.100000000000000000e+03 8.925426498642970996e-01
7.200000000000000000e+03 9.088336531369531901e-01
7.300000000000000000e+03 9.157162059352998984e-01
7.400000000000000000e+03 9.028098094550801589e-01
7.500000000000000000e+03 8.906966304727789163e-01
7.600000000000000000e+03 8.964452246693913606e-01
7.700000000000000000e+03 9.133295350071533036e-01
7.800000000000000000e+03 8.933238669316316827e-01
7.900000000000000000e+03 9.144486090868708672e-01
8.000000000000000000e+03 9.049175059072912530e-01
8.100000000000000000e+03 9.193339683916059712e-01
8.200000000000000000e+03 9.227875586432922050e-01
8.300000000000000000e+03 9.173248803521205641e-01
8.400000000000000000e+03 9.202547537956621282e-01
8.500000000000000000e+03 9.074533471960104514e-01
8.600000000000000000e+03 9.269212568616445047e-01
8.700000000000000000e+03 9.163806714727370517e-01
8.800000000000000000e+03 9.079140627520231321e-01
8.900000000000000000e+03 9.035480159720248317e-01
9.000000000000000000e+03 9.124172054381053387e-01
9.100000000000000000e+03 9.145166606983302637e-01
9.200000000000000000e+03 9.106073251379254163e-01
9.300000000000000000e+03 9.064629994001207614e-01
9.400000000000000000e+03 9.185491466508781677e-01
9.500000000000000000e+03 9.134422748306958439e-01
9.600000000000000000e+03 9.192104163219554369e-01
9.700000000000000000e+03 9.133471435015595441e-01
9.800000000000000000e+03 9.167633093788803977e-01
9.900000000000000000e+03 8.974486399411040205e-01
1.000000000000000000e+04 8.996444929749648489e-01
1.010000000000000000e+04 9.199419348363592208e-01
1.020000000000000000e+04 9.231930611360109618e-01
1.030000000000000000e+04 9.128556464495457545e-01
1.040000000000000000e+04 9.097096590189359677e-01
1.050000000000000000e+04 9.240523111287899383e-01
1.060000000000000000e+04 9.136489703049458511e-01
1.070000000000000000e+04 9.220636238633358461e-01
1.080000000000000000e+04 9.120869629010797119e-01
1.090000000000000000e+04 9.356494633427513419e-01
1.100000000000000000e+04 9.128546917904321045e-01
1.110000000000000000e+04 9.178927349759864462e-01
1.120000000000000000e+04 9.269064160939155528e-01
1.130000000000000000e+04 9.142278550963542916e-01
1.140000000000000000e+04 9.192969362156508950e-01
1.150000000000000000e+04 9.151010598443888311e-01
1.160000000000000000e+04 9.245197465110530644e-01
1.170000000000000000e+04 9.289357922442389448e-01
1.180000000000000000e+04 9.213296342794310423e-01
1.190000000000000000e+04 9.130515592695089833e-01
1.200000000000000000e+04 9.347419929637623692e-01
1.210000000000000000e+04 9.207949075206960377e-01
1.220000000000000000e+04 9.321132559418627839e-01
1.230000000000000000e+04 9.225416779968440562e-01
1.240000000000000000e+04 9.293886853086190669e-01
1.250000000000000000e+04 9.299356085452131770e-01
1.260000000000000000e+04 9.181313887027803267e-01
1.270000000000000000e+04 9.319932876399094068e-01
1.280000000000000000e+04 9.314591721525997681e-01
1.290000000000000000e+04 9.324576907913841861e-01
1.300000000000000000e+04 9.335865167997303704e-01
1.310000000000000000e+04 9.330601257494952616e-01
1.320000000000000000e+04 9.048627086856708690e-01
1.330000000000000000e+04 9.258600804397638662e-01
1.340000000000000000e+04 9.300162931740963979e-01
1.350000000000000000e+04 9.282705687146173279e-01
1.360000000000000000e+04 9.274605499096792993e-01
1.370000000000000000e+04 9.302896480108158173e-01
1.380000000000000000e+04 9.208505766422210304e-01
1.390000000000000000e+04 9.280835385907799662e-01
1.400000000000000000e+04 9.213508755186186061e-01
1.410000000000000000e+04 9.281360633190700593e-01
1.420000000000000000e+04 9.363106780593335454e-01
1.430000000000000000e+04 9.243890325400891950e-01
1.440000000000000000e+04 9.249458268621270074e-01
1.450000000000000000e+04 9.256760737216924717e-01
1.460000000000000000e+04 9.349884352243879038e-01
1.470000000000000000e+04 9.223396820054668988e-01
1.480000000000000000e+04 9.283674147677921651e-01
1.490000000000000000e+04 9.215233596112579750e-01
1.500000000000000000e+04 9.340611557750493343e-01
1.510000000000000000e+04 9.316923716844188741e-01
1.520000000000000000e+04 9.324992343834413999e-01
1.530000000000000000e+04 9.332737365686871733e-01
1.540000000000000000e+04 9.185337619443059154e-01
1.550000000000000000e+04 9.119665770859424203e-01
1.560000000000000000e+04 9.318899365183695993e-01
1.570000000000000000e+04 9.224024444150447088e-01
1.580000000000000000e+04 9.225442554579412757e-01
1.590000000000000000e+04 9.276626649390729007e-01
1.600000000000000000e+04 9.307264635381384821e-01
1.610000000000000000e+04 9.135184304601797756e-01
1.620000000000000000e+04 9.138867389070386427e-01
1.630000000000000000e+04 9.355642778588106889e-01
1.640000000000000000e+04 9.286410451209569095e-01
1.650000000000000000e+04 9.296123939639432399e-01
1.660000000000000000e+04 9.223363293137513130e-01
1.670000000000000000e+04 9.437715126422762113e-01
1.680000000000000000e+04 9.186788870630054893e-01
1.690000000000000000e+04 9.274930281117371722e-01
1.700000000000000000e+04 9.413101600968565297e-01
1.710000000000000000e+04 9.364562342308939691e-01
1.720000000000000000e+04 9.362650688263320919e-01
1.730000000000000000e+04 9.223005823855370267e-01
1.740000000000000000e+04 9.285379219746930923e-01
1.750000000000000000e+04 9.206876184767245341e-01
1.760000000000000000e+04 9.331049199227261504e-01
1.770000000000000000e+04 9.265574776738644269e-01
1.780000000000000000e+04 9.357556170830562126e-01
1.790000000000000000e+04 9.269021646052469920e-01
1.800000000000000000e+04 9.254128915246658815e-01
1.810000000000000000e+04 9.209026710366018387e-01
1.820000000000000000e+04 9.338725183276425090e-01
1.830000000000000000e+04 9.270390209037522311e-01
1.840000000000000000e+04 9.239971593164421071e-01
1.850000000000000000e+04 9.323558066575393655e-01
1.860000000000000000e+04 9.371743214953210943e-01
1.870000000000000000e+04 9.299325776526995435e-01
1.880000000000000000e+04 9.333362789044938879e-01
1.890000000000000000e+04 9.294175192011808750e-01
1.900000000000000000e+04 9.080947329399153833e-01
1.910000000000000000e+04 9.264728672478528271e-01
1.920000000000000000e+04 9.358037869707596101e-01
1.930000000000000000e+04 9.414986497031588852e-01
1.940000000000000000e+04 9.308722392868239437e-01
1.950000000000000000e+04 9.382060494484927293e-01
1.960000000000000000e+04 9.340225754249952272e-01
1.970000000000000000e+04 9.454939444546316407e-01
1.980000000000000000e+04 9.253328330564009052e-01
1.990000000000000000e+04 9.338235463045815310e-01
2.000000000000000000e+04 9.260245665238384660e-01
2.010000000000000000e+04 9.362173428484277249e-01
2.020000000000000000e+04 9.284462385062050016e-01
2.030000000000000000e+04 9.339008791154592704e-01
2.040000000000000000e+04 9.372503384002864868e-01
2.050000000000000000e+04 9.338619609201919136e-01
2.060000000000000000e+04 9.323221917740407427e-01
2.070000000000000000e+04 9.417949391029410977e-01
2.080000000000000000e+04 9.460206416393407425e-01
2.090000000000000000e+04 9.274444708128830595e-01
2.100000000000000000e+04 9.383229927043004182e-01
2.110000000000000000e+04 9.322840237668861274e-01
2.120000000000000000e+04 9.325619135149481043e-01
2.130000000000000000e+04 9.253044165480011074e-01
2.140000000000000000e+04 9.474385232877794438e-01
2.150000000000000000e+04 9.280089011549168543e-01
2.160000000000000000e+04 9.340340684531939219e-01
2.170000000000000000e+04 9.330404536330274556e-01
2.180000000000000000e+04 9.355938633880416244e-01
2.190000000000000000e+04 9.435840776483246373e-01
2.200000000000000000e+04 9.315005855337625817e-01
2.210000000000000000e+04 9.330053758826538646e-01
2.220000000000000000e+04 9.331620191528230412e-01
2.230000000000000000e+04 9.250700126163508008e-01
2.240000000000000000e+04 9.464534859901004848e-01
2.250000000000000000e+04 9.332559016815247244e-01
2.260000000000000000e+04 9.411369542633840624e-01
2.270000000000000000e+04 9.350055654663433913e-01
2.280000000000000000e+04 9.277814606346197479e-01
2.290000000000000000e+04 9.362628417765608280e-01
2.300000000000000000e+04 9.221876578858688722e-01
2.310000000000000000e+04 9.238864146812895140e-01
2.320000000000000000e+04 9.340875200292044767e-01
2.330000000000000000e+04 9.453086870982941869e-01
2.340000000000000000e+04 9.457778141286844464e-01
2.350000000000000000e+04 9.271033028917168295e-01
2.360000000000000000e+04 9.320332826472915722e-01
2.370000000000000000e+04 9.330559958781419194e-01
2.380000000000000000e+04 9.265582858160906765e-01
2.390000000000000000e+04 9.337946790057072288e-01
2.400000000000000000e+04 9.273373747120801092e-01
2.410000000000000000e+04 9.346492122010265913e-01
2.420000000000000000e+04 9.302835534080466928e-01
2.430000000000000000e+04 9.346286638026582994e-01
2.440000000000000000e+04 9.356065100416864899e-01
2.450000000000000000e+04 9.444709549155680950e-01
2.460000000000000000e+04 9.404677821272305893e-01
2.470000000000000000e+04 9.317227777061023453e-01
2.480000000000000000e+04 9.283671743015423639e-01
2.490000000000000000e+04 9.306064506112683432e-01
2.500000000000000000e+04 9.355235436457138842e-01
2.510000000000000000e+04 9.239690330658671957e-01
2.520000000000000000e+04 9.216596561640155727e-01
2.530000000000000000e+04 9.262489628924772678e-01
2.540000000000000000e+04 9.360907517893650720e-01
2.550000000000000000e+04 9.398754201774394135e-01
2.560000000000000000e+04 9.263343931695818823e-01
2.570000000000000000e+04 9.333292305897585850e-01
2.580000000000000000e+04 9.439311834047240390e-01
2.590000000000000000e+04 9.428125761269938732e-01
2.600000000000000000e+04 9.379631884365700056e-01
2.610000000000000000e+04 9.326328061293555072e-01
2.620000000000000000e+04 9.280286150228009845e-01
2.630000000000000000e+04 9.351038721453519553e-01
2.640000000000000000e+04 9.373583940889989030e-01
2.650000000000000000e+04 9.225623707823601416e-01
2.660000000000000000e+04 9.340195169986785784e-01
2.670000000000000000e+04 9.286106630864607858e-01
2.680000000000000000e+04 9.349227075405226461e-01
2.690000000000000000e+04 9.269522909113423470e-01
2.700000000000000000e+04 9.391595314198294409e-01
2.710000000000000000e+04 9.271891209449067972e-01
2.720000000000000000e+04 9.171239980956282789e-01
2.730000000000000000e+04 9.309083940545347380e-01
2.740000000000000000e+04 9.448078419786637427e-01
2.750000000000000000e+04 9.313176365888682362e-01
2.760000000000000000e+04 9.272601780671555494e-01
2.770000000000000000e+04 9.298869951094405062e-01
2.780000000000000000e+04 9.276434738830363624e-01
2.790000000000000000e+04 9.352691849841119343e-01
2.800000000000000000e+04 9.388379177593968450e-01
2.810000000000000000e+04 9.353572484051199121e-01
2.820000000000000000e+04 9.246785287300219869e-01
2.830000000000000000e+04 9.375660790094449970e-01
2.840000000000000000e+04 9.383120270129864382e-01
2.850000000000000000e+04 9.450539837339582139e-01
2.860000000000000000e+04 9.425142256757537140e-01
2.870000000000000000e+04 9.335732704118087089e-01
2.880000000000000000e+04 9.405794833975288372e-01
2.890000000000000000e+04 9.312059272027358725e-01
2.900000000000000000e+04 9.365784822354717987e-01
2.910000000000000000e+04 9.238338423801670807e-01
2.920000000000000000e+04 9.380209132936724314e-01
2.930000000000000000e+04 9.413808118860456098e-01
2.940000000000000000e+04 9.331047422276760317e-01
2.950000000000000000e+04 9.393421750170753981e-01
2.960000000000000000e+04 9.371616663972319738e-01
2.970000000000000000e+04 9.291589193650851008e-01
2.980000000000000000e+04 9.319584873858615115e-01
2.990000000000000000e+04 9.328103159485777729e-01
3.000000000000000000e+04 9.317208869680642103e-01
