0.000000000000000000e+00 5.016039999999999388e-01
1.000000000000000000e+02 3.494400000000000284e-01
2.000000000000000000e+02 4.278879999999999906e-01
3.000000000000000000e+02 4.895359999999999712e-01
4.000000000000000000e+02 5.307159999999999656e-01
5.000000000000000000e+02 5.969200000000000061e-01
6.000000000000000000e+02 6.006759999999999877e-01
7.000000000000000000e+02 6.000680000000000458e-01
8.000000000000000000e+02 6.569480000000000874e-01
9.000000000000000000e+02 6.995160000000000267e-01
1.000000000000000000e+03 6.747319999999998874e-01
1.100000000000000000e+03 7.086680000000000756e-01
1.200000000000000000e+03 6.953920000000001211e-01
1.300000000000000000e+03 6.784160000000000190e-01
1.400000000000000000e+03 7.244600000000001039e-01
1.500000000000000000e+03 7.043759999999998911e-01
1.600000000000000000e+03 7.324640000000000040e-01
1.700000000000000000e+03 7.375000000000000444e-01
1.800000000000000000e+03 7.545640000000001235e-01
1.900000000000000000e+03 7.488239999999999341e-01
2.000000000000000000e+03 7.579599999999999671e-01
2.100000000000000000e+03 7.766239999999999810e-01
2.200000000000000000e+03 7.529079999999999107e-01
2.300000000000000000e+03 7.906520000000000215e-01
2.400000000000000000e+03 7.560960000000001013e-01
2.500000000000000000e+03 7.680759999999999810e-01
2.600000000000000000e+03 8.019160000000000732e-01
2.700000000000000000e+03 7.924120000000001163e-01
2.800000000000000000e+03 8.147039999999999837e-01
2.900000000000000000e+03 8.153000000000000247e-01
3.000000000000000000e+03 7.911960000000000104e-01
3.100000000000000000e+03 8.049560000000000048e-01
3.200000000000000000e+03 8.053280000000000438e-01
3.300000000000000000e+03 8.287199999999999012e-01
3.400000000000000000e+03 8.304039999999999200e-01
3.500000000000000000e+03 8.236040000000000028e-01
3.600000000000000000e+03 8.064560000000000617e-01
3.700000000000000000e+03 8.254599999999998605e-01
3.800000000000000000e+03 8.157320000000001237e-01
3.900000000000000000e+03 8.656359999999999610e-01
4.000000000000000000e+03 8.284720000000000972e-01
4.100000000000000000e+03 8.332359999999999767e-01
4.200000000000000000e+03 8.491919999999999469e-01
4.300000000000000000e+03 8.368240000000000123e-01
4.400000000000000000e+03 8.434800000000001186e-01
4.500000000000000000e+03 8.311000000000000609e-01
4.600000000000000000e+03 8.439679999999999405e-01
4.700000000000000000e+03 8.543680000000000163e-01
4.800000000000000000e+03 8.607400000000000606e-01
4.900000000000000000e+03 8.573720000000000230e-01
5.000000000000000000e+03 8.690680000000000627e-01
5.100000000000000000e+03 8.510480000000000267e-01
5.200000000000000000e+03 8.697160000000000446e-01
5.300000000000000000e+03 8.501440000000000108e-01
5.400000000000000000e+03 8.715759999999999064e-01
5.500000000000000000e+03 8.539079999999998893e-01
5.600000000000000000e+03 8.487439999999999429e-01
5.700000000000000000e+03 8.568359999999999310e-01
5.800000000000000000e+03 8.883640000000001535e-01
5.900000000000000000e+03 8.959800000000001097e-01
6.000000000000000000e+03 8.755159999999999609e-01
6.100000000000000000e+03 8.658079999999999110e-01
6.200000000000000000e+03 8.710320000000000285e-01
6.300000000000000000e+03 8.723920000000000563e-01
6.400000000000000000e+03 8.824119999999999742e-01
6.500000000000000000e+03 8.775800000000000267e-01
6.600000000000000000e+03 8.747599999999999820e-01
6.700000000000000000e+03 8.953360000000000207e-01
6.800000000000000000e+03 8.786519999999999886e-01
6.900000000000000000e+03 8.801959999999999784e-01
7.000000000000000000e+03 8.777159999999999407e-01
7.100000000000000000e+03 8.757000000000000339e-01
7.200000000000000000e+03 8.950200000000000378e-01
7.300000000000000000e+03 9.022320000000000340e-01
7.400000000000000000e+03 8.903240000000001153e-01
7.500000000000000000e+03 8.763840000000000519e-01
7.600000000000000000e+03 8.821480000000001542e-01
7.700000000000000000e+03 8.993319999999999093e-01
7.800000000000000000e+03 8.760160000000001279e-01
7.900000000000000000e+03 9.022439999999999349e-01
8.000000000000000000e+03 8.924600000000000311e-01
8.100000000000000000e+03 9.029320000000000679e-01
8.200000000000000000e+03 9.072559999999999514e-01
8.300000000000000000e+03 9.019119999999999360e-01
8.400000000000000000e+03 9.067999999999999394e-01
8.500000000000000000e+03 8.993439999999999213e-01
8.600000000000000000e+03 9.119279999999999609e-01
8.700000000000000000e+03 9.078800000000000203e-01
8.800000000000000000e+03 8.902480000000001503e-01
8.900000000000000000e+03 8.887079999999999425e-01
9.000000000000000000e+03 8.941679999999999628e-01
9.100000000000000000e+03 9.031359999999998278e-01
9.200000000000000000e+03 8.921839999999998660e-01
9.300000000000000000e+03 8.945239999999999858e-01
9.400000000000000000e+03 9.054360000000000186e-01
9.500000000000000000e+03 9.062799999999998635e-01
9.600000000000000000e+03 9.102679999999999660e-01
9.700000000000000000e+03 9.008119999999999461e-01
9.800000000000000000e+03 9.097319999999998741e-01
9.900000000000000000e+03 8.933720000000000550e-01
1.000000000000000000e+04 8.877479999999999816e-01
1.010000000000000000e+04 9.099399999999999711e-01
1.020000000000000000e+04 9.092919999999999892e-01
1.030000000000000000e+04 9.077680000000000193e-01
1.040000000000000000e+04 8.991759999999999753e-01
1.050000000000000000e+04 9.151480000000000725e-01
1.060000000000000000e+04 9.015839999999999410e-01
1.070000000000000000e+04 9.153759999999998564e-01
1.080000000000000000e+04 8.948360000000000758e-01
1.090000000000000000e+04 9.294120000000000159e-01
1.100000000000000000e+04 8.962399999999999256e-01
1.110000000000000000e+04 9.046440000000000037e-01
1.120000000000000000e+04 9.134840000000000737e-01
1.130000000000000000e+04 8.979960000000000164e-01
1.140000000000000000e+04 9.101679999999998660e-01
1.150000000000000000e+04 8.983760000000000634e-01
1.160000000000000000e+04 9.156199999999999894e-01
1.170000000000000000e+04 9.183799999999999741e-01
1.180000000000000000e+04 9.120960000000000178e-01
1.190000000000000000e+04 9.036119999999999708e-01
1.200000000000000000e+04 9.273040000000000171e-01
1.210000000000000000e+04 9.112319999999998199e-01
1.220000000000000000e+04 9.202639999999999709e-01
1.230000000000000000e+04 9.181599999999998651e-01
1.240000000000000000e+04 9.226999999999999647e-01
1.250000000000000000e+04 9.204679999999998419e-01
1.260000000000000000e+04 9.044320000000000137e-01
1.270000000000000000e+04 9.208600000000000119e-01
1.280000000000000000e+04 9.254599999999999493e-01
1.290000000000000000e+04 9.244480000000000475e-01
1.300000000000000000e+04 9.220720000000000027e-01
1.310000000000000000e+04 9.227720000000000367e-01
1.320000000000000000e+04 8.980279999999999374e-01
1.330000000000000000e+04 9.110040000000001470e-01
1.340000000000000000e+04 9.194760000000000710e-01
1.350000000000000000e+04 9.165839999999998433e-01
1.360000000000000000e+04 9.203399999999999359e-01
1.370000000000000000e+04 9.224120000000000097e-01
1.380000000000000000e+04 9.085480000000001333e-01
1.390000000000000000e+04 9.166959999999999553e-01
1.400000000000000000e+04 9.077159999999999673e-01
1.410000000000000000e+04 9.182399999999999451e-01
1.420000000000000000e+04 9.279680000000000151e-01
1.430000000000000000e+04 9.114759999999999529e-01
1.440000000000000000e+04 9.121679999999999788e-01
1.450000000000000000e+04 9.153279999999999195e-01
1.460000000000000000e+04 9.282359999999999500e-01
1.470000000000000000e+04 9.123200000000000198e-01
1.480000000000000000e+04 9.198239999999999750e-01
1.490000000000000000e+04 9.122519999999998408e-01
1.500000000000000000e+04 9.266639999999999322e-01
1.510000000000000000e+04 9.235799999999999566e-01
1.520000000000000000e+04 9.233679999999998556e-01
1.530000000000000000e+04 9.254639999999999533e-01
1.540000000000000000e+04 9.085560000000000302e-01
1.550000000000000000e+04 8.982520000000000504e-01
1.560000000000000000e+04 9.212439999999999518e-01
1.570000000000000000e+04 9.122159999999999158e-01
1.580000000000000000e+04 9.137199999999999767e-01
1.590000000000000000e+04 9.147199999999999775e-01
1.600000000000000000e+04 9.183120000000000172e-01
1.610000000000000000e+04 9.055199999999999916e-01
1.620000000000000000e+04 9.010559999999999681e-01
1.630000000000000000e+04 9.292920000000001179e-01
1.640000000000000000e+04 9.170880000000000143e-01
1.650000000000000000e+04 9.164680000000000604e-01
1.660000000000000000e+04 9.135560000000002567e-01
1.670000000000000000e+04 9.360760000000000192e-01
1.680000000000000000e+04 9.149960000000000315e-01
1.690000000000000000e+04 9.204360000000000319e-01
1.700000000000000000e+04 9.337520000000000264e-01
1.710000000000000000e+04 9.277039999999999731e-01
1.720000000000000000e+04 9.251479999999998594e-01
1.730000000000000000e+04 9.076480000000001214e-01
1.740000000000000000e+04 9.161719999999999864e-01
1.750000000000000000e+04 9.138319999999999776e-01
1.760000000000000000e+04 9.247799999999999354e-01
1.770000000000000000e+04 9.178640000000000132e-01
1.780000000000000000e+04 9.283679999999999710e-01
1.790000000000000000e+04 9.222040000000000237e-01
1.800000000000000000e+04 9.143520000000000536e-01
1.810000000000000000e+04 9.065719999999999335e-01
1.820000000000000000e+04 9.215279999999999028e-01
1.830000000000000000e+04 9.180080000000000462e-01
1.840000000000000000e+04 9.173919999999999852e-01
1.850000000000000000e+04 9.243119999999999115e-01
1.860000000000000000e+04 9.257800000000000473e-01
1.870000000000000000e+04 9.175920000000000742e-01
1.880000000000000000e+04 9.267479999999999052e-01
1.890000000000000000e+04 9.143079999999998986e-01
1.900000000000000000e+04 8.953680000000000527e-01
1.910000000000000000e+04 9.182440000000000602e-01
1.920000000000000000e+04 9.232480000000000686e-01
1.930000000000000000e+04 9.294839999999999769e-01
1.940000000000000000e+04 9.174440000000000373e-01
1.950000000000000000e+04 9.321199999999999486e-01
1.960000000000000000e+04 9.207279999999999909e-01
1.970000000000000000e+04 9.363800000000001011e-01
1.980000000000000000e+04 9.193560000000000620e-01
1.990000000000000000e+04 9.222240000000001547e-01
2.000000000000000000e+04 9.159039999999998294e-01
2.010000000000000000e+04 9.236679999999999335e-01
2.020000000000000000e+04 9.140839999999998966e-01
2.030000000000000000e+04 9.247440000000001215e-01
2.040000000000000000e+04 9.305560000000000498e-01
2.050000000000000000e+04 9.224160000000000137e-01
2.060000000000000000e+04 9.215200000000001168e-01
2.070000000000000000e+04 9.337839999999999474e-01
2.080000000000000000e+04 9.360159999999998481e-01
2.090000000000000000e+04 9.130639999999999867e-01
2.100000000000000000e+04 9.303279999999999328e-01
2.110000000000000000e+04 9.190320000000000711e-01
2.120000000000000000e+04 9.227039999999999687e-01
2.130000000000000000e+04 9.172759999999999803e-01
2.140000000000000000e+04 9.412080000000000446e-01
2.150000000000000000e+04 9.188279999999999781e-01
2.160000000000000000e+04 9.244719999999999605e-01
2.170000000000000000e+04 9.212279999999999358e-01
2.180000000000000000e+04 9.232839999999998826e-01
2.190000000000000000e+04 9.335679999999999534e-01
2.200000000000000000e+04 9.245120000000000005e-01
2.210000000000000000e+04 9.204799999999999649e-01
2.220000000000000000e+04 9.235039999999999916e-01
2.230000000000000000e+04 9.142840000000000966e-01
2.240000000000000000e+04 9.392519999999999758e-01
2.250000000000000000e+04 9.234439999999999316e-01
2.260000000000000000e+04 9.314040000000000097e-01
2.270000000000000000e+04 9.317079999999999806e-01
2.280000000000000000e+04 9.185000000000000941e-01
2.290000000000000000e+04 9.270519999999999872e-01
2.300000000000000000e+04 9.099559999999999871e-01
2.310000000000000000e+04 9.134439999999999227e-01
2.320000000000000000e+04 9.273559999999999581e-01
2.330000000000000000e+04 9.357360000000000122e-01
2.340000000000000000e+04 9.365559999999999441e-01
2.350000000000000000e+04 9.181679999999998731e-01
2.360000000000000000e+04 9.227880000000000527e-01
2.370000000000000000e+04 9.276840000000001751e-01
2.380000000000000000e+04 9.182080000000000242e-01
2.390000000000000000e+04 9.241559999999999775e-01
2.400000000000000000e+04 9.179959999999999232e-01
2.410000000000000000e+04 9.266920000000000712e-01
2.420000000000000000e+04 9.214080000000000048e-01
2.430000000000000000e+04 9.269079999999999542e-01
2.440000000000000000e+04 9.246520000000000294e-01
2.450000000000000000e+04 9.378039999999999710e-01
2.460000000000000000e+04 9.340079999999998384e-01
2.470000000000000000e+04 9.213919999999999888e-01
2.480000000000000000e+04 9.209840000000000249e-01
2.490000000000000000e+04 9.226039999999999797e-01
2.500000000000000000e+04 9.292439999999999589e-01
2.510000000000000000e+04 9.079399999999999693e-01
2.520000000000000000e+04 9.126319999999999988e-01
2.530000000000000000e+04 9.127639999999999088e-01
2.540000000000000000e+04 9.225239999999998997e-01
2.550000000000000000e+04 9.356399999999999162e-01
2.560000000000000000e+04 9.139000000000001567e-01
2.570000000000000000e+04 9.255039999999998823e-01
2.580000000000000000e+04 9.385559999999999459e-01
2.590000000000000000e+04 9.358960000000000612e-01
2.600000000000000000e+04 9.284439999999999360e-01
2.610000000000000000e+04 9.179080000000001682e-01
2.620000000000000000e+04 9.166520000000001334e-01
2.630000000000000000e+04 9.261399999999999633e-01
2.640000000000000000e+04 9.306559999999999278e-01
2.650000000000000000e+04 9.079599999999999893e-01
2.660000000000000000e+04 9.223999999999998867e-01
2.670000000000000000e+04 9.229519999999999946e-01
2.680000000000000000e+04 9.248799999999999244e-01
2.690000000000000000e+04 9.175079999999999902e-01
2.700000000000000000e+04 9.304360000000000408e-01
2.710000000000000000e+04 9.169760000000000133e-01
2.720000000000000000e+04 8.992240000000000233e-01
2.730000000000000000e+04 9.230119999999999436e-01
2.740000000000000000e+04 9.354560000000000652e-01
2.750000000000000000e+04 9.268239999999999812e-01
2.760000000000000000e+04 9.160839999999998984e-01
2.770000000000000000e+04 9.221000000000001418e-01
2.780000000000000000e+04 9.194200000000000150e-01
2.790000000000000000e+04 9.234399999999999276e-01
2.800000000000000000e+04 9.314919999999999867e-01
2.810000000000000000e+04 9.236640000000000406e-01
2.820000000000000000e+04 9.123000000000001108e-01
2.830000000000000000e+04 9.255919999999999703e-01
2.840000000000000000e+04 9.291719999999999979e-01
2.850000000000000000e+04 9.351240000000000663e-01
2.860000000000000000e+04 9.333559999999999635e-01
2.870000000000000000e+04 9.269840000000000302e-01
2.880000000000000000e+04 9.304600000000000648e-01
2.890000000000000000e+04 9.205320000000001279e-01
2.900000000000000000e+04 9.277560000000000251e-01
2.910000000000000000e+04 9.140120000000000466e-01
2.920000000000000000e+04 9.348319999999999963e-01
2.930000000000000000e+04 9.297519999999999119e-01
2.940000000000000000e+04 9.241759999999999975e-01
2.950000000000000000e+04 9.332799999999999985e-01
2.960000000000000000e+04 9.302359999999999518e-01
2.970000000000000000e+04 9.227080000000000837e-01
2.980000000000000000e+04 9.210719999999998908e-01
2.990000000000000000e+04 9.292799999999999949e-01
3.000000000000000000e+04 9.233760000000000856e-01
