0.000000000000000000e+00 5.295977321001410498e-01
1.000000000000000000e+02 4.045205601336667733e-01
2.000000000000000000e+02 3.897881397790446956e-01
3.000000000000000000e+02 4.046325230333421841e-01
4.000000000000000000e+02 4.191413350100339774e-01
5.000000000000000000e+02 4.179564595061994181e-01
6.000000000000000000e+02 4.187010834720591990e-01
7.000000000000000000e+02 4.053513175533708379e-01
8.000000000000000000e+02 4.426914391989122954e-01
9.000000000000000000e+02 4.248135930351460421e-01
1.000000000000000000e+03 4.267937298738905816e-01
1.100000000000000000e+03 4.324559131021273872e-01
1.200000000000000000e+03 4.427220606710715600e-01
1.300000000000000000e+03 4.491509576854473829e-01
1.400000000000000000e+03 4.360203636771985969e-01
1.500000000000000000e+03 4.521443147471108093e-01
1.600000000000000000e+03 4.215433353027224772e-01
1.700000000000000000e+03 4.252549253166608145e-01
1.800000000000000000e+03 4.514313892297632802e-01
1.900000000000000000e+03 4.363828778551631649e-01
2.000000000000000000e+03 4.354883970874746102e-01
2.100000000000000000e+03 4.375541635209164726e-01
2.200000000000000000e+03 4.514518943463663447e-01
2.300000000000000000e+03 4.525692206357179725e-01
2.400000000000000000e+03 4.432146445734433948e-01
2.500000000000000000e+03 4.683706468030017778e-01
2.600000000000000000e+03 4.529429989553467317e-01
2.700000000000000000e+03 4.358068939546498877e-01
2.800000000000000000e+03 4.399907639410182147e-01
2.900000000000000000e+03 4.603725051590731310e-01
3.000000000000000000e+03 4.604253694581764700e-01
3.100000000000000000e+03 4.581810676439265761e-01
3.200000000000000000e+03 4.504821841158168638e-01
3.300000000000000000e+03 4.413670192401839554e-01
3.400000000000000000e+03 4.439413648898529741e-01
3.500000000000000000e+03 4.646777574450483561e-01
3.600000000000000000e+03 4.620211489220456547e-01
3.700000000000000000e+03 4.560183282712225172e-01
3.800000000000000000e+03 4.316664533074844323e-01
3.900000000000000000e+03 4.755102389009208674e-01
4.000000000000000000e+03 4.473112730415338412e-01
4.100000000000000000e+03 4.483973137103010043e-01
4.200000000000000000e+03 4.701040105903098176e-01
4.300000000000000000e+03 4.679162142924802592e-01
4.400000000000000000e+03 4.600095004709683355e-01
4.500000000000000000e+03 4.786835252822553288e-01
4.600000000000000000e+03 4.925492576212192053e-01
4.700000000000000000e+03 4.684582781269934215e-01
4.800000000000000000e+03 4.685167309301784266e-01
4.900000000000000000e+03 4.588927757593888046e-01
5.000000000000000000e+03 4.789248655120071918e-01
5.100000000000000000e+03 4.533903559445398579e-01
5.200000000000000000e+03 4.576325862136401135e-01
5.300000000000000000e+03 4.637717152514689856e-01
5.400000000000000000e+03 4.784907709589766855e-01
5.500000000000000000e+03 4.904220987346007421e-01
5.600000000000000000e+03 4.802598219832579507e-01
5.700000000000000000e+03 4.763012349083730612e-01
5.800000000000000000e+03 4.598659930861950240e-01
5.900000000000000000e+03 4.792907675385560951e-01
6.000000000000000000e+03 4.874254133829628577e-01
6.100000000000000000e+03 4.618572921953222887e-01
6.200000000000000000e+03 4.653860030237354506e-01
6.300000000000000000e+03 4.611485240367655392e-01
6.400000000000000000e+03 4.768146737632505405e-01
6.500000000000000000e+03 4.991523721291711291e-01
6.600000000000000000e+03 4.963004856087439576e-01
6.700000000000000000e+03 4.956707419467645259e-01
6.800000000000000000e+03 5.037747620264279025e-01
6.900000000000000000e+03 4.892421463764705658e-01
7.000000000000000000e+03 5.070009070367147430e-01
7.100000000000000000e+03 4.886418118866650562e-01
7.200000000000000000e+03 5.195531602811627181e-01
7.300000000000000000e+03 5.296014265085391415e-01
7.400000000000000000e+03 4.883104002869484983e-01
7.500000000000000000e+03 5.185257740735940146e-01
7.600000000000000000e+03 5.248758208997249541e-01
7.700000000000000000e+03 5.165303488938187693e-01
7.800000000000000000e+03 5.136639736662518274e-01
7.900000000000000000e+03 5.144584098113854642e-01
8.000000000000000000e+03 5.306391848338694039e-01
8.100000000000000000e+03 5.172396786370322408e-01
8.200000000000000000e+03 5.139032938118606175e-01
8.300000000000000000e+03 5.156374186342040922e-01
8.400000000000000000e+03 5.085894498122891516e-01
8.500000000000000000e+03 5.428856091450438015e-01
8.600000000000000000e+03 5.357175386827797148e-01
8.700000000000000000e+03 5.461509897966182470e-01
8.800000000000000000e+03 5.187338740751173960e-01
8.900000000000000000e+03 5.261974672364874150e-01
9.000000000000000000e+03 5.573982176426238722e-01
9.100000000000000000e+03 5.530011120901099364e-01
9.200000000000000000e+03 5.715681978375313221e-01
9.300000000000000000e+03 5.183152404615404274e-01
9.400000000000000000e+03 5.507108939581545348e-01
9.500000000000000000e+03 5.486649397385944260e-01
9.600000000000000000e+03 5.590635011580118441e-01
9.700000000000000000e+03 5.707017702450801755e-01
9.800000000000000000e+03 5.726641751074744713e-01
9.900000000000000000e+03 6.146121923556232547e-01
1.000000000000000000e+04 5.867455252955573464e-01
1.010000000000000000e+04 5.598806713365577226e-01
1.020000000000000000e+04 5.479171258570765257e-01
1.030000000000000000e+04 5.939639217237305813e-01
1.040000000000000000e+04 5.543537111511394055e-01
1.050000000000000000e+04 6.008731740565842472e-01
1.060000000000000000e+04 5.694354481243837363e-01
1.070000000000000000e+04 5.833361409569499667e-01
1.080000000000000000e+04 5.995636786046816269e-01
1.090000000000000000e+04 5.948765221920799817e-01
1.100000000000000000e+04 5.957972257617552003e-01
1.110000000000000000e+04 6.112711478055847802e-01
1.120000000000000000e+04 6.120106448290499879e-01
1.130000000000000000e+04 6.326606283982432188e-01
1.140000000000000000e+04 5.791854803223206449e-01
1.150000000000000000e+04 6.315186317246209713e-01
1.160000000000000000e+04 6.299506786824536908e-01
1.170000000000000000e+04 6.380456428105034661e-01
1.180000000000000000e+04 6.220131458972211203e-01
1.190000000000000000e+04 6.159978036832747250e-01
1.200000000000000000e+04 6.012993878142464110e-01
1.210000000000000000e+04 5.781232957564599317e-01
1.220000000000000000e+04 6.084741208807202817e-01
1.230000000000000000e+04 6.699808011475116842e-01
1.240000000000000000e+04 6.399112840234422173e-01
1.250000000000000000e+04 6.393287112786363302e-01
1.260000000000000000e+04 6.441186924415318593e-01
1.270000000000000000e+04 6.494618751826130021e-01
1.280000000000000000e+04 6.736297419263952424e-01
1.290000000000000000e+04 6.604048437845836395e-01
1.300000000000000000e+04 6.390386420096566544e-01
1.310000000000000000e+04 6.756859136703627922e-01
1.320000000000000000e+04 6.841090134002727474e-01
1.330000000000000000e+04 6.627149576394257835e-01
1.340000000000000000e+04 6.431746970186812407e-01
1.350000000000000000e+04 6.539030936530998428e-01
1.360000000000000000e+04 6.595842677521552844e-01
1.370000000000000000e+04 6.225991031888888916e-01
1.380000000000000000e+04 6.127354966146892901e-01
1.390000000000000000e+04 6.370879300354249652e-01
1.400000000000000000e+04 6.560468382073953997e-01
1.410000000000000000e+04 6.151431856232303375e-01
1.420000000000000000e+04 6.441932024892931263e-01
1.430000000000000000e+04 6.437024111889149136e-01
1.440000000000000000e+04 6.820944979873400094e-01
1.450000000000000000e+04 6.742517597890258507e-01
1.460000000000000000e+04 6.642905333275758162e-01
1.470000000000000000e+04 6.671333737921405493e-01
1.480000000000000000e+04 6.829180358237136872e-01
1.490000000000000000e+04 6.451943637412989041e-01
1.500000000000000000e+04 6.908947149886829342e-01
1.510000000000000000e+04 6.858825669767373290e-01
1.520000000000000000e+04 6.695984139373297728e-01
1.530000000000000000e+04 6.436243926804607884e-01
1.540000000000000000e+04 6.635596032074915218e-01
1.550000000000000000e+04 6.410936568641103506e-01
1.560000000000000000e+04 6.709785840641998567e-01
1.570000000000000000e+04 6.891568643208511036e-01
1.580000000000000000e+04 6.514896124894649088e-01
1.590000000000000000e+04 6.655622355199766194e-01
1.600000000000000000e+04 6.588184017274827387e-01
1.610000000000000000e+04 6.753126771598371159e-01
1.620000000000000000e+04 6.764390631088126327e-01
1.630000000000000000e+04 6.959100480381981146e-01
1.640000000000000000e+04 6.779001909918156432e-01
1.650000000000000000e+04 6.420721264542752493e-01
1.660000000000000000e+04 6.903895598294013114e-01
1.670000000000000000e+04 6.846329869120334477e-01
1.680000000000000000e+04 6.725818611898904953e-01
1.690000000000000000e+04 6.999422249580437017e-01
1.700000000000000000e+04 6.938968490962019731e-01
1.710000000000000000e+04 6.818420171239618632e-01
1.720000000000000000e+04 7.131554846274041903e-01
1.730000000000000000e+04 6.987083711938166797e-01
1.740000000000000000e+04 6.929767698009542398e-01
1.750000000000000000e+04 6.456795671784003599e-01
1.760000000000000000e+04 6.624716710248284013e-01
1.770000000000000000e+04 6.856128427698369165e-01
1.780000000000000000e+04 6.840148401056634908e-01
1.790000000000000000e+04 6.661947802378671568e-01
1.800000000000000000e+04 7.095103678465572994e-01
1.810000000000000000e+04 6.895913471127652628e-01
1.820000000000000000e+04 7.094749542641839435e-01
1.830000000000000000e+04 7.042458637860169457e-01
1.840000000000000000e+04 6.794179953154628748e-01
1.850000000000000000e+04 6.922339215407106172e-01
1.860000000000000000e+04 6.976399879270771542e-01
1.870000000000000000e+04 7.177164136551532625e-01
1.880000000000000000e+04 7.283080369423595712e-01
1.890000000000000000e+04 7.300823041957135162e-01
1.900000000000000000e+04 7.033464782525663539e-01
1.910000000000000000e+04 7.507386815319505580e-01
1.920000000000000000e+04 7.301112248555876594e-01
1.930000000000000000e+04 7.171812554368818260e-01
1.940000000000000000e+04 7.242022613156613442e-01
1.950000000000000000e+04 7.145569432308646052e-01
1.960000000000000000e+04 7.255582316372304330e-01
1.970000000000000000e+04 7.322029710924666812e-01
1.980000000000000000e+04 7.408157916169646473e-01
1.990000000000000000e+04 7.483164176730754402e-01
2.000000000000000000e+04 6.921711384740854012e-01
2.010000000000000000e+04 7.278656596650370236e-01
2.020000000000000000e+04 7.402527502817933813e-01
2.030000000000000000e+04 7.688402831327338927e-01
2.040000000000000000e+04 7.213237212104086638e-01
2.050000000000000000e+04 7.557052231202290304e-01
2.060000000000000000e+04 7.580057220029485787e-01
2.070000000000000000e+04 7.806726045212554199e-01
2.080000000000000000e+04 7.751778048435093993e-01
2.090000000000000000e+04 7.666723280093794557e-01
2.100000000000000000e+04 7.620978780496814320e-01
2.110000000000000000e+04 7.654405719339905101e-01
2.120000000000000000e+04 7.864628499652811522e-01
2.130000000000000000e+04 7.641829731587963526e-01
2.140000000000000000e+04 7.947798610835267175e-01
2.150000000000000000e+04 7.871065176336993208e-01
2.160000000000000000e+04 7.625165425316617895e-01
2.170000000000000000e+04 7.601282137460214638e-01
2.180000000000000000e+04 7.675470365116814353e-01
2.190000000000000000e+04 7.831160165620093538e-01
2.200000000000000000e+04 7.992529862101070970e-01
2.210000000000000000e+04 7.793696830732057546e-01
2.220000000000000000e+04 7.743935140357764979e-01
2.230000000000000000e+04 7.927998920719114828e-01
2.240000000000000000e+04 7.976268010315304968e-01
2.250000000000000000e+04 7.904040026952685594e-01
2.260000000000000000e+04 7.805339707826951523e-01
2.270000000000000000e+04 8.046517522903241515e-01
2.280000000000000000e+04 7.953891892546297582e-01
2.290000000000000000e+04 8.027987796752305005e-01
2.300000000000000000e+04 8.200348913445218990e-01
2.310000000000000000e+04 8.141919258371219659e-01
2.320000000000000000e+04 8.170430011339182563e-01
2.330000000000000000e+04 8.177586141634730632e-01
2.340000000000000000e+04 8.182661655377176935e-01
2.350000000000000000e+04 8.209701455175846263e-01
2.360000000000000000e+04 8.464474125917147429e-01
2.370000000000000000e+04 8.538774040261710718e-01
2.380000000000000000e+04 8.266047297972771712e-01
2.390000000000000000e+04 8.274838262076280593e-01
2.400000000000000000e+04 8.631727904040856769e-01
2.410000000000000000e+04 8.340470818631424699e-01
2.420000000000000000e+04 8.543529828418598981e-01
2.430000000000000000e+04 8.218174878973075748e-01
2.440000000000000000e+04 8.417236167901744892e-01
2.450000000000000000e+04 8.519791446566475912e-01
2.460000000000000000e+04 8.322131255765786717e-01
2.470000000000000000e+04 8.303213206312333172e-01
2.480000000000000000e+04 8.103710318286467817e-01
2.490000000000000000e+04 8.233336299334232944e-01
2.500000000000000000e+04 8.668349783949241827e-01
2.510000000000000000e+04 8.556460343537111157e-01
2.520000000000000000e+04 8.374304691080582952e-01
2.530000000000000000e+04 8.338909315305156333e-01
2.540000000000000000e+04 8.616071455673832702e-01
2.550000000000000000e+04 8.527591144632157283e-01
2.560000000000000000e+04 8.615192374682700827e-01
2.570000000000000000e+04 8.392296308050097853e-01
2.580000000000000000e+04 8.610244292361810547e-01
2.590000000000000000e+04 8.350533072616636021e-01
2.600000000000000000e+04 8.891425075279890677e-01
2.610000000000000000e+04 8.594092581776953121e-01
2.620000000000000000e+04 8.467281830238478912e-01
2.630000000000000000e+04 8.713424984215125679e-01
2.640000000000000000e+04 8.451857973574199434e-01
2.650000000000000000e+04 8.575480522738126998e-01
2.660000000000000000e+04 8.636827516180026754e-01
2.670000000000000000e+04 8.834187657179192188e-01
2.680000000000000000e+04 8.634643850958210187e-01
2.690000000000000000e+04 8.466456459633938669e-01
2.700000000000000000e+04 8.559471447256705723e-01
2.710000000000000000e+04 8.728100307662319812e-01
2.720000000000000000e+04 8.931461747286798536e-01
2.730000000000000000e+04 8.531394014474420473e-01
2.740000000000000000e+04 8.785689945322894268e-01
2.750000000000000000e+04 8.781473012199545458e-01
2.760000000000000000e+04 8.796068580474603049e-01
2.770000000000000000e+04 8.591359252035074556e-01
2.780000000000000000e+04 8.649748054886254867e-01
2.790000000000000000e+04 8.705826056505634458e-01
2.800000000000000000e+04 8.780093908669132086e-01
2.810000000000000000e+04 8.819954930399134252e-01
2.820000000000000000e+04 8.658214726107129611e-01
2.830000000000000000e+04 8.691724678159392647e-01
2.840000000000000000e+04 8.892819070201904985e-01
2.850000000000000000e+04 8.912979657289966662e-01
2.860000000000000000e+04 8.592124904107851791e-01
2.870000000000000000e+04 8.965720464058779537e-01
2.880000000000000000e+04 8.687551967252566953e-01
2.890000000000000000e+04 8.597832828785354486e-01
2.900000000000000000e+04 8.802510404061220095e-01
2.910000000000000000e+04 8.813563757620505035e-01
2.920000000000000000e+04 9.003744717935294739e-01
2.930000000000000000e+04 8.974048651037248581e-01
2.940000000000000000e+04 8.659432923754734057e-01
2.950000000000000000e+04 8.900078737893482028e-01
2.960000000000000000e+04 8.904314439047575913e-01
2.970000000000000000e+04 8.757009141942410091e-01
2.980000000000000000e+04 8.741284491691496683e-01
2.990000000000000000e+04 8.554579598428203591e-01
3.000000000000000000e+04 8.893721061183653687e-01
