0.000000000000000000e+00 5.134520000000000195e-01
1.000000000000000000e+02 3.358519999999999839e-01
2.000000000000000000e+02 3.130079999999999529e-01
3.000000000000000000e+02 3.555679999999999952e-01
4.000000000000000000e+02 3.689079999999999582e-01
5.000000000000000000e+02 3.767359999999999598e-01
6.000000000000000000e+02 3.821760000000000157e-01
7.000000000000000000e+02 3.606880000000000086e-01
8.000000000000000000e+02 4.184959999999999236e-01
9.000000000000000000e+02 3.844119999999999759e-01
1.000000000000000000e+03 4.020560000000000245e-01
1.100000000000000000e+03 4.127839999999999843e-01
1.200000000000000000e+03 4.241840000000000055e-01
1.300000000000000000e+03 4.256079999999999863e-01
1.400000000000000000e+03 4.214319999999999733e-01
1.500000000000000000e+03 4.393719999999999848e-01
1.600000000000000000e+03 3.980039999999999689e-01
1.700000000000000000e+03 3.933719999999999994e-01
1.800000000000000000e+03 4.408759999999999901e-01
1.900000000000000000e+03 4.163760000000000239e-01
2.000000000000000000e+03 4.066600000000000215e-01
2.100000000000000000e+03 4.277519999999999656e-01
2.200000000000000000e+03 4.268440000000000012e-01
2.300000000000000000e+03 4.459639999999999715e-01
2.400000000000000000e+03 4.255959999999999743e-01
2.500000000000000000e+03 4.646199999999999775e-01
2.600000000000000000e+03 4.578039999999999887e-01
2.700000000000000000e+03 4.221279999999999477e-01
2.800000000000000000e+03 4.298199999999999799e-01
2.900000000000000000e+03 4.529520000000000213e-01
3.000000000000000000e+03 4.462600000000000455e-01
3.100000000000000000e+03 4.484960000000000058e-01
3.200000000000000000e+03 4.253919999999999368e-01
3.300000000000000000e+03 4.302639999999999798e-01
3.400000000000000000e+03 4.288199999999999790e-01
3.500000000000000000e+03 4.608959999999999724e-01
3.600000000000000000e+03 4.496719999999999606e-01
3.700000000000000000e+03 4.435480000000000533e-01
3.800000000000000000e+03 4.029800000000000049e-01
3.900000000000000000e+03 4.852759999999999851e-01
4.000000000000000000e+03 4.328319999999999945e-01
4.100000000000000000e+03 4.299080000000000124e-01
4.200000000000000000e+03 4.634319999999999551e-01
4.300000000000000000e+03 4.655599999999999739e-01
4.400000000000000000e+03 4.675599999999999756e-01
4.500000000000000000e+03 4.715920000000000112e-01
4.600000000000000000e+03 5.037519999999999776e-01
4.700000000000000000e+03 4.674800000000000066e-01
4.800000000000000000e+03 4.667359999999999287e-01
4.900000000000000000e+03 4.586759999999999726e-01
5.000000000000000000e+03 4.886240000000000028e-01
5.100000000000000000e+03 4.420199999999999685e-01
5.200000000000000000e+03 4.594359999999999555e-01
5.300000000000000000e+03 4.564400000000000679e-01
5.400000000000000000e+03 4.732000000000000650e-01
5.500000000000000000e+03 4.862520000000000175e-01
5.600000000000000000e+03 4.736919999999999464e-01
5.700000000000000000e+03 4.671999999999999487e-01
5.800000000000000000e+03 4.513519999999999754e-01
5.900000000000000000e+03 4.754559999999999897e-01
6.000000000000000000e+03 4.906279999999999530e-01
6.100000000000000000e+03 4.553639999999999910e-01
6.200000000000000000e+03 4.703880000000000283e-01
6.300000000000000000e+03 4.603559999999999874e-01
6.400000000000000000e+03 4.725719999999999921e-01
6.500000000000000000e+03 4.965760000000000174e-01
6.600000000000000000e+03 4.904760000000000231e-01
6.700000000000000000e+03 4.736080000000000290e-01
6.800000000000000000e+03 4.973839999999999928e-01
6.900000000000000000e+03 4.898159999999999736e-01
7.000000000000000000e+03 4.890200000000000102e-01
7.100000000000000000e+03 4.893319999999999892e-01
7.200000000000000000e+03 5.208540000000000392e-01
7.300000000000000000e+03 5.276440000000000019e-01
7.400000000000000000e+03 4.960399999999999809e-01
7.500000000000000000e+03 5.035000000000000586e-01
7.600000000000000000e+03 5.244639999999999302e-01
7.700000000000000000e+03 5.147439999999999793e-01
7.800000000000000000e+03 5.182599999999999429e-01
7.900000000000000000e+03 5.254199999999999982e-01
8.000000000000000000e+03 5.291759999999999797e-01
8.100000000000000000e+03 5.065399999999999903e-01
8.200000000000000000e+03 5.220759999999999845e-01
8.300000000000000000e+03 5.023599999999999177e-01
8.400000000000000000e+03 5.109599999999999698e-01
8.500000000000000000e+03 5.500639999999999974e-01
8.600000000000000000e+03 5.283799999999999608e-01
8.700000000000000000e+03 5.481280000000000596e-01
8.800000000000000000e+03 5.237080000000000624e-01
8.900000000000000000e+03 5.285960000000000658e-01
9.000000000000000000e+03 5.556360000000000188e-01
9.100000000000000000e+03 5.415840000000000654e-01
9.200000000000000000e+03 5.515079999999999982e-01
9.300000000000000000e+03 5.066840000000000233e-01
9.400000000000000000e+03 5.449600000000000000e-01
9.500000000000000000e+03 5.352519999999999500e-01
9.600000000000000000e+03 5.628239999999999910e-01
9.700000000000000000e+03 5.688959999999999573e-01
9.800000000000000000e+03 5.763000000000000345e-01
9.900000000000000000e+03 5.739800000000000457e-01
1.000000000000000000e+04 5.620279999999999720e-01
1.010000000000000000e+04 5.583399999999999475e-01
1.020000000000000000e+04 5.324559999999999294e-01
1.030000000000000000e+04 5.799160000000000981e-01
1.040000000000000000e+04 5.210600000000000787e-01
1.050000000000000000e+04 5.868079999999999963e-01
1.060000000000000000e+04 5.453919999999999879e-01
1.070000000000000000e+04 5.640519999999999978e-01
1.080000000000000000e+04 5.813679999999999959e-01
1.090000000000000000e+04 5.608959999999999502e-01
1.100000000000000000e+04 5.602199999999999402e-01
1.110000000000000000e+04 5.801240000000000840e-01
1.120000000000000000e+04 5.774040000000000283e-01
1.130000000000000000e+04 6.116919999999999025e-01
1.140000000000000000e+04 5.757440000000000335e-01
1.150000000000000000e+04 6.117360000000000575e-01
1.160000000000000000e+04 6.103160000000000807e-01
1.170000000000000000e+04 6.061360000000000081e-01
1.180000000000000000e+04 6.050759999999999472e-01
1.190000000000000000e+04 6.098160000000000247e-01
1.200000000000000000e+04 5.743800000000000017e-01
1.210000000000000000e+04 5.602960000000000163e-01
1.220000000000000000e+04 5.788640000000000452e-01
1.230000000000000000e+04 6.456520000000000037e-01
1.240000000000000000e+04 6.135720000000000063e-01
1.250000000000000000e+04 6.038400000000000434e-01
1.260000000000000000e+04 6.204800000000000315e-01
1.270000000000000000e+04 6.272039999999999837e-01
1.280000000000000000e+04 6.429840000000000000e-01
1.290000000000000000e+04 6.418240000000000611e-01
1.300000000000000000e+04 6.317079999999999362e-01
1.310000000000000000e+04 6.397599999999999953e-01
1.320000000000000000e+04 6.588200000000000722e-01
1.330000000000000000e+04 6.313959999999999573e-01
1.340000000000000000e+04 6.272720000000000518e-01
1.350000000000000000e+04 6.077019999999999644e-01
1.360000000000000000e+04 6.378200000000000536e-01
1.370000000000000000e+04 6.015040000000000386e-01
1.380000000000000000e+04 6.050560000000000382e-01
1.390000000000000000e+04 6.019399999999999196e-01
1.400000000000000000e+04 6.254399999999999959e-01
1.410000000000000000e+04 6.000639999999999308e-01
1.420000000000000000e+04 6.144959999999999312e-01
1.430000000000000000e+04 6.205799999999999095e-01
1.440000000000000000e+04 6.477519999999999945e-01
1.450000000000000000e+04 6.360120000000000218e-01
1.460000000000000000e+04 6.383919999999999595e-01
1.470000000000000000e+04 6.383320000000000105e-01
1.480000000000000000e+04 6.490879999999998873e-01
1.490000000000000000e+04 6.348679999999999879e-01
1.500000000000000000e+04 6.719759999999999067e-01
1.510000000000000000e+04 6.605639999999999290e-01
1.520000000000000000e+04 6.549519999999999786e-01
1.530000000000000000e+04 6.345199999999999729e-01
1.540000000000000000e+04 6.581280000000000463e-01
1.550000000000000000e+04 6.262480000000001379e-01
1.560000000000000000e+04 6.465119999999999756e-01
1.570000000000000000e+04 6.745079999999999965e-01
1.580000000000000000e+04 6.517920000000000380e-01
1.590000000000000000e+04 6.515199999999999880e-01
1.600000000000000000e+04 6.379239999999999355e-01
1.610000000000000000e+04 6.471279999999999255e-01
1.620000000000000000e+04 6.629279999999999617e-01
1.630000000000000000e+04 6.772120000000001472e-01
1.640000000000000000e+04 6.601399999999999491e-01
1.650000000000000000e+04 6.263199999999999878e-01
1.660000000000000000e+04 6.705080000000001039e-01
1.670000000000000000e+04 6.685200000000000031e-01
1.680000000000000000e+04 6.729239999999999666e-01
1.690000000000000000e+04 6.874399999999999400e-01
1.700000000000000000e+04 6.831359999999999655e-01
1.710000000000000000e+04 6.763240000000000363e-01
1.720000000000000000e+04 6.848360000000000003e-01
1.730000000000000000e+04 6.868760000000000421e-01
1.740000000000000000e+04 6.803760000000000918e-01
1.750000000000000000e+04 6.362079999999998847e-01
1.760000000000000000e+04 6.642719999999998626e-01
1.770000000000000000e+04 6.743279999999999275e-01
1.780000000000000000e+04 6.683360000000000412e-01
1.790000000000000000e+04 6.630280000000000618e-01
1.800000000000000000e+04 6.886319999999999109e-01
1.810000000000000000e+04 6.757360000000001143e-01
1.820000000000000000e+04 7.120600000000001373e-01
1.830000000000000000e+04 6.868160000000000931e-01
1.840000000000000000e+04 6.760519999999998753e-01
1.850000000000000000e+04 6.765639999999999432e-01
1.860000000000000000e+04 6.946200000000000152e-01
1.870000000000000000e+04 7.154360000000000719e-01
1.880000000000000000e+04 7.139199999999998880e-01
1.890000000000000000e+04 7.169760000000000577e-01
1.900000000000000000e+04 6.963359999999999550e-01
1.910000000000000000e+04 7.443879999999998276e-01
1.920000000000000000e+04 7.273199999999999665e-01
1.930000000000000000e+04 7.178040000000001086e-01
1.940000000000000000e+04 7.217919999999999892e-01
1.950000000000000000e+04 7.130680000000000351e-01
1.960000000000000000e+04 7.182079999999999576e-01
1.970000000000000000e+04 7.476679999999999993e-01
1.980000000000000000e+04 7.404720000000000191e-01
1.990000000000000000e+04 7.364760000000000195e-01
2.000000000000000000e+04 6.875120000000000120e-01
2.010000000000000000e+04 7.067360000000000309e-01
2.020000000000000000e+04 7.377279999999999394e-01
2.030000000000000000e+04 7.570200000000000262e-01
2.040000000000000000e+04 7.169379999999999642e-01
2.050000000000000000e+04 7.334640000000001159e-01
2.060000000000000000e+04 7.438600000000000767e-01
2.070000000000000000e+04 7.709599999999999786e-01
2.080000000000000000e+04 7.667640000000000011e-01
2.090000000000000000e+04 7.590679999999999650e-01
2.100000000000000000e+04 7.638759999999999994e-01
2.110000000000000000e+04 7.578559999999999741e-01
2.120000000000000000e+04 7.853719999999999590e-01
2.130000000000000000e+04 7.548680000000000945e-01
2.140000000000000000e+04 7.958799999999999208e-01
2.150000000000000000e+04 7.773320000000000229e-01
2.160000000000000000e+04 7.775400000000000089e-01
2.170000000000000000e+04 7.592399999999999149e-01
2.180000000000000000e+04 7.699560000000000848e-01
2.190000000000000000e+04 7.789480000000000848e-01
2.200000000000000000e+04 7.888199999999998546e-01
2.210000000000000000e+04 7.781959999999998878e-01
2.220000000000000000e+04 7.713679999999999426e-01
2.230000000000000000e+04 7.972960000000000047e-01
2.240000000000000000e+04 7.889519999999999866e-01
2.250000000000000000e+04 7.902799999999999825e-01
2.260000000000000000e+04 7.785999999999999588e-01
2.270000000000000000e+04 7.953520000000000589e-01
2.280000000000000000e+04 8.052520000000000788e-01
2.290000000000000000e+04 8.046839999999999549e-01
2.300000000000000000e+04 8.067519999999999136e-01
2.310000000000000000e+04 8.157559999999999256e-01
2.320000000000000000e+04 8.206439999999999291e-01
2.330000000000000000e+04 8.212199999999999500e-01
2.340000000000000000e+04 8.223680000000000989e-01
2.350000000000000000e+04 8.234999999999998987e-01
2.360000000000000000e+04 8.374920000000001252e-01
2.370000000000000000e+04 8.496440000000000659e-01
2.380000000000000000e+04 8.266320000000000334e-01
2.390000000000000000e+04 8.210879999999999290e-01
2.400000000000000000e+04 8.548759999999999692e-01
2.410000000000000000e+04 8.273239999999999483e-01
2.420000000000000000e+04 8.508639999999999537e-01
2.430000000000000000e+04 8.263439999999999674e-01
2.440000000000000000e+04 8.357959999999999834e-01
2.450000000000000000e+04 8.443199999999999594e-01
2.460000000000000000e+04 8.311760000000000259e-01
2.470000000000000000e+04 8.325240000000000418e-01
2.480000000000000000e+04 8.129960000000000520e-01
2.490000000000000000e+04 8.244120000000000337e-01
2.500000000000000000e+04 8.568679999999999630e-01
2.510000000000000000e+04 8.513999999999999346e-01
2.520000000000000000e+04 8.378760000000000652e-01
2.530000000000000000e+04 8.404279999999999529e-01
2.540000000000000000e+04 8.595399999999999707e-01
2.550000000000000000e+04 8.483479999999999910e-01
2.560000000000000000e+04 8.642320000000000002e-01
2.570000000000000000e+04 8.318239999999998968e-01
2.580000000000000000e+04 8.585239999999999538e-01
2.590000000000000000e+04 8.390320000000000000e-01
2.600000000000000000e+04 8.821239999999999082e-01
2.610000000000000000e+04 8.546280000000001653e-01
2.620000000000000000e+04 8.585760000000001169e-01
2.630000000000000000e+04 8.716679999999999984e-01
2.640000000000000000e+04 8.478859999999999175e-01
2.650000000000000000e+04 8.600599999999999357e-01
2.660000000000000000e+04 8.581959999999998479e-01
2.670000000000000000e+04 8.852679999999999438e-01
2.680000000000000000e+04 8.664399999999998769e-01
2.690000000000000000e+04 8.465600000000000902e-01
2.700000000000000000e+04 8.573880000000000390e-01
2.710000000000000000e+04 8.717800000000001104e-01
2.720000000000000000e+04 8.880720000000000836e-01
2.730000000000000000e+04 8.567000000000000171e-01
2.740000000000000000e+04 8.773320000000001118e-01
2.750000000000000000e+04 8.771359999999999157e-01
2.760000000000000000e+04 8.731440000000000312e-01
2.770000000000000000e+04 8.647240000000000482e-01
2.780000000000000000e+04 8.592439999999998967e-01
2.790000000000000000e+04 8.583920000000001549e-01
2.800000000000000000e+04 8.769239999999999258e-01
2.810000000000000000e+04 8.809439999999999493e-01
2.820000000000000000e+04 8.726720000000000033e-01
2.830000000000000000e+04 8.702879999999999505e-01
2.840000000000000000e+04 8.893560000000001464e-01
2.850000000000000000e+04 8.872120000000000006e-01
2.860000000000000000e+04 8.621560000000001445e-01
2.870000000000000000e+04 8.966399999999998816e-01
2.880000000000000000e+04 8.743879999999999431e-01
2.890000000000000000e+04 8.713839999999999364e-01
2.900000000000000000e+04 8.778639999999999777e-01
2.910000000000000000e+04 8.835520000000001151e-01
2.920000000000000000e+04 8.936439999999999939e-01
2.930000000000000000e+04 8.946880000000001498e-01
2.940000000000000000e+04 8.737159999999999371e-01
2.950000000000000000e+04 8.945639999999999148e-01
2.960000000000000000e+04 8.810759999999999703e-01
2.970000000000000000e+04 8.690680000000000627e-01
2.980000000000000000e+04 8.834319999999999951e-01
2.990000000000000000e+04 8.587400000000000588e-01
3.000000000000000000e+04 8.916479999999998851e-01
