0.000000000000000000e+00 4.946576203316280784e-01
1.000000000000000000e+02 4.230669477321101768e-01
2.000000000000000000e+02 4.630263999346577730e-01
3.000000000000000000e+02 5.284899875155455451e-01
4.000000000000000000e+02 5.490056710560520248e-01
5.000000000000000000e+02 6.177825094818896190e-01
6.000000000000000000e+02 6.230204954414512164e-01
7.000000000000000000e+02 6.555034449667433982e-01
8.000000000000000000e+02 6.603062725471119387e-01
9.000000000000000000e+02 7.005827369252259906e-01
1.000000000000000000e+03 6.999125484342902936e-01
1.100000000000000000e+03 7.457423278302619529e-01
1.200000000000000000e+03 7.185935582185438708e-01
1.300000000000000000e+03 7.303561369689588467e-01
1.400000000000000000e+03 7.582741462867896853e-01
1.500000000000000000e+03 7.504989285877251559e-01
1.600000000000000000e+03 7.525592476524398666e-01
1.700000000000000000e+03 7.593888642517636622e-01
1.800000000000000000e+03 7.725610139371060781e-01
1.900000000000000000e+03 7.845727129018607027e-01
2.000000000000000000e+03 7.706597669178369969e-01
2.100000000000000000e+03 7.703355753172600462e-01
2.200000000000000000e+03 7.796205138869116702e-01
2.300000000000000000e+03 7.895804245500284146e-01
2.400000000000000000e+03 8.001403273888727519e-01
2.500000000000000000e+03 7.894020328562524336e-01
2.600000000000000000e+03 8.145982917387772915e-01
2.700000000000000000e+03 8.198038896311589108e-01
2.800000000000000000e+03 8.198099375668895794e-01
2.900000000000000000e+03 8.425245297035846015e-01
3.000000000000000000e+03 8.380572221988322745e-01
3.100000000000000000e+03 8.349358607227568285e-01
3.200000000000000000e+03 8.017973445347916783e-01
3.300000000000000000e+03 8.201599969958872638e-01
3.400000000000000000e+03 8.251510816967312367e-01
3.500000000000000000e+03 8.291511281469121641e-01
3.600000000000000000e+03 8.436725884099178785e-01
3.700000000000000000e+03 8.459120213184483372e-01
3.800000000000000000e+03 8.486554805661653544e-01
3.900000000000000000e+03 8.657492534666613171e-01
4.000000000000000000e+03 8.439640401893950816e-01
4.100000000000000000e+03 8.638221587334722340e-01
4.200000000000000000e+03 8.531362692786376156e-01
4.300000000000000000e+03 8.785312445917430324e-01
4.400000000000000000e+03 8.539216140381125086e-01
4.500000000000000000e+03 8.594940675454469936e-01
4.600000000000000000e+03 8.681873911551437617e-01
4.700000000000000000e+03 8.420772435275942769e-01
4.800000000000000000e+03 8.666635024700828360e-01
4.900000000000000000e+03 8.618713049427334516e-01
5.000000000000000000e+03 8.620842994817751181e-01
5.100000000000000000e+03 8.809387439621466642e-01
5.200000000000000000e+03 8.850667236845617403e-01
5.300000000000000000e+03 8.935920024422290275e-01
5.400000000000000000e+03 8.927933681560993318e-01
5.500000000000000000e+03 8.710658224854439524e-01
5.600000000000000000e+03 8.761853447184853039e-01
5.700000000000000000e+03 8.778152907169103347e-01
5.800000000000000000e+03 8.845371209367023368e-01
5.900000000000000000e+03 8.822317272617440365e-01
6.000000000000000000e+03 9.029031224299879366e-01
6.100000000000000000e+03 8.872659439998135111e-01
6.200000000000000000e+03 9.029042024491049645e-01
6.300000000000000000e+03 8.974454535893292562e-01
6.400000000000000000e+03 8.906274867998734690e-01
6.500000000000000000e+03 8.850460985965340477e-01
6.600000000000000000e+03 8.919587104766930619e-01
6.700000000000000000e+03 8.900261486468002969e-01
6.800000000000000000e+03 9.047552493050534661e-01
6.900000000000000000e+03 9.012743238392724177e-01
7.000000000000000000e+03 9.056709940666196612e-01
7.100000000000000000e+03 8.994205005322393198e-01
7.200000000000000000e+03 9.153943559680070008e-01
7.300000000000000000e+03 9.027277573795735588e-01
7.400000000000000000e+03 9.033406680236217845e-01
7.500000000000000000e+03 9.214855877777030635e-01
7.600000000000000000e+03 9.041247658498129391e-01
7.700000000000000000e+03 9.109872838878337875e-01
7.800000000000000000e+03 9.050731083631733398e-01
7.900000000000000000e+03 8.994044713159428106e-01
8.000000000000000000e+03 9.124223898670131838e-01
8.100000000000000000e+03 9.098608119333576605e-01
8.200000000000000000e+03 9.135950246787791773e-01
8.300000000000000000e+03 9.065424161755606391e-01
8.400000000000000000e+03 9.132795075698715292e-01
8.500000000000000000e+03 9.177537733229212957e-01
8.600000000000000000e+03 9.200482558207369044e-01
8.700000000000000000e+03 9.268312834422798296e-01
8.800000000000000000e+03 9.186336678761621855e-01
8.900000000000000000e+03 9.093487695583872821e-01
9.000000000000000000e+03 9.255530841518589957e-01
9.100000000000000000e+03 9.164358958043368197e-01
9.200000000000000000e+03 9.127928400460876279e-01
9.300000000000000000e+03 9.250243740595280872e-01
9.400000000000000000e+03 9.321131609626182035e-01
9.500000000000000000e+03 9.197784178414082357e-01
9.600000000000000000e+03 9.301154115087553187e-01
9.700000000000000000e+03 9.196331155783570299e-01
9.800000000000000000e+03 9.253232066640088016e-01
9.900000000000000000e+03 9.066056159551951765e-01
1.000000000000000000e+04 9.243006092643786253e-01
1.010000000000000000e+04 9.176534744564557311e-01
1.020000000000000000e+04 9.170509294943188783e-01
1.030000000000000000e+04 9.155728787699403126e-01
1.040000000000000000e+04 9.173440296890443824e-01
1.050000000000000000e+04 9.209450744192332339e-01
1.060000000000000000e+04 9.317788989289703672e-01
1.070000000000000000e+04 9.266615332504670732e-01
1.080000000000000000e+04 9.295021337645772430e-01
1.090000000000000000e+04 9.079269350618410783e-01
1.100000000000000000e+04 9.336958620017655752e-01
1.110000000000000000e+04 9.228982880908641606e-01
1.120000000000000000e+04 9.200392016708652809e-01
1.130000000000000000e+04 9.365863246191834524e-01
1.140000000000000000e+04 9.294655107315242804e-01
1.150000000000000000e+04 9.323847615032059277e-01
1.160000000000000000e+04 9.306902856453983519e-01
1.170000000000000000e+04 9.240638100701026314e-01
1.180000000000000000e+04 9.315348765027133826e-01
1.190000000000000000e+04 9.296085286748265730e-01
1.200000000000000000e+04 9.145855348590388179e-01
1.210000000000000000e+04 9.183744098325135052e-01
1.220000000000000000e+04 9.118736798739466298e-01
1.230000000000000000e+04 9.361713059119201041e-01
1.240000000000000000e+04 9.212028266919967123e-01
1.250000000000000000e+04 9.324560560762522599e-01
1.260000000000000000e+04 9.311580818071686361e-01
1.270000000000000000e+04 9.150765508439415719e-01
1.280000000000000000e+04 9.165273781054931179e-01
1.290000000000000000e+04 9.287521386410546587e-01
1.300000000000000000e+04 9.290090121399867673e-01
1.310000000000000000e+04 9.123814300561905455e-01
1.320000000000000000e+04 9.290217637831006403e-01
1.330000000000000000e+04 9.128975031798498563e-01
1.340000000000000000e+04 9.149988353176501388e-01
1.350000000000000000e+04 9.231423571713506249e-01
1.360000000000000000e+04 9.226538429851559586e-01
1.370000000000000000e+04 9.239946700025842841e-01
1.380000000000000000e+04 9.222334168765502493e-01
1.390000000000000000e+04 9.253151014287734899e-01
1.400000000000000000e+04 9.305615814359962101e-01
1.410000000000000000e+04 9.370855300147579170e-01
1.420000000000000000e+04 9.294935555815386774e-01
1.430000000000000000e+04 9.327256215692243391e-01
1.440000000000000000e+04 9.277249017376727469e-01
1.450000000000000000e+04 9.293778148298323938e-01
1.460000000000000000e+04 9.289098428316460154e-01
1.470000000000000000e+04 9.286491798235355644e-01
1.480000000000000000e+04 9.307050308547321071e-01
1.490000000000000000e+04 9.147311506395023883e-01
1.500000000000000000e+04 9.328815993277966845e-01
1.510000000000000000e+04 9.251541186210836543e-01
1.520000000000000000e+04 9.324877965712671246e-01
1.530000000000000000e+04 9.367293626988095756e-01
1.540000000000000000e+04 9.332326700746265136e-01
1.550000000000000000e+04 9.407672562547484407e-01
1.560000000000000000e+04 9.398235387869704471e-01
1.570000000000000000e+04 9.268679780055528727e-01
1.580000000000000000e+04 9.263230813106382300e-01
1.590000000000000000e+04 9.250049387466270367e-01
1.600000000000000000e+04 9.281512175261764641e-01
1.610000000000000000e+04 9.323221401804435704e-01
1.620000000000000000e+04 9.328063332591337575e-01
1.630000000000000000e+04 9.270718895026618389e-01
1.640000000000000000e+04 9.383290849805085987e-01
1.650000000000000000e+04 9.308998683143359099e-01
1.660000000000000000e+04 9.445017961019175345e-01
1.670000000000000000e+04 9.351114517542699067e-01
1.680000000000000000e+04 9.374538157268286209e-01
1.690000000000000000e+04 9.281069133509363134e-01
1.700000000000000000e+04 9.348041670193112385e-01
1.710000000000000000e+04 9.251875449890138992e-01
1.720000000000000000e+04 9.262275603515770506e-01
1.730000000000000000e+04 9.269171985949682391e-01
1.740000000000000000e+04 9.327332435641337849e-01
1.750000000000000000e+04 9.470162062038758322e-01
1.760000000000000000e+04 9.315368989969601277e-01
1.770000000000000000e+04 9.364207997394518035e-01
1.780000000000000000e+04 9.451422223679917245e-01
1.790000000000000000e+04 9.413680555135209849e-01
1.800000000000000000e+04 9.380628921724170066e-01
1.810000000000000000e+04 9.223304140273741458e-01
1.820000000000000000e+04 9.220719619032822223e-01
1.830000000000000000e+04 9.252125921244190865e-01
1.840000000000000000e+04 9.508726756777043931e-01
1.850000000000000000e+04 9.290590287974901385e-01
1.860000000000000000e+04 9.416455714963762880e-01
1.870000000000000000e+04 9.326330903701989250e-01
1.880000000000000000e+04 9.304542211517909944e-01
1.890000000000000000e+04 9.203953928630782544e-01
1.900000000000000000e+04 9.271247349879599975e-01
1.910000000000000000e+04 9.404285073835734199e-01
1.920000000000000000e+04 9.363965364681718917e-01
1.930000000000000000e+04 9.365625119632291495e-01
1.940000000000000000e+04 9.381764228642972547e-01
1.950000000000000000e+04 9.337069290857968884e-01
1.960000000000000000e+04 9.222939166774656305e-01
1.970000000000000000e+04 9.317791559164700921e-01
1.980000000000000000e+04 9.392385230584818778e-01
1.990000000000000000e+04 9.179367826072251102e-01
2.000000000000000000e+04 9.455297348792884859e-01
2.010000000000000000e+04 9.354279437928353369e-01
2.020000000000000000e+04 9.234457403920495189e-01
2.030000000000000000e+04 9.446200484108350226e-01
2.040000000000000000e+04 9.177671303328982511e-01
2.050000000000000000e+04 9.264345346282528704e-01
2.060000000000000000e+04 9.325988453939606515e-01
2.070000000000000000e+04 9.203808242165258946e-01
2.080000000000000000e+04 9.233155606766727530e-01
2.090000000000000000e+04 9.416266743373182813e-01
2.100000000000000000e+04 9.418028140169256712e-01
2.110000000000000000e+04 9.395235520903080229e-01
2.120000000000000000e+04 9.384355072793307828e-01
2.130000000000000000e+04 9.344208243474391162e-01
2.140000000000000000e+04 9.452027057862699699e-01
2.150000000000000000e+04 9.308914215128951675e-01
2.160000000000000000e+04 9.358754165433881278e-01
2.170000000000000000e+04 9.456631725576661873e-01
2.180000000000000000e+04 9.388210706954093210e-01
2.190000000000000000e+04 9.480522064823332373e-01
2.200000000000000000e+04 9.317615963182318550e-01
2.210000000000000000e+04 9.490015192913169306e-01
2.220000000000000000e+04 9.401434197928353331e-01
2.230000000000000000e+04 9.290527957606404819e-01
2.240000000000000000e+04 9.279923846288720135e-01
2.250000000000000000e+04 9.263740841152616756e-01
2.260000000000000000e+04 9.367863341388077414e-01
2.270000000000000000e+04 9.335963798503361666e-01
2.280000000000000000e+04 9.391727911267154782e-01
2.290000000000000000e+04 9.324224268363547896e-01
2.300000000000000000e+04 9.415623794450924677e-01
2.310000000000000000e+04 9.275346634490755360e-01
2.320000000000000000e+04 9.364201816624848629e-01
2.330000000000000000e+04 9.356550033628400209e-01
2.340000000000000000e+04 9.425265534713404003e-01
2.350000000000000000e+04 9.339694994445376652e-01
2.360000000000000000e+04 9.430068961436695041e-01
2.370000000000000000e+04 9.342118474043443754e-01
2.380000000000000000e+04 9.326639517885062514e-01
2.390000000000000000e+04 9.402913009706603820e-01
2.400000000000000000e+04 9.392734537343350176e-01
2.410000000000000000e+04 9.354748103555947658e-01
2.420000000000000000e+04 9.312232734144822999e-01
2.430000000000000000e+04 9.496979558051368286e-01
2.440000000000000000e+04 9.476146825783061667e-01
2.450000000000000000e+04 9.379238741412547764e-01
2.460000000000000000e+04 9.349510559721802005e-01
2.470000000000000000e+04 9.364350454817835789e-01
2.480000000000000000e+04 9.364396385485121987e-01
2.490000000000000000e+04 9.408833813803746393e-01
2.500000000000000000e+04 9.398558907011760333e-01
2.510000000000000000e+04 9.233786706641812225e-01
2.520000000000000000e+04 9.419786672108744208e-01
2.530000000000000000e+04 9.344689175053119135e-01
2.540000000000000000e+04 9.511770927695556432e-01
2.550000000000000000e+04 9.439021563984475449e-01
2.560000000000000000e+04 9.347345724190506688e-01
2.570000000000000000e+04 9.319172139169796809e-01
2.580000000000000000e+04 9.366239794952828657e-01
2.590000000000000000e+04 9.377635761051048569e-01
2.600000000000000000e+04 9.496741313267671458e-01
2.610000000000000000e+04 9.409358035161462519e-01
2.620000000000000000e+04 9.294083882148762576e-01
2.630000000000000000e+04 9.375775988151029416e-01
2.640000000000000000e+04 9.507069267031014181e-01
2.650000000000000000e+04 9.370689677280261698e-01
2.660000000000000000e+04 9.303171875094834453e-01
2.670000000000000000e+04 9.326295172639288422e-01
2.680000000000000000e+04 9.327573632645191903e-01
2.690000000000000000e+04 9.340007110736613383e-01
2.700000000000000000e+04 9.364589609258056058e-01
2.710000000000000000e+04 9.405671835041954365e-01
2.720000000000000000e+04 9.368285779299156957e-01
2.730000000000000000e+04 9.349466064043618907e-01
2.740000000000000000e+04 9.274688818496481524e-01
2.750000000000000000e+04 9.432859014088623706e-01
2.760000000000000000e+04 9.440799644928404843e-01
2.770000000000000000e+04 9.330807292593996660e-01
2.780000000000000000e+04 9.432861116312825089e-01
2.790000000000000000e+04 9.417208451280711934e-01
2.800000000000000000e+04 9.375282127710627966e-01
2.810000000000000000e+04 9.172923321080587167e-01
2.820000000000000000e+04 9.422236847956053651e-01
2.830000000000000000e+04 9.384603900584046476e-01
2.840000000000000000e+04 9.348281270228545603e-01
2.850000000000000000e+04 9.321308645771589907e-01
2.860000000000000000e+04 9.375673422519845701e-01
2.870000000000000000e+04 9.441728303332492800e-01
2.880000000000000000e+04 9.299717082167080484e-01
2.890000000000000000e+04 9.275949257321736141e-01
2.900000000000000000e+04 9.313385412129598917e-01
2.910000000000000000e+04 9.394766766876959663e-01
2.920000000000000000e+04 9.394321749623795181e-01
2.930000000000000000e+04 9.360982146763584533e-01
2.940000000000000000e+04 9.323705806985730371e-01
2.950000000000000000e+04 9.416081737511567962e-01
2.960000000000000000e+04 9.389678142587318810e-01
2.970000000000000000e+04 9.382235314535810611e-01
2.980000000000000000e+04 9.283229126499253914e-01
2.990000000000000000e+04 9.367703085188580081e-01
3.000000000000000000e+04 9.318288324890897645e-01
