0.000000000000000000e+00 5.003959999999999519e-01
1.000000000000000000e+02 3.922599999999999421e-01
2.000000000000000000e+02 4.552159999999999540e-01
3.000000000000000000e+02 5.344420000000000837e-01
4.000000000000000000e+02 5.575159999999999005e-01
5.000000000000000000e+02 6.383519999999999195e-01
6.000000000000000000e+02 6.301879999999999704e-01
7.000000000000000000e+02 6.481240000000000334e-01
8.000000000000000000e+02 6.637839999999999296e-01
9.000000000000000000e+02 6.987560000000000437e-01
1.000000000000000000e+03 6.873920000000000030e-01
1.100000000000000000e+03 7.345999999999999197e-01
1.200000000000000000e+03 7.019120000000000914e-01
1.300000000000000000e+03 7.220479999999999121e-01
1.400000000000000000e+03 7.332319999999999949e-01
1.500000000000000000e+03 7.379199999999999093e-01
1.600000000000000000e+03 7.431079999999999908e-01
1.700000000000000000e+03 7.384560000000000013e-01
1.800000000000000000e+03 7.552119999999999944e-01
1.900000000000000000e+03 7.590919999999999890e-01
2.000000000000000000e+03 7.557479999999999754e-01
2.100000000000000000e+03 7.430120000000000058e-01
2.200000000000000000e+03 7.631839999999998625e-01
2.300000000000000000e+03 7.649040000000000283e-01
2.400000000000000000e+03 7.810120000000000395e-01
2.500000000000000000e+03 7.705239999999999867e-01
2.600000000000000000e+03 7.775439999999999019e-01
2.700000000000000000e+03 8.027199999999998781e-01
2.800000000000000000e+03 7.982559999999999656e-01
2.900000000000000000e+03 8.200960000000000472e-01
3.000000000000000000e+03 8.136399999999999189e-01
3.100000000000000000e+03 8.033840000000000980e-01
3.200000000000000000e+03 7.750200000000000422e-01
3.300000000000000000e+03 7.942040000000001321e-01
3.400000000000000000e+03 8.010920000000000263e-01
3.500000000000000000e+03 8.035559999999999370e-01
3.600000000000000000e+03 8.220040000000000679e-01
3.700000000000000000e+03 8.268040000000000944e-01
3.800000000000000000e+03 8.260760000000000325e-01
3.900000000000000000e+03 8.403479999999998729e-01
4.000000000000000000e+03 8.184199999999999253e-01
4.100000000000000000e+03 8.502160000000000828e-01
4.200000000000000000e+03 8.331159999999998567e-01
4.300000000000000000e+03 8.528119999999999035e-01
4.400000000000000000e+03 8.381560000000000121e-01
4.500000000000000000e+03 8.331559999999998967e-01
4.600000000000000000e+03 8.517800000000000926e-01
4.700000000000000000e+03 8.231239999999999668e-01
4.800000000000000000e+03 8.399319999999999009e-01
4.900000000000000000e+03 8.428339999999998611e-01
5.000000000000000000e+03 8.410400000000000098e-01
5.100000000000000000e+03 8.569879999999998610e-01
5.200000000000000000e+03 8.656319999999999570e-01
5.300000000000000000e+03 8.802280000000000104e-01
5.400000000000000000e+03 8.819879999999999942e-01
5.500000000000000000e+03 8.604399999999999826e-01
5.600000000000000000e+03 8.640639999999999432e-01
5.700000000000000000e+03 8.531279999999999974e-01
5.800000000000000000e+03 8.658639999999999670e-01
5.900000000000000000e+03 8.716359999999998553e-01
6.000000000000000000e+03 8.872680000000000566e-01
6.100000000000000000e+03 8.664079999999998449e-01
6.200000000000000000e+03 8.881159999999999055e-01
6.300000000000000000e+03 8.870040000000000147e-01
6.400000000000000000e+03 8.791960000000000885e-01
6.500000000000000000e+03 8.735079999999999512e-01
6.600000000000000000e+03 8.768799999999998818e-01
6.700000000000000000e+03 8.824559999999999071e-01
6.800000000000000000e+03 8.931280000000000330e-01
6.900000000000000000e+03 8.838399999999999590e-01
7.000000000000000000e+03 8.962599999999999456e-01
7.100000000000000000e+03 8.922279999999999101e-01
7.200000000000000000e+03 9.026559999999999029e-01
7.300000000000000000e+03 8.889999999999999014e-01
7.400000000000000000e+03 8.891519999999999424e-01
7.500000000000000000e+03 9.119620000000001614e-01
7.600000000000000000e+03 8.890959999999998864e-01
7.700000000000000000e+03 9.009199999999999431e-01
7.800000000000000000e+03 9.017840000000000300e-01
7.900000000000000000e+03 8.906359999999999832e-01
8.000000000000000000e+03 9.012359999999999260e-01
8.100000000000000000e+03 8.986480000000001134e-01
8.200000000000000000e+03 9.018559999999999910e-01
8.300000000000000000e+03 8.999879999999997882e-01
8.400000000000000000e+03 9.084799999999999542e-01
8.500000000000000000e+03 9.081199999999999273e-01
8.600000000000000000e+03 9.123440000000000438e-01
8.700000000000000000e+03 9.177639999999999132e-01
8.800000000000000000e+03 9.048239999999999617e-01
8.900000000000000000e+03 8.958199999999998386e-01
9.000000000000000000e+03 9.175079999999999902e-01
9.100000000000000000e+03 9.041999999999998927e-01
9.200000000000000000e+03 8.998880000000000212e-01
9.300000000000000000e+03 9.159320000000000794e-01
9.400000000000000000e+03 9.250639999999998864e-01
9.500000000000000000e+03 9.109839999999997939e-01
9.600000000000000000e+03 9.227919999999999456e-01
9.700000000000000000e+03 9.090040000000001452e-01
9.800000000000000000e+03 9.158560000000000034e-01
9.900000000000000000e+03 8.950439999999999507e-01
1.000000000000000000e+04 9.166439999999999033e-01
1.010000000000000000e+04 9.117760000000000309e-01
1.020000000000000000e+04 9.100239999999999441e-01
1.030000000000000000e+04 9.054240000000000066e-01
1.040000000000000000e+04 9.140159999999999396e-01
1.050000000000000000e+04 9.110520000000000840e-01
1.060000000000000000e+04 9.243160000000000265e-01
1.070000000000000000e+04 9.216839999999999478e-01
1.080000000000000000e+04 9.233360000000000456e-01
1.090000000000000000e+04 8.982879999999999754e-01
1.100000000000000000e+04 9.236400000000000166e-01
1.110000000000000000e+04 9.169200000000001793e-01
1.120000000000000000e+04 9.104680000000000550e-01
1.130000000000000000e+04 9.318719999999999226e-01
1.140000000000000000e+04 9.234400000000000386e-01
1.150000000000000000e+04 9.242399999999999505e-01
1.160000000000000000e+04 9.244759999999999645e-01
1.170000000000000000e+04 9.167880000000000473e-01
1.180000000000000000e+04 9.225359999999999117e-01
1.190000000000000000e+04 9.251800000000000024e-01
1.200000000000000000e+04 9.145439999999999126e-01
1.210000000000000000e+04 9.059880000000000155e-01
1.220000000000000000e+04 9.044839999999998437e-01
1.230000000000000000e+04 9.287719999999999310e-01
1.240000000000000000e+04 9.124439999999999218e-01
1.250000000000000000e+04 9.232479999999999576e-01
1.260000000000000000e+04 9.202679999999998639e-01
1.270000000000000000e+04 9.033599999999999408e-01
1.280000000000000000e+04 9.106479999999999020e-01
1.290000000000000000e+04 9.231759999999998856e-01
1.300000000000000000e+04 9.199920000000000320e-01
1.310000000000000000e+04 9.013439999999999230e-01
1.320000000000000000e+04 9.193839999999999790e-01
1.330000000000000000e+04 9.043719999999998427e-01
1.340000000000000000e+04 9.078559999999999963e-01
1.350000000000000000e+04 9.157839999999999314e-01
1.360000000000000000e+04 9.197120000000000850e-01
1.370000000000000000e+04 9.182719999999999771e-01
1.380000000000000000e+04 9.108199999999999630e-01
1.390000000000000000e+04 9.184520000000000461e-01
1.400000000000000000e+04 9.193400000000000460e-01
1.410000000000000000e+04 9.318480000000000096e-01
1.420000000000000000e+04 9.258760000000000323e-01
1.430000000000000000e+04 9.271959999999999091e-01
1.440000000000000000e+04 9.234280000000000266e-01
1.450000000000000000e+04 9.210359999999999658e-01
1.460000000000000000e+04 9.233520000000001726e-01
1.470000000000000000e+04 9.191359999999999530e-01
1.480000000000000000e+04 9.247360000000000024e-01
1.490000000000000000e+04 9.172400000000000553e-01
1.500000000000000000e+04 9.293280000000000429e-01
1.510000000000000000e+04 9.243999999999998884e-01
1.520000000000000000e+04 9.261719999999999953e-01
1.530000000000000000e+04 9.296039999999999859e-01
1.540000000000000000e+04 9.253920000000001034e-01
1.550000000000000000e+04 9.356439999999999202e-01
1.560000000000000000e+04 9.332400000000000695e-01
1.570000000000000000e+04 9.224680000000000657e-01
1.580000000000000000e+04 9.274639999999999551e-01
1.590000000000000000e+04 9.164720000000000644e-01
1.600000000000000000e+04 9.225320000000001297e-01
1.610000000000000000e+04 9.271559999999998691e-01
1.620000000000000000e+04 9.277560000000000251e-01
1.630000000000000000e+04 9.204440000000000399e-01
1.640000000000000000e+04 9.300159999999999538e-01
1.650000000000000000e+04 9.362759999999998861e-01
1.660000000000000000e+04 9.391680000000000028e-01
1.670000000000000000e+04 9.306279999999998997e-01
1.680000000000000000e+04 9.329520000000000035e-01
1.690000000000000000e+04 9.236159999999999926e-01
1.700000000000000000e+04 9.279999999999999361e-01
1.710000000000000000e+04 9.220519999999999827e-01
1.720000000000000000e+04 9.181840000000000002e-01
1.730000000000000000e+04 9.280239999999999601e-01
1.740000000000000000e+04 9.280839999999999090e-01
1.750000000000000000e+04 9.417440000000000255e-01
1.760000000000000000e+04 9.240400000000000835e-01
1.770000000000000000e+04 9.272359999999999491e-01
1.780000000000000000e+04 9.421359999999998625e-01
1.790000000000000000e+04 9.324040000000000106e-01
1.800000000000000000e+04 9.312880000000001157e-01
1.810000000000000000e+04 9.185280000000000111e-01
1.820000000000000000e+04 9.157439999999998914e-01
1.830000000000000000e+04 9.192159999999999220e-01
1.840000000000000000e+04 9.452800000000001202e-01
1.850000000000000000e+04 9.214359999999999218e-01
1.860000000000000000e+04 9.399119999999998587e-01
1.870000000000000000e+04 9.259360000000000923e-01
1.880000000000000000e+04 9.272159999999999291e-01
1.890000000000000000e+04 9.170960000000000223e-01
1.900000000000000000e+04 9.178679999999999062e-01
1.910000000000000000e+04 9.344200000000000284e-01
1.920000000000000000e+04 9.322719999999999896e-01
1.930000000000000000e+04 9.316879999999999606e-01
1.940000000000000000e+04 9.348680000000000323e-01
1.950000000000000000e+04 9.298919999999999408e-01
1.960000000000000000e+04 9.181799999999999962e-01
1.970000000000000000e+04 9.338079999999999714e-01
1.980000000000000000e+04 9.369359999999998800e-01
1.990000000000000000e+04 9.173519999999999452e-01
2.000000000000000000e+04 9.417640000000000455e-01
2.010000000000000000e+04 9.268399999999999972e-01
2.020000000000000000e+04 9.177640000000000242e-01
2.030000000000000000e+04 9.393080000000000318e-01
2.040000000000000000e+04 9.077039999999999553e-01
2.050000000000000000e+04 9.196079999999999810e-01
2.060000000000000000e+04 9.312719999999999887e-01
2.070000000000000000e+04 9.117959999999999399e-01
2.080000000000000000e+04 9.204120000000000079e-01
2.090000000000000000e+04 9.377559999999999230e-01
2.100000000000000000e+04 9.379319999999999879e-01
2.110000000000000000e+04 9.325759999999998495e-01
2.120000000000000000e+04 9.362919999999999021e-01
2.130000000000000000e+04 9.264759999999998552e-01
2.140000000000000000e+04 9.413400000000000656e-01
2.150000000000000000e+04 9.250839999999999064e-01
2.160000000000000000e+04 9.304680000000000728e-01
2.170000000000000000e+04 9.408160000000000966e-01
2.180000000000000000e+04 9.359279999999999822e-01
2.190000000000000000e+04 9.442599999999998772e-01
2.200000000000000000e+04 9.279999999999999361e-01
2.210000000000000000e+04 9.434079999999999133e-01
2.220000000000000000e+04 9.355519999999999392e-01
2.230000000000000000e+04 9.252760000000000984e-01
2.240000000000000000e+04 9.293119999999999159e-01
2.250000000000000000e+04 9.207359999999999989e-01
2.260000000000000000e+04 9.283959999999999990e-01
2.270000000000000000e+04 9.260279999999999623e-01
2.280000000000000000e+04 9.363719999999999821e-01
2.290000000000000000e+04 9.273919999999999941e-01
2.300000000000000000e+04 9.365080000000001181e-01
2.310000000000000000e+04 9.242439999999999545e-01
2.320000000000000000e+04 9.297519999999999119e-01
2.330000000000000000e+04 9.306800000000000628e-01
2.340000000000000000e+04 9.393519999999999648e-01
2.350000000000000000e+04 9.278959999999999431e-01
2.360000000000000000e+04 9.380000000000000560e-01
2.370000000000000000e+04 9.326999999999999735e-01
2.380000000000000000e+04 9.234639999999998405e-01
2.390000000000000000e+04 9.368959999999999511e-01
2.400000000000000000e+04 9.367440000000000211e-01
2.410000000000000000e+04 9.314280000000000337e-01
2.420000000000000000e+04 9.265639999999999432e-01
2.430000000000000000e+04 9.451399999999999801e-01
2.440000000000000000e+04 9.434400000000000563e-01
2.450000000000000000e+04 9.320920000000000316e-01
2.460000000000000000e+04 9.294679999999999609e-01
2.470000000000000000e+04 9.289840000000000320e-01
2.480000000000000000e+04 9.300960000000000338e-01
2.490000000000000000e+04 9.350759999999999073e-01
2.500000000000000000e+04 9.375000000000000000e-01
2.510000000000000000e+04 9.122479999999999478e-01
2.520000000000000000e+04 9.390240000000000808e-01
2.530000000000000000e+04 9.298119999999999719e-01
2.540000000000000000e+04 9.475959999999999939e-01
2.550000000000000000e+04 9.392600000000002058e-01
2.560000000000000000e+04 9.280760000000000121e-01
2.570000000000000000e+04 9.235800000000000676e-01
2.580000000000000000e+04 9.252039999999999154e-01
2.590000000000000000e+04 9.314359999999999307e-01
2.600000000000000000e+04 9.443399999999999572e-01
2.610000000000000000e+04 9.314680000000000737e-01
2.620000000000000000e+04 9.244760000000000755e-01
2.630000000000000000e+04 9.331319999999999615e-01
2.640000000000000000e+04 9.451559999999998851e-01
2.650000000000000000e+04 9.312479999999999647e-01
2.660000000000000000e+04 9.261720000000001063e-01
2.670000000000000000e+04 9.266360000000000152e-01
2.680000000000000000e+04 9.283879999999999910e-01
2.690000000000000000e+04 9.276799999999999491e-01
2.700000000000000000e+04 9.283040000000000180e-01
2.710000000000000000e+04 9.373560000000000780e-01
2.720000000000000000e+04 9.353559999999999652e-01
2.730000000000000000e+04 9.327880000000000615e-01
2.740000000000000000e+04 9.184080000000000021e-01
2.750000000000000000e+04 9.351960000000001383e-01
2.760000000000000000e+04 9.385680000000000689e-01
2.770000000000000000e+04 9.255240000000000133e-01
2.780000000000000000e+04 9.383080000000001419e-01
2.790000000000000000e+04 9.377320000000001210e-01
2.800000000000000000e+04 9.349399999999999933e-01
2.810000000000000000e+04 9.176599999999999202e-01
2.820000000000000000e+04 9.387440000000000229e-01
2.830000000000000000e+04 9.317040000000000877e-01
2.840000000000000000e+04 9.309039999999999537e-01
2.850000000000000000e+04 9.330879999999999175e-01
2.860000000000000000e+04 9.283479999999999510e-01
2.870000000000000000e+04 9.338480000000000114e-01
2.880000000000000000e+04 9.212880000000001068e-01
2.890000000000000000e+04 9.281240000000000601e-01
2.900000000000000000e+04 9.259240000000000803e-01
2.910000000000000000e+04 9.335999999999999854e-01
2.920000000000000000e+04 9.358320000000001082e-01
2.930000000000000000e+04 9.292959999999998999e-01
2.940000000000000000e+04 9.286879999999999580e-01
2.950000000000000000e+04 9.374039999999999040e-01
2.960000000000000000e+04 9.319839999999999236e-01
2.970000000000000000e+04 9.332359999999999545e-01
2.980000000000000000e+04 9.257239999999999913e-01
2.990000000000000000e+04 9.280439999999999801e-01
3.000000000000000000e+04 9.232479999999999576e-01
