0.000000000000000000e+00 4.982202796505298958e-01
1.000000000000000000e+02 4.678362916883533895e-01
2.000000000000000000e+02 6.065873842266800153e-01
3.000000000000000000e+02 6.991125397543758169e-01
4.000000000000000000e+02 7.421584639644597248e-01
5.000000000000000000e+02 7.502914555657481666e-01
6.000000000000000000e+02 7.712780996794332822e-01
7.000000000000000000e+02 8.021868092473061207e-01
8.000000000000000000e+02 8.253229272617542689e-01
9.000000000000000000e+02 8.356307491161696355e-01
1.000000000000000000e+03 8.278525067015395367e-01
1.100000000000000000e+03 8.605351324602228402e-01
1.200000000000000000e+03 8.537345421981374916e-01
1.300000000000000000e+03 8.697873623985131752e-01
1.400000000000000000e+03 8.704974235251998760e-01
1.500000000000000000e+03 8.911704460261866689e-01
1.600000000000000000e+03 8.864370528034080099e-01
1.700000000000000000e+03 8.884318661631926961e-01
1.800000000000000000e+03 8.717097625449414799e-01
1.900000000000000000e+03 8.911204755789849941e-01
2.000000000000000000e+03 8.931490952695442243e-01
2.100000000000000000e+03 9.031681381528868791e-01
2.200000000000000000e+03 9.060043331440057468e-01
2.300000000000000000e+03 9.029672719003096759e-01
2.400000000000000000e+03 8.905420411027178407e-01
2.500000000000000000e+03 9.036832907939311710e-01
2.600000000000000000e+03 9.141103848530668374e-01
2.700000000000000000e+03 9.118567109279297478e-01
2.800000000000000000e+03 9.078549048861516146e-01
2.900000000000000000e+03 9.185857132732746511e-01
3.000000000000000000e+03 9.164052302736533928e-01
3.100000000000000000e+03 9.188928053154481468e-01
3.200000000000000000e+03 9.214319621551823047e-01
3.300000000000000000e+03 9.242916404934935493e-01
3.400000000000000000e+03 9.137113180260596490e-01
3.500000000000000000e+03 9.273951119594506798e-01
3.600000000000000000e+03 9.238135307478673175e-01
3.700000000000000000e+03 9.304591541797172516e-01
3.800000000000000000e+03 9.422398088425104623e-01
3.900000000000000000e+03 9.374079966186510404e-01
4.000000000000000000e+03 9.241438971979901718e-01
4.100000000000000000e+03 9.262329107845450604e-01
4.200000000000000000e+03 9.338923271635942713e-01
4.300000000000000000e+03 9.411690236983070168e-01
4.400000000000000000e+03 9.399163669829178058e-01
4.500000000000000000e+03 9.444429159914383698e-01
4.600000000000000000e+03 9.430165700166101006e-01
4.700000000000000000e+03 9.400227434059287290e-01
4.800000000000000000e+03 9.514278533860327514e-01
4.900000000000000000e+03 9.442950460193698659e-01
5.000000000000000000e+03 9.579262047902561417e-01
5.100000000000000000e+03 9.617217636881695286e-01
5.200000000000000000e+03 9.478798619486192845e-01
5.300000000000000000e+03 9.428889374265122525e-01
5.400000000000000000e+03 9.500367634099781133e-01
5.500000000000000000e+03 9.404945678517934171e-01
5.600000000000000000e+03 9.557674823085553495e-01
5.700000000000000000e+03 9.445308725174208497e-01
5.800000000000000000e+03 9.583854901863724240e-01
5.900000000000000000e+03 9.526494705198886859e-01
6.000000000000000000e+03 9.351244140050689602e-01
6.100000000000000000e+03 9.585202263273657763e-01
6.200000000000000000e+03 9.580113926224453902e-01
6.300000000000000000e+03 9.583045767653027847e-01
6.400000000000000000e+03 9.558788882880530080e-01
6.500000000000000000e+03 9.527856791001675374e-01
6.600000000000000000e+03 9.669760055061897841e-01
6.700000000000000000e+03 9.658502812135091320e-01
6.800000000000000000e+03 9.604077717536385617e-01
6.900000000000000000e+03 9.588434077187484306e-01
7.000000000000000000e+03 9.598315992460929591e-01
7.100000000000000000e+03 9.560861062485594974e-01
7.200000000000000000e+03 9.612022961970433377e-01
7.300000000000000000e+03 9.593970880240436649e-01
7.400000000000000000e+03 9.590543047926830544e-01
7.500000000000000000e+03 9.610688009656641606e-01
7.600000000000000000e+03 9.504284895536889710e-01
7.700000000000000000e+03 9.586276124077932614e-01
7.800000000000000000e+03 9.510737135039702972e-01
7.900000000000000000e+03 9.550585696779259059e-01
8.000000000000000000e+03 9.555848862341581595e-01
8.100000000000000000e+03 9.653456072644013286e-01
8.200000000000000000e+03 9.612327628726333728e-01
8.300000000000000000e+03 9.589202561547235382e-01
8.400000000000000000e+03 9.638543548563512919e-01
8.500000000000000000e+03 9.576285370964610077e-01
8.600000000000000000e+03 9.587029719164160690e-01
8.700000000000000000e+03 9.636386598150340488e-01
8.800000000000000000e+03 9.592063712667580067e-01
8.900000000000000000e+03 9.656880052613632248e-01
9.000000000000000000e+03 9.687742188843971869e-01
9.100000000000000000e+03 9.645560457408535182e-01
9.200000000000000000e+03 9.684675933448292362e-01
9.300000000000000000e+03 9.627008001956453009e-01
9.400000000000000000e+03 9.619363028991844144e-01
9.500000000000000000e+03 9.633944666750324792e-01
9.600000000000000000e+03 9.634160290429276685e-01
9.700000000000000000e+03 9.601139790122420470e-01
9.800000000000000000e+03 9.672609195578839580e-01
9.900000000000000000e+03 9.634754741519827581e-01
1.000000000000000000e+04 9.596596770144716348e-01
1.010000000000000000e+04 9.682857891828727803e-01
1.020000000000000000e+04 9.711043501897159702e-01
1.030000000000000000e+04 9.710288966629730956e-01
1.040000000000000000e+04 9.664111942793880417e-01
1.050000000000000000e+04 9.659116809060492859e-01
1.060000000000000000e+04 9.669575674244030861e-01
1.070000000000000000e+04 9.691256821435595414e-01
1.080000000000000000e+04 9.700724667159291714e-01
1.090000000000000000e+04 9.637021052828242951e-01
1.100000000000000000e+04 9.634618243819119687e-01
1.110000000000000000e+04 9.631150646196274812e-01
1.120000000000000000e+04 9.688412513201120069e-01
1.130000000000000000e+04 9.680487216943490791e-01
1.140000000000000000e+04 9.599495148180154924e-01
1.150000000000000000e+04 9.623701729471710875e-01
1.160000000000000000e+04 9.568237458521970940e-01
1.170000000000000000e+04 9.639290531806707918e-01
1.180000000000000000e+04 9.681395825707357350e-01
1.190000000000000000e+04 9.717081615589689969e-01
1.200000000000000000e+04 9.641601440908922349e-01
1.210000000000000000e+04 9.674534888631335372e-01
1.220000000000000000e+04 9.642339663120943483e-01
1.230000000000000000e+04 9.656934174271929461e-01
1.240000000000000000e+04 9.669343431911625597e-01
1.250000000000000000e+04 9.764539460564619633e-01
1.260000000000000000e+04 9.597383798682409539e-01
1.270000000000000000e+04 9.713686995717093486e-01
1.280000000000000000e+04 9.675764926248696662e-01
1.290000000000000000e+04 9.676313806428147313e-01
1.300000000000000000e+04 9.554793085232852201e-01
1.310000000000000000e+04 9.724518866081071078e-01
1.320000000000000000e+04 9.758065019236088489e-01
1.330000000000000000e+04 9.718298009939195792e-01
1.340000000000000000e+04 9.658770709978150570e-01
1.350000000000000000e+04 9.682333913282775706e-01
1.360000000000000000e+04 9.629686030247482931e-01
1.370000000000000000e+04 9.723598909678674573e-01
1.380000000000000000e+04 9.717190194572855599e-01
1.390000000000000000e+04 9.671876293014961545e-01
1.400000000000000000e+04 9.620147848951658975e-01
1.410000000000000000e+04 9.666175473801156270e-01
1.420000000000000000e+04 9.714338100621484617e-01
1.430000000000000000e+04 9.718399739159239159e-01
1.440000000000000000e+04 9.708062922271419870e-01
1.450000000000000000e+04 9.617145189869849009e-01
1.460000000000000000e+04 9.689629003901996107e-01
1.470000000000000000e+04 9.735203350254029164e-01
1.480000000000000000e+04 9.741364179554781177e-01
1.490000000000000000e+04 9.664065707908142677e-01
1.500000000000000000e+04 9.667166419401364008e-01
1.510000000000000000e+04 9.710144713031094721e-01
1.520000000000000000e+04 9.737851707647944277e-01
1.530000000000000000e+04 9.638390327384250833e-01
1.540000000000000000e+04 9.699213826507445679e-01
1.550000000000000000e+04 9.646999188602818354e-01
1.560000000000000000e+04 9.649328701712465151e-01
1.570000000000000000e+04 9.727554175600143793e-01
1.580000000000000000e+04 9.620941723297961046e-01
1.590000000000000000e+04 9.646987945194086533e-01
1.600000000000000000e+04 9.750155483800451162e-01
1.610000000000000000e+04 9.603645103826028429e-01
1.620000000000000000e+04 9.724631815132056545e-01
1.630000000000000000e+04 9.674452747883739434e-01
1.640000000000000000e+04 9.657320566910231330e-01
1.650000000000000000e+04 9.711523612236294678e-01
1.660000000000000000e+04 9.672925694440475120e-01
1.670000000000000000e+04 9.703576902436481522e-01
1.680000000000000000e+04 9.611521572821728476e-01
1.690000000000000000e+04 9.683576075189663790e-01
1.700000000000000000e+04 9.709583232532325026e-01
1.710000000000000000e+04 9.674755640967800385e-01
1.720000000000000000e+04 9.668553674570150580e-01
1.730000000000000000e+04 9.714251052274534004e-01
1.740000000000000000e+04 9.682473323633966622e-01
1.750000000000000000e+04 9.607167876799584949e-01
1.760000000000000000e+04 9.685066772480275255e-01
1.770000000000000000e+04 9.723749407933220956e-01
1.780000000000000000e+04 9.708087013625482653e-01
1.790000000000000000e+04 9.654085774635197126e-01
1.800000000000000000e+04 9.598375560349838853e-01
1.810000000000000000e+04 9.683470612056531701e-01
1.820000000000000000e+04 9.729960680783965588e-01
1.830000000000000000e+04 9.700062669442268692e-01
1.840000000000000000e+04 9.726657018901363472e-01
1.850000000000000000e+04 9.706800548914658044e-01
1.860000000000000000e+04 9.613564894929996774e-01
1.870000000000000000e+04 9.647347546110238703e-01
1.880000000000000000e+04 9.671814553120631208e-01
1.890000000000000000e+04 9.695482811403625112e-01
1.900000000000000000e+04 9.747596906552138396e-01
1.910000000000000000e+04 9.686270164645961467e-01
1.920000000000000000e+04 9.564050350881547757e-01
1.930000000000000000e+04 9.657476972042043917e-01
1.940000000000000000e+04 9.703920887128747452e-01
1.950000000000000000e+04 9.664478887677097063e-01
1.960000000000000000e+04 9.614626089448510271e-01
1.970000000000000000e+04 9.682089133100002520e-01
1.980000000000000000e+04 9.624700720526730979e-01
1.990000000000000000e+04 9.666099070409022165e-01
2.000000000000000000e+04 9.740221192963167685e-01
2.010000000000000000e+04 9.672859083631271115e-01
2.020000000000000000e+04 9.657309439600505474e-01
2.030000000000000000e+04 9.701904194791857172e-01
2.040000000000000000e+04 9.671261756353213279e-01
2.050000000000000000e+04 9.676551479050061744e-01
2.060000000000000000e+04 9.679682586657624155e-01
2.070000000000000000e+04 9.643495606834520117e-01
2.080000000000000000e+04 9.651559909181610664e-01
2.090000000000000000e+04 9.701726668161115841e-01
2.100000000000000000e+04 9.654521528005037823e-01
2.110000000000000000e+04 9.728823891988628292e-01
2.120000000000000000e+04 9.705429683334887425e-01
2.130000000000000000e+04 9.722520363316680125e-01
2.140000000000000000e+04 9.664775739100736063e-01
2.150000000000000000e+04 9.679839604761691918e-01
2.160000000000000000e+04 9.720130059574128012e-01
2.170000000000000000e+04 9.683849420391481555e-01
2.180000000000000000e+04 9.724127261517557796e-01
2.190000000000000000e+04 9.648402325892487807e-01
2.200000000000000000e+04 9.724358799452834656e-01
2.210000000000000000e+04 9.739767126536197361e-01
2.220000000000000000e+04 9.701718198491444678e-01
2.230000000000000000e+04 9.750174305968311028e-01
2.240000000000000000e+04 9.582247842644837643e-01
2.250000000000000000e+04 9.652888578782381490e-01
2.260000000000000000e+04 9.693951504931241914e-01
2.270000000000000000e+04 9.664811855130264195e-01
2.280000000000000000e+04 9.693499300269888819e-01
2.290000000000000000e+04 9.756437345578198306e-01
2.300000000000000000e+04 9.741433346141247229e-01
2.310000000000000000e+04 9.663169664628159516e-01
2.320000000000000000e+04 9.717123530374720541e-01
2.330000000000000000e+04 9.720544217366527961e-01
2.340000000000000000e+04 9.744495162343129735e-01
2.350000000000000000e+04 9.654140682162011267e-01
2.360000000000000000e+04 9.629550377971589636e-01
2.370000000000000000e+04 9.709153916136492590e-01
2.380000000000000000e+04 9.670291079430816117e-01
2.390000000000000000e+04 9.708402007025994651e-01
2.400000000000000000e+04 9.693611540282480732e-01
2.410000000000000000e+04 9.713497974791769352e-01
2.420000000000000000e+04 9.686411355017031655e-01
2.430000000000000000e+04 9.723991738185845390e-01
2.440000000000000000e+04 9.686327958518030634e-01
2.450000000000000000e+04 9.709332228127000031e-01
2.460000000000000000e+04 9.705660503612441037e-01
2.470000000000000000e+04 9.694085365981313096e-01
2.480000000000000000e+04 9.708201969289202982e-01
2.490000000000000000e+04 9.671647280345119224e-01
2.500000000000000000e+04 9.728091559434997038e-01
2.510000000000000000e+04 9.677723853639130791e-01
2.520000000000000000e+04 9.705739254126362070e-01
2.530000000000000000e+04 9.699283442854205184e-01
2.540000000000000000e+04 9.667884783344518063e-01
2.550000000000000000e+04 9.644148090030969511e-01
2.560000000000000000e+04 9.606759573700212052e-01
2.570000000000000000e+04 9.656132727148669659e-01
2.580000000000000000e+04 9.650878214083928874e-01
2.590000000000000000e+04 9.747780583591013626e-01
2.600000000000000000e+04 9.624659370052348617e-01
2.610000000000000000e+04 9.690450826046217436e-01
2.620000000000000000e+04 9.709238007483195210e-01
2.630000000000000000e+04 9.649513854099557308e-01
2.640000000000000000e+04 9.619691759289660249e-01
2.650000000000000000e+04 9.699563310781593728e-01
2.660000000000000000e+04 9.703010305490324949e-01
2.670000000000000000e+04 9.641706651667015793e-01
2.680000000000000000e+04 9.753635148523345233e-01
2.690000000000000000e+04 9.717086648816142258e-01
2.700000000000000000e+04 9.672171736540975395e-01
2.710000000000000000e+04 9.725169779154113625e-01
2.720000000000000000e+04 9.590888650880432520e-01
2.730000000000000000e+04 9.704849593526146956e-01
2.740000000000000000e+04 9.767079765606445640e-01
2.750000000000000000e+04 9.680184387283635727e-01
2.760000000000000000e+04 9.719138995878138232e-01
2.770000000000000000e+04 9.641865474743753772e-01
2.780000000000000000e+04 9.662242567815364502e-01
2.790000000000000000e+04 9.612114672978409047e-01
2.800000000000000000e+04 9.718341795616668444e-01
2.810000000000000000e+04 9.757536830000719252e-01
2.820000000000000000e+04 9.698980657639330039e-01
2.830000000000000000e+04 9.671805015363618141e-01
2.840000000000000000e+04 9.714817251682201782e-01
2.850000000000000000e+04 9.716763836158995860e-01
2.860000000000000000e+04 9.645475504589756666e-01
2.870000000000000000e+04 9.680387600551320082e-01
2.880000000000000000e+04 9.748002975843365059e-01
2.890000000000000000e+04 9.657323275817918384e-01
2.900000000000000000e+04 9.681297304483635902e-01
2.910000000000000000e+04 9.738193823252323522e-01
2.920000000000000000e+04 9.723429824630651641e-01
2.930000000000000000e+04 9.711867124293961373e-01
2.940000000000000000e+04 9.766428410837031393e-01
2.950000000000000000e+04 9.735905714478035877e-01
2.960000000000000000e+04 9.708735218052624294e-01
2.970000000000000000e+04 9.716729134909080079e-01
2.980000000000000000e+04 9.669351688476894857e-01
2.990000000000000000e+04 9.695576853993548294e-01
3.000000000000000000e+04 9.769518457200654371e-01
