0.000000000000000000e+00 4.822440000000000060e-01
1.000000000000000000e+02 4.714760000000000062e-01
2.000000000000000000e+02 5.994639999999999969e-01
3.000000000000000000e+02 6.778399999999999981e-01
4.000000000000000000e+02 7.252479999999998928e-01
5.000000000000000000e+02 7.389680000000000692e-01
6.000000000000000000e+02 7.446479999999999766e-01
7.000000000000000000e+02 7.823479999999999324e-01
8.000000000000000000e+02 7.996239999999998904e-01
9.000000000000000000e+02 8.134119999999999129e-01
1.000000000000000000e+03 8.135480000000000489e-01
1.100000000000000000e+03 8.361919999999999353e-01
1.200000000000000000e+03 8.320999999999999508e-01
1.300000000000000000e+03 8.430359999999998966e-01
1.400000000000000000e+03 8.490439999999999099e-01
1.500000000000000000e+03 8.694959999999998246e-01
1.600000000000000000e+03 8.644119999999999582e-01
1.700000000000000000e+03 8.646160000000000512e-01
1.800000000000000000e+03 8.506879999999998887e-01
1.900000000000000000e+03 8.740519999999999401e-01
2.000000000000000000e+03 8.702999999999999625e-01
2.100000000000000000e+03 8.864039999999999697e-01
2.200000000000000000e+03 8.812039999999999873e-01
2.300000000000000000e+03 8.799679999999998614e-01
2.400000000000000000e+03 8.727559999999999762e-01
2.500000000000000000e+03 8.851960000000000939e-01
2.600000000000000000e+03 8.958800000000000097e-01
2.700000000000000000e+03 9.013679999999999470e-01
2.800000000000000000e+03 8.970679999999999765e-01
2.900000000000000000e+03 8.990600000000000813e-01
3.000000000000000000e+03 9.017159999999999620e-01
3.100000000000000000e+03 9.045239999999999947e-01
3.200000000000000000e+03 9.025520000000000209e-01
3.300000000000000000e+03 9.099779999999998426e-01
3.400000000000000000e+03 8.977559999999998874e-01
3.500000000000000000e+03 9.163239999999999164e-01
3.600000000000000000e+03 9.089319999999999622e-01
3.700000000000000000e+03 9.123079999999998968e-01
3.800000000000000000e+03 9.322440000000000726e-01
3.900000000000000000e+03 9.234159999999999036e-01
4.000000000000000000e+03 9.151439999999999575e-01
4.100000000000000000e+03 9.182239999999999291e-01
4.200000000000000000e+03 9.233319999999999306e-01
4.300000000000000000e+03 9.291199999999999459e-01
4.400000000000000000e+03 9.315880000000000827e-01
4.500000000000000000e+03 9.373359999999999470e-01
4.600000000000000000e+03 9.349839999999999263e-01
4.700000000000000000e+03 9.325919999999999765e-01
4.800000000000000000e+03 9.446160000000000112e-01
4.900000000000000000e+03 9.370119999999999560e-01
5.000000000000000000e+03 9.518680000000000474e-01
5.100000000000000000e+03 9.547859999999999125e-01
5.200000000000000000e+03 9.424560000000000715e-01
5.300000000000000000e+03 9.385679999999999579e-01
5.400000000000000000e+03 9.454879999999999951e-01
5.500000000000000000e+03 9.334559999999998414e-01
5.600000000000000000e+03 9.476999999999998758e-01
5.700000000000000000e+03 9.422039999999999305e-01
5.800000000000000000e+03 9.548519999999999230e-01
5.900000000000000000e+03 9.489840000000000497e-01
6.000000000000000000e+03 9.301760000000000028e-01
6.100000000000000000e+03 9.528560000000000363e-01
6.200000000000000000e+03 9.528080000000000993e-01
6.300000000000000000e+03 9.531800000000001383e-01
6.400000000000000000e+03 9.484839999999999938e-01
6.500000000000000000e+03 9.495839999999999836e-01
6.600000000000000000e+03 9.587439999999999296e-01
6.700000000000000000e+03 9.592520000000001046e-01
6.800000000000000000e+03 9.564840000000001119e-01
6.900000000000000000e+03 9.535000000000000142e-01
7.000000000000000000e+03 9.575759999999999827e-01
7.100000000000000000e+03 9.492839999999999057e-01
7.200000000000000000e+03 9.572520000000001028e-01
7.300000000000000000e+03 9.552320000000000810e-01
7.400000000000000000e+03 9.579119999999999857e-01
7.500000000000000000e+03 9.596839999999999815e-01
7.600000000000000000e+03 9.482519999999999838e-01
7.700000000000000000e+03 9.555000000000000160e-01
7.800000000000000000e+03 9.467000000000000970e-01
7.900000000000000000e+03 9.504959999999998965e-01
8.000000000000000000e+03 9.499600000000000266e-01
8.100000000000000000e+03 9.604160000000000474e-01
8.200000000000000000e+03 9.562640000000000029e-01
8.300000000000000000e+03 9.536040000000000072e-01
8.400000000000000000e+03 9.597320000000000295e-01
8.500000000000000000e+03 9.535000000000000142e-01
8.600000000000000000e+03 9.545799999999999841e-01
8.700000000000000000e+03 9.594759999999999955e-01
8.800000000000000000e+03 9.580639999999999157e-01
8.900000000000000000e+03 9.592680000000000096e-01
9.000000000000000000e+03 9.659400000000000208e-01
9.100000000000000000e+03 9.626159999999999162e-01
9.200000000000000000e+03 9.641919999999999380e-01
9.300000000000000000e+03 9.550039999999999640e-01
9.400000000000000000e+03 9.575240000000000418e-01
9.500000000000000000e+03 9.589239999999999986e-01
9.600000000000000000e+03 9.597480000000000455e-01
9.700000000000000000e+03 9.557559999999999389e-01
9.800000000000000000e+03 9.632119999999999571e-01
9.900000000000000000e+03 9.579400000000002358e-01
1.000000000000000000e+04 9.582979999999999832e-01
1.010000000000000000e+04 9.659599999999999298e-01
1.020000000000000000e+04 9.688399999999999235e-01
1.030000000000000000e+04 9.668600000000000527e-01
1.040000000000000000e+04 9.619719999999999382e-01
1.050000000000000000e+04 9.620039999999999702e-01
1.060000000000000000e+04 9.611439999999999984e-01
1.070000000000000000e+04 9.647240000000000260e-01
1.080000000000000000e+04 9.633040000000000491e-01
1.090000000000000000e+04 9.624759999999999982e-01
1.100000000000000000e+04 9.599719999999999365e-01
1.110000000000000000e+04 9.625639999999999752e-01
1.120000000000000000e+04 9.690079999999999805e-01
1.130000000000000000e+04 9.628440000000000332e-01
1.140000000000000000e+04 9.554799999999999960e-01
1.150000000000000000e+04 9.586440000000000516e-01
1.160000000000000000e+04 9.534280000000000532e-01
1.170000000000000000e+04 9.625679999999999792e-01
1.180000000000000000e+04 9.646479999999998389e-01
1.190000000000000000e+04 9.693999999999999284e-01
1.200000000000000000e+04 9.608520000000000394e-01
1.210000000000000000e+04 9.623559999999999892e-01
1.220000000000000000e+04 9.582159999999999567e-01
1.230000000000000000e+04 9.632640000000000091e-01
1.240000000000000000e+04 9.612760000000000193e-01
1.250000000000000000e+04 9.745079999999999298e-01
1.260000000000000000e+04 9.556040000000001200e-01
1.270000000000000000e+04 9.669599999999999307e-01
1.280000000000000000e+04 9.623079999999999412e-01
1.290000000000000000e+04 9.673440000000000927e-01
1.300000000000000000e+04 9.490999999999999437e-01
1.310000000000000000e+04 9.690320000000000045e-01
1.320000000000000000e+04 9.725280000000000591e-01
1.330000000000000000e+04 9.669039999999999857e-01
1.340000000000000000e+04 9.604800000000000004e-01
1.350000000000000000e+04 9.626720000000000832e-01
1.360000000000000000e+04 9.581239999999999757e-01
1.370000000000000000e+04 9.687159999999999105e-01
1.380000000000000000e+04 9.675720000000000987e-01
1.390000000000000000e+04 9.626439999999999442e-01
1.400000000000000000e+04 9.568839999999999568e-01
1.410000000000000000e+04 9.624840000000000062e-01
1.420000000000000000e+04 9.665280000000000538e-01
1.430000000000000000e+04 9.676160000000000316e-01
1.440000000000000000e+04 9.646280000000000410e-01
1.450000000000000000e+04 9.573199999999999488e-01
1.460000000000000000e+04 9.656679999999999708e-01
1.470000000000000000e+04 9.675719999999999876e-01
1.480000000000000000e+04 9.707919999999999883e-01
1.490000000000000000e+04 9.612279999999999713e-01
1.500000000000000000e+04 9.623319999999999652e-01
1.510000000000000000e+04 9.674880000000001257e-01
1.520000000000000000e+04 9.684280000000000665e-01
1.530000000000000000e+04 9.593519999999999825e-01
1.540000000000000000e+04 9.641959999999999420e-01
1.550000000000000000e+04 9.602920000000000345e-01
1.560000000000000000e+04 9.602759999999999074e-01
1.570000000000000000e+04 9.675159999999999316e-01
1.580000000000000000e+04 9.553480000000000860e-01
1.590000000000000000e+04 9.590400000000000036e-01
1.600000000000000000e+04 9.707759999999999723e-01
1.610000000000000000e+04 9.604999999999999094e-01
1.620000000000000000e+04 9.676559999999998496e-01
1.630000000000000000e+04 9.668160000000000087e-01
1.640000000000000000e+04 9.627599999999998381e-01
1.650000000000000000e+04 9.682800000000000296e-01
1.660000000000000000e+04 9.622800000000000242e-01
1.670000000000000000e+04 9.669839999999999547e-01
1.680000000000000000e+04 9.564079999999999249e-01
1.690000000000000000e+04 9.641480000000000050e-01
1.700000000000000000e+04 9.652479999999999949e-01
1.710000000000000000e+04 9.652319999999999789e-01
1.720000000000000000e+04 9.632760000000000211e-01
1.730000000000000000e+04 9.680039999999999756e-01
1.740000000000000000e+04 9.632880000000001441e-01
1.750000000000000000e+04 9.573719999999998898e-01
1.760000000000000000e+04 9.636480000000000601e-01
1.770000000000000000e+04 9.676759999999999806e-01
1.780000000000000000e+04 9.672759999999999136e-01
1.790000000000000000e+04 9.596279999999998145e-01
1.800000000000000000e+04 9.564080000000000359e-01
1.810000000000000000e+04 9.650640000000000329e-01
1.820000000000000000e+04 9.691800000000000415e-01
1.830000000000000000e+04 9.685319999999999485e-01
1.840000000000000000e+04 9.678079999999998906e-01
1.850000000000000000e+04 9.644399999999999640e-01
1.860000000000000000e+04 9.596679999999999655e-01
1.870000000000000000e+04 9.646239999999999259e-01
1.880000000000000000e+04 9.628879999999999661e-01
1.890000000000000000e+04 9.636280000000000401e-01
1.900000000000000000e+04 9.724559999999998761e-01
1.910000000000000000e+04 9.643839999999999080e-01
1.920000000000000000e+04 9.518119999999998804e-01
1.930000000000000000e+04 9.581240000000000867e-01
1.940000000000000000e+04 9.655839999999999979e-01
1.950000000000000000e+04 9.616639999999999633e-01
1.960000000000000000e+04 9.549360000000000070e-01
1.970000000000000000e+04 9.649799999999999489e-01
1.980000000000000000e+04 9.592040000000000566e-01
1.990000000000000000e+04 9.635040000000000271e-01
2.000000000000000000e+04 9.701720000000000343e-01
2.010000000000000000e+04 9.649759999999999449e-01
2.020000000000000000e+04 9.637319999999999220e-01
2.030000000000000000e+04 9.648960000000000869e-01
2.040000000000000000e+04 9.631919999999999371e-01
2.050000000000000000e+04 9.597320000000000295e-01
2.060000000000000000e+04 9.647999999999999909e-01
2.070000000000000000e+04 9.599280000000000035e-01
2.080000000000000000e+04 9.632040000000000601e-01
2.090000000000000000e+04 9.649760000000000559e-01
2.100000000000000000e+04 9.603679999999999994e-01
2.110000000000000000e+04 9.691719999999999224e-01
2.120000000000000000e+04 9.662919999999999288e-01
2.130000000000000000e+04 9.677999999999998826e-01
2.140000000000000000e+04 9.585999999999998966e-01
2.150000000000000000e+04 9.607400000000000384e-01
2.160000000000000000e+04 9.687679999999999625e-01
2.170000000000000000e+04 9.622919999999999252e-01
2.180000000000000000e+04 9.678479999999998196e-01
2.190000000000000000e+04 9.598879999999998525e-01
2.200000000000000000e+04 9.681400000000000006e-01
2.210000000000000000e+04 9.695519999999999694e-01
2.220000000000000000e+04 9.659439999999999138e-01
2.230000000000000000e+04 9.731000000000000760e-01
2.240000000000000000e+04 9.584960000000000147e-01
2.250000000000000000e+04 9.592719999999999025e-01
2.260000000000000000e+04 9.647280000000000300e-01
2.270000000000000000e+04 9.632919999999998151e-01
2.280000000000000000e+04 9.651480000000000059e-01
2.290000000000000000e+04 9.727520000000000611e-01
2.300000000000000000e+04 9.710239999999998872e-01
2.310000000000000000e+04 9.587600000000000566e-01
2.320000000000000000e+04 9.682640000000000136e-01
2.330000000000000000e+04 9.656599999999999628e-01
2.340000000000000000e+04 9.695599999999999774e-01
2.350000000000000000e+04 9.615200000000000413e-01
2.360000000000000000e+04 9.575599999999998557e-01
2.370000000000000000e+04 9.656600000000000739e-01
2.380000000000000000e+04 9.632000000000000561e-01
2.390000000000000000e+04 9.674119999999999386e-01
2.400000000000000000e+04 9.673959999999999226e-01
2.410000000000000000e+04 9.664880000000000138e-01
2.420000000000000000e+04 9.621680000000000232e-01
2.430000000000000000e+04 9.683279999999998555e-01
2.440000000000000000e+04 9.632040000000000601e-01
2.450000000000000000e+04 9.659999999999998588e-01
2.460000000000000000e+04 9.664320000000000688e-01
2.470000000000000000e+04 9.657040000000001179e-01
2.480000000000000000e+04 9.686719999999998665e-01
2.490000000000000000e+04 9.648639999999999439e-01
2.500000000000000000e+04 9.689319999999999045e-01
2.510000000000000000e+04 9.628360000000000252e-01
2.520000000000000000e+04 9.647920000000000940e-01
2.530000000000000000e+04 9.642679999999999030e-01
2.540000000000000000e+04 9.609520000000000284e-01
2.550000000000000000e+04 9.573880000000000168e-01
2.560000000000000000e+04 9.569239999999999968e-01
2.570000000000000000e+04 9.610519999999997953e-01
2.580000000000000000e+04 9.600520000000000165e-01
2.590000000000000000e+04 9.697999999999998844e-01
2.600000000000000000e+04 9.568840000000000678e-01
2.610000000000000000e+04 9.647759999999999669e-01
2.620000000000000000e+04 9.664000000000000368e-01
2.630000000000000000e+04 9.607680000000000664e-01
2.640000000000000000e+04 9.561519999999998909e-01
2.650000000000000000e+04 9.648919999999999719e-01
2.660000000000000000e+04 9.654639999999998778e-01
2.670000000000000000e+04 9.598360000000000225e-01
2.680000000000000000e+04 9.723599999999998911e-01
2.690000000000000000e+04 9.657419999999998783e-01
2.700000000000000000e+04 9.623040000000000482e-01
2.710000000000000000e+04 9.688840000000000785e-01
2.720000000000000000e+04 9.583559999999999857e-01
2.730000000000000000e+04 9.661359999999998838e-01
2.740000000000000000e+04 9.730079999999999840e-01
2.750000000000000000e+04 9.625759999999999872e-01
2.760000000000000000e+04 9.670079999999999787e-01
2.770000000000000000e+04 9.558719999999999439e-01
2.780000000000000000e+04 9.620640000000001413e-01
2.790000000000000000e+04 9.574040000000000328e-01
2.800000000000000000e+04 9.659760000000000568e-01
2.810000000000000000e+04 9.714560000000000972e-01
2.820000000000000000e+04 9.663479999999999848e-01
2.830000000000000000e+04 9.672079999999999567e-01
2.840000000000000000e+04 9.664639999999998787e-01
2.850000000000000000e+04 9.671319999999999917e-01
2.860000000000000000e+04 9.640800000000000480e-01
2.870000000000000000e+04 9.660480000000000178e-01
2.880000000000000000e+04 9.717840000000000922e-01
2.890000000000000000e+04 9.600839999999999375e-01
2.900000000000000000e+04 9.626679999999999682e-01
2.910000000000000000e+04 9.686759999999999815e-01
2.920000000000000000e+04 9.675000000000000266e-01
2.930000000000000000e+04 9.650879999999999459e-01
2.940000000000000000e+04 9.746199999999999308e-01
2.950000000000000000e+04 9.691279999999999895e-01
2.960000000000000000e+04 9.666239999999999277e-01
2.970000000000000000e+04 9.681400000000000006e-01
2.980000000000000000e+04 9.646159999999999179e-01
2.990000000000000000e+04 9.668280000000000207e-01
3.000000000000000000e+04 9.738919999999998689e-01
