0.000000000000000000e+00 5.115771814748765189e-01
1.000000000000000000e+02 4.040475759564330360e-01
2.000000000000000000e+02 4.199203411081532389e-01
3.000000000000000000e+02 4.386714338457715079e-01
4.000000000000000000e+02 4.799144327140770772e-01
5.000000000000000000e+02 5.026169332356009711e-01
6.000000000000000000e+02 5.251240892132025273e-01
7.000000000000000000e+02 5.507050288381483139e-01
8.000000000000000000e+02 5.689955141878317857e-01
9.000000000000000000e+02 5.959808458373075934e-01
1.000000000000000000e+03 6.434699262811375275e-01
1.100000000000000000e+03 6.678260773727281441e-01
1.200000000000000000e+03 6.786128312416457309e-01
1.300000000000000000e+03 6.478545150082239967e-01
1.400000000000000000e+03 6.658912747622944828e-01
1.500000000000000000e+03 6.737169637639899289e-01
1.600000000000000000e+03 6.749967339299934865e-01
1.700000000000000000e+03 7.124220463284909322e-01
1.800000000000000000e+03 6.709640512213976837e-01
1.900000000000000000e+03 7.147787975780919290e-01
2.000000000000000000e+03 6.956687541577279976e-01
2.100000000000000000e+03 6.913039602921110527e-01
2.200000000000000000e+03 7.039903707361933050e-01
2.300000000000000000e+03 6.998469456816671652e-01
2.400000000000000000e+03 6.988314407305382669e-01
2.500000000000000000e+03 7.220975189394633897e-01
2.600000000000000000e+03 7.091069970606318495e-01
2.700000000000000000e+03 7.226047542175635385e-01
2.800000000000000000e+03 7.306627804317710195e-01
2.900000000000000000e+03 7.171168499009760167e-01
3.000000000000000000e+03 6.834810199058815039e-01
3.100000000000000000e+03 7.434258185634277094e-01
3.200000000000000000e+03 7.517983824248966052e-01
3.300000000000000000e+03 7.241238175286113243e-01
3.400000000000000000e+03 7.311831861658999454e-01
3.500000000000000000e+03 7.004223841896801694e-01
3.600000000000000000e+03 7.215994234736072821e-01
3.700000000000000000e+03 7.112966085408595207e-01
3.800000000000000000e+03 7.546662705602131815e-01
3.900000000000000000e+03 7.290504225740602751e-01
4.000000000000000000e+03 7.458635027910831550e-01
4.100000000000000000e+03 7.522406158520678066e-01
4.200000000000000000e+03 7.667134956085809305e-01
4.300000000000000000e+03 7.730398050126422449e-01
4.400000000000000000e+03 7.807148066062002956e-01
4.500000000000000000e+03 7.755766287926474378e-01
4.600000000000000000e+03 7.657537334019476338e-01
4.700000000000000000e+03 8.020552588676893579e-01
4.800000000000000000e+03 7.680202906478917901e-01
4.900000000000000000e+03 7.660906912755072184e-01
5.000000000000000000e+03 8.065093796935106640e-01
5.100000000000000000e+03 7.635630796152280686e-01
5.200000000000000000e+03 7.903962220280819073e-01
5.300000000000000000e+03 8.016605226617279367e-01
5.400000000000000000e+03 7.960962561990708730e-01
5.500000000000000000e+03 8.093325689747468132e-01
5.600000000000000000e+03 7.933039552608225353e-01
5.700000000000000000e+03 7.909197977774918842e-01
5.800000000000000000e+03 8.082184546812196668e-01
5.900000000000000000e+03 8.076039620331642022e-01
6.000000000000000000e+03 8.064579887815632731e-01
6.100000000000000000e+03 7.957593144367538507e-01
6.200000000000000000e+03 8.020222457837082874e-01
6.300000000000000000e+03 8.097995903853113520e-01
6.400000000000000000e+03 8.323025232058682832e-01
6.500000000000000000e+03 8.269782133580784178e-01
6.600000000000000000e+03 8.344536162907059129e-01
6.700000000000000000e+03 8.145052918435176093e-01
6.800000000000000000e+03 8.323808949247247790e-01
6.900000000000000000e+03 8.143965556571349795e-01
7.000000000000000000e+03 8.194769506674530746e-01
7.100000000000000000e+03 8.236335549763666997e-01
7.200000000000000000e+03 8.321693637211636796e-01
7.300000000000000000e+03 8.398558788629888472e-01
7.400000000000000000e+03 8.436928109828605304e-01
7.500000000000000000e+03 8.445704049576900907e-01
7.600000000000000000e+03 8.383499590292691206e-01
7.700000000000000000e+03 8.453396930368395346e-01
7.800000000000000000e+03 8.602999019141694959e-01
7.900000000000000000e+03 8.322018227255758571e-01
8.000000000000000000e+03 8.291992256453988297e-01
8.100000000000000000e+03 8.548645610140737094e-01
8.200000000000000000e+03 8.455022785123281759e-01
8.300000000000000000e+03 8.721016378472041808e-01
8.400000000000000000e+03 8.721280361390486568e-01
8.500000000000000000e+03 8.531206897111217602e-01
8.600000000000000000e+03 8.505134782911407676e-01
8.700000000000000000e+03 8.678572631325353059e-01
8.800000000000000000e+03 8.799018075269300354e-01
8.900000000000000000e+03 8.768923300575448554e-01
9.000000000000000000e+03 8.734050512829828472e-01
9.100000000000000000e+03 8.744507269689867357e-01
9.200000000000000000e+03 8.687244006829434317e-01
9.300000000000000000e+03 8.745517337457319185e-01
9.400000000000000000e+03 8.944559452366027674e-01
9.500000000000000000e+03 8.706387579861416537e-01
9.600000000000000000e+03 8.680095318352120115e-01
9.700000000000000000e+03 8.879551136502770170e-01
9.800000000000000000e+03 8.861918826879460198e-01
9.900000000000000000e+03 8.761943998390112620e-01
1.000000000000000000e+04 8.703869873399313617e-01
1.010000000000000000e+04 8.671477831716046802e-01
1.020000000000000000e+04 8.904111112892407753e-01
1.030000000000000000e+04 8.837378074956578899e-01
1.040000000000000000e+04 8.916756832549391776e-01
1.050000000000000000e+04 8.770201791240914702e-01
1.060000000000000000e+04 9.020574682634967534e-01
1.070000000000000000e+04 8.934183760550443720e-01
1.080000000000000000e+04 8.955587123468820021e-01
1.090000000000000000e+04 8.842678789588702681e-01
1.100000000000000000e+04 8.854415866006724034e-01
1.110000000000000000e+04 8.716444875743745158e-01
1.120000000000000000e+04 8.806749644323037529e-01
1.130000000000000000e+04 8.988668967694000145e-01
1.140000000000000000e+04 8.900334116013841612e-01
1.150000000000000000e+04 9.064085233321017565e-01
1.160000000000000000e+04 9.116021654157429044e-01
1.170000000000000000e+04 8.904430596602601611e-01
1.180000000000000000e+04 8.983514413485772510e-01
1.190000000000000000e+04 8.971917085138615411e-01
1.200000000000000000e+04 8.924820520995561113e-01
1.210000000000000000e+04 9.035174106753223189e-01
1.220000000000000000e+04 8.998716006001035161e-01
1.230000000000000000e+04 8.893057837460645043e-01
1.240000000000000000e+04 8.989052352784736577e-01
1.250000000000000000e+04 8.930018355788174045e-01
1.260000000000000000e+04 8.939946954987609828e-01
1.270000000000000000e+04 9.212583466235445551e-01
1.280000000000000000e+04 8.995771931271496769e-01
1.290000000000000000e+04 8.978582065081142094e-01
1.300000000000000000e+04 9.000522236167064483e-01
1.310000000000000000e+04 8.980997340937941775e-01
1.320000000000000000e+04 8.884298673575823369e-01
1.330000000000000000e+04 9.055651465614140694e-01
1.340000000000000000e+04 9.098906287399576298e-01
1.350000000000000000e+04 9.057449994649485747e-01
1.360000000000000000e+04 9.136334967578031430e-01
1.370000000000000000e+04 8.867239786940855906e-01
1.380000000000000000e+04 9.142536187029896011e-01
1.390000000000000000e+04 9.010357765107983585e-01
1.400000000000000000e+04 9.287370274158646133e-01
1.410000000000000000e+04 9.154596647750670169e-01
1.420000000000000000e+04 9.021967628227325342e-01
1.430000000000000000e+04 9.096547207777052613e-01
1.440000000000000000e+04 9.049227331349998238e-01
1.450000000000000000e+04 9.059568820301093783e-01
1.460000000000000000e+04 9.045583983277736273e-01
1.470000000000000000e+04 9.244776930111617830e-01
1.480000000000000000e+04 9.241374865708161801e-01
1.490000000000000000e+04 9.227874545913343773e-01
1.500000000000000000e+04 9.088790252951182147e-01
1.510000000000000000e+04 9.198724660894425087e-01
1.520000000000000000e+04 9.040885267713931750e-01
1.530000000000000000e+04 9.300480486897699794e-01
1.540000000000000000e+04 9.082097402023427968e-01
1.550000000000000000e+04 9.156965532986370837e-01
1.560000000000000000e+04 9.261425535338091430e-01
1.570000000000000000e+04 9.083621177630351040e-01
1.580000000000000000e+04 9.116527536295400136e-01
1.590000000000000000e+04 9.343268826424313556e-01
1.600000000000000000e+04 9.214950922421318857e-01
1.610000000000000000e+04 9.160744638274452845e-01
1.620000000000000000e+04 9.171736730242945335e-01
1.630000000000000000e+04 9.097518736129629469e-01
1.640000000000000000e+04 9.129387777738094956e-01
1.650000000000000000e+04 9.210106580428067957e-01
1.660000000000000000e+04 9.204311005032990156e-01
1.670000000000000000e+04 9.144829292977545432e-01
1.680000000000000000e+04 9.197854949383941214e-01
1.690000000000000000e+04 9.391470324858052221e-01
1.700000000000000000e+04 9.271242973316615732e-01
1.710000000000000000e+04 9.323356828227760129e-01
1.720000000000000000e+04 9.096868955941848078e-01
1.730000000000000000e+04 9.321643457547380551e-01
1.740000000000000000e+04 9.313317271368075634e-01
1.750000000000000000e+04 9.204712650763600124e-01
1.760000000000000000e+04 9.207318802606216934e-01
1.770000000000000000e+04 9.245117176869440678e-01
1.780000000000000000e+04 9.216806398595039918e-01
1.790000000000000000e+04 9.133641363093294441e-01
1.800000000000000000e+04 9.219114816122674361e-01
1.810000000000000000e+04 9.283816043653576600e-01
1.820000000000000000e+04 9.210178071868964089e-01
1.830000000000000000e+04 9.228640661351381613e-01
1.840000000000000000e+04 9.104874500753753486e-01
1.850000000000000000e+04 9.173031393041883863e-01
1.860000000000000000e+04 9.284143269276027288e-01
1.870000000000000000e+04 9.282941927489081202e-01
1.880000000000000000e+04 9.245377721008533056e-01
1.890000000000000000e+04 9.315124541838597505e-01
1.900000000000000000e+04 9.135899198848562719e-01
1.910000000000000000e+04 9.157022300919482882e-01
1.920000000000000000e+04 9.234277675618554060e-01
1.930000000000000000e+04 9.176152206317398363e-01
1.940000000000000000e+04 9.387527747781592158e-01
1.950000000000000000e+04 9.242190328550070610e-01
1.960000000000000000e+04 9.358296659521433414e-01
1.970000000000000000e+04 9.162347888716267930e-01
1.980000000000000000e+04 9.311104633243312279e-01
1.990000000000000000e+04 9.145055961308494741e-01
2.000000000000000000e+04 9.121921370395839057e-01
2.010000000000000000e+04 9.236422064565804613e-01
2.020000000000000000e+04 9.202492327944644668e-01
2.030000000000000000e+04 9.242136203541801986e-01
2.040000000000000000e+04 9.174268160885203915e-01
2.050000000000000000e+04 9.300567186551242926e-01
2.060000000000000000e+04 9.335877549220061855e-01
2.070000000000000000e+04 9.158516210373066624e-01
2.080000000000000000e+04 9.304840659426607541e-01
2.090000000000000000e+04 9.320936612951009614e-01
2.100000000000000000e+04 9.181326766110613491e-01
2.110000000000000000e+04 9.241327028129669996e-01
2.120000000000000000e+04 9.219647060683865414e-01
2.130000000000000000e+04 9.174083362668347119e-01
2.140000000000000000e+04 9.142727354757502756e-01
2.150000000000000000e+04 9.247185352760882715e-01
2.160000000000000000e+04 9.133033101740584137e-01
2.170000000000000000e+04 9.239433140387263155e-01
2.180000000000000000e+04 9.302057365181127802e-01
2.190000000000000000e+04 9.330599080555194158e-01
2.200000000000000000e+04 9.316507309996875374e-01
2.210000000000000000e+04 9.303731612699559506e-01
2.220000000000000000e+04 9.216820223253752165e-01
2.230000000000000000e+04 9.349932659876040164e-01
2.240000000000000000e+04 9.153611617876201700e-01
2.250000000000000000e+04 9.386829867908669245e-01
2.260000000000000000e+04 9.200188132328994683e-01
2.270000000000000000e+04 9.346244916802005642e-01
2.280000000000000000e+04 9.298701722813069726e-01
2.290000000000000000e+04 9.383835133042566223e-01
2.300000000000000000e+04 9.250217405231148105e-01
2.310000000000000000e+04 9.327664375079069981e-01
2.320000000000000000e+04 9.333906915284559958e-01
2.330000000000000000e+04 9.337023096219354557e-01
2.340000000000000000e+04 9.186491497283674201e-01
2.350000000000000000e+04 9.084431123228409177e-01
2.360000000000000000e+04 9.262203359711589368e-01
2.370000000000000000e+04 9.262570479083280794e-01
2.380000000000000000e+04 9.244286358577176177e-01
2.390000000000000000e+04 9.237202901644647746e-01
2.400000000000000000e+04 9.214215129889270495e-01
2.410000000000000000e+04 9.267634743113248863e-01
2.420000000000000000e+04 9.263106967782563927e-01
2.430000000000000000e+04 9.373469061391694890e-01
2.440000000000000000e+04 9.240583151252975691e-01
2.450000000000000000e+04 9.219719531921372058e-01
2.460000000000000000e+04 9.224809113265937111e-01
2.470000000000000000e+04 9.335218335968604730e-01
2.480000000000000000e+04 9.259666270220802131e-01
2.490000000000000000e+04 9.264368357586029168e-01
2.500000000000000000e+04 9.264981141368717754e-01
2.510000000000000000e+04 9.350094217201933011e-01
2.520000000000000000e+04 9.323898909071922647e-01
2.530000000000000000e+04 9.216076826718697657e-01
2.540000000000000000e+04 9.312914790686773747e-01
2.550000000000000000e+04 9.134941482904492815e-01
2.560000000000000000e+04 9.348028357442081937e-01
2.570000000000000000e+04 9.218734539094564084e-01
2.580000000000000000e+04 9.361885213651037763e-01
2.590000000000000000e+04 9.269757470917923126e-01
2.600000000000000000e+04 9.222701351289743776e-01
2.610000000000000000e+04 9.338441307483087428e-01
2.620000000000000000e+04 9.169712918075058061e-01
2.630000000000000000e+04 9.266272094072141030e-01
2.640000000000000000e+04 9.259107604514427159e-01
2.650000000000000000e+04 9.119705396930501973e-01
2.660000000000000000e+04 9.273921828534119616e-01
2.670000000000000000e+04 9.248069542897583428e-01
2.680000000000000000e+04 9.372608501305718098e-01
2.690000000000000000e+04 9.231863123441064189e-01
2.700000000000000000e+04 9.334401500961021503e-01
2.710000000000000000e+04 9.247127971413899861e-01
2.720000000000000000e+04 9.187552145131127057e-01
2.730000000000000000e+04 9.372449433731978585e-01
2.740000000000000000e+04 9.124793756963683888e-01
2.750000000000000000e+04 9.324733178410542500e-01
2.760000000000000000e+04 9.313492789045332287e-01
2.770000000000000000e+04 9.295042968803352013e-01
2.780000000000000000e+04 9.339039024240484155e-01
2.790000000000000000e+04 9.295156258244092751e-01
2.800000000000000000e+04 9.187555488673702087e-01
2.810000000000000000e+04 9.388816248192601854e-01
2.820000000000000000e+04 9.211409183317994520e-01
2.830000000000000000e+04 9.220597589470727051e-01
2.840000000000000000e+04 9.272966915640870056e-01
2.850000000000000000e+04 9.263576208569949122e-01
2.860000000000000000e+04 9.184782823161676824e-01
2.870000000000000000e+04 9.212758494229552619e-01
2.880000000000000000e+04 9.278479937311573389e-01
2.890000000000000000e+04 9.278844741184344436e-01
2.900000000000000000e+04 9.156125337977721879e-01
2.910000000000000000e+04 9.339944427510513680e-01
2.920000000000000000e+04 9.202945534615865064e-01
2.930000000000000000e+04 9.394250784920786801e-01
2.940000000000000000e+04 9.443657734940761328e-01
2.950000000000000000e+04 9.357229357374871048e-01
2.960000000000000000e+04 9.357160803051541853e-01
2.970000000000000000e+04 9.270398995513097207e-01
2.980000000000000000e+04 9.351421148253565852e-01
2.990000000000000000e+04 9.255183890066271957e-01
3.000000000000000000e+04 9.318794362553557420e-01
