0.000000000000000000e+00 5.318880000000000274e-01
1.000000000000000000e+02 3.426960000000000006e-01
2.000000000000000000e+02 3.955640000000000267e-01
3.000000000000000000e+02 4.343279999999999919e-01
4.000000000000000000e+02 4.909280000000000310e-01
5.000000000000000000e+02 5.121399999999999286e-01
6.000000000000000000e+02 5.488439999999999985e-01
7.000000000000000000e+02 5.743199999999999417e-01
8.000000000000000000e+02 5.783800000000000052e-01
9.000000000000000000e+02 6.223560000000000203e-01
1.000000000000000000e+03 6.586320000000001063e-01
1.100000000000000000e+03 6.677279999999999882e-01
1.200000000000000000e+03 6.684439999999999271e-01
1.300000000000000000e+03 6.306359999999998633e-01
1.400000000000000000e+03 6.504440000000000222e-01
1.500000000000000000e+03 6.572640000000000704e-01
1.600000000000000000e+03 6.734560000000000546e-01
1.700000000000000000e+03 6.780120000000000591e-01
1.800000000000000000e+03 6.578479999999999883e-01
1.900000000000000000e+03 6.952839999999997911e-01
2.000000000000000000e+03 6.743239999999999235e-01
2.100000000000000000e+03 6.629040000000000488e-01
2.200000000000000000e+03 6.750199999999999534e-01
2.300000000000000000e+03 6.796679999999999389e-01
2.400000000000000000e+03 6.809559999999998947e-01
2.500000000000000000e+03 6.755639999999999423e-01
2.600000000000000000e+03 6.961319999999999730e-01
2.700000000000000000e+03 6.955000000000000071e-01
2.800000000000000000e+03 7.004359999999998365e-01
2.900000000000000000e+03 6.862679999999998781e-01
3.000000000000000000e+03 6.769399999999999862e-01
3.100000000000000000e+03 7.076999999999999957e-01
3.200000000000000000e+03 7.169360000000000177e-01
3.300000000000000000e+03 7.047399999999999221e-01
3.400000000000000000e+03 7.049159999999998760e-01
3.500000000000000000e+03 6.646839999999999415e-01
3.600000000000000000e+03 6.945859999999999257e-01
3.700000000000000000e+03 6.951959999999999251e-01
3.800000000000000000e+03 7.355879999999999086e-01
3.900000000000000000e+03 7.048639999999999350e-01
4.000000000000000000e+03 7.164479999999999738e-01
4.100000000000000000e+03 7.281880000000000575e-01
4.200000000000000000e+03 7.372079999999999744e-01
4.300000000000000000e+03 7.431320000000000148e-01
4.400000000000000000e+03 7.469079999999999053e-01
4.500000000000000000e+03 7.491480000000000361e-01
4.600000000000000000e+03 7.277800000000000935e-01
4.700000000000000000e+03 7.664480000000000182e-01
4.800000000000000000e+03 7.399280000000000301e-01
4.900000000000000000e+03 7.376519999999999744e-01
5.000000000000000000e+03 7.763560000000000461e-01
5.100000000000000000e+03 7.387839999999999963e-01
5.200000000000000000e+03 7.618759999999999977e-01
5.300000000000000000e+03 7.698880000000000168e-01
5.400000000000000000e+03 7.646239999999999704e-01
5.500000000000000000e+03 7.808399999999999785e-01
5.600000000000000000e+03 7.675159999999998650e-01
5.700000000000000000e+03 7.718520000000000936e-01
5.800000000000000000e+03 7.820240000000000524e-01
5.900000000000000000e+03 7.863999999999999879e-01
6.000000000000000000e+03 7.799199999999999466e-01
6.100000000000000000e+03 7.773959999999999759e-01
6.200000000000000000e+03 7.806520000000000126e-01
6.300000000000000000e+03 7.924120000000001163e-01
6.400000000000000000e+03 8.099879999999999303e-01
6.500000000000000000e+03 8.081279999999999575e-01
6.600000000000000000e+03 8.145759999999999668e-01
6.700000000000000000e+03 7.952399999999999469e-01
6.800000000000000000e+03 8.200160000000000782e-01
6.900000000000000000e+03 7.921159999999999313e-01
7.000000000000000000e+03 7.980119999999999436e-01
7.100000000000000000e+03 8.054799999999999738e-01
7.200000000000000000e+03 8.119160000000000821e-01
7.300000000000000000e+03 8.171479999999999855e-01
7.400000000000000000e+03 8.248440000000000216e-01
7.500000000000000000e+03 8.219760000000000399e-01
7.600000000000000000e+03 8.189120000000000843e-01
7.700000000000000000e+03 8.243959999999999066e-01
7.800000000000000000e+03 8.470880000000000631e-01
7.900000000000000000e+03 8.155879999999999797e-01
8.000000000000000000e+03 8.211919999999999220e-01
8.100000000000000000e+03 8.421600000000000197e-01
8.200000000000000000e+03 8.294079999999999231e-01
8.300000000000000000e+03 8.499719999999999498e-01
8.400000000000000000e+03 8.562000000000000721e-01
8.500000000000000000e+03 8.407520000000000548e-01
8.600000000000000000e+03 8.352919999999999234e-01
8.700000000000000000e+03 8.547919999999999963e-01
8.800000000000000000e+03 8.686800000000001187e-01
8.900000000000000000e+03 8.623840000000000394e-01
9.000000000000000000e+03 8.612080000000000846e-01
9.100000000000000000e+03 8.605760000000000076e-01
9.200000000000000000e+03 8.561440000000000161e-01
9.300000000000000000e+03 8.658600000000000740e-01
9.400000000000000000e+03 8.873400000000000176e-01
9.500000000000000000e+03 8.611400000000000166e-01
9.600000000000000000e+03 8.518679999999999586e-01
9.700000000000000000e+03 8.743920000000000581e-01
9.800000000000000000e+03 8.686800000000000077e-01
9.900000000000000000e+03 8.644680000000000142e-01
1.000000000000000000e+04 8.625760000000000094e-01
1.010000000000000000e+04 8.512480000000000047e-01
1.020000000000000000e+04 8.764559999999997908e-01
1.030000000000000000e+04 8.659340000000000925e-01
1.040000000000000000e+04 8.834359999999998880e-01
1.050000000000000000e+04 8.659560000000000590e-01
1.060000000000000000e+04 8.811759999999999593e-01
1.070000000000000000e+04 8.839520000000000710e-01
1.080000000000000000e+04 8.768359999999999488e-01
1.090000000000000000e+04 8.757639999999999869e-01
1.100000000000000000e+04 8.795360000000000955e-01
1.110000000000000000e+04 8.553680000000001282e-01
1.120000000000000000e+04 8.674200000000000799e-01
1.130000000000000000e+04 8.947360000000000868e-01
1.140000000000000000e+04 8.825959999999999361e-01
1.150000000000000000e+04 8.937079999999999469e-01
1.160000000000000000e+04 8.938359999999998529e-01
1.170000000000000000e+04 8.785720000000000196e-01
1.180000000000000000e+04 8.886319999999998664e-01
1.190000000000000000e+04 8.873919999999999586e-01
1.200000000000000000e+04 8.846960000000000379e-01
1.210000000000000000e+04 8.951359999999999317e-01
1.220000000000000000e+04 8.922280000000000211e-01
1.230000000000000000e+04 8.771159999999998957e-01
1.240000000000000000e+04 8.870000000000000107e-01
1.250000000000000000e+04 8.782280000000001197e-01
1.260000000000000000e+04 8.870999999999999996e-01
1.270000000000000000e+04 9.135400000000000187e-01
1.280000000000000000e+04 8.886399999999998744e-01
1.290000000000000000e+04 8.900680000000000813e-01
1.300000000000000000e+04 8.886759999999999105e-01
1.310000000000000000e+04 8.900679999999999703e-01
1.320000000000000000e+04 8.913240000000000052e-01
1.330000000000000000e+04 9.016239999999999810e-01
1.340000000000000000e+04 9.013039999999998830e-01
1.350000000000000000e+04 8.961240000000000316e-01
1.360000000000000000e+04 8.991599999999999593e-01
1.370000000000000000e+04 8.758079999999999199e-01
1.380000000000000000e+04 9.076960000000000583e-01
1.390000000000000000e+04 8.919920000000001181e-01
1.400000000000000000e+04 9.213239999999999208e-01
1.410000000000000000e+04 9.082000000000001183e-01
1.420000000000000000e+04 9.002480000000000482e-01
1.430000000000000000e+04 9.086479999999999002e-01
1.440000000000000000e+04 8.920919999999999961e-01
1.450000000000000000e+04 8.967880000000000296e-01
1.460000000000000000e+04 8.969880000000001186e-01
1.470000000000000000e+04 9.137319999999999887e-01
1.480000000000000000e+04 9.134279999999999067e-01
1.490000000000000000e+04 9.168319999999998693e-01
1.500000000000000000e+04 9.037520000000001108e-01
1.510000000000000000e+04 9.133679999999998467e-01
1.520000000000000000e+04 8.985440000000000094e-01
1.530000000000000000e+04 9.169040000000000523e-01
1.540000000000000000e+04 8.998160000000000602e-01
1.550000000000000000e+04 9.081079999999999153e-01
1.560000000000000000e+04 9.143919999999998716e-01
1.570000000000000000e+04 8.925479999999998970e-01
1.580000000000000000e+04 9.057479999999999976e-01
1.590000000000000000e+04 9.279640000000000111e-01
1.600000000000000000e+04 9.146680000000000366e-01
1.610000000000000000e+04 9.050799999999999956e-01
1.620000000000000000e+04 9.057559999999998945e-01
1.630000000000000000e+04 9.008160000000000611e-01
1.640000000000000000e+04 9.093239999999999101e-01
1.650000000000000000e+04 9.129239999999999577e-01
1.660000000000000000e+04 9.091319999999999402e-01
1.670000000000000000e+04 9.124600000000000488e-01
1.680000000000000000e+04 9.100880000000000081e-01
1.690000000000000000e+04 9.280399999999998650e-01
1.700000000000000000e+04 9.258800000000000363e-01
1.710000000000000000e+04 9.235520000000001506e-01
1.720000000000000000e+04 9.000279999999999392e-01
1.730000000000000000e+04 9.264439999999999342e-01
1.740000000000000000e+04 9.241080000000000405e-01
1.750000000000000000e+04 9.093479999999999341e-01
1.760000000000000000e+04 9.146880000000000566e-01
1.770000000000000000e+04 9.177199999999999802e-01
1.780000000000000000e+04 9.206400000000000139e-01
1.790000000000000000e+04 9.056999999999999496e-01
1.800000000000000000e+04 9.116799999999999349e-01
1.810000000000000000e+04 9.195959999999999690e-01
1.820000000000000000e+04 9.180680000000001062e-01
1.830000000000000000e+04 9.205600000000000449e-01
1.840000000000000000e+04 9.062080000000001245e-01
1.850000000000000000e+04 9.153520000000000545e-01
1.860000000000000000e+04 9.217359999999998887e-01
1.870000000000000000e+04 9.209280000000000799e-01
1.880000000000000000e+04 9.177600000000000202e-01
1.890000000000000000e+04 9.274679999999999591e-01
1.900000000000000000e+04 9.086359999999999992e-01
1.910000000000000000e+04 9.075559999999999183e-01
1.920000000000000000e+04 9.142559999999998466e-01
1.930000000000000000e+04 9.075880000000000614e-01
1.940000000000000000e+04 9.346559999999999313e-01
1.950000000000000000e+04 9.194320000000000270e-01
1.960000000000000000e+04 9.261320000000000663e-01
1.970000000000000000e+04 9.087720000000000242e-01
1.980000000000000000e+04 9.291279999999999539e-01
1.990000000000000000e+04 9.084080000000001043e-01
2.000000000000000000e+04 9.122440000000000548e-01
2.010000000000000000e+04 9.175720000000000542e-01
2.020000000000000000e+04 9.165440000000001364e-01
2.030000000000000000e+04 9.168719999999999093e-01
2.040000000000000000e+04 9.041039999999999077e-01
2.050000000000000000e+04 9.226720000000000477e-01
2.060000000000000000e+04 9.205879999999999619e-01
2.070000000000000000e+04 9.060639999999999805e-01
2.080000000000000000e+04 9.220519999999999827e-01
2.090000000000000000e+04 9.217079999999999718e-01
2.100000000000000000e+04 9.102160000000000251e-01
2.110000000000000000e+04 9.164600000000000524e-01
2.120000000000000000e+04 9.185799999999999521e-01
2.130000000000000000e+04 9.041839999999999877e-01
2.140000000000000000e+04 9.024440000000000239e-01
2.150000000000000000e+04 9.166800000000001614e-01
2.160000000000000000e+04 9.064240000000000075e-01
2.170000000000000000e+04 9.193280000000001451e-01
2.180000000000000000e+04 9.221120000000000427e-01
2.190000000000000000e+04 9.275799999999999601e-01
2.200000000000000000e+04 9.208580000000000654e-01
2.210000000000000000e+04 9.240760000000000085e-01
2.220000000000000000e+04 9.157239999999999824e-01
2.230000000000000000e+04 9.299720000000000208e-01
2.240000000000000000e+04 9.154640000000000555e-01
2.250000000000000000e+04 9.337680000000000424e-01
2.260000000000000000e+04 9.117399999999998839e-01
2.270000000000000000e+04 9.279399999999999871e-01
2.280000000000000000e+04 9.217999999999998417e-01
2.290000000000000000e+04 9.325879999999999725e-01
2.300000000000000000e+04 9.146480000000001276e-01
2.310000000000000000e+04 9.272479999999998501e-01
2.320000000000000000e+04 9.293520000000000669e-01
2.330000000000000000e+04 9.287720000000000420e-01
2.340000000000000000e+04 9.164319999999999133e-01
2.350000000000000000e+04 8.985760000000000414e-01
2.360000000000000000e+04 9.144079999999998876e-01
2.370000000000000000e+04 9.145880000000000676e-01
2.380000000000000000e+04 9.185239999999998961e-01
2.390000000000000000e+04 9.152039999999999065e-01
2.400000000000000000e+04 9.135039999999998717e-01
2.410000000000000000e+04 9.193759999999999710e-01
2.420000000000000000e+04 9.159159999999999524e-01
2.430000000000000000e+04 9.343799999999999883e-01
2.440000000000000000e+04 9.130400000000000738e-01
2.450000000000000000e+04 9.165440000000000254e-01
2.460000000000000000e+04 9.155720000000000525e-01
2.470000000000000000e+04 9.268880000000000452e-01
2.480000000000000000e+04 9.122320000000000428e-01
2.490000000000000000e+04 9.190479999999998650e-01
2.500000000000000000e+04 9.183039999999998981e-01
2.510000000000000000e+04 9.335799999999999654e-01
2.520000000000000000e+04 9.253879999999998773e-01
2.530000000000000000e+04 9.206199999999999939e-01
2.540000000000000000e+04 9.223080000000000167e-01
2.550000000000000000e+04 9.042240000000000277e-01
2.560000000000000000e+04 9.280200000000000671e-01
2.570000000000000000e+04 9.142200000000000326e-01
2.580000000000000000e+04 9.272040000000000282e-01
2.590000000000000000e+04 9.197519999999999030e-01
2.600000000000000000e+04 9.171880000000000033e-01
2.610000000000000000e+04 9.253280000000000394e-01
2.620000000000000000e+04 9.096079999999999721e-01
2.630000000000000000e+04 9.197999999999999510e-01
2.640000000000000000e+04 9.217999999999999527e-01
2.650000000000000000e+04 9.051480000000000636e-01
2.660000000000000000e+04 9.191519999999999690e-01
2.670000000000000000e+04 9.137760000000000327e-01
2.680000000000000000e+04 9.319520000000000026e-01
2.690000000000000000e+04 9.160679999999999934e-01
2.700000000000000000e+04 9.244919999999999805e-01
2.710000000000000000e+04 9.196439999999999060e-01
2.720000000000000000e+04 9.127920000000000478e-01
2.730000000000000000e+04 9.334160000000000235e-01
2.740000000000000000e+04 9.053920000000000856e-01
2.750000000000000000e+04 9.268080000000000762e-01
2.760000000000000000e+04 9.233360000000000456e-01
2.770000000000000000e+04 9.258280000000000953e-01
2.780000000000000000e+04 9.271840000000000082e-01
2.790000000000000000e+04 9.198720000000000230e-01
2.800000000000000000e+04 9.138480000000001047e-01
2.810000000000000000e+04 9.349399999999998823e-01
2.820000000000000000e+04 9.202520000000000699e-01
2.830000000000000000e+04 9.149840000000000195e-01
2.840000000000000000e+04 9.186799999999999411e-01
2.850000000000000000e+04 9.211520000000000818e-01
2.860000000000000000e+04 9.109720000000000040e-01
2.870000000000000000e+04 9.164799999999999613e-01
2.880000000000000000e+04 9.184479999999999311e-01
2.890000000000000000e+04 9.149880000000000235e-01
2.900000000000000000e+04 9.122759999999998648e-01
2.910000000000000000e+04 9.279639999999999000e-01
2.920000000000000000e+04 9.141479999999999606e-01
2.930000000000000000e+04 9.351039999999999353e-01
2.940000000000000000e+04 9.354919999999999902e-01
2.950000000000000000e+04 9.283040000000000180e-01
2.960000000000000000e+04 9.310159999999999547e-01
2.970000000000000000e+04 9.177440000000001152e-01
2.980000000000000000e+04 9.342559999999999754e-01
2.990000000000000000e+04 9.185360000000000191e-01
3.000000000000000000e+04 9.259039999999999493e-01
