0
3
5
6
7
8
9
11
15
16
17
19
24
25
28
29
30
32
33
36
37
38
40
41
42
44
45
48
52
53
54
55
57
59
60
61
62
63
64
66
69
70
72
73
77
81
82
83
86
88
90
91
95
97
99
100
101
102
104
106
111
115
116
117
119
120
121
123
124
125
126
128
132
135
136
138
139
142
144
145
146
147
148
149
151
154
156
158
159
162
166
167
168
170
172
173
175
176
177
178
179
182
185
187
188
190
192
194
195
196
197
198
200
204
205
207
209
210
211
212
213
214
217
218
219
221
222
224
225
226
228
230
232
234
235
237
240
242
243
245
246
247
251
252
253
254
255
257
258
259
261
263
264
265
266
267
270
272
273
274
275
277
279
280
281
282
284
289
291
292
295
296
297
299
300
302
304
307
308
309
311
313
314
316
317
318
319
320
321
322
323
324
326
328
330
331
333
337
339
341
343
345
347
348
350
351
354
359
362
363
364
365
366
367
368
370
372
373
374
376
377
378
379
381
384
387
389
392
394
396
397
399
400
402
403
405
406
407
408
409
410
411
412
413
414
415
416
417
418
419
420
421
423
424
425
426
427
428
429
430
431
432
433
435
439
440
441
442
443
444
445
447
448
449
450
451
452
453
454
455
456
457
458
459
460
461
462
464
465
466
467
468
469
470
471
472
473
474
475
476
477
478
479
480
481
482
483
484
485
486
487
488
489
490
491
492
493
494
495
496
497
498
499
500
501
502
504
505
506
507
508
509
511
512
515
516
517
519
520
521
522
523
524
525
526
527
528
529
530
531
532
533
534
535
536
537
538
539
541
542
543
544
545
546
547
548
550
551
552
553
554
555
556
559
560
561
562
563
564
565
568
569
570
571
572
573
574
575
576
577
579
580
581
582
583
584
585
586
587
589
590
591
592
593
594
595
596
597
598
599
600
602
603
604
605
606
607
608
609
611
612
614
616
617
619
620
621
622
623
624
625
626
627
628
629
630
631
632
634
636
637
638
639
640
641
642
643
644
645
648
650
651
652
653
654
655
656
657
658
659
660
661
662
663
664
665
666
667
668
669
670
671
672
673
674
675
676
677
678
679
682
683
684
685
686
687
689
690
691
693
694
695
696
697
698
699
700
701
703
704
706
707
708
709
710
711
712
713
714
715
716
717
718
719
720
721
722
723
724
725
726
727
728
729
730
731
732
733
734
735
736
737
738
739
740
741
742
743
744
745
746
747
748
749
750
751
753
754
755
756
757
758
759
760
761
762
763
764
765
766
767
768
769
770
771
772
773
774
775
776
777
778
779
781
782
783
784
788
789
790
791
792
793
794
795
796
797
798
799
800
801
802
803
804
805
806
807
808
810
811
813
814
815
816
817
819
820
821
822
823
824
825
826
827
828
829
830
831
832
834
835
837
838
839
840
841
844
845
846
848
850
851
852
854
855
856
857
858
859
860
861
862
864
865
866
867
868
869
870
871
872
873
874
876
877
878
879
880
881
882
883
884
885
886
887
888
890
891
894
895
896
897
898
899
900
902
903
904
905
907
908
909
910
911
912
913
914
915
916
917
919
920
921
922
923
924
925
926
927
928
929
930
931
932
933
934
935
936
937
938
939
940
941
942
943
945
946
947
948
949
950
951
952
953
954
955
956
957
959
960
961
962
963
964
965
966
967
968
969
970
971
972
974
975
976
977
978
979
980
981
982
983
984
985
986
987
988
989
990
991
992
993
994
995
996
997
998
999
1000
1001
1002
1003
1004
1005
1006
1007
1008
1009
1010
1011
1012
1013
1015
1016
1017
1018
1019
1020
1021
1022
1024
1025
1026
1027
1028
1029
1030
1032
1033
1034
1035
1036
1037
1038
1039
1040
1041
1042
1043
1044
1045
1046
1047
1048
1049
1050
1051
1052
1053
1054
1055
1056
1058
1059
1060
1061
1062
1063
1064
1065
1066
1067
1068
1069
1070
1071
1072
1073
1076
1077
1078
1079
1081
1082
1083
1084
1086
1087
1088
1089
1090
1091
1092
1093
1094
1095
1096
1097
1098
1099
1100
1101
1102
1103
1104
1105
1106
1108
1109
1110
1111
1112
1113
1114
1115
1116
1117
1118
1119
1120
1121
1122
1123
1124
1125
1126
1128
1130
1131
1132
1133
1134
1135
1136
1137
1138
1139
1140
1142
1143
1144
1145
1146
1147
1148
1149
1150
1151
1152
1153
1154
1155
1156
1157
1158
1159
1160
1161
1162
1163
1164
1165
1166
1167
1169
1170
1171
1173
1174
1175
1176
1177
1178
1179
1180
1181
1182
1183
1184
1185
1186
1188
1191
1192
1193
1194
1195
1196
1197
1198
1199
1200
1201
1202
1203
1204
1205
1206
1207
1209
1210
1211
1212
1214
1215
1216
1217
1218
1219
1220
1221
1222
1223
1224
1225
1226
1227
1230
1231
1232
1234
1235
1236
1237
1238
1239
1240
1241
1242
1243
1244
1245
1246
1247
1248
1249
1250
1251
1252
1253
1254
1255
1256
1258
1259
1260
1261
1262
1263
1264
1265
1266
1267
1268
1269
1270
1271
1272
1273
1274
1275
1276
1277
1278
1279
1280
1281
1282
1285
1286
1287
1288
1289
1290
1291
1292
1293
1294
1295
1297
1298
1299
1300
1301
1302
1303
1304
1305
1306
1307
1308
1309
1310
1311
1312
1314
1315
1316
1317
1318
1319
1320
1321
1322
1323
1324
1325
1326
1327
1328
1329
1330
1331
1332
1333
1334
1335
1336
1337
1338
1339
1341
1342
1344
1345
1346
1347
1348
1349
1350
1352
1353
1354
1355
1357
1358
1359
1360
1361
1362
1363
1364
1365
1366
1367
1368
1369
1370
1371
1373
1374
1375
1376
1377
1378
1379
1380
1381
1382
1383
1384
1385
1386
1387
1388
1390
1392
1393
1394
1395
1396
1397
1398
1399
1400
1401
1402
1403
1404
1405
1406
1407
1409
1410
1411
1412
1413
1414
1415
1416
1417
1418
1419
1420
1421
1423
1424
1426
1427
1428
1429
1430
1431
1432
1434
1435
1436
1437
1438
1439
1440
1442
1443
1444
1445
1446
1449
1450
1451
1452
1453
1454
1455
1456
1457
1458
1459
1460
1461
1462
1463
1464
1465
1466
1467
1468
1469
1470
1472
1473
1474
1475
1476
1477
1478
1479
1480
1481
1482
1483
1484
1485
1486
1487
1488
1489
1490
1491
1492
1493
1495
1497
1498
1499
1500
1501
1502
1503
1504
1505
1506
1507
1509
1510
1511
1512
1514
1515
1516
1517
1518
1519
1520
1521
1522
1523
1524
1525
1527
1528
1529
1530
1531
1532
1533
1534
1535
1536
1537
1538
1539
1540
1542
1543
1544
1545
1546
1547
1549
1550
1551
1552
1553
1554
1555
1556
1557
1560
1561
1562
1563
1564
1565
1566
1567
1569
1570
1571
1572
1573
1574
1575
1576
1577
1578
1579
1581
1582
1583
1584
1585
1586
1587
1588
1589
1590
1591
1592
1593
1594
1595
1596
1597
1598
1599
1600
1601
1603
1604
1605
1606
1607
1608
1609
1611
1612
1613
1614
1615
1617
1618
1619
1620
1621
1622
1623
1624
1625
1626
1628
1629
1630
1632
1633
1634
1635
1636
1637
1638
1639
1640
1641
1642
1643
1644
1645
1646
1647
1649
1650
1651
1652
1653
1654
1655
1656
1657
1658
1659
1660
1661
1662
1663
1664
1665
1666
1667
1668
1669
1670
1671
1672
1673
1674
1675
1676
1677
1678
1679
1680
1681
1682
1683
1684
1685
1686
1687
1688
1689
1690
1691
1692
1693
1694
1695
1696
1697
1698
1699
1700
1701
1702
1703
1704
1705
1706
1707
1708
1709
1710
1711
1712
1713
1714
1715
1716
1717
1718
1719
1720
1721
1722
1723
1724
1725
1727
1728
1729
1731
1732
1733
1734
1735
1736
1737
1738
1739
1740
1741
1742
1743
1744
1745
1746
1747
1748
1749
1750
1751
1752
1753
1754
1755
1756
1757
1758
1759
1760
1761
1762
1763
1764
1765
1766
1767
1768
1769
1770
1771
1772
1773
1774
1775
1776
1777
1778
1779
1780
1781
1782
1783
1784
1785
1786
1787
1789
1790
1791
1792
1793
1794
1795
1796
1797
1798
1799
1800
1801
1802
1803
1804
1805
1806
1807
1808
1809
1810
1811
1812
1813
1814
1815
1816
1817
1818
1819
1820
1821
1822
1823
1824
1825
1826
1827
1828
1829
1830
1831
1832
1833
1834
1835
1836
1837
1839
1840
1841
1842
1843
1844
1845
1846
1847
1848
1850
1851
1852
1853
1854
1855
1856
1857
1858
1859
1860
1862
1863
1864
1865
1866
1867
1868
1869
1870
1871
1872
1873
1874
1876
1877
1878
1879
1880
1881
1882
1884
1885
1886
1887
1888
1889
1891
1893
1894
1895
1896
1897
1898
1899
1900
1901
1902
1903
1904
1905
1906
1907
1908
1909
1910
1911
1912
1913
1915
1916
1917
1918
1919
1920
1921
1922
1923
1924
1925
1926
1927
1928
1929
1930
1931
1932
1933
1934
1935
1937
1938
1939
1940
1942
1943
1944
1945
1946
1947
1948
1950
1951
1952
1953
1954
1955
1956
1957
1958
1959
1962
1963
1964
1965
1966
1967
1968
1969
1970
1971
1972
1973
1974
1975
1976
1979
1980
1981
1982
1983
1984
1985
1986
1987
1988
1989
1990
1992
1993
1994
1995
1996
1997
1998
1999
2001
2002
2003
2004
2005
2006
2007
2008
2009
2010
2011
2012
2013
2014
2015
2016
2017
2018
2019
2020
2021
2022
2023
2024
2025
2027
2028
2029
2030
2031
2033
2034
2035
2036
2037
2038
2039
2040
2042
2043
2044
2045
2046
2047
2048
2049
2050
2051
2052
2053
2054
2055
2056
2057
2058
2059
2061
2062
2063
2064
2065
2066
2067
2068
2069
2070
2071
2072
2073
2074
2075
2076
2077
2078
2079
2080
2082
2083
2084
2085
2086
2087
2088
2089
2091
2092
2093
2095
2096
2097
2098
2100
2101
2102
2103
2104
2105
2106
2107
2108
2109
2110
2111
2112
2113
2114
2115
2116
2117
2118
2119
2120
2121
2122
2123
2124
2125
2126
2127
2128
2129
2130
2131
2132
2133
2134
2135
2136
2137
2138
2139
2140
2141
2142
2143
2144
2145
2146
2147
2148
2149
2150
2151
2152
2153
2154
2155
2156
2157
2158
2159
2161
2162
2163
2164
2165
2167
2168
2169
2170
2171
2172
2173
2174
2175
2176
2177
2178
2179
2180
2181
2182
2183
2184
2185
2186
2187
2188
2189
2190
2191
2193
2194
2195
2196
2197
2198
2199
2201
2202
2203
2204
2205
2206
2207
2208
2209
2212
2213
2214
2215
2216
2217
2219
2220
2221
2222
2223
2224
2225
2226
2227
2228
2229
2231
2232
2233
2234
2235
2236
2237
2238
2239
2240
2241
2242
2243
2244
2245
2246
2247
2248
2249
2250
2251
2252
2253
2254
2255
2256
2257
2258
2259
2260
2261
2262
2263
2264
2265
2266
2267
2268
2269
2270
2271
2272
2273
2274
2275
2276
2277
2278
2279
2280
2281
2282
2283
2284
2285
2286
2287
2288
2289
2290
2291
2292
2293
2294
2295
2296
2297
2298
2299
2301
2302
2303
2304
2305
2306
2307
2308
2309
2310
2311
2312
2313
2314
2315
2316
2317
2318
2319
2320
2321
2322
2323
2325
2326
2327
2328
2329
2330
2331
2332
2333
2334
2335
2336
2337
2338
2339
2340
2341
2342
2343
2345
2346
2347
2348
2349
2350
2351
2352
2353
2354
2355
2356
2357
2358
2359
2361
2362
2363
2364
2365
2366
2368
2369
2370
2371
2372
2373
2374
2375
2376
2377
2378
2379
2380
2381
2382
2383
2385
2386
2387
2388
2389
2390
2391
2392
2393
2394
2395
2396
2397
2398
2399
2400
2401
2402
2403
2404
2406
2407
2408
2409
2410
2413
2414
2415
2416
2417
2418
2419
2420
2421
2422
2423
2425
2426
2428
2429
2430
2432
2433
2435
2436
2437
2438
2439
2440
2441
2442
2444
2445
2447
2448
2451
2452
2453
2454
2456
2457
2458
2459
2460
2461
2463
2464
2465
2466
2468
2469
2471
2472
2473
2474
2475
2476
2477
2480
2482
2483
2484
2487
2489
2490
2491
2493
2495
2496
2497
2498
2502
2503
2505
2506
2508
2509
2510
2511
2512
2513
2515
2516
2517
2518
2519
2520
2521
2522
2523
2524
2525
2526
2527
2528
2530
2531
2532
2534
2535
2537
2538
2539
2541
2542
2544
2546
2548
2549
2550
2552
2553
2554
2555
2556
2557
2558
2559
2560
2561
2563
2564
2565
2567
2568
2569
2570
2571
2572
2574
2575
2576
2578
2579
2581
2582
2585
2586
2587
2588
2592
2593
2594
2596
2597
2598
2599
2600
2601
2602
2603
2604
2605
2606
2607
2608
2610
2615
2616
2617
2620
2621
2622
2623
2624
2625
2628
2629
2632
2633
2634
2635
2639
2641
2643
2646
2647
2649
2651
2652
2653
2655
2657
2659
2660
2663
2664
2669
2670
2671
2672
2673
2674
2675
2676
2677
2679
2680
2681
2682
2683
2685
2686
2688
2689
2690
2691
2692
2693
2694
2695
2696
2697
2701
2704
2705
2708
2710
2711
2713
2715
2716
2717
2720
2721
2723
2724
2727
2731
2732
2733
2736
2737
2738
2740
2742
2743
2744
2747
2750
2751
2752
2753
2755
2756
2757
2760
2763
2764
2765
2766
2769
2770
2771
2772
2773
2775
2776
2777
2778
2780
2783
2785
2789
2790
2791
2793
2794
2795
2798
2799
2800
2801
2803
2805
2806
2809
2811
2812
2813
2818
2821
2824
2825
2827
2828
2829
2831
2832
2835
2836
2839
2841
2842
2849
2850
2854
2858
2859
2860
2861
2862
2867
2869
2872
2874
2875
2876
2877
2882
2885
2886
2887
2890
2891
2893
2894
2895
2897
2899
2902
2903
2904
2905
2908
2909
2910
2911
2912
2914
2915
2916
2918
2920
2922
2923
2924
2926
2927
2929
2932
2933
2941
2943
2944
2947
2949
2950
2951
2952
2956
2958
2961
2963
2964
2968
2970
2971
2973
2975
2976
2977
2979
2983
2984
2985
2987
2988
2989
2990
2993
2994
2995
2996
2999
3000
3001
3003
3004
3006
3007
3008
3010
3011
3012
3013
3014
3017
3018
3019
3021
3022
3023
3024
3025
3026
3028
3029
3030
3031
3033
3034
3035
3036
3041
3043
3044
3045
3047
3048
3051
3052
3053
3054
3055
3056
3057
3059
3060
3063
3064
3065
3067
3068
3069
3072
3073
3076
3079
3081
3084
3085
3086
3088
3089
3090
3091
3094
3095
3097
3098
3101
3102
3103
3104
3105
3106
3107
3108
3109
3111
3113
3115
3116
3118
3119
3122
3126
3127
3128
3129
3130
3131
3134
3135
3136
3138
3142
3144
3145
3150
3151
3152
3153
3156
3157
3158
3159
3161
3163
3164
3165
3166
3169
3170
3171
3172
3173
3175
3177
3178
3179
3181
3183
3184
3185
3186
3188
3190
3192
3195
3196
3197
3199
3201
3202
3203
3204
3206
3207
3208
3210
3211
3212
3215
3216
3217
3218
3220
3221
3222
3224
3225
3228
3231
3232
3234
3235
3236
3237
3238
3239
3240
3241
3248
3249
3250
3253
3254
3255
3257
3260
3261
3262
3263
3264
3265
3271
3274
3277
3278
3279
3281
3283
3284
3285
3286
3288
3289
3290
3291
3293
3294
3296
3297
3299
3300
3302
3303
3304
3306
3308
3310
3313
3314
3315
3316
3317
3319
3322
3324
3325
3326
3328
3329
3330
3331
3332
3334
3335
3336
3339
3340
3341
3343
3344
3345
3346
3347
3351
3353
3354
3355
3358
3360
3362
3363
3365
3366
3368
3370
3372
3374
3375
3377
3378
3380
3381
3382
3384
3386
3387
3389
3390
3391
3392
3395
3396
3397
3398
3399
3401
3402
3403
3404
3405
3406
3407
3409
3410
3411
3414
3416
3418
3419
3420
3421
3422
3423
3424
3426
3427
3428
3430
3431
3433
3434
3435
3437
3438
3440
3443
3444
3445
3446
3447
3448
3451
3455
3457
3459
3460
3462
3463
3465
3466
3467
3469
3470
3471
3473
3474
3475
3476
3481
3488
3490
3491
3492
3493
3494
3495
3499
3502
3503
3504
3505
3508
3509
3510
3513
3514
3515
3516
3517
3518
3519
3521
3522
3524
3526
3528
3529
3531
3532
3534
3535
3536
3537
3539
3540
3541
3542
3543
3548
3552
3553
3554
3555
3556
3558
3559
3560
3562
3563
3564
3566
3567
3570
3571
3572
3575
3578
3579
3580
3582
3583
3584
3585
3586
3588
3589
3590
3591
3592
3594
3596
3597
3598
3599
3602
3603
3604
3606
3607
3608
3609
3610
3611
3614
3618
3620
3623
3624
3626
3627
3629
3631
3637
3638
3642
3644
3646
3647
3648
3649
3651
3652
3653
3654
3655
3657
3659
3660
3662
3665
3666
3667
3668
3669
3670
3671
3672
3673
3674
3675
3677
3679
3682
3683
3684
3685
3686
3687
3689
3690
3691
3692
3693
3695
3696
3697
3698
3699
3700
3701
3702
3704
3705
3706
3707
3708
3711
3712
3713
3714
3715
3717
3718
3720
3721
3722
3723
3724
3727
3729
3730
3732
3733
3735
3736
3738
3739
3740
3741
3742
3743
3744
3745
3746
3747
3748
3751
3752
3753
3754
3756
3757
3758
3759
3760
3761
3762
3763
3764
3765
3766
3767
3768
3769
3770
3771
3772
3774
3775
3776
3777
3778
3779
3782
3783
3784
3785
3786
3787
3788
3789
3790
3791
3792
3793
3794
3795
3797
3798
3799
3800
3801
3802
3803
3804
3805
3806
3807
3808
3812
3813
3814
3815
3817
3818
3819
3821
3822
3824
3825
3827
3829
3830
3831
3832
3835
3836
3837
3838
3839
3840
3842
3844
3845
3846
3849
3850
3851
3853
3854
3857
3858
3859
3862
3863
3864
3866
3867
3870
3871
3872
3873
3875
3876
3877
3879
3883
3884
3885
3886
3887
3888
3889
3892
3896
3898
3900
3901
3902
3903
3905
3907
3908
3910
3912
3913
3914
3915
3916
3918
3920
3922
3923
3924
3925
3926
3927
3931
3932
3934
3935
3936
3937
3938
3940
3941
3942
3944
3945
3946
3947
3948
3950
3953
3956
3957
3958
3960
3961
3962
3967
3968
3969
3970
3972
3976
3978
3980
3981
3982
3983
3984
3985
3987
3988
3990
3991
3992
3996
3997
4000
4003
4004
4005
4007
4010
4011
4012
4013
4015
4016
4017
4019
4020
4021
4023
4026
4028
4030
4031
4032
4034
4036
4037
4040
4041
4042
4043
4044
4045
4046
4048
4049
4050
4051
4052
4053
4054
4058
4060
4061
4062
4063
4065
4067
4069
4071
4072
4073
4074
4075
4076
4078
4079
4081
4082
4083
4084
4085
4087
4088
4090
4091
4092
4093
4094
4095
4096
4098
4100
4102
4103
4104
4105
4108
4109
4111
4112
4113
4114
4116
4118
4119
4120
4121
4122
4124
4125
4127
4128
4129
4131
4132
4133
4134
4135
4136
4137
4138
4140
4143
4145
4146
4147
4149
4150
4151
4153
4154
4155
4157
4159
4160
4162
4164
4165
4166
4167
4168
4170
4171
4173
4174
4175
4176
4177
4179
4180
4182
4183
4184
4185
4187
4188
4189
4190
4192
4194
4195
4196
4198
4199
4200
4201
4203
4204
4205
4206
4207
4209
4212
4214
4215
4216
4217
4218
4221
4222
4224
4225
4228
4229
4230
4232
4234
4235
4238
4239
4241
4242
4244
4246
4247
4248
4249
4250
4254
4255
4256
4257
4258
4259
4260
4261
4262
4263
4264
4265
4269
4270
4271
4273
4275
4279
4281
4282
4283
4284
4285
4286
4287
4289
4292
4295
4297
4298
4299
4300
4301
4302
4304
4306
4307
4309
4310
4311
4313
4314
4316
4318
4319
4320
4323
4324
4325
4326
4327
4328
4329
4330
4331
4332
4333
4334
4335
4336
4338
4339
4340
4341
4342
4344
4345
4346
4347
4349
4350
4351
4353
4354
4359
4360
4361
4362
4363
4365
4366
4367
4368
4371
4372
4374
4375
4376
4379
4380
4381
4382
4383
4386
4387
4388
4389
4390
4391
4392
4395
4396
4397
4398
4399
4400
4401
4406
4407
4409
4411
4412
4413
4414
4415
4416
4417
4418
4419
4420
4421
4422
4423
4425
4426
4427
4429
4431
4432
4433
4434
4437
4439
4441
4442
4443
4445
4446
4447
4449
4450
4451
4452
4453
4454
4455
4456
4457
4458
4459
4461
4462
4465
4466
4469
4471
4472
4473
4474
4475
4478
4479
4480
4481
4482
4483
4485
4486
4487
4490
4491
4493
4494
4496
4497
4498
4499
4500
4501
4502
4503
4504
4505
4506
4508
4509
4510
4512
4513
4515
4517
4518
4519
4520
4522
4526
4527
4528
4529
4530
4531
4532
4533
4534
4536
4537
4538
4541
4542
4543
4546
4547
4548
4549
4552
4553
4554
4556
4557
4559
4560
4561
4562
4563
4564
4565
4566
4567
4569
4570
4572
4573
4574
4575
4576
4577
4582
4583
4584
4585
4587
4589
4594
4595
4596
4597
4598
4599
4600
4601
4602
4603
4606
4607
4608
4609
4610
4612
4615
4616
4617
4618
4619
4622
4623
4624
4625
4626
4627
4629
4630
4631
4633
4634
4637
4638
4639
4643
4644
4646
4648
4651
4652
4653
4656
4657
4658
4659
4660
4661
4662
4663
4664
4665
4666
4667
4668
4669
4670
4671
4672
4675
4676
4677
4678
4680
4681
4682
4683
4684
4685
4687
4689
4690
4691
4693
4695
4696
4697
4698
4699
4700
4702
4703
4704
4706
4707
4708
4709
4711
4712
4715
4716
4718
4719
4720
4721
4722
4724
4727
4728
4729
4730
4731
4733
4736
4737
4742
4743
4744
4745
4746
4747
4748
4749
4750
4751
4752
4753
4754
4755
4756
4757
4759
4762
4763
4764
4765
4767
4768
4769
4771
4772
4773
4774
4775
4778
4780
4781
4782
4783
4784
4785
4786
4787
4789
4791
4792
4793
4794
4796
4797
4798
4799
4800
4801
4802
4803
4805
4806
4807
4808
4809
4810
4811
4812
4813
4814
4815
4820
4821
4823
4825
4827
4828
4830
4832
4833
4834
4835
4836
4837
4839
4841
4842
4844
4845
4846
4847
4849
4850
4852
4853
4854
4855
4856
4858
4859
4860
4861
4863
4864
4865
4866
4867
4868
4869
4870
4871
4872
4873
4875
4876
4878
4879
4881
4882
4883
4884
4885
4886
4887
4888
4889
4891
4892
4893
4894
4895
4896
4897
4899
4901
4905
4909
4910
4911
4913
4915
4916
4917
4921
4923
4924
4925
4926
4927
4935
4936
4937
4938
4939
4940
4941
4942
4943
4945
4946
4947
4948
4950
4953
4955
4958
4959
4960
4962
4963
4964
4965
4966
4967
4968
4969
4970
4972
4973
4975
4976
4978
4979
4982
4983
4984
4987
4989
4990
4991
4994
4995
4996
4997
4999
5000
5004
5005
5006
5007
5008
5010
5011
5012
5013
5014
5016
5017
5018
5020
5021
5022
5023
5024
5025
5027
5028
5029
5030
5031
5032
5033
5034
5036
5038
5039
5041
5042
5043
5047
5048
5049
5051
5052
5054
5055
5057
5060
5061
5063
5064
5065
5068
5069
5071
5072
5073
5074
5075
5076
5078
5079
5081
5082
5083
5084
5086
5087
5088
5090
5092
5095
5096
5098
5099
5100
5102
5103
5104
5105
5106
5107
5108
5110
5111
5114
5116
5117
5119
5120
5121
5122
5123
5125
5126
5127
5128
5129
5130
5132
5134
5135
5136
5137
5138
5140
5141
5142
5143
5144
5145
5147
5148
5149
5150
5151
5152
5153
5154
5157
5158
5159
5160
5161
5162
5163
5164
5165
5166
5167
5168
5170
5171
5172
5174
5176
5177
5178
5182
5183
5184
5185
5189
5190
5191
5193
5194
5195
5196
5197
5198
5199
5200
5202
5204
5205
5207
5208
5209
5210
5212
5213
5216
5217
5220
5222
5224
5225
5226
5228
5229
5230
5232
5235
5236
5238
5239
5240
5244
5245
5247
5253
5254
5256
5257
5259
5261
5263
5264
5265
5266
5268
5270
5271
5272
5275
5277
5278
5279
5280
5284
5285
5287
5289
5290
5292
5293
5294
5295
5296
5298
5300
5301
5302
5304
5306
5307
5310
5311
5312
5314
5315
5316
5317
5319
5321
5323
5325
5326
5328
5330
5331
5334
5336
5338
5339
5340
5341
5342
5343
5344
5346
5347
5350
5353
5354
5356
5357
5358
5359
5360
5361
5362
5363
5364
5371
5372
5374
5375
5378
5380
5381
5383
5385
5386
5387
5389
5390
5391
5392
5393
5395
5396
5397
5398
5399
5400
5401
5402
5403
5404
5407
5408
5409
5410
5411
5414
5416
5417
5418
5419
5420
5422
5423
5425
5426
5427
