0.000000000000000000e+00 4.869774176306405078e-01
1.000000000000000000e+02 4.048347485961314440e-01
2.000000000000000000e+02 4.112311005180303014e-01
3.000000000000000000e+02 4.017664636289019486e-01
4.000000000000000000e+02 4.404888209075902283e-01
5.000000000000000000e+02 4.574421360362000977e-01
6.000000000000000000e+02 4.834622959183969559e-01
7.000000000000000000e+02 4.925100095692852564e-01
8.000000000000000000e+02 5.048660005103811077e-01
9.000000000000000000e+02 5.112376911512350741e-01
1.000000000000000000e+03 5.270639801808947311e-01
1.100000000000000000e+03 5.936357218672151381e-01
1.200000000000000000e+03 5.964717309652431965e-01
1.300000000000000000e+03 5.544491947781204910e-01
1.400000000000000000e+03 5.685690616951957210e-01
1.500000000000000000e+03 6.090433749060382151e-01
1.600000000000000000e+03 6.167167314984303150e-01
1.700000000000000000e+03 6.156395157797944773e-01
1.800000000000000000e+03 5.762054710062824991e-01
1.900000000000000000e+03 6.075055815964807149e-01
2.000000000000000000e+03 6.620809348895775326e-01
2.100000000000000000e+03 6.558230424163256078e-01
2.200000000000000000e+03 6.417499879808571395e-01
2.300000000000000000e+03 6.572363026085961124e-01
2.400000000000000000e+03 6.943153067409867374e-01
2.500000000000000000e+03 7.028197437743528564e-01
2.600000000000000000e+03 6.840200344662958898e-01
2.700000000000000000e+03 6.792701722814840082e-01
2.800000000000000000e+03 6.764577351799399008e-01
2.900000000000000000e+03 6.860549480866814376e-01
3.000000000000000000e+03 7.177291309055253699e-01
3.100000000000000000e+03 7.076656354658501513e-01
3.200000000000000000e+03 6.906887592552535260e-01
3.300000000000000000e+03 7.472078545090234947e-01
3.400000000000000000e+03 7.216071923835560842e-01
3.500000000000000000e+03 6.972209435938614419e-01
3.600000000000000000e+03 7.152058254297364304e-01
3.700000000000000000e+03 7.248124208930393220e-01
3.800000000000000000e+03 7.251896847242251809e-01
3.900000000000000000e+03 7.081054451977260022e-01
4.000000000000000000e+03 7.433058910721901391e-01
4.100000000000000000e+03 7.043722753392225311e-01
4.200000000000000000e+03 7.233560890018724265e-01
4.300000000000000000e+03 7.223600115384892772e-01
4.400000000000000000e+03 7.010980164562639061e-01
4.500000000000000000e+03 7.016254508747592489e-01
4.600000000000000000e+03 7.068222356811918461e-01
4.700000000000000000e+03 7.322650089974794829e-01
4.800000000000000000e+03 7.500866278219675554e-01
4.900000000000000000e+03 7.282056952780586734e-01
5.000000000000000000e+03 7.606816587696110243e-01
5.100000000000000000e+03 7.446716032651878869e-01
5.200000000000000000e+03 7.575175617431402220e-01
5.300000000000000000e+03 7.317819863870134167e-01
5.400000000000000000e+03 7.406803964424909514e-01
5.500000000000000000e+03 7.248060750152295340e-01
5.600000000000000000e+03 7.668324760883651336e-01
5.700000000000000000e+03 7.455930130958041691e-01
5.800000000000000000e+03 7.280543358324924608e-01
5.900000000000000000e+03 7.395902631044741771e-01
6.000000000000000000e+03 7.429613617969560435e-01
6.100000000000000000e+03 7.497536785478750021e-01
6.200000000000000000e+03 7.238757349252045170e-01
6.300000000000000000e+03 7.948348404149068180e-01
6.400000000000000000e+03 7.575776105144578221e-01
6.500000000000000000e+03 7.546702015619102255e-01
6.600000000000000000e+03 7.457808688465682456e-01
6.700000000000000000e+03 7.672553650162546868e-01
6.800000000000000000e+03 7.811071868835222087e-01
6.900000000000000000e+03 7.612152883320031371e-01
7.000000000000000000e+03 7.536777642034488967e-01
7.100000000000000000e+03 7.557400178014428427e-01
7.200000000000000000e+03 7.871839817255470440e-01
7.300000000000000000e+03 7.535998626095339326e-01
7.400000000000000000e+03 7.695722079947283634e-01
7.500000000000000000e+03 7.582641964728557005e-01
7.600000000000000000e+03 7.649390526840943449e-01
7.700000000000000000e+03 7.667832405690880870e-01
7.800000000000000000e+03 7.402965286436119507e-01
7.900000000000000000e+03 7.659689976477305207e-01
8.000000000000000000e+03 7.599050119995452990e-01
8.100000000000000000e+03 7.653629840922735461e-01
8.200000000000000000e+03 7.843894064093651641e-01
8.300000000000000000e+03 7.590930989620555680e-01
8.400000000000000000e+03 7.809182711009088340e-01
8.500000000000000000e+03 7.437536670242784753e-01
8.600000000000000000e+03 7.876000977387873636e-01
8.700000000000000000e+03 7.752184587807409155e-01
8.800000000000000000e+03 7.538011077709677599e-01
8.900000000000000000e+03 8.095718721335528612e-01
9.000000000000000000e+03 7.870808811715718223e-01
9.100000000000000000e+03 7.732093867617088057e-01
9.200000000000000000e+03 7.929944629196826744e-01
9.300000000000000000e+03 7.767998374833354758e-01
9.400000000000000000e+03 7.994684820571230643e-01
9.500000000000000000e+03 7.940405711032098024e-01
9.600000000000000000e+03 7.825325914743925804e-01
9.700000000000000000e+03 7.614758410974032943e-01
9.800000000000000000e+03 7.928156704938613686e-01
9.900000000000000000e+03 7.596666557629323524e-01
1.000000000000000000e+04 7.972958497750092244e-01
1.010000000000000000e+04 7.927293264240753423e-01
1.020000000000000000e+04 8.095798506140791106e-01
1.030000000000000000e+04 8.037686209268868343e-01
1.040000000000000000e+04 7.950129348788725903e-01
1.050000000000000000e+04 8.175298991343549204e-01
1.060000000000000000e+04 8.004861712425728193e-01
1.070000000000000000e+04 8.255956688598552473e-01
1.080000000000000000e+04 8.170045301034170038e-01
1.090000000000000000e+04 8.193321771431812950e-01
1.100000000000000000e+04 8.132282469829078542e-01
1.110000000000000000e+04 8.042637828014118639e-01
1.120000000000000000e+04 8.196033358039320760e-01
1.130000000000000000e+04 8.006884035225165785e-01
1.140000000000000000e+04 8.286618756470697233e-01
1.150000000000000000e+04 8.327944452783735407e-01
1.160000000000000000e+04 8.387989032378468934e-01
1.170000000000000000e+04 8.302326925810074032e-01
1.180000000000000000e+04 8.339477346171797478e-01
1.190000000000000000e+04 8.335245446658610113e-01
1.200000000000000000e+04 8.138355870475776355e-01
1.210000000000000000e+04 8.289644553016779494e-01
1.220000000000000000e+04 8.391524968014463237e-01
1.230000000000000000e+04 8.227977354697858514e-01
1.240000000000000000e+04 8.327486411677214040e-01
1.250000000000000000e+04 8.347767455209583742e-01
1.260000000000000000e+04 8.369204479599592350e-01
1.270000000000000000e+04 8.208732397594662444e-01
1.280000000000000000e+04 8.616445193487747289e-01
1.290000000000000000e+04 8.357155574497006079e-01
1.300000000000000000e+04 8.353338374860778126e-01
1.310000000000000000e+04 8.468125886343733644e-01
1.320000000000000000e+04 8.549378123479987046e-01
1.330000000000000000e+04 8.193626018374254860e-01
1.340000000000000000e+04 8.471065628440017647e-01
1.350000000000000000e+04 8.009084629176282943e-01
1.360000000000000000e+04 8.372107745313395188e-01
1.370000000000000000e+04 8.228858207388822787e-01
1.380000000000000000e+04 8.475118915578461198e-01
1.390000000000000000e+04 8.590736566793973905e-01
1.400000000000000000e+04 8.471837636870593879e-01
1.410000000000000000e+04 8.487904210089501911e-01
1.420000000000000000e+04 8.330611103399389039e-01
1.430000000000000000e+04 8.452425349421796019e-01
1.440000000000000000e+04 8.648512346737295964e-01
1.450000000000000000e+04 8.419696769870188557e-01
1.460000000000000000e+04 8.340586551643989210e-01
1.470000000000000000e+04 8.622322088857968803e-01
1.480000000000000000e+04 8.425009843750392857e-01
1.490000000000000000e+04 8.369107274653295736e-01
1.500000000000000000e+04 8.409936723452078322e-01
1.510000000000000000e+04 8.572695514638856151e-01
1.520000000000000000e+04 8.559503444500499159e-01
1.530000000000000000e+04 8.374495147365411674e-01
1.540000000000000000e+04 8.543625440091333623e-01
1.550000000000000000e+04 8.643046697575568205e-01
1.560000000000000000e+04 8.286977579639567271e-01
1.570000000000000000e+04 8.305527174530713541e-01
1.580000000000000000e+04 8.511025858724617921e-01
1.590000000000000000e+04 8.566819291715368490e-01
1.600000000000000000e+04 8.521157480193199962e-01
1.610000000000000000e+04 8.494407612292586007e-01
1.620000000000000000e+04 8.585932210525429875e-01
1.630000000000000000e+04 8.491995322005210234e-01
1.640000000000000000e+04 8.562077644693649736e-01
1.650000000000000000e+04 8.664629905621754613e-01
1.660000000000000000e+04 8.405816951192350839e-01
1.670000000000000000e+04 8.669568408897689871e-01
1.680000000000000000e+04 8.486349442606732074e-01
1.690000000000000000e+04 8.435028232266330583e-01
1.700000000000000000e+04 8.366451022390107850e-01
1.710000000000000000e+04 8.433594820779528600e-01
1.720000000000000000e+04 8.594776808033922633e-01
1.730000000000000000e+04 8.342363217683043120e-01
1.740000000000000000e+04 8.518365572593584734e-01
1.750000000000000000e+04 8.654150778686723333e-01
1.760000000000000000e+04 8.551629119925061584e-01
1.770000000000000000e+04 8.580038961040059586e-01
1.780000000000000000e+04 8.429199543689878116e-01
1.790000000000000000e+04 8.425036367154695727e-01
1.800000000000000000e+04 8.393611636657033470e-01
1.810000000000000000e+04 8.700143614078683640e-01
1.820000000000000000e+04 8.455176017430865443e-01
1.830000000000000000e+04 8.397979996443074580e-01
1.840000000000000000e+04 8.504152296091889163e-01
1.850000000000000000e+04 8.595258000123520148e-01
1.860000000000000000e+04 8.384500296616798076e-01
1.870000000000000000e+04 8.457549771215955303e-01
1.880000000000000000e+04 8.616730080430556882e-01
1.890000000000000000e+04 8.382366503029805571e-01
1.900000000000000000e+04 8.477322538623897064e-01
1.910000000000000000e+04 8.449838311525851298e-01
1.920000000000000000e+04 8.458991786297688220e-01
1.930000000000000000e+04 8.369685815532670325e-01
1.940000000000000000e+04 8.726017322139680843e-01
1.950000000000000000e+04 8.528559392868370059e-01
1.960000000000000000e+04 8.470976567724506356e-01
1.970000000000000000e+04 8.506868311470487942e-01
1.980000000000000000e+04 8.526904695994008687e-01
1.990000000000000000e+04 8.429092271770924905e-01
2.000000000000000000e+04 8.701245819697283057e-01
2.010000000000000000e+04 8.784883254045168233e-01
2.020000000000000000e+04 8.498335878701013257e-01
2.030000000000000000e+04 8.663024536401452425e-01
2.040000000000000000e+04 8.688884174838095165e-01
2.050000000000000000e+04 8.230181911592869826e-01
2.060000000000000000e+04 8.480840260112345597e-01
2.070000000000000000e+04 8.793456003313179226e-01
2.080000000000000000e+04 8.485841192567236124e-01
2.090000000000000000e+04 8.522793512351747314e-01
2.100000000000000000e+04 8.520932281142631348e-01
2.110000000000000000e+04 8.505157227600286252e-01
2.120000000000000000e+04 8.334054079937760484e-01
2.130000000000000000e+04 8.506635284680652553e-01
2.140000000000000000e+04 8.653725773887888106e-01
2.150000000000000000e+04 8.673069519278149286e-01
2.160000000000000000e+04 8.805549034044314327e-01
2.170000000000000000e+04 8.629461027004116103e-01
2.180000000000000000e+04 8.639749496553223995e-01
2.190000000000000000e+04 8.557996188793335346e-01
2.200000000000000000e+04 8.491936374931760012e-01
2.210000000000000000e+04 8.300675459617862240e-01
2.220000000000000000e+04 8.513098523766935433e-01
2.230000000000000000e+04 8.543228224410650551e-01
2.240000000000000000e+04 8.477401053682964704e-01
2.250000000000000000e+04 8.492353379784542966e-01
2.260000000000000000e+04 8.427016823210116137e-01
2.270000000000000000e+04 8.555060499682509700e-01
2.280000000000000000e+04 8.445190659909675990e-01
2.290000000000000000e+04 8.576471928291535818e-01
2.300000000000000000e+04 8.551470909545137999e-01
2.310000000000000000e+04 8.492693871603499423e-01
2.320000000000000000e+04 8.490865486258736272e-01
2.330000000000000000e+04 8.407998695858137639e-01
2.340000000000000000e+04 8.587066298363116301e-01
2.350000000000000000e+04 8.740680940258860332e-01
2.360000000000000000e+04 8.744852793390964774e-01
2.370000000000000000e+04 8.585193507162731663e-01
2.380000000000000000e+04 8.540724885883194117e-01
2.390000000000000000e+04 8.408692289495245387e-01
2.400000000000000000e+04 8.611907011982651294e-01
2.410000000000000000e+04 8.701644974895463847e-01
2.420000000000000000e+04 8.478370271516082468e-01
2.430000000000000000e+04 8.507865244373751246e-01
2.440000000000000000e+04 8.592743782560191557e-01
2.450000000000000000e+04 8.632553094339470157e-01
2.460000000000000000e+04 8.484377733437594715e-01
2.470000000000000000e+04 8.538836039224549923e-01
2.480000000000000000e+04 8.648300900714409600e-01
2.490000000000000000e+04 8.602424502869396861e-01
2.500000000000000000e+04 8.656420818485247581e-01
2.510000000000000000e+04 8.672895552939602348e-01
2.520000000000000000e+04 8.578778159335159748e-01
2.530000000000000000e+04 8.658858633633818025e-01
2.540000000000000000e+04 8.653051530468303110e-01
2.550000000000000000e+04 8.698520710188500926e-01
2.560000000000000000e+04 8.435383367108212349e-01
2.570000000000000000e+04 8.600212608751033327e-01
2.580000000000000000e+04 8.539918996507063209e-01
2.590000000000000000e+04 8.707277362249035146e-01
2.600000000000000000e+04 8.533952758098193314e-01
2.610000000000000000e+04 8.468498734720916188e-01
2.620000000000000000e+04 8.539886312582757322e-01
2.630000000000000000e+04 8.391556804750028853e-01
2.640000000000000000e+04 8.539927327129691603e-01
2.650000000000000000e+04 8.750963708842455224e-01
2.660000000000000000e+04 8.580303251709541223e-01
2.670000000000000000e+04 8.831846828569557273e-01
2.680000000000000000e+04 8.467576432277049703e-01
2.690000000000000000e+04 8.655536082685509891e-01
2.700000000000000000e+04 8.643304150084725190e-01
2.710000000000000000e+04 8.800193019689982465e-01
2.720000000000000000e+04 8.543568656497146918e-01
2.730000000000000000e+04 8.573309964028348329e-01
2.740000000000000000e+04 8.676663258762775666e-01
2.750000000000000000e+04 8.764115464956654389e-01
2.760000000000000000e+04 8.565905094650611007e-01
2.770000000000000000e+04 8.679181373981224024e-01
2.780000000000000000e+04 8.725727623178169967e-01
2.790000000000000000e+04 8.558923540409493214e-01
2.800000000000000000e+04 8.573456414868069198e-01
2.810000000000000000e+04 8.299486152844938180e-01
2.820000000000000000e+04 8.526667141362490598e-01
2.830000000000000000e+04 8.728672097042621258e-01
2.840000000000000000e+04 8.745701631838648238e-01
2.850000000000000000e+04 8.659913451185430322e-01
2.860000000000000000e+04 8.820743926318294070e-01
2.870000000000000000e+04 8.718146219215971993e-01
2.880000000000000000e+04 8.729640266709701724e-01
2.890000000000000000e+04 8.735484857609049358e-01
2.900000000000000000e+04 8.486354071070982830e-01
2.910000000000000000e+04 8.712643192644646817e-01
2.920000000000000000e+04 8.616187911282222611e-01
2.930000000000000000e+04 8.551126877325031517e-01
2.940000000000000000e+04 8.606569106792860691e-01
2.950000000000000000e+04 8.713180436720769917e-01
2.960000000000000000e+04 8.602049283957725612e-01
2.970000000000000000e+04 8.688183441063802581e-01
2.980000000000000000e+04 8.343231647613245094e-01
2.990000000000000000e+04 8.422040636746190856e-01
3.000000000000000000e+04 8.691352708101947044e-01
