0.000000000000000000e+00 4.828599999999999559e-01
1.000000000000000000e+02 3.474039999999999906e-01
2.000000000000000000e+02 3.718639999999999723e-01
3.000000000000000000e+02 3.583759999999999724e-01
4.000000000000000000e+02 4.118119999999999559e-01
5.000000000000000000e+02 4.479480000000000683e-01
6.000000000000000000e+02 4.647799999999999709e-01
7.000000000000000000e+02 4.879360000000000364e-01
8.000000000000000000e+02 4.913560000000000150e-01
9.000000000000000000e+02 4.985519999999999952e-01
1.000000000000000000e+03 5.327479999999999993e-01
1.100000000000000000e+03 5.719239999999999879e-01
1.200000000000000000e+03 5.773599999999998733e-01
1.300000000000000000e+03 5.485880000000000756e-01
1.400000000000000000e+03 5.654959999999999987e-01
1.500000000000000000e+03 5.879419999999999646e-01
1.600000000000000000e+03 5.947680000000000744e-01
1.700000000000000000e+03 6.020879999999999566e-01
1.800000000000000000e+03 5.751439999999999886e-01
1.900000000000000000e+03 6.020520000000000316e-01
2.000000000000000000e+03 6.343680000000000430e-01
2.100000000000000000e+03 6.418240000000000611e-01
2.200000000000000000e+03 6.289740000000000331e-01
2.300000000000000000e+03 6.403439999999999133e-01
2.400000000000000000e+03 6.723559999999998427e-01
2.500000000000000000e+03 6.795799999999999619e-01
2.600000000000000000e+03 6.581040000000000223e-01
2.700000000000000000e+03 6.629760000000000097e-01
2.800000000000000000e+03 6.479880000000000084e-01
2.900000000000000000e+03 6.596719999999999251e-01
3.000000000000000000e+03 6.825440000000001506e-01
3.100000000000000000e+03 6.840400000000000924e-01
3.200000000000000000e+03 6.721000000000000307e-01
3.300000000000000000e+03 7.215719999999998802e-01
3.400000000000000000e+03 6.982040000000000468e-01
3.500000000000000000e+03 6.686799999999999411e-01
3.600000000000000000e+03 6.763999999999998902e-01
3.700000000000000000e+03 6.842299999999998938e-01
3.800000000000000000e+03 6.963839999999998920e-01
3.900000000000000000e+03 6.916239999999999055e-01
4.000000000000000000e+03 7.061239999999999739e-01
4.100000000000000000e+03 6.705760000000000609e-01
4.200000000000000000e+03 6.958320000000000061e-01
4.300000000000000000e+03 6.946920000000000872e-01
4.400000000000000000e+03 6.691359999999999530e-01
4.500000000000000000e+03 6.752080000000000304e-01
4.600000000000000000e+03 6.785319999999999130e-01
4.700000000000000000e+03 7.157080000000000108e-01
4.800000000000000000e+03 7.252079999999999638e-01
4.900000000000000000e+03 7.074360000000000648e-01
5.000000000000000000e+03 7.280959999999999654e-01
5.100000000000000000e+03 7.239599999999999369e-01
5.200000000000000000e+03 7.315439999999999721e-01
5.300000000000000000e+03 7.026040000000000063e-01
5.400000000000000000e+03 7.111199999999999743e-01
5.500000000000000000e+03 7.123760000000000092e-01
5.600000000000000000e+03 7.479480000000000572e-01
5.700000000000000000e+03 7.324280000000000790e-01
5.800000000000000000e+03 7.089999999999999636e-01
5.900000000000000000e+03 7.127879999999999772e-01
6.000000000000000000e+03 7.159440000000000248e-01
6.100000000000000000e+03 7.092680000000000096e-01
6.200000000000000000e+03 6.958560000000000301e-01
6.300000000000000000e+03 7.671759999999999691e-01
6.400000000000000000e+03 7.240779999999999994e-01
6.500000000000000000e+03 7.400379999999999736e-01
6.600000000000000000e+03 7.237319999999999309e-01
6.700000000000000000e+03 7.406840000000000090e-01
6.800000000000000000e+03 7.606039999999999468e-01
6.900000000000000000e+03 7.514039999999999608e-01
7.000000000000000000e+03 7.385679999999998913e-01
7.100000000000000000e+03 7.289559999999999373e-01
7.200000000000000000e+03 7.756960000000000521e-01
7.300000000000000000e+03 7.409280000000000310e-01
7.400000000000000000e+03 7.553400000000000114e-01
7.500000000000000000e+03 7.384640000000000093e-01
7.600000000000000000e+03 7.541360000000001396e-01
7.700000000000000000e+03 7.546380000000000310e-01
7.800000000000000000e+03 7.189719999999999445e-01
7.900000000000000000e+03 7.604520000000000168e-01
8.000000000000000000e+03 7.526399999999999757e-01
8.100000000000000000e+03 7.579839999999999911e-01
8.200000000000000000e+03 7.655279999999998752e-01
8.300000000000000000e+03 7.439240000000000297e-01
8.400000000000000000e+03 7.682359999999999189e-01
8.500000000000000000e+03 7.304840000000001332e-01
8.600000000000000000e+03 7.839040000000000452e-01
8.700000000000000000e+03 7.570479999999999432e-01
8.800000000000000000e+03 7.396439999999999682e-01
8.900000000000000000e+03 7.919680000000000053e-01
9.000000000000000000e+03 7.794879999999999587e-01
9.100000000000000000e+03 7.699599999999999778e-01
9.200000000000000000e+03 7.759200000000000541e-01
9.300000000000000000e+03 7.745040000000000813e-01
9.400000000000000000e+03 7.837039999999999562e-01
9.500000000000000000e+03 7.875919999999999588e-01
9.600000000000000000e+03 7.866880000000000539e-01
9.700000000000000000e+03 7.495680000000000121e-01
9.800000000000000000e+03 7.820799999999999974e-01
9.900000000000000000e+03 7.565679999999999072e-01
1.000000000000000000e+04 7.962279999999999358e-01
1.010000000000000000e+04 7.837040000000000672e-01
1.020000000000000000e+04 7.934080000000000021e-01
1.030000000000000000e+04 8.007680000000000353e-01
1.040000000000000000e+04 7.860799999999998899e-01
1.050000000000000000e+04 8.014080000000000092e-01
1.060000000000000000e+04 8.107279999999998932e-01
1.070000000000000000e+04 8.160440000000001026e-01
1.080000000000000000e+04 8.177840000000000664e-01
1.090000000000000000e+04 8.219400000000001150e-01
1.100000000000000000e+04 8.072840000000000016e-01
1.110000000000000000e+04 8.089400000000001034e-01
1.120000000000000000e+04 8.106160000000000032e-01
1.130000000000000000e+04 8.052359999999998408e-01
1.140000000000000000e+04 8.273039999999999283e-01
1.150000000000000000e+04 8.405119999999999258e-01
1.160000000000000000e+04 8.410759999999999348e-01
1.170000000000000000e+04 8.353720000000000034e-01
1.180000000000000000e+04 8.305919999999999970e-01
1.190000000000000000e+04 8.319440000000000168e-01
1.200000000000000000e+04 8.199679999999999191e-01
1.210000000000000000e+04 8.364439999999999653e-01
1.220000000000000000e+04 8.422640000000000127e-01
1.230000000000000000e+04 8.274519999999999653e-01
1.240000000000000000e+04 8.413159999999999528e-01
1.250000000000000000e+04 8.414599999999999858e-01
1.260000000000000000e+04 8.440799999999999415e-01
1.270000000000000000e+04 8.216359999999999220e-01
1.280000000000000000e+04 8.667239999999999389e-01
1.290000000000000000e+04 8.403039999999999399e-01
1.300000000000000000e+04 8.219480000000000119e-01
1.310000000000000000e+04 8.429519999999999236e-01
1.320000000000000000e+04 8.492240000000000899e-01
1.330000000000000000e+04 8.231199999999999628e-01
1.340000000000000000e+04 8.497439999999998328e-01
1.350000000000000000e+04 8.179079999999998574e-01
1.360000000000000000e+04 8.415440000000000698e-01
1.370000000000000000e+04 8.266240000000000254e-01
1.380000000000000000e+04 8.480399999999999050e-01
1.390000000000000000e+04 8.588520000000000598e-01
1.400000000000000000e+04 8.505560000000000898e-01
1.410000000000000000e+04 8.469880000000000742e-01
1.420000000000000000e+04 8.375719999999999832e-01
1.430000000000000000e+04 8.416359999999999397e-01
1.440000000000000000e+04 8.686360000000000747e-01
1.450000000000000000e+04 8.443439999999999834e-01
1.460000000000000000e+04 8.360160000000000924e-01
1.470000000000000000e+04 8.639919999999998712e-01
1.480000000000000000e+04 8.425359999999999516e-01
1.490000000000000000e+04 8.381679999999999131e-01
1.500000000000000000e+04 8.479439999999999200e-01
1.510000000000000000e+04 8.560719999999999441e-01
1.520000000000000000e+04 8.615639999999998855e-01
1.530000000000000000e+04 8.364599999999999813e-01
1.540000000000000000e+04 8.525920000000000165e-01
1.550000000000000000e+04 8.613959999999999395e-01
1.560000000000000000e+04 8.396440000000000570e-01
1.570000000000000000e+04 8.309360000000001190e-01
1.580000000000000000e+04 8.506359999999998367e-01
1.590000000000000000e+04 8.584239999999998538e-01
1.600000000000000000e+04 8.529879999999999685e-01
1.610000000000000000e+04 8.442319999999999824e-01
1.620000000000000000e+04 8.573399999999998800e-01
1.630000000000000000e+04 8.539799999999999613e-01
1.640000000000000000e+04 8.575639999999999930e-01
1.650000000000000000e+04 8.647759999999999891e-01
1.660000000000000000e+04 8.421160000000000867e-01
1.670000000000000000e+04 8.617399999999999505e-01
1.680000000000000000e+04 8.582760000000000389e-01
1.690000000000000000e+04 8.452720000000001344e-01
1.700000000000000000e+04 8.351359999999999895e-01
1.710000000000000000e+04 8.450599999999999223e-01
1.720000000000000000e+04 8.626279999999999504e-01
1.730000000000000000e+04 8.490640000000000409e-01
1.740000000000000000e+04 8.505279999999999507e-01
1.750000000000000000e+04 8.628159999999999163e-01
1.760000000000000000e+04 8.616719999999999935e-01
1.770000000000000000e+04 8.629999999999998783e-01
1.780000000000000000e+04 8.474399999999999711e-01
1.790000000000000000e+04 8.471080000000001942e-01
1.800000000000000000e+04 8.479559999999999320e-01
1.810000000000000000e+04 8.710479999999999334e-01
1.820000000000000000e+04 8.480319999999998970e-01
1.830000000000000000e+04 8.434839999999999005e-01
1.840000000000000000e+04 8.424000000000000377e-01
1.850000000000000000e+04 8.569279999999999120e-01
1.860000000000000000e+04 8.319280000000000008e-01
1.870000000000000000e+04 8.437719999999999665e-01
1.880000000000000000e+04 8.608359999999999346e-01
1.890000000000000000e+04 8.376719999999999722e-01
1.900000000000000000e+04 8.519680000000000586e-01
1.910000000000000000e+04 8.494840000000000169e-01
1.920000000000000000e+04 8.562959999999999461e-01
1.930000000000000000e+04 8.419559999999999267e-01
1.940000000000000000e+04 8.733440000000000092e-01
1.950000000000000000e+04 8.536759999999998794e-01
1.960000000000000000e+04 8.428320000000000256e-01
1.970000000000000000e+04 8.491520000000000179e-01
1.980000000000000000e+04 8.614040000000000585e-01
1.990000000000000000e+04 8.435880000000000045e-01
2.000000000000000000e+04 8.616439999999999655e-01
2.010000000000000000e+04 8.735800000000000232e-01
2.020000000000000000e+04 8.538680000000000714e-01
2.030000000000000000e+04 8.629240000000000244e-01
2.040000000000000000e+04 8.668839999999999879e-01
2.050000000000000000e+04 8.344400000000000706e-01
2.060000000000000000e+04 8.495679999999999898e-01
2.070000000000000000e+04 8.784680000000000266e-01
2.080000000000000000e+04 8.500759999999999428e-01
2.090000000000000000e+04 8.517360000000000486e-01
2.100000000000000000e+04 8.576639999999999819e-01
2.110000000000000000e+04 8.538160000000000194e-01
2.120000000000000000e+04 8.427559999999999496e-01
2.130000000000000000e+04 8.487199999999999189e-01
2.140000000000000000e+04 8.650919999999999721e-01
2.150000000000000000e+04 8.744560000000000111e-01
2.160000000000000000e+04 8.806800000000000184e-01
2.170000000000000000e+04 8.660719999999999530e-01
2.180000000000000000e+04 8.651039999999999841e-01
2.190000000000000000e+04 8.603759999999998076e-01
2.200000000000000000e+04 8.472680000000001321e-01
2.210000000000000000e+04 8.478320000000000300e-01
2.220000000000000000e+04 8.479999999999998650e-01
2.230000000000000000e+04 8.553999999999999382e-01
2.240000000000000000e+04 8.464160000000000572e-01
2.250000000000000000e+04 8.471159999999999801e-01
2.260000000000000000e+04 8.464280000000001802e-01
2.270000000000000000e+04 8.588439999999999408e-01
2.280000000000000000e+04 8.466639999999999722e-01
2.290000000000000000e+04 8.531199999999999894e-01
2.300000000000000000e+04 8.563199999999999701e-01
2.310000000000000000e+04 8.517079999999999096e-01
2.320000000000000000e+04 8.456200000000000383e-01
2.330000000000000000e+04 8.351639999999999064e-01
2.340000000000000000e+04 8.634760000000000213e-01
2.350000000000000000e+04 8.673720000000000319e-01
2.360000000000000000e+04 8.713400000000000034e-01
2.370000000000000000e+04 8.547519999999999563e-01
2.380000000000000000e+04 8.648719999999998631e-01
2.390000000000000000e+04 8.467239999999999212e-01
2.400000000000000000e+04 8.627760000000000984e-01
2.410000000000000000e+04 8.662800000000000500e-01
2.420000000000000000e+04 8.525159999999999405e-01
2.430000000000000000e+04 8.441880000000000495e-01
2.440000000000000000e+04 8.559400000000000341e-01
2.450000000000000000e+04 8.630519999999999303e-01
2.460000000000000000e+04 8.482319999999999860e-01
2.470000000000000000e+04 8.579479999999999329e-01
2.480000000000000000e+04 8.642599999999999172e-01
2.490000000000000000e+04 8.633159999999999723e-01
2.500000000000000000e+04 8.616480000000000805e-01
2.510000000000000000e+04 8.652359999999998941e-01
2.520000000000000000e+04 8.576399999999999579e-01
2.530000000000000000e+04 8.590799999999998438e-01
2.540000000000000000e+04 8.611240000000001116e-01
2.550000000000000000e+04 8.681800000000001738e-01
2.560000000000000000e+04 8.456559999999998523e-01
2.570000000000000000e+04 8.614080000000000625e-01
2.580000000000000000e+04 8.565599999999999881e-01
2.590000000000000000e+04 8.687519999999999687e-01
2.600000000000000000e+04 8.547240000000000393e-01
2.610000000000000000e+04 8.506879999999998887e-01
2.620000000000000000e+04 8.546119999999999273e-01
2.630000000000000000e+04 8.449079999999999924e-01
2.640000000000000000e+04 8.509720000000000617e-01
2.650000000000000000e+04 8.704599999999999005e-01
2.660000000000000000e+04 8.608759999999999746e-01
2.670000000000000000e+04 8.876799999999999136e-01
2.680000000000000000e+04 8.546879999999998923e-01
2.690000000000000000e+04 8.649880000000000901e-01
2.700000000000000000e+04 8.701999999999999735e-01
2.710000000000000000e+04 8.894839999999999414e-01
2.720000000000000000e+04 8.598400000000000487e-01
2.730000000000000000e+04 8.603520000000000056e-01
2.740000000000000000e+04 8.617480000000000695e-01
2.750000000000000000e+04 8.806919999999999193e-01
2.760000000000000000e+04 8.507520000000000637e-01
2.770000000000000000e+04 8.681440000000000268e-01
2.780000000000000000e+04 8.734319999999999862e-01
2.790000000000000000e+04 8.574439999999998729e-01
2.800000000000000000e+04 8.621519999999999184e-01
2.810000000000000000e+04 8.319879999999999498e-01
2.820000000000000000e+04 8.509599999999998277e-01
2.830000000000000000e+04 8.738759999999999861e-01
2.840000000000000000e+04 8.786480000000000956e-01
2.850000000000000000e+04 8.668040000000001299e-01
2.860000000000000000e+04 8.816440000000000943e-01
2.870000000000000000e+04 8.651839999999999531e-01
2.880000000000000000e+04 8.739919999999999911e-01
2.890000000000000000e+04 8.772999999999999687e-01
2.900000000000000000e+04 8.436279999999999335e-01
2.910000000000000000e+04 8.750319999999999210e-01
2.920000000000000000e+04 8.637159999999999282e-01
2.930000000000000000e+04 8.592120000000000868e-01
2.940000000000000000e+04 8.659120000000000150e-01
2.950000000000000000e+04 8.739639999999999631e-01
2.960000000000000000e+04 8.639999999999998792e-01
2.970000000000000000e+04 8.700480000000000436e-01
2.980000000000000000e+04 8.413680000000000048e-01
2.990000000000000000e+04 8.356319999999999304e-01
3.000000000000000000e+04 8.712120000000000974e-01
