0.000000000000000000e+00 5.308977438685117400e-01
1.000000000000000000e+02 3.822092299738069077e-01
2.000000000000000000e+02 4.073040232716993447e-01
3.000000000000000000e+02 4.201493619869173246e-01
4.000000000000000000e+02 4.303987653217442588e-01
5.000000000000000000e+02 4.457413617706841302e-01
6.000000000000000000e+02 4.493219404091848834e-01
7.000000000000000000e+02 4.829903911136629313e-01
8.000000000000000000e+02 4.866388071611921218e-01
9.000000000000000000e+02 4.868772274301768621e-01
1.000000000000000000e+03 5.013203644001473780e-01
1.100000000000000000e+03 5.242326207370988644e-01
1.200000000000000000e+03 5.288144611824038277e-01
1.300000000000000000e+03 5.096239581330395119e-01
1.400000000000000000e+03 5.357627959368346238e-01
1.500000000000000000e+03 5.701126799951212742e-01
1.600000000000000000e+03 5.698061505637477264e-01
1.700000000000000000e+03 5.759425553632496753e-01
1.800000000000000000e+03 6.385716782231170008e-01
1.900000000000000000e+03 6.485857354869123403e-01
2.000000000000000000e+03 6.174585473074651887e-01
2.100000000000000000e+03 6.446449264048941252e-01
2.200000000000000000e+03 6.701583039533721697e-01
2.300000000000000000e+03 7.036708221287566456e-01
2.400000000000000000e+03 6.707367071051016927e-01
2.500000000000000000e+03 6.766367368399539561e-01
2.600000000000000000e+03 7.067315362126699307e-01
2.700000000000000000e+03 6.876139093710946781e-01
2.800000000000000000e+03 7.450879090169311159e-01
2.900000000000000000e+03 7.561856445098015245e-01
3.000000000000000000e+03 7.321893498920036825e-01
3.100000000000000000e+03 7.517937468871720430e-01
3.200000000000000000e+03 7.533244195805900434e-01
3.300000000000000000e+03 7.938011152534727444e-01
3.400000000000000000e+03 7.949983276689908118e-01
3.500000000000000000e+03 8.056226909415589166e-01
3.600000000000000000e+03 8.198451390870571398e-01
3.700000000000000000e+03 8.279774489744072818e-01
3.800000000000000000e+03 8.392521424752753534e-01
3.900000000000000000e+03 8.130989096561077600e-01
4.000000000000000000e+03 8.276618574888041646e-01
4.100000000000000000e+03 8.267003871058939968e-01
4.200000000000000000e+03 8.451629207561222046e-01
4.300000000000000000e+03 8.423648271715489244e-01
4.400000000000000000e+03 8.613914943127806145e-01
4.500000000000000000e+03 8.629309319113326326e-01
4.600000000000000000e+03 8.605077218125587457e-01
4.700000000000000000e+03 8.704940423272906624e-01
4.800000000000000000e+03 8.742047490289779343e-01
4.900000000000000000e+03 8.895460030081592251e-01
5.000000000000000000e+03 8.744578606819652933e-01
5.100000000000000000e+03 8.750452948119006313e-01
5.200000000000000000e+03 8.795814534984713884e-01
5.300000000000000000e+03 8.939623997607182293e-01
5.400000000000000000e+03 8.861549260522202376e-01
5.500000000000000000e+03 8.962224912229308504e-01
5.600000000000000000e+03 8.948027834368805777e-01
5.700000000000000000e+03 8.971494160808541896e-01
5.800000000000000000e+03 8.977695834967953648e-01
5.900000000000000000e+03 8.973224843450054999e-01
6.000000000000000000e+03 9.095681315732951910e-01
6.100000000000000000e+03 9.068831790109249669e-01
6.200000000000000000e+03 9.073643176973318347e-01
6.300000000000000000e+03 9.068316399506884951e-01
6.400000000000000000e+03 9.115387997866871705e-01
6.500000000000000000e+03 9.123046848907931938e-01
6.600000000000000000e+03 9.142216392507926948e-01
6.700000000000000000e+03 9.168514283884483529e-01
6.800000000000000000e+03 9.108158310940950297e-01
6.900000000000000000e+03 9.160746554940941699e-01
7.000000000000000000e+03 9.165547721756549526e-01
7.100000000000000000e+03 9.114657951710520845e-01
7.200000000000000000e+03 9.191103363506913926e-01
7.300000000000000000e+03 9.265408593546673455e-01
7.400000000000000000e+03 9.330601754420559946e-01
7.500000000000000000e+03 9.291729029231355907e-01
7.600000000000000000e+03 9.239633328736992501e-01
7.700000000000000000e+03 9.223151700899276939e-01
7.800000000000000000e+03 9.317526765367161179e-01
7.900000000000000000e+03 9.291494560953613702e-01
8.000000000000000000e+03 9.345915459095949229e-01
8.100000000000000000e+03 9.335114718770068931e-01
8.200000000000000000e+03 9.306320718300566952e-01
8.300000000000000000e+03 9.326501717384577672e-01
8.400000000000000000e+03 9.389816103734383024e-01
8.500000000000000000e+03 9.371820454937247469e-01
8.600000000000000000e+03 9.390717494139236843e-01
8.700000000000000000e+03 9.342119934180452834e-01
8.800000000000000000e+03 9.369716337064450951e-01
8.900000000000000000e+03 9.350236518588379564e-01
9.000000000000000000e+03 9.389474146687403211e-01
9.100000000000000000e+03 9.378098736082586262e-01
9.200000000000000000e+03 9.360612250006684620e-01
9.300000000000000000e+03 9.417725912287503442e-01
9.400000000000000000e+03 9.388917430299562605e-01
9.500000000000000000e+03 9.443966904825384923e-01
9.600000000000000000e+03 9.410486263025071851e-01
9.700000000000000000e+03 9.420393168514321625e-01
9.800000000000000000e+03 9.390898560931303374e-01
9.900000000000000000e+03 9.427597984764929384e-01
1.000000000000000000e+04 9.506511263043954107e-01
1.010000000000000000e+04 9.465182766030747485e-01
1.020000000000000000e+04 9.467664923743874805e-01
1.030000000000000000e+04 9.439907016559238029e-01
1.040000000000000000e+04 9.501002618091084484e-01
1.050000000000000000e+04 9.507734789117567864e-01
1.060000000000000000e+04 9.456872393709724323e-01
1.070000000000000000e+04 9.487945133541377807e-01
1.080000000000000000e+04 9.495778722587450149e-01
1.090000000000000000e+04 9.527061533838304674e-01
1.100000000000000000e+04 9.537749448353556314e-01
1.110000000000000000e+04 9.552259395259287134e-01
1.120000000000000000e+04 9.537437937054534798e-01
1.130000000000000000e+04 9.560443455817316805e-01
1.140000000000000000e+04 9.545955886197119433e-01
1.150000000000000000e+04 9.588870560753222083e-01
1.160000000000000000e+04 9.548961845914429869e-01
1.170000000000000000e+04 9.600701971823804026e-01
1.180000000000000000e+04 9.567814662887084154e-01
1.190000000000000000e+04 9.604455291126329231e-01
1.200000000000000000e+04 9.646118300670178947e-01
1.210000000000000000e+04 9.620112491830649093e-01
1.220000000000000000e+04 9.609044722949175998e-01
1.230000000000000000e+04 9.604854856525639750e-01
1.240000000000000000e+04 9.634107159282714328e-01
1.250000000000000000e+04 9.646257247476655028e-01
1.260000000000000000e+04 9.653155989564743411e-01
1.270000000000000000e+04 9.663917242504549421e-01
1.280000000000000000e+04 9.651296957228984175e-01
1.290000000000000000e+04 9.730992295033736861e-01
1.300000000000000000e+04 9.630840760098094977e-01
1.310000000000000000e+04 9.716606092463851985e-01
1.320000000000000000e+04 9.717274024127819931e-01
1.330000000000000000e+04 9.699136510892384377e-01
1.340000000000000000e+04 9.694625920919608397e-01
1.350000000000000000e+04 9.741884615029868799e-01
1.360000000000000000e+04 9.723974172723754972e-01
1.370000000000000000e+04 9.726472898243844201e-01
1.380000000000000000e+04 9.757877524260605284e-01
1.390000000000000000e+04 9.753249346144389209e-01
1.400000000000000000e+04 9.770795521606886469e-01
1.410000000000000000e+04 9.742725270581386043e-01
1.420000000000000000e+04 9.759174000121576542e-01
1.430000000000000000e+04 9.768911866259357701e-01
1.440000000000000000e+04 9.761300763543702130e-01
1.450000000000000000e+04 9.762511984016331024e-01
1.460000000000000000e+04 9.756352328721835665e-01
1.470000000000000000e+04 9.782569806048712069e-01
1.480000000000000000e+04 9.783571440948924947e-01
1.490000000000000000e+04 9.798789027898421322e-01
1.500000000000000000e+04 9.778367933641042287e-01
1.510000000000000000e+04 9.811350641212992496e-01
1.520000000000000000e+04 9.788760586662124119e-01
1.530000000000000000e+04 9.799891921987077259e-01
1.540000000000000000e+04 9.802857528711141910e-01
1.550000000000000000e+04 9.797748754205293231e-01
1.560000000000000000e+04 9.811467133447646649e-01
1.570000000000000000e+04 9.801702056122710838e-01
1.580000000000000000e+04 9.784848956724730984e-01
1.590000000000000000e+04 9.805176485159776689e-01
1.600000000000000000e+04 9.791817964228437532e-01
1.610000000000000000e+04 9.800422412319471643e-01
1.620000000000000000e+04 9.807629799953798688e-01
1.630000000000000000e+04 9.801134447648871539e-01
1.640000000000000000e+04 9.794891572540354030e-01
1.650000000000000000e+04 9.792989181885081162e-01
1.660000000000000000e+04 9.812743708497890793e-01
1.670000000000000000e+04 9.793793351657910096e-01
1.680000000000000000e+04 9.807374998721520853e-01
1.690000000000000000e+04 9.812920115099211804e-01
1.700000000000000000e+04 9.827078841234875295e-01
1.710000000000000000e+04 9.836141667433161428e-01
1.720000000000000000e+04 9.812133445464317205e-01
1.730000000000000000e+04 9.820144844720977151e-01
1.740000000000000000e+04 9.836837761267871461e-01
1.750000000000000000e+04 9.850812887801428941e-01
1.760000000000000000e+04 9.827550083527645253e-01
1.770000000000000000e+04 9.827860490464612742e-01
1.780000000000000000e+04 9.831346000254360673e-01
1.790000000000000000e+04 9.832642059208036578e-01
1.800000000000000000e+04 9.848425417010323590e-01
1.810000000000000000e+04 9.834350769471447151e-01
1.820000000000000000e+04 9.865067712465738214e-01
1.830000000000000000e+04 9.837016813897784262e-01
1.840000000000000000e+04 9.835384264110255126e-01
1.850000000000000000e+04 9.840496263966507229e-01
1.860000000000000000e+04 9.871038275942533025e-01
1.870000000000000000e+04 9.841194772003880598e-01
1.880000000000000000e+04 9.852043128718399601e-01
1.890000000000000000e+04 9.860251779813861139e-01
1.900000000000000000e+04 9.837578628121484980e-01
1.910000000000000000e+04 9.854648926998741398e-01
1.920000000000000000e+04 9.853674990277976331e-01
1.930000000000000000e+04 9.897467891950609831e-01
1.940000000000000000e+04 9.848666239441528081e-01
1.950000000000000000e+04 9.869937284336672834e-01
1.960000000000000000e+04 9.860231365526278546e-01
1.970000000000000000e+04 9.859510667792076299e-01
1.980000000000000000e+04 9.862113938387566670e-01
1.990000000000000000e+04 9.857241439753523515e-01
2.000000000000000000e+04 9.857600408592767094e-01
2.010000000000000000e+04 9.869203290334168654e-01
2.020000000000000000e+04 9.864994453716464662e-01
2.030000000000000000e+04 9.849575210692737004e-01
2.040000000000000000e+04 9.853935645705832469e-01
2.050000000000000000e+04 9.862620961449306556e-01
2.060000000000000000e+04 9.848544390790365810e-01
2.070000000000000000e+04 9.844784764915078812e-01
2.080000000000000000e+04 9.827506486958255127e-01
2.090000000000000000e+04 9.867279632124947852e-01
2.100000000000000000e+04 9.833790123244758874e-01
2.110000000000000000e+04 9.854244184018181585e-01
2.120000000000000000e+04 9.855981990416174954e-01
2.130000000000000000e+04 9.855789779216359570e-01
2.140000000000000000e+04 9.870126440570359261e-01
2.150000000000000000e+04 9.875831541475073028e-01
2.160000000000000000e+04 9.857931599446692061e-01
2.170000000000000000e+04 9.832360207009018804e-01
2.180000000000000000e+04 9.854863138537506284e-01
2.190000000000000000e+04 9.860791327536796436e-01
2.200000000000000000e+04 9.881138248494559795e-01
2.210000000000000000e+04 9.876195315565815536e-01
2.220000000000000000e+04 9.867173933824299192e-01
2.230000000000000000e+04 9.876423804600104051e-01
2.240000000000000000e+04 9.877469307084413286e-01
2.250000000000000000e+04 9.849755706686790235e-01
2.260000000000000000e+04 9.879971958556296174e-01
2.270000000000000000e+04 9.883183593397726341e-01
2.280000000000000000e+04 9.857534287943968687e-01
2.290000000000000000e+04 9.867514031479911463e-01
2.300000000000000000e+04 9.862087001506846251e-01
2.310000000000000000e+04 9.861539914878654223e-01
2.320000000000000000e+04 9.865927756360208800e-01
2.330000000000000000e+04 9.859248558788742400e-01
2.340000000000000000e+04 9.857925236534713642e-01
2.350000000000000000e+04 9.877866784755924279e-01
2.360000000000000000e+04 9.866770339759636244e-01
2.370000000000000000e+04 9.873406563843566408e-01
2.380000000000000000e+04 9.844271947662790456e-01
2.390000000000000000e+04 9.885882096854046175e-01
2.400000000000000000e+04 9.876121620074300722e-01
2.410000000000000000e+04 9.851672747295132648e-01
2.420000000000000000e+04 9.878051165953636303e-01
2.430000000000000000e+04 9.864382161190395903e-01
2.440000000000000000e+04 9.873511916181358927e-01
2.450000000000000000e+04 9.876283871637240308e-01
2.460000000000000000e+04 9.860713670489731353e-01
2.470000000000000000e+04 9.848538485853881586e-01
2.480000000000000000e+04 9.877011696805713115e-01
2.490000000000000000e+04 9.866546927894856989e-01
2.500000000000000000e+04 9.857614964797183355e-01
2.510000000000000000e+04 9.888767316404426522e-01
2.520000000000000000e+04 9.863738709934941618e-01
2.530000000000000000e+04 9.850803901617500857e-01
2.540000000000000000e+04 9.859210721031386182e-01
2.550000000000000000e+04 9.842065929396841550e-01
2.560000000000000000e+04 9.897553982509637027e-01
2.570000000000000000e+04 9.854857160686782969e-01
2.580000000000000000e+04 9.876313896264925507e-01
2.590000000000000000e+04 9.874209740304840111e-01
2.600000000000000000e+04 9.897556741214211806e-01
2.610000000000000000e+04 9.884274810904828401e-01
2.620000000000000000e+04 9.845334433415131592e-01
2.630000000000000000e+04 9.853278868790773526e-01
2.640000000000000000e+04 9.854448881593586007e-01
2.650000000000000000e+04 9.882512570790157325e-01
2.660000000000000000e+04 9.880649875942495441e-01
2.670000000000000000e+04 9.877324323145090235e-01
2.680000000000000000e+04 9.856125674991065289e-01
2.690000000000000000e+04 9.866114922395169406e-01
2.700000000000000000e+04 9.856644006293286964e-01
2.710000000000000000e+04 9.859924273878419854e-01
2.720000000000000000e+04 9.859374185479881092e-01
2.730000000000000000e+04 9.859985671717144129e-01
2.740000000000000000e+04 9.878315336105164546e-01
2.750000000000000000e+04 9.868350976848956346e-01
2.760000000000000000e+04 9.897074057628311161e-01
2.770000000000000000e+04 9.892216198691458073e-01
2.780000000000000000e+04 9.865809842587569545e-01
2.790000000000000000e+04 9.874727390491793155e-01
2.800000000000000000e+04 9.889803972765883744e-01
2.810000000000000000e+04 9.867324844575116050e-01
2.820000000000000000e+04 9.880042633532820640e-01
2.830000000000000000e+04 9.871247552683501958e-01
2.840000000000000000e+04 9.889073975268826144e-01
2.850000000000000000e+04 9.849888398853234861e-01
2.860000000000000000e+04 9.861966228494134512e-01
2.870000000000000000e+04 9.873272000372069757e-01
2.880000000000000000e+04 9.879919849393917763e-01
2.890000000000000000e+04 9.849207621233857513e-01
2.900000000000000000e+04 9.861711865427466028e-01
2.910000000000000000e+04 9.864092812627134332e-01
2.920000000000000000e+04 9.882241667436125754e-01
2.930000000000000000e+04 9.867218529745785949e-01
2.940000000000000000e+04 9.863395064015175739e-01
2.950000000000000000e+04 9.882785236673725660e-01
2.960000000000000000e+04 9.891069681485334941e-01
2.970000000000000000e+04 9.882155453191630023e-01
2.980000000000000000e+04 9.861013498931290311e-01
2.990000000000000000e+04 9.883465293371735960e-01
3.000000000000000000e+04 9.872493479624877555e-01
