0.000000000000000000e+00 5.432879999999999932e-01
1.000000000000000000e+02 3.054959999999999898e-01
2.000000000000000000e+02 3.582839999999999914e-01
3.000000000000000000e+02 3.964560000000000306e-01
4.000000000000000000e+02 4.161279999999999979e-01
5.000000000000000000e+02 4.382960000000000189e-01
6.000000000000000000e+02 4.455999999999999961e-01
7.000000000000000000e+02 5.086840000000000250e-01
8.000000000000000000e+02 5.079919999999999991e-01
9.000000000000000000e+02 5.047160000000000535e-01
1.000000000000000000e+03 5.178619999999999335e-01
1.100000000000000000e+03 5.647320000000000118e-01
1.200000000000000000e+03 5.617440000000000211e-01
1.300000000000000000e+03 5.459479999999998778e-01
1.400000000000000000e+03 5.785319999999999352e-01
1.500000000000000000e+03 6.011719999999999287e-01
1.600000000000000000e+03 6.055320000000000702e-01
1.700000000000000000e+03 6.105039999999999356e-01
1.800000000000000000e+03 6.522320000000000340e-01
1.900000000000000000e+03 6.650479999999999725e-01
2.000000000000000000e+03 6.455239999999999867e-01
2.100000000000000000e+03 6.690439999999999721e-01
2.200000000000000000e+03 6.894079999999997987e-01
2.300000000000000000e+03 7.069960000000000688e-01
2.400000000000000000e+03 6.905360000000000387e-01
2.500000000000000000e+03 7.070479999999998988e-01
2.600000000000000000e+03 7.191560000000000175e-01
2.700000000000000000e+03 7.230480000000000240e-01
2.800000000000000000e+03 7.502759999999999430e-01
2.900000000000000000e+03 7.532039999999999846e-01
3.000000000000000000e+03 7.356599999999999806e-01
3.100000000000000000e+03 7.535079999999999556e-01
3.200000000000000000e+03 7.685199999999999809e-01
3.300000000000000000e+03 7.850039999999999241e-01
3.400000000000000000e+03 7.898680000000000145e-01
3.500000000000000000e+03 8.029360000000000941e-01
3.600000000000000000e+03 8.140840000000000298e-01
3.700000000000000000e+03 8.198399999999999022e-01
3.800000000000000000e+03 8.190200000000000813e-01
3.900000000000000000e+03 8.106099999999998307e-01
4.000000000000000000e+03 8.176759999999999584e-01
4.100000000000000000e+03 8.188360000000001193e-01
4.200000000000000000e+03 8.337280000000000246e-01
4.300000000000000000e+03 8.286679999999999602e-01
4.400000000000000000e+03 8.413440000000000918e-01
4.500000000000000000e+03 8.433280000000000776e-01
4.600000000000000000e+03 8.419439999999999147e-01
4.700000000000000000e+03 8.459239999999998982e-01
4.800000000000000000e+03 8.507320000000000437e-01
4.900000000000000000e+03 8.701519999999998145e-01
5.000000000000000000e+03 8.528959999999999875e-01
5.100000000000000000e+03 8.520719999999999406e-01
5.200000000000000000e+03 8.589559999999999418e-01
5.300000000000000000e+03 8.678759999999999808e-01
5.400000000000000000e+03 8.606679999999998776e-01
5.500000000000000000e+03 8.654319999999999791e-01
5.600000000000000000e+03 8.700920000000000876e-01
5.700000000000000000e+03 8.726920000000000233e-01
5.800000000000000000e+03 8.701959999999999695e-01
5.900000000000000000e+03 8.750679999999999570e-01
6.000000000000000000e+03 8.855640000000000178e-01
6.100000000000000000e+03 8.824880000000000502e-01
6.200000000000000000e+03 8.865079999999999627e-01
6.300000000000000000e+03 8.836840000000000250e-01
6.400000000000000000e+03 8.872359999999999136e-01
6.500000000000000000e+03 8.862280000000000157e-01
6.600000000000000000e+03 8.869720000000000937e-01
6.700000000000000000e+03 8.924319999999998920e-01
6.800000000000000000e+03 8.840479999999999450e-01
6.900000000000000000e+03 8.889080000000000314e-01
7.000000000000000000e+03 8.868000000000000327e-01
7.100000000000000000e+03 8.894679999999999254e-01
7.200000000000000000e+03 8.946039999999999548e-01
7.300000000000000000e+03 8.992799999999999683e-01
7.400000000000000000e+03 9.099519999999999831e-01
7.500000000000000000e+03 9.044680000000000497e-01
7.600000000000000000e+03 9.011519999999999531e-01
7.700000000000000000e+03 8.970019999999999660e-01
7.800000000000000000e+03 9.064119999999999955e-01
7.900000000000000000e+03 9.089719999999998912e-01
8.000000000000000000e+03 9.123159999999999048e-01
8.100000000000000000e+03 9.096519999999999051e-01
8.200000000000000000e+03 9.085360000000000102e-01
8.300000000000000000e+03 9.102559999999999540e-01
8.400000000000000000e+03 9.189800000000000191e-01
8.500000000000000000e+03 9.175880000000000702e-01
8.600000000000000000e+03 9.167680000000000273e-01
8.700000000000000000e+03 9.128959999999999297e-01
8.800000000000000000e+03 9.177079999999999682e-01
8.900000000000000000e+03 9.127919999999999368e-01
9.000000000000000000e+03 9.153160000000000185e-01
9.100000000000000000e+03 9.174559999999999382e-01
9.200000000000000000e+03 9.138039999999998386e-01
9.300000000000000000e+03 9.219760000000000177e-01
9.400000000000000000e+03 9.194799999999998530e-01
9.500000000000000000e+03 9.246079999999998744e-01
9.600000000000000000e+03 9.209359999999999769e-01
9.700000000000000000e+03 9.230760000000000076e-01
9.800000000000000000e+03 9.183439999999999381e-01
9.900000000000000000e+03 9.237319999999999975e-01
1.000000000000000000e+04 9.334119999999999084e-01
1.010000000000000000e+04 9.273799999999999821e-01
1.020000000000000000e+04 9.289720000000000200e-01
1.030000000000000000e+04 9.233080000000000176e-01
1.040000000000000000e+04 9.313800000000000967e-01
1.050000000000000000e+04 9.334480000000000555e-01
1.060000000000000000e+04 9.268720000000000292e-01
1.070000000000000000e+04 9.300319999999999698e-01
1.080000000000000000e+04 9.310039999999999427e-01
1.090000000000000000e+04 9.358919999999999462e-01
1.100000000000000000e+04 9.383639999999999759e-01
1.110000000000000000e+04 9.395080000000000098e-01
1.120000000000000000e+04 9.370759999999999090e-01
1.130000000000000000e+04 9.398639999999998107e-01
1.140000000000000000e+04 9.376240000000000130e-01
1.150000000000000000e+04 9.435960000000001013e-01
1.160000000000000000e+04 9.385679999999999579e-01
1.170000000000000000e+04 9.458999999999999631e-01
1.180000000000000000e+04 9.424720000000000875e-01
1.190000000000000000e+04 9.458480000000000221e-01
1.200000000000000000e+04 9.526360000000000383e-01
1.210000000000000000e+04 9.484960000000000058e-01
1.220000000000000000e+04 9.469560000000000199e-01
1.230000000000000000e+04 9.473320000000000629e-01
1.240000000000000000e+04 9.521720000000000184e-01
1.250000000000000000e+04 9.531279999999999752e-01
1.260000000000000000e+04 9.536240000000000272e-01
1.270000000000000000e+04 9.554799999999999960e-01
1.280000000000000000e+04 9.545400000000000551e-01
1.290000000000000000e+04 9.646760000000000890e-01
1.300000000000000000e+04 9.519919999999999494e-01
1.310000000000000000e+04 9.627120000000000122e-01
1.320000000000000000e+04 9.635799999999999921e-01
1.330000000000000000e+04 9.612559999999998883e-01
1.340000000000000000e+04 9.607440000000000424e-01
1.350000000000000000e+04 9.664960000000000218e-01
1.360000000000000000e+04 9.644639999999998770e-01
1.370000000000000000e+04 9.640919999999999490e-01
1.380000000000000000e+04 9.686479999999999535e-01
1.390000000000000000e+04 9.678200000000000136e-01
1.400000000000000000e+04 9.701719999999999233e-01
1.410000000000000000e+04 9.670279999999999987e-01
1.420000000000000000e+04 9.691679999999999184e-01
1.430000000000000000e+04 9.702679999999999083e-01
1.440000000000000000e+04 9.694040000000001545e-01
1.450000000000000000e+04 9.689999999999999725e-01
1.460000000000000000e+04 9.693640000000000034e-01
1.470000000000000000e+04 9.715719999999998802e-01
1.480000000000000000e+04 9.722599999999999021e-01
1.490000000000000000e+04 9.748759999999999648e-01
1.500000000000000000e+04 9.705840000000000023e-01
1.510000000000000000e+04 9.758240000000000247e-01
1.520000000000000000e+04 9.731159999999999810e-01
1.530000000000000000e+04 9.742279999999999829e-01
1.540000000000000000e+04 9.747319999999999318e-01
1.550000000000000000e+04 9.742440000000001099e-01
1.560000000000000000e+04 9.772679999999999145e-01
1.570000000000000000e+04 9.735159999999999370e-01
1.580000000000000000e+04 9.726400000000000601e-01
1.590000000000000000e+04 9.741159999999998709e-01
1.600000000000000000e+04 9.732960000000000500e-01
1.610000000000000000e+04 9.755159999999999387e-01
1.620000000000000000e+04 9.751079999999999748e-01
1.630000000000000000e+04 9.741640000000000299e-01
1.640000000000000000e+04 9.738240000000000229e-01
1.650000000000000000e+04 9.741840000000000499e-01
1.660000000000000000e+04 9.753479999999999928e-01
1.670000000000000000e+04 9.730919999999999570e-01
1.680000000000000000e+04 9.752920000000000478e-01
1.690000000000000000e+04 9.755800000000000027e-01
1.700000000000000000e+04 9.771519999999999095e-01
1.710000000000000000e+04 9.789200000000000124e-01
1.720000000000000000e+04 9.758320000000000327e-01
1.730000000000000000e+04 9.772760000000001446e-01
1.740000000000000000e+04 9.793279999999999763e-01
1.750000000000000000e+04 9.807679999999999731e-01
1.760000000000000000e+04 9.775880000000000125e-01
1.770000000000000000e+04 9.772840000000001526e-01
1.780000000000000000e+04 9.784880000000000244e-01
1.790000000000000000e+04 9.787800000000000944e-01
1.800000000000000000e+04 9.803999999999999382e-01
1.810000000000000000e+04 9.784519999999999884e-01
1.820000000000000000e+04 9.830039999999998779e-01
1.830000000000000000e+04 9.787199999999999234e-01
1.840000000000000000e+04 9.785840000000000094e-01
1.850000000000000000e+04 9.798080000000000123e-01
1.860000000000000000e+04 9.832159999999999789e-01
1.870000000000000000e+04 9.791199999999998793e-01
1.880000000000000000e+04 9.811399999999999011e-01
1.890000000000000000e+04 9.822520000000000140e-01
1.900000000000000000e+04 9.794680000000000053e-01
1.910000000000000000e+04 9.818879999999998720e-01
1.920000000000000000e+04 9.816400000000000681e-01
1.930000000000000000e+04 9.875159999999999494e-01
1.940000000000000000e+04 9.808520000000000572e-01
1.950000000000000000e+04 9.831759999999999389e-01
1.960000000000000000e+04 9.823359999999999870e-01
1.970000000000000000e+04 9.821639999999999260e-01
1.980000000000000000e+04 9.816759999999999931e-01
1.990000000000000000e+04 9.830160000000000009e-01
2.000000000000000000e+04 9.818280000000000340e-01
2.010000000000000000e+04 9.837719999999999798e-01
2.020000000000000000e+04 9.824359999999998649e-01
2.030000000000000000e+04 9.812839999999999341e-01
2.040000000000000000e+04 9.810119999999999951e-01
2.050000000000000000e+04 9.827919999999999989e-01
2.060000000000000000e+04 9.800760000000000582e-01
2.070000000000000000e+04 9.802800000000000402e-01
2.080000000000000000e+04 9.788399999999999324e-01
2.090000000000000000e+04 9.828960000000001029e-01
2.100000000000000000e+04 9.797479999999999523e-01
2.110000000000000000e+04 9.816280000000000561e-01
2.120000000000000000e+04 9.817679999999998630e-01
2.130000000000000000e+04 9.815880000000001271e-01
2.140000000000000000e+04 9.839199999999999058e-01
2.150000000000000000e+04 9.841079999999999828e-01
2.160000000000000000e+04 9.819960000000000910e-01
2.170000000000000000e+04 9.796439999999999593e-01
2.180000000000000000e+04 9.814559999999998841e-01
2.190000000000000000e+04 9.820599999999999330e-01
2.200000000000000000e+04 9.842199999999999838e-01
2.210000000000000000e+04 9.844039999999999457e-01
2.220000000000000000e+04 9.836799999999999988e-01
2.230000000000000000e+04 9.842600000000000238e-01
2.240000000000000000e+04 9.847679999999999767e-01
2.250000000000000000e+04 9.810239999999998961e-01
2.260000000000000000e+04 9.846999999999999087e-01
2.270000000000000000e+04 9.859559999999999436e-01
2.280000000000000000e+04 9.814359999999999751e-01
2.290000000000000000e+04 9.838280000000001468e-01
2.300000000000000000e+04 9.823479999999999990e-01
2.310000000000000000e+04 9.823359999999999870e-01
2.320000000000000000e+04 9.837360000000000548e-01
2.330000000000000000e+04 9.825240000000001750e-01
2.340000000000000000e+04 9.820920000000000760e-01
2.350000000000000000e+04 9.844559999999999977e-01
2.360000000000000000e+04 9.831079999999999819e-01
2.370000000000000000e+04 9.840840000000000698e-01
2.380000000000000000e+04 9.810639999999999361e-01
2.390000000000000000e+04 9.861040000000000916e-01
2.400000000000000000e+04 9.839320000000000288e-01
2.410000000000000000e+04 9.817040000000000211e-01
2.420000000000000000e+04 9.844999999999999307e-01
2.430000000000000000e+04 9.836879999999998958e-01
2.440000000000000000e+04 9.847920000000000007e-01
2.450000000000000000e+04 9.839480000000000448e-01
2.460000000000000000e+04 9.821360000000000090e-01
2.470000000000000000e+04 9.811519999999999131e-01
2.480000000000000000e+04 9.847239999999999327e-01
2.490000000000000000e+04 9.841199999999999948e-01
2.500000000000000000e+04 9.823800000000000310e-01
2.510000000000000000e+04 9.860639999999999405e-01
2.520000000000000000e+04 9.834039999999999448e-01
2.530000000000000000e+04 9.812320000000001041e-01
2.540000000000000000e+04 9.826399999999999579e-01
2.550000000000000000e+04 9.805119999999999392e-01
2.560000000000000000e+04 9.876679999999999904e-01
2.570000000000000000e+04 9.820200000000001150e-01
2.580000000000000000e+04 9.842839999999999367e-01
2.590000000000000000e+04 9.839080000000000048e-01
2.600000000000000000e+04 9.866440000000000765e-01
2.610000000000000000e+04 9.859599999999999476e-01
2.620000000000000000e+04 9.807960000000000012e-01
2.630000000000000000e+04 9.819640000000000590e-01
2.640000000000000000e+04 9.818999999999999950e-01
2.650000000000000000e+04 9.852039999999999687e-01
2.660000000000000000e+04 9.850639999999999397e-01
2.670000000000000000e+04 9.846919999999999007e-01
2.680000000000000000e+04 9.827839999999999909e-01
2.690000000000000000e+04 9.838519999999999488e-01
2.700000000000000000e+04 9.824559999999999960e-01
2.710000000000000000e+04 9.827360000000000539e-01
2.720000000000000000e+04 9.826639999999999819e-01
2.730000000000000000e+04 9.822880000000000500e-01
2.740000000000000000e+04 9.848999999999998867e-01
2.750000000000000000e+04 9.837999999999998968e-01
2.760000000000000000e+04 9.877839999999999954e-01
2.770000000000000000e+04 9.864640000000000075e-01
2.780000000000000000e+04 9.838640000000000718e-01
2.790000000000000000e+04 9.844399999999999817e-01
2.800000000000000000e+04 9.865960000000000285e-01
2.810000000000000000e+04 9.834120000000000639e-01
2.820000000000000000e+04 9.848520000000000607e-01
2.830000000000000000e+04 9.846919999999999007e-01
2.840000000000000000e+04 9.859679999999999556e-01
2.850000000000000000e+04 9.818360000000000420e-01
2.860000000000000000e+04 9.832640000000000269e-01
2.870000000000000000e+04 9.841320000000000068e-01
2.880000000000000000e+04 9.857599999999999696e-01
2.890000000000000000e+04 9.816359999999999530e-01
2.900000000000000000e+04 9.831440000000000179e-01
2.910000000000000000e+04 9.830079999999999929e-01
2.920000000000000000e+04 9.851840000000000597e-01
2.930000000000000000e+04 9.839680000000000648e-01
2.940000000000000000e+04 9.837199999999999278e-01
2.950000000000000000e+04 9.854680000000001217e-01
2.960000000000000000e+04 9.866360000000000685e-01
2.970000000000000000e+04 9.849040000000000017e-01
2.980000000000000000e+04 9.830440000000000289e-01
2.990000000000000000e+04 9.857560000000000766e-01
3.000000000000000000e+04 9.844239999999999657e-01
