0.000000000000000000e+00 5.120417889058110905e-01
1.000000000000000000e+02 4.151491691477641188e-01
2.000000000000000000e+02 4.033825546955286390e-01
3.000000000000000000e+02 4.266095814991450741e-01
4.000000000000000000e+02 4.434197608103178645e-01
5.000000000000000000e+02 4.641835049708114558e-01
6.000000000000000000e+02 4.922215374830937185e-01
7.000000000000000000e+02 5.025156595349622446e-01
8.000000000000000000e+02 5.087606292895219262e-01
9.000000000000000000e+02 5.186689388440735016e-01
1.000000000000000000e+03 5.362147264917366263e-01
1.100000000000000000e+03 5.430347506525976531e-01
1.200000000000000000e+03 5.924014151480861967e-01
1.300000000000000000e+03 5.252066315124211959e-01
1.400000000000000000e+03 5.839489131544371991e-01
1.500000000000000000e+03 5.904637462115177593e-01
1.600000000000000000e+03 5.811061308536118464e-01
1.700000000000000000e+03 5.614402072890506412e-01
1.800000000000000000e+03 5.904406881061636803e-01
1.900000000000000000e+03 6.050061213239430469e-01
2.000000000000000000e+03 5.832131973373677614e-01
2.100000000000000000e+03 6.002622322698830670e-01
2.200000000000000000e+03 5.683737782563449414e-01
2.300000000000000000e+03 6.099156800504654807e-01
2.400000000000000000e+03 6.071954471406725284e-01
2.500000000000000000e+03 6.075867823751943675e-01
2.600000000000000000e+03 5.793826876838592543e-01
2.700000000000000000e+03 6.411371967770762570e-01
2.800000000000000000e+03 6.121098699280633770e-01
2.900000000000000000e+03 6.281684162674281424e-01
3.000000000000000000e+03 6.612768362039314063e-01
3.100000000000000000e+03 6.338587941967498418e-01
3.200000000000000000e+03 6.342554984863063572e-01
3.300000000000000000e+03 6.455589422375016539e-01
3.400000000000000000e+03 6.332853957870805406e-01
3.500000000000000000e+03 6.578790040099158354e-01
3.600000000000000000e+03 6.179924694550583686e-01
3.700000000000000000e+03 6.194962123287902633e-01
3.800000000000000000e+03 6.720916591102059634e-01
3.900000000000000000e+03 6.442634318059349274e-01
4.000000000000000000e+03 6.378328892511115900e-01
4.100000000000000000e+03 6.578407702629373022e-01
4.200000000000000000e+03 6.671003603518331770e-01
4.300000000000000000e+03 6.738583647980818103e-01
4.400000000000000000e+03 6.949111266343193094e-01
4.500000000000000000e+03 6.851125722275531738e-01
4.600000000000000000e+03 6.580016804624770899e-01
4.700000000000000000e+03 6.791556913914629234e-01
4.800000000000000000e+03 6.463803852555380924e-01
4.900000000000000000e+03 6.926772914031753547e-01
5.000000000000000000e+03 6.860806561257666303e-01
5.100000000000000000e+03 6.740684422424227940e-01
5.200000000000000000e+03 7.020870733107582584e-01
5.300000000000000000e+03 7.029114404890658419e-01
5.400000000000000000e+03 6.857049708765616813e-01
5.500000000000000000e+03 6.430502405835263335e-01
5.600000000000000000e+03 6.918305408224721953e-01
5.700000000000000000e+03 7.087006802705833053e-01
5.800000000000000000e+03 6.921700097442096133e-01
5.900000000000000000e+03 7.215276084010872060e-01
6.000000000000000000e+03 7.074332346433238605e-01
6.100000000000000000e+03 7.134200796834043734e-01
6.200000000000000000e+03 6.986790046357707062e-01
6.300000000000000000e+03 7.042147871319306418e-01
6.400000000000000000e+03 7.320749234617350831e-01
6.500000000000000000e+03 7.351468635878837254e-01
6.600000000000000000e+03 7.173043018450302455e-01
6.700000000000000000e+03 6.993751853753074066e-01
6.800000000000000000e+03 7.111223627352339927e-01
6.900000000000000000e+03 7.621025884767402836e-01
7.000000000000000000e+03 7.238681784820211185e-01
7.100000000000000000e+03 6.862863860535488580e-01
7.200000000000000000e+03 7.431823733533385878e-01
7.300000000000000000e+03 7.687979449365356377e-01
7.400000000000000000e+03 7.590403278851322044e-01
7.500000000000000000e+03 7.484779206674095908e-01
7.600000000000000000e+03 7.553262279100272369e-01
7.700000000000000000e+03 7.580694494298458874e-01
7.800000000000000000e+03 7.692958247296801666e-01
7.900000000000000000e+03 7.627369318275936116e-01
8.000000000000000000e+03 7.535896716647547677e-01
8.100000000000000000e+03 7.680014577959551891e-01
8.200000000000000000e+03 7.742137663540199499e-01
8.300000000000000000e+03 7.771409356059109097e-01
8.400000000000000000e+03 7.725778167030575849e-01
8.500000000000000000e+03 7.679173577950704210e-01
8.600000000000000000e+03 7.739992511689377519e-01
8.700000000000000000e+03 7.857669184009932195e-01
8.800000000000000000e+03 7.937369221234247263e-01
8.900000000000000000e+03 7.722559211476558438e-01
9.000000000000000000e+03 7.822603014938407373e-01
9.100000000000000000e+03 7.796662805718139744e-01
9.200000000000000000e+03 8.103069494076001744e-01
9.300000000000000000e+03 7.856612538297615966e-01
9.400000000000000000e+03 8.067952909779737558e-01
9.500000000000000000e+03 8.020621136362566794e-01
9.600000000000000000e+03 8.321844138984222372e-01
9.700000000000000000e+03 8.207649530903470270e-01
9.800000000000000000e+03 8.206685002212309454e-01
9.900000000000000000e+03 8.165496738722783920e-01
1.000000000000000000e+04 8.357148882060481121e-01
1.010000000000000000e+04 8.286085638613094329e-01
1.020000000000000000e+04 8.134978587569341446e-01
1.030000000000000000e+04 8.195443838653715396e-01
1.040000000000000000e+04 8.476243051929037708e-01
1.050000000000000000e+04 8.286153241327798291e-01
1.060000000000000000e+04 8.317202265519029192e-01
1.070000000000000000e+04 8.398034610394492505e-01
1.080000000000000000e+04 8.242824327797468875e-01
1.090000000000000000e+04 8.316977071808724364e-01
1.100000000000000000e+04 8.454286736885354703e-01
1.110000000000000000e+04 8.451872207917948687e-01
1.120000000000000000e+04 8.785877516629030382e-01
1.130000000000000000e+04 8.568298862035059749e-01
1.140000000000000000e+04 8.633268587020908047e-01
1.150000000000000000e+04 8.510161085717067309e-01
1.160000000000000000e+04 8.593905096594773863e-01
1.170000000000000000e+04 8.464472468337700395e-01
1.180000000000000000e+04 8.569091618939503885e-01
1.190000000000000000e+04 8.686069215873744032e-01
1.200000000000000000e+04 8.850642547321180276e-01
1.210000000000000000e+04 8.678439742489375552e-01
1.220000000000000000e+04 8.499632089642625843e-01
1.230000000000000000e+04 8.841184156336715505e-01
1.240000000000000000e+04 8.947615719084992536e-01
1.250000000000000000e+04 8.881239050177029970e-01
1.260000000000000000e+04 8.700552664425352800e-01
1.270000000000000000e+04 8.822899518587723477e-01
1.280000000000000000e+04 8.770819190218823724e-01
1.290000000000000000e+04 8.775941859383409316e-01
1.300000000000000000e+04 8.796699636789070409e-01
1.310000000000000000e+04 8.858514035585840496e-01
1.320000000000000000e+04 8.628500462687741512e-01
1.330000000000000000e+04 8.885593155493533013e-01
1.340000000000000000e+04 8.833119071588342308e-01
1.350000000000000000e+04 8.906768565054099529e-01
1.360000000000000000e+04 8.953000507673869457e-01
1.370000000000000000e+04 8.983442823647448394e-01
1.380000000000000000e+04 8.865904673209059617e-01
1.390000000000000000e+04 8.991638668240320431e-01
1.400000000000000000e+04 9.092089628528170486e-01
1.410000000000000000e+04 8.937440764931563475e-01
1.420000000000000000e+04 9.008351191241877887e-01
1.430000000000000000e+04 9.039294101104108359e-01
1.440000000000000000e+04 8.976896263125776487e-01
1.450000000000000000e+04 9.022396330522104435e-01
1.460000000000000000e+04 9.016719280373719503e-01
1.470000000000000000e+04 8.905988520781258355e-01
1.480000000000000000e+04 9.078054073051357031e-01
1.490000000000000000e+04 9.126786387355869667e-01
1.500000000000000000e+04 9.032261264510752508e-01
1.510000000000000000e+04 9.134414002804520649e-01
1.520000000000000000e+04 9.076374142345675633e-01
1.530000000000000000e+04 8.892202201725805111e-01
1.540000000000000000e+04 9.050386238193014465e-01
1.550000000000000000e+04 9.147457036222850224e-01
1.560000000000000000e+04 8.982858141101508487e-01
1.570000000000000000e+04 9.087260790622436746e-01
1.580000000000000000e+04 9.207832090371992351e-01
1.590000000000000000e+04 9.233432673998145379e-01
1.600000000000000000e+04 9.211196632227759418e-01
1.610000000000000000e+04 9.148168291344810354e-01
1.620000000000000000e+04 9.182523319860251831e-01
1.630000000000000000e+04 9.146854101463921527e-01
1.640000000000000000e+04 9.273320190710961919e-01
1.650000000000000000e+04 8.955007914509260925e-01
1.660000000000000000e+04 9.187637172418290366e-01
1.670000000000000000e+04 9.179477469014450941e-01
1.680000000000000000e+04 9.061406850950020075e-01
1.690000000000000000e+04 9.270063000573640632e-01
1.700000000000000000e+04 9.134815603344237367e-01
1.710000000000000000e+04 9.224352810848963635e-01
1.720000000000000000e+04 9.203811315442822494e-01
1.730000000000000000e+04 9.335038917425406702e-01
1.740000000000000000e+04 9.211146013410614897e-01
1.750000000000000000e+04 9.342634893086247949e-01
1.760000000000000000e+04 9.076570004827595461e-01
1.770000000000000000e+04 9.212186396127174381e-01
1.780000000000000000e+04 9.105680623302053744e-01
1.790000000000000000e+04 9.159547868902233603e-01
1.800000000000000000e+04 9.213323350298657788e-01
1.810000000000000000e+04 9.031597503708355124e-01
1.820000000000000000e+04 9.201851571723603795e-01
1.830000000000000000e+04 9.281707620835780714e-01
1.840000000000000000e+04 9.166276931750578782e-01
1.850000000000000000e+04 9.338668043254881868e-01
1.860000000000000000e+04 9.277988759634587801e-01
1.870000000000000000e+04 9.236118967748210284e-01
1.880000000000000000e+04 9.321496406456593053e-01
1.890000000000000000e+04 9.147740645963774453e-01
1.900000000000000000e+04 9.169130478077032187e-01
1.910000000000000000e+04 9.270932166166971911e-01
1.920000000000000000e+04 9.324848414992905621e-01
1.930000000000000000e+04 9.274710640748033974e-01
1.940000000000000000e+04 9.301835637806865620e-01
1.950000000000000000e+04 9.265797345716608735e-01
1.960000000000000000e+04 9.266905874766303564e-01
1.970000000000000000e+04 9.370638502428836336e-01
1.980000000000000000e+04 9.323761855943778487e-01
1.990000000000000000e+04 9.245566788956989246e-01
2.000000000000000000e+04 9.361278707366762486e-01
2.010000000000000000e+04 9.305418985428997036e-01
2.020000000000000000e+04 9.317799463627445267e-01
2.030000000000000000e+04 9.121535660584173533e-01
2.040000000000000000e+04 9.285517450926535910e-01
2.050000000000000000e+04 9.352025032809012650e-01
2.060000000000000000e+04 9.202032119491181383e-01
2.070000000000000000e+04 9.285326028852471936e-01
2.080000000000000000e+04 9.277201667406947960e-01
2.090000000000000000e+04 9.333376206381520657e-01
2.100000000000000000e+04 9.402186380472865590e-01
2.110000000000000000e+04 9.295489740965821035e-01
2.120000000000000000e+04 9.280608556827915079e-01
2.130000000000000000e+04 9.326970622309189718e-01
2.140000000000000000e+04 9.349089054090174988e-01
2.150000000000000000e+04 9.384677644335668312e-01
2.160000000000000000e+04 9.147448720736183203e-01
2.170000000000000000e+04 9.389991406347045766e-01
2.180000000000000000e+04 9.353196215785660739e-01
2.190000000000000000e+04 9.428954359838688237e-01
2.200000000000000000e+04 9.383623546620403211e-01
2.210000000000000000e+04 9.314825480447589401e-01
2.220000000000000000e+04 9.485933981033887186e-01
2.230000000000000000e+04 9.317909731040083798e-01
2.240000000000000000e+04 9.214405148438354898e-01
2.250000000000000000e+04 9.488130481337226918e-01
2.260000000000000000e+04 9.444957407970336893e-01
2.270000000000000000e+04 9.246358459520305217e-01
2.280000000000000000e+04 9.321002728919124403e-01
2.290000000000000000e+04 9.241970692219669825e-01
2.300000000000000000e+04 9.466664839005202170e-01
2.310000000000000000e+04 9.485881418851346281e-01
2.320000000000000000e+04 9.468447212272955715e-01
2.330000000000000000e+04 9.385561857872162239e-01
2.340000000000000000e+04 9.303889369705353740e-01
2.350000000000000000e+04 9.423809640491405126e-01
2.360000000000000000e+04 9.496170369570915426e-01
2.370000000000000000e+04 9.381871603728060283e-01
2.380000000000000000e+04 9.352722542514295689e-01
2.390000000000000000e+04 9.338914873841850373e-01
2.400000000000000000e+04 9.456886117613153564e-01
2.410000000000000000e+04 9.246589422300705019e-01
2.420000000000000000e+04 9.349264367435838885e-01
2.430000000000000000e+04 9.400482967548944302e-01
2.440000000000000000e+04 9.337481334733077620e-01
2.450000000000000000e+04 9.382919149989122909e-01
2.460000000000000000e+04 9.520902761704138628e-01
2.470000000000000000e+04 9.271075456294675110e-01
2.480000000000000000e+04 9.279303597573478335e-01
2.490000000000000000e+04 9.322009517098781561e-01
2.500000000000000000e+04 9.350467995469781135e-01
2.510000000000000000e+04 9.428521691025011364e-01
2.520000000000000000e+04 9.333540880161323994e-01
2.530000000000000000e+04 9.306172359478028788e-01
2.540000000000000000e+04 9.302576209657741346e-01
2.550000000000000000e+04 9.498306495320743004e-01
2.560000000000000000e+04 9.499433132266323909e-01
2.570000000000000000e+04 9.304738137279369159e-01
2.580000000000000000e+04 9.429327549516690610e-01
2.590000000000000000e+04 9.532680813128170394e-01
2.600000000000000000e+04 9.337812203834199298e-01
2.610000000000000000e+04 9.452058988664974182e-01
2.620000000000000000e+04 9.445663668249792977e-01
2.630000000000000000e+04 9.441959145207190485e-01
2.640000000000000000e+04 9.400010268684372283e-01
2.650000000000000000e+04 9.442433723890261144e-01
2.660000000000000000e+04 9.397408224624732576e-01
2.670000000000000000e+04 9.405772170122868037e-01
2.680000000000000000e+04 9.479672097075511061e-01
2.690000000000000000e+04 9.346275919900185469e-01
2.700000000000000000e+04 9.381390729304713849e-01
2.710000000000000000e+04 9.217767414747336518e-01
2.720000000000000000e+04 9.295190181793521189e-01
2.730000000000000000e+04 9.472085383364660105e-01
2.740000000000000000e+04 9.312205182942763226e-01
2.750000000000000000e+04 9.325742614175592804e-01
2.760000000000000000e+04 9.383489279455564658e-01
2.770000000000000000e+04 9.321279274141167637e-01
2.780000000000000000e+04 9.467967431245253307e-01
2.790000000000000000e+04 9.327246969183776715e-01
2.800000000000000000e+04 9.452778507603649683e-01
2.810000000000000000e+04 9.388854353283553333e-01
2.820000000000000000e+04 9.281590651539849413e-01
2.830000000000000000e+04 9.393571726065845784e-01
2.840000000000000000e+04 9.446995081118383375e-01
2.850000000000000000e+04 9.417606142348479148e-01
2.860000000000000000e+04 9.339061614954552448e-01
2.870000000000000000e+04 9.407326605394176200e-01
2.880000000000000000e+04 9.275140433657663719e-01
2.890000000000000000e+04 9.388618985207456413e-01
2.900000000000000000e+04 9.331777937846721382e-01
2.910000000000000000e+04 9.372112807997181605e-01
2.920000000000000000e+04 9.588858372176973788e-01
2.930000000000000000e+04 9.398301673737882167e-01
2.940000000000000000e+04 9.386980672693139294e-01
2.950000000000000000e+04 9.423118622438567682e-01
2.960000000000000000e+04 9.361996575468242154e-01
2.970000000000000000e+04 9.353226556431509797e-01
2.980000000000000000e+04 9.354850025869426711e-01
2.990000000000000000e+04 9.395652249685901847e-01
3.000000000000000000e+04 9.546875490888501181e-01
