0.000000000000000000e+00 5.234280000000000044e-01
1.000000000000000000e+02 3.586799999999999988e-01
2.000000000000000000e+02 3.621480000000000254e-01
3.000000000000000000e+02 3.817200000000000037e-01
4.000000000000000000e+02 4.236520000000000286e-01
5.000000000000000000e+02 4.470120000000000204e-01
6.000000000000000000e+02 4.809640000000000581e-01
7.000000000000000000e+02 5.134960000000000635e-01
8.000000000000000000e+02 5.189360000000000639e-01
9.000000000000000000e+02 5.239800000000000013e-01
1.000000000000000000e+03 5.521319999999999562e-01
1.100000000000000000e+03 5.564879999999999827e-01
1.200000000000000000e+03 5.750480000000000036e-01
1.300000000000000000e+03 5.503400000000000514e-01
1.400000000000000000e+03 5.744119999999999227e-01
1.500000000000000000e+03 5.843519999999999825e-01
1.600000000000000000e+03 5.862439999999999873e-01
1.700000000000000000e+03 5.609399999999999942e-01
1.800000000000000000e+03 5.943920000000000314e-01
1.900000000000000000e+03 5.909999999999999698e-01
2.000000000000000000e+03 5.948359999999999204e-01
2.100000000000000000e+03 5.904319999999999569e-01
2.200000000000000000e+03 5.858240000000000114e-01
2.300000000000000000e+03 6.063239999999999741e-01
2.400000000000000000e+03 6.113999999999999435e-01
2.500000000000000000e+03 5.901680000000000259e-01
2.600000000000000000e+03 5.645559999999999468e-01
2.700000000000000000e+03 6.334040000000000781e-01
2.800000000000000000e+03 6.130160000000000053e-01
2.900000000000000000e+03 6.249679999999999680e-01
3.000000000000000000e+03 6.375399999999999956e-01
3.100000000000000000e+03 6.230999999999999872e-01
3.200000000000000000e+03 6.235319999999999752e-01
3.300000000000000000e+03 6.449359999999999538e-01
3.400000000000000000e+03 6.285799999999999166e-01
3.500000000000000000e+03 6.371040000000000036e-01
3.600000000000000000e+03 6.187679999999999847e-01
3.700000000000000000e+03 6.059239999999999071e-01
3.800000000000000000e+03 6.636639999999999207e-01
3.900000000000000000e+03 6.464679999999999316e-01
4.000000000000000000e+03 6.393659999999999899e-01
4.100000000000000000e+03 6.410240000000000382e-01
4.200000000000000000e+03 6.715640000000000498e-01
4.300000000000000000e+03 6.676999999999999602e-01
4.400000000000000000e+03 6.723200000000000287e-01
4.500000000000000000e+03 6.516059999999999075e-01
4.600000000000000000e+03 6.403639999999999333e-01
4.700000000000000000e+03 6.765719999999999512e-01
4.800000000000000000e+03 6.424079999999999790e-01
4.900000000000000000e+03 6.720720000000000027e-01
5.000000000000000000e+03 6.725720000000000587e-01
5.100000000000000000e+03 6.576039999999999663e-01
5.200000000000000000e+03 6.665519999999999223e-01
5.300000000000000000e+03 6.756640000000000423e-01
5.400000000000000000e+03 6.744080000000001185e-01
5.500000000000000000e+03 6.280759999999999676e-01
5.600000000000000000e+03 6.721520000000000827e-01
5.700000000000000000e+03 6.742440000000000655e-01
5.800000000000000000e+03 6.705679999999999419e-01
5.900000000000000000e+03 6.989599999999999147e-01
6.000000000000000000e+03 6.997239999999997906e-01
6.100000000000000000e+03 7.007360000000000255e-01
6.200000000000000000e+03 6.989759999999998197e-01
6.300000000000000000e+03 6.775079999999999991e-01
6.400000000000000000e+03 7.236280000000000490e-01
6.500000000000000000e+03 7.171679999999999167e-01
6.600000000000000000e+03 7.048879999999999590e-01
6.700000000000000000e+03 6.944359999999999422e-01
6.800000000000000000e+03 6.951720000000000121e-01
6.900000000000000000e+03 7.407320000000000570e-01
7.000000000000000000e+03 7.135320000000000551e-01
7.100000000000000000e+03 6.804719999999999658e-01
7.200000000000000000e+03 7.209499999999999797e-01
7.300000000000000000e+03 7.548819999999999419e-01
7.400000000000000000e+03 7.431760000000000588e-01
7.500000000000000000e+03 7.397839999999999971e-01
7.600000000000000000e+03 7.418439999999999479e-01
7.700000000000000000e+03 7.386000000000001453e-01
7.800000000000000000e+03 7.574240000000000972e-01
7.900000000000000000e+03 7.475360000000000893e-01
8.000000000000000000e+03 7.382359999999998923e-01
8.100000000000000000e+03 7.636640000000000095e-01
8.200000000000000000e+03 7.687920000000000309e-01
8.300000000000000000e+03 7.657320000000000793e-01
8.400000000000000000e+03 7.577279999999999571e-01
8.500000000000000000e+03 7.493680000000000341e-01
8.600000000000000000e+03 7.505359999999998699e-01
8.700000000000000000e+03 7.661199999999999122e-01
8.800000000000000000e+03 7.852520000000000611e-01
8.900000000000000000e+03 7.657519999999998772e-01
9.000000000000000000e+03 7.768679999999998920e-01
9.100000000000000000e+03 7.741679999999999673e-01
9.200000000000000000e+03 7.920760000000000023e-01
9.300000000000000000e+03 7.781080000000000219e-01
9.400000000000000000e+03 7.845079999999999831e-01
9.500000000000000000e+03 7.975879999999999637e-01
9.600000000000000000e+03 8.186280000000000223e-01
9.700000000000000000e+03 8.044879999999999809e-01
9.800000000000000000e+03 8.035879999999999690e-01
9.900000000000000000e+03 8.088679999999999204e-01
1.000000000000000000e+04 8.286519999999999442e-01
1.010000000000000000e+04 8.174960000000000004e-01
1.020000000000000000e+04 8.073719999999999786e-01
1.030000000000000000e+04 8.089839999999999254e-01
1.040000000000000000e+04 8.409039999999999848e-01
1.050000000000000000e+04 8.082440000000000735e-01
1.060000000000000000e+04 8.205959999999998811e-01
1.070000000000000000e+04 8.340479999999999006e-01
1.080000000000000000e+04 8.059039999999999537e-01
1.090000000000000000e+04 8.080680000000000085e-01
1.100000000000000000e+04 8.340279999999998806e-01
1.110000000000000000e+04 8.300919999999999410e-01
1.120000000000000000e+04 8.632639999999999203e-01
1.130000000000000000e+04 8.327480000000000437e-01
1.140000000000000000e+04 8.469320000000000181e-01
1.150000000000000000e+04 8.419520000000000337e-01
1.160000000000000000e+04 8.516399999999999526e-01
1.170000000000000000e+04 8.346639999999999615e-01
1.180000000000000000e+04 8.494919999999999138e-01
1.190000000000000000e+04 8.498120000000000118e-01
1.200000000000000000e+04 8.657880000000000020e-01
1.210000000000000000e+04 8.568160000000000220e-01
1.220000000000000000e+04 8.341960000000000486e-01
1.230000000000000000e+04 8.701919999999999655e-01
1.240000000000000000e+04 8.740519999999999401e-01
1.250000000000000000e+04 8.691360000000000197e-01
1.260000000000000000e+04 8.572119999999999740e-01
1.270000000000000000e+04 8.694440000000001056e-01
1.280000000000000000e+04 8.605439999999999756e-01
1.290000000000000000e+04 8.648559999999999581e-01
1.300000000000000000e+04 8.690359999999999197e-01
1.310000000000000000e+04 8.715599999999998904e-01
1.320000000000000000e+04 8.503519999999999968e-01
1.330000000000000000e+04 8.768600000000000838e-01
1.340000000000000000e+04 8.756279999999999619e-01
1.350000000000000000e+04 8.755080000000000640e-01
1.360000000000000000e+04 8.830999999999999961e-01
1.370000000000000000e+04 8.876159999999998496e-01
1.380000000000000000e+04 8.815599999999998992e-01
1.390000000000000000e+04 8.958680000000001087e-01
1.400000000000000000e+04 8.985759999999999303e-01
1.410000000000000000e+04 8.807240000000000624e-01
1.420000000000000000e+04 8.902840000000000753e-01
1.430000000000000000e+04 8.946320000000000938e-01
1.440000000000000000e+04 8.857599999999999918e-01
1.450000000000000000e+04 8.841920000000000890e-01
1.460000000000000000e+04 8.889759999999999884e-01
1.470000000000000000e+04 8.855959999999999388e-01
1.480000000000000000e+04 8.945160000000000888e-01
1.490000000000000000e+04 9.012760000000000771e-01
1.500000000000000000e+04 8.889719999999998734e-01
1.510000000000000000e+04 9.012000000000000011e-01
1.520000000000000000e+04 8.924480000000000190e-01
1.530000000000000000e+04 8.742119999999999891e-01
1.540000000000000000e+04 8.940679999999999739e-01
1.550000000000000000e+04 9.008760000000000101e-01
1.560000000000000000e+04 8.845000000000000639e-01
1.570000000000000000e+04 8.972519999999999385e-01
1.580000000000000000e+04 9.122959999999998848e-01
1.590000000000000000e+04 9.155079999999999885e-01
1.600000000000000000e+04 9.129959999999999187e-01
1.610000000000000000e+04 9.084959999999998592e-01
1.620000000000000000e+04 9.070200000000001594e-01
1.630000000000000000e+04 9.006559999999999011e-01
1.640000000000000000e+04 9.163279999999998093e-01
1.650000000000000000e+04 8.837839999999999030e-01
1.660000000000000000e+04 9.087760000000000282e-01
1.670000000000000000e+04 9.067520000000000024e-01
1.680000000000000000e+04 8.946839999999999238e-01
1.690000000000000000e+04 9.190520000000000911e-01
1.700000000000000000e+04 9.040960000000000107e-01
1.710000000000000000e+04 9.115560000000000329e-01
1.720000000000000000e+04 9.068439999999998724e-01
1.730000000000000000e+04 9.226799999999999446e-01
1.740000000000000000e+04 9.146040000000000836e-01
1.750000000000000000e+04 9.281399999999998540e-01
1.760000000000000000e+04 9.037919999999998177e-01
1.770000000000000000e+04 9.101880000000001081e-01
1.780000000000000000e+04 9.034880000000000688e-01
1.790000000000000000e+04 9.081520000000000703e-01
1.800000000000000000e+04 9.117119999999998559e-01
1.810000000000000000e+04 8.955839999999999357e-01
1.820000000000000000e+04 9.143039999999998946e-01
1.830000000000000000e+04 9.184000000000001052e-01
1.840000000000000000e+04 9.049320000000000697e-01
1.850000000000000000e+04 9.339079999999999604e-01
1.860000000000000000e+04 9.165160000000001084e-01
1.870000000000000000e+04 9.152600000000000735e-01
1.880000000000000000e+04 9.216039999999998678e-01
1.890000000000000000e+04 9.053520000000000456e-01
1.900000000000000000e+04 9.100839999999998930e-01
1.910000000000000000e+04 9.131040000000000267e-01
1.920000000000000000e+04 9.222399999999999487e-01
1.930000000000000000e+04 9.232000000000000206e-01
1.940000000000000000e+04 9.212160000000001459e-01
1.950000000000000000e+04 9.181799999999999962e-01
1.960000000000000000e+04 9.249240000000000794e-01
1.970000000000000000e+04 9.306200000000000028e-01
1.980000000000000000e+04 9.264240000000001363e-01
1.990000000000000000e+04 9.218919999999999337e-01
2.000000000000000000e+04 9.264320000000000332e-01
2.010000000000000000e+04 9.229079999999999506e-01
2.020000000000000000e+04 9.228320000000000967e-01
2.030000000000000000e+04 8.984079999999998734e-01
2.040000000000000000e+04 9.171639999999999793e-01
2.050000000000000000e+04 9.315760000000000707e-01
2.060000000000000000e+04 9.098640000000001171e-01
2.070000000000000000e+04 9.188359999999999861e-01
2.080000000000000000e+04 9.174639999999999462e-01
2.090000000000000000e+04 9.222520000000000717e-01
2.100000000000000000e+04 9.371920000000001361e-01
2.110000000000000000e+04 9.189079999999999471e-01
2.120000000000000000e+04 9.158319999999999794e-01
2.130000000000000000e+04 9.258119999999999683e-01
2.140000000000000000e+04 9.282799999999999940e-01
2.150000000000000000e+04 9.337800000000000544e-01
2.160000000000000000e+04 9.034119999999998818e-01
2.170000000000000000e+04 9.330479999999999885e-01
2.180000000000000000e+04 9.293679999999999719e-01
2.190000000000000000e+04 9.391919999999999158e-01
2.200000000000000000e+04 9.268960000000000532e-01
2.210000000000000000e+04 9.336400000000000254e-01
2.220000000000000000e+04 9.388079999999999758e-01
2.230000000000000000e+04 9.250799999999999024e-01
2.240000000000000000e+04 9.171360000000000623e-01
2.250000000000000000e+04 9.456200000000000161e-01
2.260000000000000000e+04 9.392599999999998728e-01
2.270000000000000000e+04 9.177760000000000362e-01
2.280000000000000000e+04 9.226079999999999837e-01
2.290000000000000000e+04 9.170760000000000023e-01
2.300000000000000000e+04 9.397199999999999998e-01
2.310000000000000000e+04 9.395839999999999748e-01
2.320000000000000000e+04 9.387000000000000899e-01
2.330000000000000000e+04 9.328799999999999315e-01
2.340000000000000000e+04 9.202360000000000539e-01
2.350000000000000000e+04 9.377600000000000380e-01
2.360000000000000000e+04 9.397959999999999647e-01
2.370000000000000000e+04 9.293040000000000189e-01
2.380000000000000000e+04 9.309359999999997637e-01
2.390000000000000000e+04 9.285719999999999530e-01
2.400000000000000000e+04 9.365640000000000631e-01
2.410000000000000000e+04 9.214320000000000288e-01
2.420000000000000000e+04 9.323839999999998795e-01
2.430000000000000000e+04 9.320959999999998136e-01
2.440000000000000000e+04 9.282639999999999780e-01
2.450000000000000000e+04 9.313959999999998907e-01
2.460000000000000000e+04 9.466599999999999460e-01
2.470000000000000000e+04 9.223039999999997907e-01
2.480000000000000000e+04 9.279560000000001141e-01
2.490000000000000000e+04 9.198640000000000150e-01
2.500000000000000000e+04 9.309720000000001328e-01
2.510000000000000000e+04 9.338960000000000594e-01
2.520000000000000000e+04 9.281519999999999770e-01
2.530000000000000000e+04 9.225879999999999637e-01
2.540000000000000000e+04 9.222400000000000597e-01
2.550000000000000000e+04 9.444719999999999782e-01
2.560000000000000000e+04 9.432360000000000744e-01
2.570000000000000000e+04 9.253599999999999604e-01
2.580000000000000000e+04 9.388479999999999048e-01
2.590000000000000000e+04 9.468680000000000430e-01
2.600000000000000000e+04 9.267480000000001272e-01
2.610000000000000000e+04 9.383079999999999199e-01
2.620000000000000000e+04 9.427039999999999864e-01
2.630000000000000000e+04 9.374719999999999720e-01
2.640000000000000000e+04 9.387079999999999869e-01
2.650000000000000000e+04 9.404959999999999987e-01
2.660000000000000000e+04 9.336640000000000494e-01
2.670000000000000000e+04 9.349600000000000133e-01
2.680000000000000000e+04 9.463679999999999870e-01
2.690000000000000000e+04 9.303600000000000758e-01
2.700000000000000000e+04 9.322039999999999216e-01
2.710000000000000000e+04 9.178000000000000602e-01
2.720000000000000000e+04 9.256920000000000703e-01
2.730000000000000000e+04 9.431519999999999904e-01
2.740000000000000000e+04 9.279559999999998920e-01
2.750000000000000000e+04 9.248119999999998564e-01
2.760000000000000000e+04 9.287399999999998990e-01
2.770000000000000000e+04 9.251519999999999744e-01
2.780000000000000000e+04 9.385680000000000689e-01
2.790000000000000000e+04 9.271880000000000122e-01
2.800000000000000000e+04 9.419799999999999285e-01
2.810000000000000000e+04 9.314880000000000937e-01
2.820000000000000000e+04 9.219920000000000337e-01
2.830000000000000000e+04 9.341279999999999584e-01
2.840000000000000000e+04 9.397040000000000948e-01
2.850000000000000000e+04 9.321639999999998816e-01
2.860000000000000000e+04 9.323479999999999546e-01
2.870000000000000000e+04 9.338080000000000824e-01
2.880000000000000000e+04 9.228559999999998986e-01
2.890000000000000000e+04 9.316680000000001627e-01
2.900000000000000000e+04 9.306479999999999198e-01
2.910000000000000000e+04 9.319240000000000856e-01
2.920000000000000000e+04 9.531079999999999552e-01
2.930000000000000000e+04 9.354119999999999102e-01
2.940000000000000000e+04 9.303279999999999328e-01
2.950000000000000000e+04 9.376039999999999930e-01
2.960000000000000000e+04 9.289799999999998059e-01
2.970000000000000000e+04 9.294519999999998339e-01
2.980000000000000000e+04 9.330479999999999885e-01
2.990000000000000000e+04 9.320039999999999436e-01
3.000000000000000000e+04 9.533999999999999142e-01
