0.000000000000000000e+00 4.782073766745776888e-01
1.000000000000000000e+02 4.289302888213231135e-01
2.000000000000000000e+02 5.318660995418024173e-01
3.000000000000000000e+02 6.330670701380414211e-01
4.000000000000000000e+02 6.812609045444112388e-01
5.000000000000000000e+02 7.747849209472855714e-01
6.000000000000000000e+02 7.721982018091393396e-01
7.000000000000000000e+02 7.894622077247311909e-01
8.000000000000000000e+02 8.106183029236171400e-01
9.000000000000000000e+02 8.260999677270183250e-01
1.000000000000000000e+03 8.401915445695016249e-01
1.100000000000000000e+03 8.606619857514608007e-01
1.200000000000000000e+03 8.575410452133904737e-01
1.300000000000000000e+03 8.677741715863256378e-01
1.400000000000000000e+03 8.662653505708353130e-01
1.500000000000000000e+03 8.715039225932850186e-01
1.600000000000000000e+03 8.856898914557325142e-01
1.700000000000000000e+03 8.815575877407704208e-01
1.800000000000000000e+03 8.830302486657755079e-01
1.900000000000000000e+03 9.040706393977910871e-01
2.000000000000000000e+03 8.985829544373200584e-01
2.100000000000000000e+03 8.912581194613491409e-01
2.200000000000000000e+03 9.149727419322757349e-01
2.300000000000000000e+03 9.159861861496481072e-01
2.400000000000000000e+03 9.187805536267745765e-01
2.500000000000000000e+03 9.177591178328362576e-01
2.600000000000000000e+03 9.082881921439470707e-01
2.700000000000000000e+03 9.073065680873630967e-01
2.800000000000000000e+03 9.327559483597058776e-01
2.900000000000000000e+03 9.189912584896126058e-01
3.000000000000000000e+03 9.257924759718487717e-01
3.100000000000000000e+03 9.202932839453702440e-01
3.200000000000000000e+03 9.225317504144305847e-01
3.300000000000000000e+03 9.287308645839369436e-01
3.400000000000000000e+03 9.414882549343910334e-01
3.500000000000000000e+03 9.427135753907008864e-01
3.600000000000000000e+03 9.329623414341474685e-01
3.700000000000000000e+03 9.311342819459411668e-01
3.800000000000000000e+03 9.416941063223606134e-01
3.900000000000000000e+03 9.407049745565853049e-01
4.000000000000000000e+03 9.385351142089958243e-01
4.100000000000000000e+03 9.356054300644972566e-01
4.200000000000000000e+03 9.459498374563934942e-01
4.300000000000000000e+03 9.419331683620211226e-01
4.400000000000000000e+03 9.305178170940543447e-01
4.500000000000000000e+03 9.509648080488434241e-01
4.600000000000000000e+03 9.474671268338205055e-01
4.700000000000000000e+03 9.526847884605097461e-01
4.800000000000000000e+03 9.397360518912899474e-01
4.900000000000000000e+03 9.425807171946061214e-01
5.000000000000000000e+03 9.393953120253006883e-01
5.100000000000000000e+03 9.559330902325129387e-01
5.200000000000000000e+03 9.430937140130577490e-01
5.300000000000000000e+03 9.540937313704515033e-01
5.400000000000000000e+03 9.546195758996705027e-01
5.500000000000000000e+03 9.451372313616063225e-01
5.600000000000000000e+03 9.372600723772323006e-01
5.700000000000000000e+03 9.469054562892291749e-01
5.800000000000000000e+03 9.606920133277491169e-01
5.900000000000000000e+03 9.509232145943370407e-01
6.000000000000000000e+03 9.530902689096653058e-01
6.100000000000000000e+03 9.599789677616492600e-01
6.200000000000000000e+03 9.507781345064323375e-01
6.300000000000000000e+03 9.548177940729301039e-01
6.400000000000000000e+03 9.583085200687790906e-01
6.500000000000000000e+03 9.607726726502109349e-01
6.600000000000000000e+03 9.525751346717293844e-01
6.700000000000000000e+03 9.503286835379998188e-01
6.800000000000000000e+03 9.615484571599537400e-01
6.900000000000000000e+03 9.606905076539509203e-01
7.000000000000000000e+03 9.491834549993308778e-01
7.100000000000000000e+03 9.596552136536526945e-01
7.200000000000000000e+03 9.452908812477178735e-01
7.300000000000000000e+03 9.546261788734446974e-01
7.400000000000000000e+03 9.587058005811803785e-01
7.500000000000000000e+03 9.653692504584157064e-01
7.600000000000000000e+03 9.520392405596459495e-01
7.700000000000000000e+03 9.597483205167228748e-01
7.800000000000000000e+03 9.593486757318134828e-01
7.900000000000000000e+03 9.530236218293239858e-01
8.000000000000000000e+03 9.659822637287108771e-01
8.100000000000000000e+03 9.497543813395437073e-01
8.200000000000000000e+03 9.583659510609252585e-01
8.300000000000000000e+03 9.637458955494063728e-01
8.400000000000000000e+03 9.555318581293278379e-01
8.500000000000000000e+03 9.562009708592539292e-01
8.600000000000000000e+03 9.603304739189560957e-01
8.700000000000000000e+03 9.584721225176406900e-01
8.800000000000000000e+03 9.449025318537378482e-01
8.900000000000000000e+03 9.700237735343333334e-01
9.000000000000000000e+03 9.630429373279567606e-01
9.100000000000000000e+03 9.594233369099258724e-01
9.200000000000000000e+03 9.694190723839887225e-01
9.300000000000000000e+03 9.620724993620272114e-01
9.400000000000000000e+03 9.599759703081183204e-01
9.500000000000000000e+03 9.637677257746136705e-01
9.600000000000000000e+03 9.598203657837652836e-01
9.700000000000000000e+03 9.656167795502246243e-01
9.800000000000000000e+03 9.613062578881529374e-01
9.900000000000000000e+03 9.624423753271686977e-01
1.000000000000000000e+04 9.534934363482711062e-01
1.010000000000000000e+04 9.636546289886948058e-01
1.020000000000000000e+04 9.594628740497810337e-01
1.030000000000000000e+04 9.640184146104635587e-01
1.040000000000000000e+04 9.610046053177779823e-01
1.050000000000000000e+04 9.615053520888976468e-01
1.060000000000000000e+04 9.720928868645569709e-01
1.070000000000000000e+04 9.615729544395454909e-01
1.080000000000000000e+04 9.675753910314689454e-01
1.090000000000000000e+04 9.610178948887929673e-01
1.100000000000000000e+04 9.595017814708829418e-01
1.110000000000000000e+04 9.624330458158454338e-01
1.120000000000000000e+04 9.606566246928881503e-01
1.130000000000000000e+04 9.632139482211392600e-01
1.140000000000000000e+04 9.622630609095684795e-01
1.150000000000000000e+04 9.637510501651608275e-01
1.160000000000000000e+04 9.646781780963213926e-01
1.170000000000000000e+04 9.600637576742351298e-01
1.180000000000000000e+04 9.673224248614962217e-01
1.190000000000000000e+04 9.624615839654245830e-01
1.200000000000000000e+04 9.505781470321403859e-01
1.210000000000000000e+04 9.617718663231468179e-01
1.220000000000000000e+04 9.654649491633424674e-01
1.230000000000000000e+04 9.609344178367019706e-01
1.240000000000000000e+04 9.661850203184936259e-01
1.250000000000000000e+04 9.600803682130295558e-01
1.260000000000000000e+04 9.660320980533672053e-01
1.270000000000000000e+04 9.641714583487889234e-01
1.280000000000000000e+04 9.616774662451582634e-01
1.290000000000000000e+04 9.681509813644761930e-01
1.300000000000000000e+04 9.655297295500202548e-01
1.310000000000000000e+04 9.540813880166508776e-01
1.320000000000000000e+04 9.596442957597176582e-01
1.330000000000000000e+04 9.620127832451897953e-01
1.340000000000000000e+04 9.654254431795664670e-01
1.350000000000000000e+04 9.633426000523274135e-01
1.360000000000000000e+04 9.584135986857368339e-01
1.370000000000000000e+04 9.642179260460204127e-01
1.380000000000000000e+04 9.615671129839398201e-01
1.390000000000000000e+04 9.676762687003519492e-01
1.400000000000000000e+04 9.616453059647014356e-01
1.410000000000000000e+04 9.623604737586425317e-01
1.420000000000000000e+04 9.641737886693951820e-01
1.430000000000000000e+04 9.677602339488534655e-01
1.440000000000000000e+04 9.651564401520094094e-01
1.450000000000000000e+04 9.596069890276366365e-01
1.460000000000000000e+04 9.615159245984216119e-01
1.470000000000000000e+04 9.612443708926842190e-01
1.480000000000000000e+04 9.630966499923445667e-01
1.490000000000000000e+04 9.668194895690186419e-01
1.500000000000000000e+04 9.610582602717372414e-01
1.510000000000000000e+04 9.700934524661412039e-01
1.520000000000000000e+04 9.648476459214514467e-01
1.530000000000000000e+04 9.626021008093732512e-01
1.540000000000000000e+04 9.675938363781657614e-01
1.550000000000000000e+04 9.698760422951443472e-01
1.560000000000000000e+04 9.694733216973671075e-01
1.570000000000000000e+04 9.663162508322044042e-01
1.580000000000000000e+04 9.727412957199422783e-01
1.590000000000000000e+04 9.649164335839315321e-01
1.600000000000000000e+04 9.694781175339366452e-01
1.610000000000000000e+04 9.659413500561460086e-01
1.620000000000000000e+04 9.672822816068318286e-01
1.630000000000000000e+04 9.545429257832905856e-01
1.640000000000000000e+04 9.688299344366583243e-01
1.650000000000000000e+04 9.749419470091605922e-01
1.660000000000000000e+04 9.691403606782146296e-01
1.670000000000000000e+04 9.565373636786203004e-01
1.680000000000000000e+04 9.664618901723782685e-01
1.690000000000000000e+04 9.773993728778620493e-01
1.700000000000000000e+04 9.758496428967294856e-01
1.710000000000000000e+04 9.780810905761188057e-01
1.720000000000000000e+04 9.676059463551901496e-01
1.730000000000000000e+04 9.705440477833313651e-01
1.740000000000000000e+04 9.652121962448625414e-01
1.750000000000000000e+04 9.715457846481920789e-01
1.760000000000000000e+04 9.641553135770679628e-01
1.770000000000000000e+04 9.685896970833702824e-01
1.780000000000000000e+04 9.780423884544446889e-01
1.790000000000000000e+04 9.706689950861073779e-01
1.800000000000000000e+04 9.651215367912409082e-01
1.810000000000000000e+04 9.644554282135723300e-01
1.820000000000000000e+04 9.718569259345339884e-01
1.830000000000000000e+04 9.676490751189155137e-01
1.840000000000000000e+04 9.636349463896873857e-01
1.850000000000000000e+04 9.711968049492620825e-01
1.860000000000000000e+04 9.669150854385133442e-01
1.870000000000000000e+04 9.658672258074079142e-01
1.880000000000000000e+04 9.740383947614688065e-01
1.890000000000000000e+04 9.641569969661543116e-01
1.900000000000000000e+04 9.681970563828814491e-01
1.910000000000000000e+04 9.676632712185420093e-01
1.920000000000000000e+04 9.676484441748145482e-01
1.930000000000000000e+04 9.674550281795832873e-01
1.940000000000000000e+04 9.657243310379384216e-01
1.950000000000000000e+04 9.621610316003972319e-01
1.960000000000000000e+04 9.702145427632999919e-01
1.970000000000000000e+04 9.718261529088053630e-01
1.980000000000000000e+04 9.690166683320369234e-01
1.990000000000000000e+04 9.731830729814460179e-01
2.000000000000000000e+04 9.701875630198761868e-01
2.010000000000000000e+04 9.625332644106450175e-01
2.020000000000000000e+04 9.718602457660605598e-01
2.030000000000000000e+04 9.698197403046618925e-01
2.040000000000000000e+04 9.689349232478661200e-01
2.050000000000000000e+04 9.665045613016023385e-01
2.060000000000000000e+04 9.715319221866296484e-01
2.070000000000000000e+04 9.584038227978251001e-01
2.080000000000000000e+04 9.664354312142882097e-01
2.090000000000000000e+04 9.710315624902798870e-01
2.100000000000000000e+04 9.711868862710367756e-01
2.110000000000000000e+04 9.707583084635184045e-01
2.120000000000000000e+04 9.647880104290409431e-01
2.130000000000000000e+04 9.749894199906663506e-01
2.140000000000000000e+04 9.590838094838149974e-01
2.150000000000000000e+04 9.770548899297916146e-01
2.160000000000000000e+04 9.652542521912316209e-01
2.170000000000000000e+04 9.648448790128107966e-01
2.180000000000000000e+04 9.593414253331014052e-01
2.190000000000000000e+04 9.713989674222787141e-01
2.200000000000000000e+04 9.783220924191717849e-01
2.210000000000000000e+04 9.670881618165495519e-01
2.220000000000000000e+04 9.767294944628056586e-01
2.230000000000000000e+04 9.728508980020607044e-01
2.240000000000000000e+04 9.699390855517314725e-01
2.250000000000000000e+04 9.612584849391607733e-01
2.260000000000000000e+04 9.690150338452239165e-01
2.270000000000000000e+04 9.580332002747079523e-01
2.280000000000000000e+04 9.654322227100018416e-01
2.290000000000000000e+04 9.715097144498557880e-01
2.300000000000000000e+04 9.720617939718716460e-01
2.310000000000000000e+04 9.554710319723416223e-01
2.320000000000000000e+04 9.677394855884415836e-01
2.330000000000000000e+04 9.650424815481414287e-01
2.340000000000000000e+04 9.676014474395518983e-01
2.350000000000000000e+04 9.619274242173460054e-01
2.360000000000000000e+04 9.662752379480371578e-01
2.370000000000000000e+04 9.644870470583301048e-01
2.380000000000000000e+04 9.714054609193828460e-01
2.390000000000000000e+04 9.685707901021402000e-01
2.400000000000000000e+04 9.714465457018262029e-01
2.410000000000000000e+04 9.727449024290533153e-01
2.420000000000000000e+04 9.723758930671102529e-01
2.430000000000000000e+04 9.659789015142513646e-01
2.440000000000000000e+04 9.700668156787757290e-01
2.450000000000000000e+04 9.648598198010103211e-01
2.460000000000000000e+04 9.781744746642160315e-01
2.470000000000000000e+04 9.644700424907238778e-01
2.480000000000000000e+04 9.705683699929740227e-01
2.490000000000000000e+04 9.637001518706903580e-01
2.500000000000000000e+04 9.726561148379448962e-01
2.510000000000000000e+04 9.660388443455935059e-01
2.520000000000000000e+04 9.637387196099522768e-01
2.530000000000000000e+04 9.616828977647730037e-01
2.540000000000000000e+04 9.651866327797389289e-01
2.550000000000000000e+04 9.702789205851926058e-01
2.560000000000000000e+04 9.679618601404212930e-01
2.570000000000000000e+04 9.742852656298333081e-01
2.580000000000000000e+04 9.686711934558427384e-01
2.590000000000000000e+04 9.663189707192231248e-01
2.600000000000000000e+04 9.663331046137021429e-01
2.610000000000000000e+04 9.660245203797048763e-01
2.620000000000000000e+04 9.666339624902949845e-01
2.630000000000000000e+04 9.587304681662366379e-01
2.640000000000000000e+04 9.636554026620689495e-01
2.650000000000000000e+04 9.729530415412154243e-01
2.660000000000000000e+04 9.702760099783263037e-01
2.670000000000000000e+04 9.745410992966707653e-01
2.680000000000000000e+04 9.697618784203898556e-01
2.690000000000000000e+04 9.677238849608584825e-01
2.700000000000000000e+04 9.731348099005237007e-01
2.710000000000000000e+04 9.732723740469471085e-01
2.720000000000000000e+04 9.627634180753654736e-01
2.730000000000000000e+04 9.737170706717535040e-01
2.740000000000000000e+04 9.688462079511446223e-01
2.750000000000000000e+04 9.723756632873888917e-01
2.760000000000000000e+04 9.673422280431156484e-01
2.770000000000000000e+04 9.675492986693655650e-01
2.780000000000000000e+04 9.648903707394829166e-01
2.790000000000000000e+04 9.597494054075533798e-01
2.800000000000000000e+04 9.710788007346740081e-01
2.810000000000000000e+04 9.705528528632002550e-01
2.820000000000000000e+04 9.662919245342994623e-01
2.830000000000000000e+04 9.608615248621572569e-01
2.840000000000000000e+04 9.697514116227912151e-01
2.850000000000000000e+04 9.688652724612493161e-01
2.860000000000000000e+04 9.686819958507236761e-01
2.870000000000000000e+04 9.729515677928938233e-01
2.880000000000000000e+04 9.668001304054570921e-01
2.890000000000000000e+04 9.646643832167935972e-01
2.900000000000000000e+04 9.746724768514768433e-01
2.910000000000000000e+04 9.771270202105784008e-01
2.920000000000000000e+04 9.640133355786698610e-01
2.930000000000000000e+04 9.703006190791667596e-01
2.940000000000000000e+04 9.711985080586111874e-01
2.950000000000000000e+04 9.658979023457388013e-01
2.960000000000000000e+04 9.707195731920462700e-01
2.970000000000000000e+04 9.736681921729373190e-01
2.980000000000000000e+04 9.743808506762116073e-01
2.990000000000000000e+04 9.756719679989811489e-01
3.000000000000000000e+04 9.701709633679833633e-01
