0.000000000000000000e+00 4.662839999999999763e-01
1.000000000000000000e+02 4.099240000000000106e-01
2.000000000000000000e+02 5.572399999999999576e-01
3.000000000000000000e+02 6.552640000000000686e-01
4.000000000000000000e+02 6.944719999999999782e-01
5.000000000000000000e+02 7.662880000000000802e-01
6.000000000000000000e+02 7.636599999999998944e-01
7.000000000000000000e+02 7.786560000000000148e-01
8.000000000000000000e+02 7.922200000000001463e-01
9.000000000000000000e+02 8.127279999999998950e-01
1.000000000000000000e+03 8.192519999999999802e-01
1.100000000000000000e+03 8.462760000000000282e-01
1.200000000000000000e+03 8.399759999999999449e-01
1.300000000000000000e+03 8.448600000000000554e-01
1.400000000000000000e+03 8.562159999999998661e-01
1.500000000000000000e+03 8.549320000000000253e-01
1.600000000000000000e+03 8.704439999999999955e-01
1.700000000000000000e+03 8.676319999999999588e-01
1.800000000000000000e+03 8.643720000000000292e-01
1.900000000000000000e+03 8.898240000000000594e-01
2.000000000000000000e+03 8.817239999999999522e-01
2.100000000000000000e+03 8.850080000000000169e-01
2.200000000000000000e+03 9.009800000000000031e-01
2.300000000000000000e+03 9.003959999999999742e-01
2.400000000000000000e+03 9.093240000000000212e-01
2.500000000000000000e+03 9.049999999999999156e-01
2.600000000000000000e+03 8.981319999999999304e-01
2.700000000000000000e+03 8.891519999999999424e-01
2.800000000000000000e+03 9.234759999999999636e-01
2.900000000000000000e+03 9.095800000000000551e-01
3.000000000000000000e+03 9.150639999999998775e-01
3.100000000000000000e+03 9.147720000000000296e-01
3.200000000000000000e+03 9.113720000000000709e-01
3.300000000000000000e+03 9.149839999999999085e-01
3.400000000000000000e+03 9.339199999999999724e-01
3.500000000000000000e+03 9.318359999999999976e-01
3.600000000000000000e+03 9.230999999999998096e-01
3.700000000000000000e+03 9.269439999999999902e-01
3.800000000000000000e+03 9.293040000000000189e-01
3.900000000000000000e+03 9.312519999999999687e-01
4.000000000000000000e+03 9.289639999999997899e-01
4.100000000000000000e+03 9.306959999999999678e-01
4.200000000000000000e+03 9.391880000000000228e-01
4.300000000000000000e+03 9.343280000000000474e-01
4.400000000000000000e+03 9.215719999999999468e-01
4.500000000000000000e+03 9.466600000000000570e-01
4.600000000000000000e+03 9.368399999999998951e-01
4.700000000000000000e+03 9.455919999999999881e-01
4.800000000000000000e+03 9.324279999999999236e-01
4.900000000000000000e+03 9.340039999999998344e-01
5.000000000000000000e+03 9.310719999999998997e-01
5.100000000000000000e+03 9.482519999999999838e-01
5.200000000000000000e+03 9.367599999999999261e-01
5.300000000000000000e+03 9.466759999999998509e-01
5.400000000000000000e+03 9.513840000000000074e-01
5.500000000000000000e+03 9.376479999999999260e-01
5.600000000000000000e+03 9.287719999999999310e-01
5.700000000000000000e+03 9.426320000000001365e-01
5.800000000000000000e+03 9.540120000000000822e-01
5.900000000000000000e+03 9.455079999999999041e-01
6.000000000000000000e+03 9.477640000000000509e-01
6.100000000000000000e+03 9.559599999999999209e-01
6.200000000000000000e+03 9.419399999999999995e-01
6.300000000000000000e+03 9.504280000000000506e-01
6.400000000000000000e+03 9.549119999999999830e-01
6.500000000000000000e+03 9.592319999999999736e-01
6.600000000000000000e+03 9.484360000000000568e-01
6.700000000000000000e+03 9.455480000000000551e-01
6.800000000000000000e+03 9.556879999999999820e-01
6.900000000000000000e+03 9.572559999999999958e-01
7.000000000000000000e+03 9.428480000000000194e-01
7.100000000000000000e+03 9.568879999999999608e-01
7.200000000000000000e+03 9.458360000000000101e-01
7.300000000000000000e+03 9.491720000000000157e-01
7.400000000000000000e+03 9.528520000000000323e-01
7.500000000000000000e+03 9.639039999999998720e-01
7.600000000000000000e+03 9.519640000000000324e-01
7.700000000000000000e+03 9.545679999999999721e-01
7.800000000000000000e+03 9.543120000000000491e-01
7.900000000000000000e+03 9.474080000000000279e-01
8.000000000000000000e+03 9.609079999999999844e-01
8.100000000000000000e+03 9.440280000000000893e-01
8.200000000000000000e+03 9.548879999999999590e-01
8.300000000000000000e+03 9.618640000000000523e-01
8.400000000000000000e+03 9.516839999999999744e-01
8.500000000000000000e+03 9.531919999999999282e-01
8.600000000000000000e+03 9.556919999999999860e-01
8.700000000000000000e+03 9.538280000000000092e-01
8.800000000000000000e+03 9.409919999999999396e-01
8.900000000000000000e+03 9.679759999999999476e-01
9.000000000000000000e+03 9.606559999999999544e-01
9.100000000000000000e+03 9.574319999999999498e-01
9.200000000000000000e+03 9.664360000000000728e-01
9.300000000000000000e+03 9.568439999999999168e-01
9.400000000000000000e+03 9.551080000000000680e-01
9.500000000000000000e+03 9.583359999999999657e-01
9.600000000000000000e+03 9.545000000000000151e-01
9.700000000000000000e+03 9.615920000000000023e-01
9.800000000000000000e+03 9.583599999999999897e-01
9.900000000000000000e+03 9.629280000000000062e-01
1.000000000000000000e+04 9.455280000000000351e-01
1.010000000000000000e+04 9.630600000000001382e-01
1.020000000000000000e+04 9.545680000000000831e-01
1.030000000000000000e+04 9.628479999999999261e-01
1.040000000000000000e+04 9.622400000000000952e-01
1.050000000000000000e+04 9.591319999999999846e-01
1.060000000000000000e+04 9.690240000000001075e-01
1.070000000000000000e+04 9.552840000000000220e-01
1.080000000000000000e+04 9.664160000000001638e-01
1.090000000000000000e+04 9.577199999999999047e-01
1.100000000000000000e+04 9.542479999999999851e-01
1.110000000000000000e+04 9.597480000000000455e-01
1.120000000000000000e+04 9.584159999999999346e-01
1.130000000000000000e+04 9.572760000000000158e-01
1.140000000000000000e+04 9.623840000000000172e-01
1.150000000000000000e+04 9.607199999999999074e-01
1.160000000000000000e+04 9.617040000000000033e-01
1.170000000000000000e+04 9.566320000000000379e-01
1.180000000000000000e+04 9.660239999999999938e-01
1.190000000000000000e+04 9.586240000000000316e-01
1.200000000000000000e+04 9.465400000000000480e-01
1.210000000000000000e+04 9.563559999999999839e-01
1.220000000000000000e+04 9.618279999999999053e-01
1.230000000000000000e+04 9.568839999999998458e-01
1.240000000000000000e+04 9.641480000000000050e-01
1.250000000000000000e+04 9.561319999999999819e-01
1.260000000000000000e+04 9.630239999999999911e-01
1.270000000000000000e+04 9.603000000000000425e-01
1.280000000000000000e+04 9.573640000000001038e-01
1.290000000000000000e+04 9.645240000000000480e-01
1.300000000000000000e+04 9.633120000000000571e-01
1.310000000000000000e+04 9.516519999999999424e-01
1.320000000000000000e+04 9.589519999999999156e-01
1.330000000000000000e+04 9.620519999999999072e-01
1.340000000000000000e+04 9.614840000000000053e-01
1.350000000000000000e+04 9.585799999999999876e-01
1.360000000000000000e+04 9.546359999999999291e-01
1.370000000000000000e+04 9.607679999999999554e-01
1.380000000000000000e+04 9.583919999999999106e-01
1.390000000000000000e+04 9.665679999999999827e-01
1.400000000000000000e+04 9.633559999999999901e-01
1.410000000000000000e+04 9.601439999999999975e-01
1.420000000000000000e+04 9.600919999999999455e-01
1.430000000000000000e+04 9.665839999999999987e-01
1.440000000000000000e+04 9.616280000000001493e-01
1.450000000000000000e+04 9.543960000000000221e-01
1.460000000000000000e+04 9.599159999999999915e-01
1.470000000000000000e+04 9.570919999999999428e-01
1.480000000000000000e+04 9.623079999999999412e-01
1.490000000000000000e+04 9.695560000000000844e-01
1.500000000000000000e+04 9.589639999999999276e-01
1.510000000000000000e+04 9.661200000000000898e-01
1.520000000000000000e+04 9.642359999999999820e-01
1.530000000000000000e+04 9.625120000000000342e-01
1.540000000000000000e+04 9.652679999999999039e-01
1.550000000000000000e+04 9.656599999999999628e-01
1.560000000000000000e+04 9.669200000000000017e-01
1.570000000000000000e+04 9.645880000000000010e-01
1.580000000000000000e+04 9.706599999999999673e-01
1.590000000000000000e+04 9.657600000000000628e-01
1.600000000000000000e+04 9.680199999999999916e-01
1.610000000000000000e+04 9.620120000000000893e-01
1.620000000000000000e+04 9.653199999999999559e-01
1.630000000000000000e+04 9.516959999999999864e-01
1.640000000000000000e+04 9.668919999999999737e-01
1.650000000000000000e+04 9.716879999999999962e-01
1.660000000000000000e+04 9.673800000000000177e-01
1.670000000000000000e+04 9.548520000000000341e-01
1.680000000000000000e+04 9.658360000000000278e-01
1.690000000000000000e+04 9.756400000000000627e-01
1.700000000000000000e+04 9.754319999999999657e-01
1.710000000000000000e+04 9.759360000000000257e-01
1.720000000000000000e+04 9.645599999999999730e-01
1.730000000000000000e+04 9.661680000000000268e-01
1.740000000000000000e+04 9.634599999999998721e-01
1.750000000000000000e+04 9.693520000000001025e-01
1.760000000000000000e+04 9.605759999999999854e-01
1.770000000000000000e+04 9.687799999999999745e-01
1.780000000000000000e+04 9.757959999999999967e-01
1.790000000000000000e+04 9.661639999999999118e-01
1.800000000000000000e+04 9.628679999999999461e-01
1.810000000000000000e+04 9.602280000000000815e-01
1.820000000000000000e+04 9.696479999999999544e-01
1.830000000000000000e+04 9.640039999999999720e-01
1.840000000000000000e+04 9.587280000000000246e-01
1.850000000000000000e+04 9.686080000000000245e-01
1.860000000000000000e+04 9.666760000000000908e-01
1.870000000000000000e+04 9.636119999999999131e-01
1.880000000000000000e+04 9.727679999999999660e-01
1.890000000000000000e+04 9.596399999999999375e-01
1.900000000000000000e+04 9.671680000000000277e-01
1.910000000000000000e+04 9.649159999999999959e-01
1.920000000000000000e+04 9.619760000000000533e-01
1.930000000000000000e+04 9.657679999999999598e-01
1.940000000000000000e+04 9.663960000000000328e-01
1.950000000000000000e+04 9.593200000000000616e-01
1.960000000000000000e+04 9.681880000000000486e-01
1.970000000000000000e+04 9.692000000000001725e-01
1.980000000000000000e+04 9.674800000000000066e-01
1.990000000000000000e+04 9.721039999999999681e-01
2.000000000000000000e+04 9.671319999999999917e-01
2.010000000000000000e+04 9.597120000000000095e-01
2.020000000000000000e+04 9.718320000000000292e-01
2.030000000000000000e+04 9.658359999999999168e-01
2.040000000000000000e+04 9.674280000000000657e-01
2.050000000000000000e+04 9.644680000000001030e-01
2.060000000000000000e+04 9.714480000000000892e-01
2.070000000000000000e+04 9.580239999999998757e-01
2.080000000000000000e+04 9.650559999999999139e-01
2.090000000000000000e+04 9.650439999999999019e-01
2.100000000000000000e+04 9.688160000000000105e-01
2.110000000000000000e+04 9.660720000000000418e-01
2.120000000000000000e+04 9.608200000000000074e-01
2.130000000000000000e+04 9.720480000000001342e-01
2.140000000000000000e+04 9.577839999999999687e-01
2.150000000000000000e+04 9.739999999999999769e-01
2.160000000000000000e+04 9.620440000000000103e-01
2.170000000000000000e+04 9.650000000000000799e-01
2.180000000000000000e+04 9.558320000000000149e-01
2.190000000000000000e+04 9.690799999999999415e-01
2.200000000000000000e+04 9.780600000000000405e-01
2.210000000000000000e+04 9.647200000000000220e-01
2.220000000000000000e+04 9.751600000000000268e-01
2.230000000000000000e+04 9.694160000000000554e-01
2.240000000000000000e+04 9.690600000000000325e-01
2.250000000000000000e+04 9.618439999999999213e-01
2.260000000000000000e+04 9.667080000000001228e-01
2.270000000000000000e+04 9.533719999999999972e-01
2.280000000000000000e+04 9.623039999999999372e-01
2.290000000000000000e+04 9.691680000000000295e-01
2.300000000000000000e+04 9.693800000000001305e-01
2.310000000000000000e+04 9.562680000000000069e-01
2.320000000000000000e+04 9.639640000000000430e-01
2.330000000000000000e+04 9.619759999999999422e-01
2.340000000000000000e+04 9.655559999999999699e-01
2.350000000000000000e+04 9.587520000000000486e-01
2.360000000000000000e+04 9.630360000000000031e-01
2.370000000000000000e+04 9.610080000000000844e-01
2.380000000000000000e+04 9.675640000000000907e-01
2.390000000000000000e+04 9.688920000000000865e-01
2.400000000000000000e+04 9.674639999999999906e-01
2.410000000000000000e+04 9.697679999999999634e-01
2.420000000000000000e+04 9.703600000000001113e-01
2.430000000000000000e+04 9.632640000000000091e-01
2.440000000000000000e+04 9.702399999999998803e-01
2.450000000000000000e+04 9.630159999999998721e-01
2.460000000000000000e+04 9.733559999999999990e-01
2.470000000000000000e+04 9.615759999999999863e-01
2.480000000000000000e+04 9.685040000000000315e-01
2.490000000000000000e+04 9.616520000000000623e-01
2.500000000000000000e+04 9.708639999999999493e-01
2.510000000000000000e+04 9.619280000000000053e-01
2.520000000000000000e+04 9.602079999999999504e-01
2.530000000000000000e+04 9.594799999999999995e-01
2.540000000000000000e+04 9.616440000000000543e-01
2.550000000000000000e+04 9.671319999999999917e-01
2.560000000000000000e+04 9.675320000000000586e-01
2.570000000000000000e+04 9.710039999999999782e-01
2.580000000000000000e+04 9.659400000000000208e-01
2.590000000000000000e+04 9.627359999999999252e-01
2.600000000000000000e+04 9.657640000000000668e-01
2.610000000000000000e+04 9.643279999999999630e-01
2.620000000000000000e+04 9.637120000000000131e-01
2.630000000000000000e+04 9.544040000000000301e-01
2.640000000000000000e+04 9.637799999999999701e-01
2.650000000000000000e+04 9.716040000000000232e-01
2.660000000000000000e+04 9.662880000000000358e-01
2.670000000000000000e+04 9.722640000000000171e-01
2.680000000000000000e+04 9.691079999999999695e-01
2.690000000000000000e+04 9.642599999999998950e-01
2.700000000000000000e+04 9.680119999999999836e-01
2.710000000000000000e+04 9.706399999999999473e-01
2.720000000000000000e+04 9.586239999999999206e-01
2.730000000000000000e+04 9.727040000000000131e-01
2.740000000000000000e+04 9.666440000000001698e-01
2.750000000000000000e+04 9.706479999999999553e-01
2.760000000000000000e+04 9.631799999999999251e-01
2.770000000000000000e+04 9.617279999999999163e-01
2.780000000000000000e+04 9.640440000000000120e-01
2.790000000000000000e+04 9.598360000000000225e-01
2.800000000000000000e+04 9.701959999999999473e-01
2.810000000000000000e+04 9.674520000000000897e-01
2.820000000000000000e+04 9.619440000000000213e-01
2.830000000000000000e+04 9.580400000000000027e-01
2.840000000000000000e+04 9.662999999999999368e-01
2.850000000000000000e+04 9.659479999999998068e-01
2.860000000000000000e+04 9.684520000000000906e-01
2.870000000000000000e+04 9.728559999999999430e-01
2.880000000000000000e+04 9.648079999999999989e-01
2.890000000000000000e+04 9.628639999999999421e-01
2.900000000000000000e+04 9.705720000000001013e-01
2.910000000000000000e+04 9.753760000000000208e-01
2.920000000000000000e+04 9.634639999999999871e-01
2.930000000000000000e+04 9.667679999999999607e-01
2.940000000000000000e+04 9.684120000000000505e-01
2.950000000000000000e+04 9.629320000000000102e-01
2.960000000000000000e+04 9.679519999999999236e-01
2.970000000000000000e+04 9.709239999999998982e-01
2.980000000000000000e+04 9.709480000000000333e-01
2.990000000000000000e+04 9.737079999999999069e-01
3.000000000000000000e+04 9.688520000000000465e-01
