0.000000000000000000e+00 4.820832762987229403e-01
1.000000000000000000e+02 3.665886221822593494e-01
2.000000000000000000e+02 3.803035959621702822e-01
3.000000000000000000e+02 3.765225156854828947e-01
4.000000000000000000e+02 3.937703339815785686e-01
5.000000000000000000e+02 4.020258308020385196e-01
6.000000000000000000e+02 4.096536732079227860e-01
7.000000000000000000e+02 4.226162420747403003e-01
8.000000000000000000e+02 4.165738531990310634e-01
9.000000000000000000e+02 4.411385098852110276e-01
1.000000000000000000e+03 4.218750822727082572e-01
1.100000000000000000e+03 4.376947820194344585e-01
1.200000000000000000e+03 4.517813887096951420e-01
1.300000000000000000e+03 4.505427310172310240e-01
1.400000000000000000e+03 4.418257868629872354e-01
1.500000000000000000e+03 4.504597183149008366e-01
1.600000000000000000e+03 4.520983341912996334e-01
1.700000000000000000e+03 4.886719968809168924e-01
1.800000000000000000e+03 4.765396016858498562e-01
1.900000000000000000e+03 4.859251912241556726e-01
2.000000000000000000e+03 4.976761915805445469e-01
2.100000000000000000e+03 5.123693506693804967e-01
2.200000000000000000e+03 5.296844014665711420e-01
2.300000000000000000e+03 5.413019335386208830e-01
2.400000000000000000e+03 5.220450310403310645e-01
2.500000000000000000e+03 5.454984070407931096e-01
2.600000000000000000e+03 5.604826635815878255e-01
2.700000000000000000e+03 5.662294313597332485e-01
2.800000000000000000e+03 5.716705996099237241e-01
2.900000000000000000e+03 5.611906147775113096e-01
3.000000000000000000e+03 5.985972351287289772e-01
3.100000000000000000e+03 6.095207493619161365e-01
3.200000000000000000e+03 6.098002853310013904e-01
3.300000000000000000e+03 5.908344621471026681e-01
3.400000000000000000e+03 6.357160703550719383e-01
3.500000000000000000e+03 6.578124291466287410e-01
3.600000000000000000e+03 6.321315151512545416e-01
3.700000000000000000e+03 6.332849126607638102e-01
3.800000000000000000e+03 6.680777088584947121e-01
3.900000000000000000e+03 6.731871923256036450e-01
4.000000000000000000e+03 6.714343710228645179e-01
4.100000000000000000e+03 6.980893031440116303e-01
4.200000000000000000e+03 7.145988753911414193e-01
4.300000000000000000e+03 7.065960394847861092e-01
4.400000000000000000e+03 7.135879661238628824e-01
4.500000000000000000e+03 7.320448198793659822e-01
4.600000000000000000e+03 7.309884374961780340e-01
4.700000000000000000e+03 7.718480025949499002e-01
4.800000000000000000e+03 7.673053164579528573e-01
4.900000000000000000e+03 7.881185617854860048e-01
5.000000000000000000e+03 7.622047230065719381e-01
5.100000000000000000e+03 7.729681510835599845e-01
5.200000000000000000e+03 7.708040741235577809e-01
5.300000000000000000e+03 8.019794073779807908e-01
5.400000000000000000e+03 8.206934978422038007e-01
5.500000000000000000e+03 8.080810915381212434e-01
5.600000000000000000e+03 7.973155937663295445e-01
5.700000000000000000e+03 8.107129374520306575e-01
5.800000000000000000e+03 8.188982574246308488e-01
5.900000000000000000e+03 7.976087115961412177e-01
6.000000000000000000e+03 8.231816262191891109e-01
6.100000000000000000e+03 8.290343135917352946e-01
6.200000000000000000e+03 8.302775230731793688e-01
6.300000000000000000e+03 8.406804027759149367e-01
6.400000000000000000e+03 8.445186513790057248e-01
6.500000000000000000e+03 8.531708231730104064e-01
6.600000000000000000e+03 8.642426687166604449e-01
6.700000000000000000e+03 8.647567046652286926e-01
6.800000000000000000e+03 8.704540465950825201e-01
6.900000000000000000e+03 8.722015329476284773e-01
7.000000000000000000e+03 8.783199035935932431e-01
7.100000000000000000e+03 8.707951429782889718e-01
7.200000000000000000e+03 8.725309874922918540e-01
7.300000000000000000e+03 8.902071361415103690e-01
7.400000000000000000e+03 8.793033235401204184e-01
7.500000000000000000e+03 8.993759290259261130e-01
7.600000000000000000e+03 8.832693705441022614e-01
7.700000000000000000e+03 8.902031897734481447e-01
7.800000000000000000e+03 8.890617692921718440e-01
7.900000000000000000e+03 8.939980627607198027e-01
8.000000000000000000e+03 9.011067330855974111e-01
8.100000000000000000e+03 9.052454432590067990e-01
8.200000000000000000e+03 9.093315740828269433e-01
8.300000000000000000e+03 9.073501344613003061e-01
8.400000000000000000e+03 9.056760558325670507e-01
8.500000000000000000e+03 9.004823320301946765e-01
8.600000000000000000e+03 9.037622831812263113e-01
8.700000000000000000e+03 9.201662108253276795e-01
8.800000000000000000e+03 9.084635109147662924e-01
8.900000000000000000e+03 9.131046193423129065e-01
9.000000000000000000e+03 9.108122060500616346e-01
9.100000000000000000e+03 9.208358858562726290e-01
9.200000000000000000e+03 9.135525153870370785e-01
9.300000000000000000e+03 9.164367668129645983e-01
9.400000000000000000e+03 9.159774256052493069e-01
9.500000000000000000e+03 9.154431913599456738e-01
9.600000000000000000e+03 9.175116380951223727e-01
9.700000000000000000e+03 9.213898797079741465e-01
9.800000000000000000e+03 9.222028231238454943e-01
9.900000000000000000e+03 9.128872632020408329e-01
1.000000000000000000e+04 9.225336756740105670e-01
1.010000000000000000e+04 9.266364620413225506e-01
1.020000000000000000e+04 9.190732605234294139e-01
1.030000000000000000e+04 9.263638206286641807e-01
1.040000000000000000e+04 9.180779985432442336e-01
1.050000000000000000e+04 9.318204315406060090e-01
1.060000000000000000e+04 9.305157281374115685e-01
1.070000000000000000e+04 9.255888320645455636e-01
1.080000000000000000e+04 9.281264911083852986e-01
1.090000000000000000e+04 9.267774959877719265e-01
1.100000000000000000e+04 9.263773664931628238e-01
1.110000000000000000e+04 9.331592134971095076e-01
1.120000000000000000e+04 9.432864764173943817e-01
1.130000000000000000e+04 9.349940463144993386e-01
1.140000000000000000e+04 9.338684549661355749e-01
1.150000000000000000e+04 9.360442640894675037e-01
1.160000000000000000e+04 9.405993833674191062e-01
1.170000000000000000e+04 9.405618690498002143e-01
1.180000000000000000e+04 9.281266143509590005e-01
1.190000000000000000e+04 9.405180946663863617e-01
1.200000000000000000e+04 9.427050601511296479e-01
1.210000000000000000e+04 9.462228266673817778e-01
1.220000000000000000e+04 9.395919028762447223e-01
1.230000000000000000e+04 9.469840829359179590e-01
1.240000000000000000e+04 9.321191475267882609e-01
1.250000000000000000e+04 9.421984209078603234e-01
1.260000000000000000e+04 9.417978119238102908e-01
1.270000000000000000e+04 9.416284917619195394e-01
1.280000000000000000e+04 9.394885709206822755e-01
1.290000000000000000e+04 9.437932937162111235e-01
1.300000000000000000e+04 9.430847024177029247e-01
1.310000000000000000e+04 9.460897067427198603e-01
1.320000000000000000e+04 9.498194346909080155e-01
1.330000000000000000e+04 9.472854954481073619e-01
1.340000000000000000e+04 9.418038640886305934e-01
1.350000000000000000e+04 9.471347621288135343e-01
1.360000000000000000e+04 9.434399244539528606e-01
1.370000000000000000e+04 9.484935044323036246e-01
1.380000000000000000e+04 9.473453540494689573e-01
1.390000000000000000e+04 9.484264430375891619e-01
1.400000000000000000e+04 9.470463478214119490e-01
1.410000000000000000e+04 9.505526823580882079e-01
1.420000000000000000e+04 9.494625272426936435e-01
1.430000000000000000e+04 9.506531509266690216e-01
1.440000000000000000e+04 9.502321320381785785e-01
1.450000000000000000e+04 9.508188257299929891e-01
1.460000000000000000e+04 9.549135217908072404e-01
1.470000000000000000e+04 9.577110316823069791e-01
1.480000000000000000e+04 9.556678941030233299e-01
1.490000000000000000e+04 9.599761420968684345e-01
1.500000000000000000e+04 9.541141592390085524e-01
1.510000000000000000e+04 9.548826283315524632e-01
1.520000000000000000e+04 9.547745461963661473e-01
1.530000000000000000e+04 9.622252599168538145e-01
1.540000000000000000e+04 9.603338993015674285e-01
1.550000000000000000e+04 9.636581053233489458e-01
1.560000000000000000e+04 9.626706722902684810e-01
1.570000000000000000e+04 9.611135012235755282e-01
1.580000000000000000e+04 9.634109650405828784e-01
1.590000000000000000e+04 9.665490813613397680e-01
1.600000000000000000e+04 9.664937322590465563e-01
1.610000000000000000e+04 9.632021125522793881e-01
1.620000000000000000e+04 9.685588344726112631e-01
1.630000000000000000e+04 9.674606925364767074e-01
1.640000000000000000e+04 9.690993093760622568e-01
1.650000000000000000e+04 9.736762364737043818e-01
1.660000000000000000e+04 9.672748596797255960e-01
1.670000000000000000e+04 9.693728658818427935e-01
1.680000000000000000e+04 9.711900102425198300e-01
1.690000000000000000e+04 9.765863828503054123e-01
1.700000000000000000e+04 9.711732905239995883e-01
1.710000000000000000e+04 9.717020447681004036e-01
1.720000000000000000e+04 9.736327306705735429e-01
1.730000000000000000e+04 9.751604927186541261e-01
1.740000000000000000e+04 9.760764199193600055e-01
1.750000000000000000e+04 9.711304608811693884e-01
1.760000000000000000e+04 9.747008447051377367e-01
1.770000000000000000e+04 9.719793684176224469e-01
1.780000000000000000e+04 9.756571309443528017e-01
1.790000000000000000e+04 9.762835999378466356e-01
1.800000000000000000e+04 9.742443606233427422e-01
1.810000000000000000e+04 9.756335371229380993e-01
1.820000000000000000e+04 9.750170648200398027e-01
1.830000000000000000e+04 9.768996910411830159e-01
1.840000000000000000e+04 9.756324185187293940e-01
1.850000000000000000e+04 9.781148796948633262e-01
1.860000000000000000e+04 9.795558033718002600e-01
1.870000000000000000e+04 9.800988180300749253e-01
1.880000000000000000e+04 9.822893185604766320e-01
1.890000000000000000e+04 9.795875319041008611e-01
1.900000000000000000e+04 9.775137152477575420e-01
1.910000000000000000e+04 9.821715623154502195e-01
1.920000000000000000e+04 9.794341963199862944e-01
1.930000000000000000e+04 9.787379912949676353e-01
1.940000000000000000e+04 9.833463298029124777e-01
1.950000000000000000e+04 9.749485138836428977e-01
1.960000000000000000e+04 9.815554384453427650e-01
1.970000000000000000e+04 9.798111682987611371e-01
1.980000000000000000e+04 9.829831502896207995e-01
1.990000000000000000e+04 9.844702899690558340e-01
2.000000000000000000e+04 9.841172081246242209e-01
2.010000000000000000e+04 9.815119840208550439e-01
2.020000000000000000e+04 9.817878712913482575e-01
2.030000000000000000e+04 9.845181369313616981e-01
2.040000000000000000e+04 9.840753855139012796e-01
2.050000000000000000e+04 9.853942768983817713e-01
2.060000000000000000e+04 9.849169621595040836e-01
2.070000000000000000e+04 9.842492982030053295e-01
2.080000000000000000e+04 9.831483097386995995e-01
2.090000000000000000e+04 9.856405299362509531e-01
2.100000000000000000e+04 9.852825078875659948e-01
2.110000000000000000e+04 9.831748375286354369e-01
2.120000000000000000e+04 9.835329987133319962e-01
2.130000000000000000e+04 9.874427629496135284e-01
2.140000000000000000e+04 9.843993037676878055e-01
2.150000000000000000e+04 9.874503255018726167e-01
2.160000000000000000e+04 9.815702397358645470e-01
2.170000000000000000e+04 9.864468073483414479e-01
2.180000000000000000e+04 9.879414257528937870e-01
2.190000000000000000e+04 9.846974326021677992e-01
2.200000000000000000e+04 9.847051902421843916e-01
2.210000000000000000e+04 9.864302895307985874e-01
2.220000000000000000e+04 9.829584231148512652e-01
2.230000000000000000e+04 9.864043998883982312e-01
2.240000000000000000e+04 9.853936133137516373e-01
2.250000000000000000e+04 9.847231812226052705e-01
2.260000000000000000e+04 9.865627907503677907e-01
2.270000000000000000e+04 9.854659967256771402e-01
2.280000000000000000e+04 9.898385446170021584e-01
2.290000000000000000e+04 9.863337516727390675e-01
2.300000000000000000e+04 9.850806918972208059e-01
2.310000000000000000e+04 9.876041923393719113e-01
2.320000000000000000e+04 9.860276584330616156e-01
2.330000000000000000e+04 9.862127830106933724e-01
2.340000000000000000e+04 9.869596093349282118e-01
2.350000000000000000e+04 9.872480509188266140e-01
2.360000000000000000e+04 9.859045241052393216e-01
2.370000000000000000e+04 9.877456129578394695e-01
2.380000000000000000e+04 9.847192202647836456e-01
2.390000000000000000e+04 9.870767565580893521e-01
2.400000000000000000e+04 9.876805916363919913e-01
2.410000000000000000e+04 9.889561785845466524e-01
2.420000000000000000e+04 9.880337349714080064e-01
2.430000000000000000e+04 9.885310365696001744e-01
2.440000000000000000e+04 9.862909663514949354e-01
2.450000000000000000e+04 9.874337863745160648e-01
2.460000000000000000e+04 9.880121528655353424e-01
2.470000000000000000e+04 9.877643675918198474e-01
2.480000000000000000e+04 9.876688500894479361e-01
2.490000000000000000e+04 9.848910642281354377e-01
2.500000000000000000e+04 9.871191988044041299e-01
2.510000000000000000e+04 9.907474742894097908e-01
2.520000000000000000e+04 9.897787636546802048e-01
2.530000000000000000e+04 9.888822158242152049e-01
2.540000000000000000e+04 9.870753733320498657e-01
2.550000000000000000e+04 9.876717221187002460e-01
2.560000000000000000e+04 9.891868492964226434e-01
2.570000000000000000e+04 9.877735415693696952e-01
2.580000000000000000e+04 9.895130984984585876e-01
2.590000000000000000e+04 9.877960258502075375e-01
2.600000000000000000e+04 9.896311430587430014e-01
2.610000000000000000e+04 9.885923034443999668e-01
2.620000000000000000e+04 9.857063352139925350e-01
2.630000000000000000e+04 9.898226941066219364e-01
2.640000000000000000e+04 9.879308981791348199e-01
2.650000000000000000e+04 9.902341094761584195e-01
2.660000000000000000e+04 9.871469597840747401e-01
2.670000000000000000e+04 9.858384983081180941e-01
2.680000000000000000e+04 9.902493702989223490e-01
2.690000000000000000e+04 9.898081338564064247e-01
2.700000000000000000e+04 9.889491176918816517e-01
2.710000000000000000e+04 9.898325584174295644e-01
2.720000000000000000e+04 9.907552024688535131e-01
2.730000000000000000e+04 9.877629012452311397e-01
2.740000000000000000e+04 9.891376344489855033e-01
2.750000000000000000e+04 9.857209746424799857e-01
2.760000000000000000e+04 9.912972802512599602e-01
2.770000000000000000e+04 9.894795481265026282e-01
2.780000000000000000e+04 9.907519971866628472e-01
2.790000000000000000e+04 9.890422946281853811e-01
2.800000000000000000e+04 9.897812571813560112e-01
2.810000000000000000e+04 9.887350689840868068e-01
2.820000000000000000e+04 9.884077801524300266e-01
2.830000000000000000e+04 9.900167231136636214e-01
2.840000000000000000e+04 9.888672235658954035e-01
2.850000000000000000e+04 9.884258330010026183e-01
2.860000000000000000e+04 9.861811474355212104e-01
2.870000000000000000e+04 9.871279599158008233e-01
2.880000000000000000e+04 9.873004906315929752e-01
2.890000000000000000e+04 9.858138291418124810e-01
2.900000000000000000e+04 9.855588373025554461e-01
2.910000000000000000e+04 9.880858122415819844e-01
2.920000000000000000e+04 9.896278091330663607e-01
2.930000000000000000e+04 9.880214428124373116e-01
2.940000000000000000e+04 9.883147258818876235e-01
2.950000000000000000e+04 9.873944143572108700e-01
2.960000000000000000e+04 9.882923291630897333e-01
2.970000000000000000e+04 9.889154344693509291e-01
2.980000000000000000e+04 9.890900577945682670e-01
2.990000000000000000e+04 9.895609559887807993e-01
3.000000000000000000e+04 9.920225162716480583e-01
