0.000000000000000000e+00 4.674880000000000146e-01
1.000000000000000000e+02 2.710000000000000187e-01
2.000000000000000000e+02 3.053040000000000198e-01
3.000000000000000000e+02 3.012199999999999878e-01
4.000000000000000000e+02 3.471960000000000046e-01
5.000000000000000000e+02 3.554159999999999542e-01
6.000000000000000000e+02 3.707080000000000375e-01
7.000000000000000000e+02 4.011199999999999766e-01
8.000000000000000000e+02 3.892480000000000384e-01
9.000000000000000000e+02 4.332600000000000895e-01
1.000000000000000000e+03 4.013280000000000181e-01
1.100000000000000000e+03 4.293279999999999874e-01
1.200000000000000000e+03 4.468440000000000190e-01
1.300000000000000000e+03 4.513879999999999559e-01
1.400000000000000000e+03 4.394440000000000013e-01
1.500000000000000000e+03 4.550199999999999800e-01
1.600000000000000000e+03 4.564359999999999529e-01
1.700000000000000000e+03 5.099519999999999609e-01
1.800000000000000000e+03 4.897120000000000362e-01
1.900000000000000000e+03 5.066200000000000703e-01
2.000000000000000000e+03 5.265640000000000320e-01
2.100000000000000000e+03 5.270919999999998939e-01
2.200000000000000000e+03 5.482000000000000206e-01
2.300000000000000000e+03 5.821919999999999318e-01
2.400000000000000000e+03 5.514879999999999782e-01
2.500000000000000000e+03 5.784599999999999742e-01
2.600000000000000000e+03 5.865599999999999703e-01
2.700000000000000000e+03 6.031519999999999104e-01
2.800000000000000000e+03 6.065199999999999481e-01
2.900000000000000000e+03 5.914920000000000178e-01
3.000000000000000000e+03 6.309200000000000363e-01
3.100000000000000000e+03 6.366399999999999837e-01
3.200000000000000000e+03 6.360959999999999948e-01
3.300000000000000000e+03 6.239479999999999471e-01
3.400000000000000000e+03 6.649180000000001201e-01
3.500000000000000000e+03 6.706759999999998278e-01
3.600000000000000000e+03 6.505239999999999911e-01
3.700000000000000000e+03 6.652160000000000295e-01
3.800000000000000000e+03 6.779919999999999281e-01
3.900000000000000000e+03 6.844839999999999813e-01
4.000000000000000000e+03 6.792760000000001019e-01
4.100000000000000000e+03 7.063439999999999719e-01
4.200000000000000000e+03 7.117999999999999883e-01
4.300000000000000000e+03 7.138079999999999981e-01
4.400000000000000000e+03 7.105040000000000244e-01
4.500000000000000000e+03 7.274719999999998965e-01
4.600000000000000000e+03 7.391199999999999992e-01
4.700000000000000000e+03 7.652839999999999643e-01
4.800000000000000000e+03 7.656359999999999832e-01
4.900000000000000000e+03 7.681279999999999220e-01
5.000000000000000000e+03 7.568119999999999292e-01
5.100000000000000000e+03 7.639840000000001075e-01
5.200000000000000000e+03 7.586960000000000370e-01
5.300000000000000000e+03 7.830559999999999743e-01
5.400000000000000000e+03 7.988880000000000425e-01
5.500000000000000000e+03 7.780119999999999258e-01
5.600000000000000000e+03 7.811960000000000015e-01
5.700000000000000000e+03 7.948880000000000390e-01
5.800000000000000000e+03 7.927960000000000562e-01
5.900000000000000000e+03 7.796319999999999917e-01
6.000000000000000000e+03 8.090679999999998984e-01
6.100000000000000000e+03 7.985040000000001026e-01
6.200000000000000000e+03 8.075719999999999565e-01
6.300000000000000000e+03 8.207640000000000491e-01
6.400000000000000000e+03 8.178240000000001064e-01
6.500000000000000000e+03 8.216559999999999420e-01
6.600000000000000000e+03 8.321119999999999628e-01
6.700000000000000000e+03 8.337760000000000726e-01
6.800000000000000000e+03 8.347279999999999145e-01
6.900000000000000000e+03 8.387360000000000371e-01
7.000000000000000000e+03 8.496119999999999228e-01
7.100000000000000000e+03 8.447519999999999474e-01
7.200000000000000000e+03 8.494360000000000799e-01
7.300000000000000000e+03 8.565559999999999841e-01
7.400000000000000000e+03 8.580559999999999299e-01
7.500000000000000000e+03 8.742799999999999461e-01
7.600000000000000000e+03 8.590599999999999348e-01
7.700000000000000000e+03 8.573640000000000150e-01
7.800000000000000000e+03 8.629599999999999493e-01
7.900000000000000000e+03 8.609040000000000026e-01
8.000000000000000000e+03 8.769320000000000448e-01
8.100000000000000000e+03 8.741839999999999611e-01
8.200000000000000000e+03 8.831799999999998541e-01
8.300000000000000000e+03 8.818439999999999612e-01
8.400000000000000000e+03 8.784879999999999356e-01
8.500000000000000000e+03 8.687759999999999927e-01
8.600000000000000000e+03 8.739600000000000701e-01
8.700000000000000000e+03 8.903079999999999883e-01
8.800000000000000000e+03 8.827400000000000801e-01
8.900000000000000000e+03 8.899359999999998383e-01
9.000000000000000000e+03 8.821679999999999522e-01
9.100000000000000000e+03 8.967039999999998345e-01
9.200000000000000000e+03 8.887879999999999114e-01
9.300000000000000000e+03 8.879799999999999915e-01
9.400000000000000000e+03 8.966599999999997905e-01
9.500000000000000000e+03 8.893360000000001264e-01
9.600000000000000000e+03 8.980759999999998744e-01
9.700000000000000000e+03 8.944599999999999218e-01
9.800000000000000000e+03 8.985119999999999774e-01
9.900000000000000000e+03 8.866399999999998727e-01
1.000000000000000000e+04 8.985559999999999103e-01
1.010000000000000000e+04 9.056359999999999966e-01
1.020000000000000000e+04 8.913320000000000132e-01
1.030000000000000000e+04 9.004719999999999391e-01
1.040000000000000000e+04 8.938719999999998889e-01
1.050000000000000000e+04 9.042959999999998777e-01
1.060000000000000000e+04 9.072519999999999474e-01
1.070000000000000000e+04 9.008559999999999901e-01
1.080000000000000000e+04 9.042879999999999807e-01
1.090000000000000000e+04 9.004399999999999071e-01
1.100000000000000000e+04 8.994600000000000373e-01
1.110000000000000000e+04 9.076999999999999513e-01
1.120000000000000000e+04 9.220239999999999547e-01
1.130000000000000000e+04 9.103839999999998600e-01
1.140000000000000000e+04 9.080280000000000573e-01
1.150000000000000000e+04 9.127600000000000158e-01
1.160000000000000000e+04 9.216039999999999788e-01
1.170000000000000000e+04 9.173000000000001153e-01
1.180000000000000000e+04 9.053199999999999026e-01
1.190000000000000000e+04 9.193999999999998840e-01
1.200000000000000000e+04 9.230319999999998526e-01
1.210000000000000000e+04 9.267119999999999802e-01
1.220000000000000000e+04 9.165479999999999183e-01
1.230000000000000000e+04 9.272520000000001872e-01
1.240000000000000000e+04 9.119240000000000679e-01
1.250000000000000000e+04 9.214679999999999538e-01
1.260000000000000000e+04 9.200159999999999449e-01
1.270000000000000000e+04 9.222240000000000437e-01
1.280000000000000000e+04 9.169640000000000013e-01
1.290000000000000000e+04 9.225999999999999757e-01
1.300000000000000000e+04 9.187239999999998741e-01
1.310000000000000000e+04 9.260800000000000143e-01
1.320000000000000000e+04 9.343679999999999763e-01
1.330000000000000000e+04 9.267159999999999842e-01
1.340000000000000000e+04 9.203919999999999879e-01
1.350000000000000000e+04 9.261999999999999122e-01
1.360000000000000000e+04 9.239280000000000825e-01
1.370000000000000000e+04 9.306960000000000788e-01
1.380000000000000000e+04 9.294760000000000799e-01
1.390000000000000000e+04 9.292880000000000029e-01
1.400000000000000000e+04 9.281040000000000401e-01
1.410000000000000000e+04 9.343359999999999443e-01
1.420000000000000000e+04 9.330760000000000165e-01
1.430000000000000000e+04 9.351560000000000983e-01
1.440000000000000000e+04 9.346959999999999713e-01
1.450000000000000000e+04 9.362639999999999851e-01
1.460000000000000000e+04 9.414240000000000386e-01
1.470000000000000000e+04 9.437960000000000793e-01
1.480000000000000000e+04 9.421080000000000565e-01
1.490000000000000000e+04 9.476639999999999509e-01
1.500000000000000000e+04 9.414639999999999675e-01
1.510000000000000000e+04 9.420959999999999335e-01
1.520000000000000000e+04 9.428040000000000864e-01
1.530000000000000000e+04 9.512280000000000735e-01
1.540000000000000000e+04 9.499879999999999436e-01
1.550000000000000000e+04 9.551080000000000680e-01
1.560000000000000000e+04 9.532719999999998972e-01
1.570000000000000000e+04 9.530400000000001093e-01
1.580000000000000000e+04 9.557840000000000780e-01
1.590000000000000000e+04 9.584159999999999346e-01
1.600000000000000000e+04 9.593440000000000856e-01
1.610000000000000000e+04 9.551800000000000290e-01
1.620000000000000000e+04 9.616520000000000623e-01
1.630000000000000000e+04 9.597320000000000295e-01
1.640000000000000000e+04 9.611120000000000774e-01
1.650000000000000000e+04 9.658359999999999168e-01
1.660000000000000000e+04 9.589520000000000266e-01
1.670000000000000000e+04 9.609320000000000084e-01
1.680000000000000000e+04 9.641440000000001120e-01
1.690000000000000000e+04 9.724200000000001731e-01
1.700000000000000000e+04 9.644080000000001540e-01
1.710000000000000000e+04 9.649719999999999409e-01
1.720000000000000000e+04 9.669399999999997997e-01
1.730000000000000000e+04 9.700360000000001204e-01
1.740000000000000000e+04 9.706360000000000543e-01
1.750000000000000000e+04 9.648159999999998959e-01
1.760000000000000000e+04 9.689200000000000035e-01
1.770000000000000000e+04 9.683599999999998875e-01
1.780000000000000000e+04 9.716440000000001742e-01
1.790000000000000000e+04 9.722680000000000211e-01
1.800000000000000000e+04 9.696119999999999184e-01
1.810000000000000000e+04 9.710520000000000262e-01
1.820000000000000000e+04 9.713479999999998782e-01
1.830000000000000000e+04 9.730280000000000040e-01
1.840000000000000000e+04 9.715760000000001062e-01
1.850000000000000000e+04 9.735319999999999530e-01
1.860000000000000000e+04 9.760480000000000267e-01
1.870000000000000000e+04 9.756519999999999637e-01
1.880000000000000000e+04 9.787400000000000544e-01
1.890000000000000000e+04 9.767280000000000406e-01
1.900000000000000000e+04 9.730919999999999570e-01
1.910000000000000000e+04 9.791480000000000183e-01
1.920000000000000000e+04 9.758119999999999017e-01
1.930000000000000000e+04 9.747599999999999598e-01
1.940000000000000000e+04 9.804199999999999582e-01
1.950000000000000000e+04 9.722119999999999651e-01
1.960000000000000000e+04 9.777519999999999545e-01
1.970000000000000000e+04 9.764599999999999946e-01
1.980000000000000000e+04 9.808359999999999301e-01
1.990000000000000000e+04 9.822720000000000340e-01
2.000000000000000000e+04 9.812959999999999461e-01
2.010000000000000000e+04 9.787519999999999554e-01
2.020000000000000000e+04 9.792120000000000823e-01
2.030000000000000000e+04 9.818439999999999390e-01
2.040000000000000000e+04 9.816840000000000011e-01
2.050000000000000000e+04 9.835159999999999458e-01
2.060000000000000000e+04 9.829799999999999649e-01
2.070000000000000000e+04 9.820640000000000480e-01
2.080000000000000000e+04 9.816159999999999330e-01
2.090000000000000000e+04 9.837799999999999878e-01
2.100000000000000000e+04 9.837120000000000308e-01
2.110000000000000000e+04 9.812520000000000131e-01
2.120000000000000000e+04 9.814919999999999201e-01
2.130000000000000000e+04 9.854199999999999626e-01
2.140000000000000000e+04 9.829519999999999369e-01
2.150000000000000000e+04 9.858120000000000216e-01
2.160000000000000000e+04 9.794000000000000483e-01
2.170000000000000000e+04 9.847639999999999727e-01
2.180000000000000000e+04 9.865359999999999685e-01
2.190000000000000000e+04 9.829160000000000119e-01
2.200000000000000000e+04 9.832639999999999159e-01
2.210000000000000000e+04 9.850360000000000227e-01
2.220000000000000000e+04 9.804760000000000142e-01
2.230000000000000000e+04 9.843160000000000798e-01
2.240000000000000000e+04 9.830200000000000049e-01
2.250000000000000000e+04 9.827480000000000659e-01
2.260000000000000000e+04 9.844079999999999497e-01
2.270000000000000000e+04 9.838559999999999528e-01
2.280000000000000000e+04 9.884279999999999733e-01
2.290000000000000000e+04 9.843999999999999417e-01
2.300000000000000000e+04 9.828759999999999719e-01
2.310000000000000000e+04 9.861240000000000006e-01
2.320000000000000000e+04 9.838200000000000278e-01
2.330000000000000000e+04 9.841840000000000588e-01
2.340000000000000000e+04 9.848480000000000567e-01
2.350000000000000000e+04 9.857639999999999736e-01
2.360000000000000000e+04 9.842159999999999798e-01
2.370000000000000000e+04 9.867160000000000375e-01
2.380000000000000000e+04 9.819680000000000630e-01
2.390000000000000000e+04 9.849120000000001207e-01
2.400000000000000000e+04 9.858279999999999266e-01
2.410000000000000000e+04 9.869720000000000715e-01
2.420000000000000000e+04 9.863800000000000345e-01
2.430000000000000000e+04 9.869240000000000235e-01
2.440000000000000000e+04 9.846880000000000077e-01
2.450000000000000000e+04 9.856479999999999686e-01
2.460000000000000000e+04 9.869719999999999605e-01
2.470000000000000000e+04 9.860799999999999566e-01
2.480000000000000000e+04 9.859160000000000146e-01
2.490000000000000000e+04 9.832520000000000149e-01
2.500000000000000000e+04 9.854199999999999626e-01
2.510000000000000000e+04 9.895119999999999472e-01
2.520000000000000000e+04 9.881719999999999393e-01
2.530000000000000000e+04 9.873640000000000194e-01
2.540000000000000000e+04 9.851560000000000317e-01
2.550000000000000000e+04 9.859559999999999436e-01
2.560000000000000000e+04 9.876639999999999864e-01
2.570000000000000000e+04 9.864480000000001025e-01
2.580000000000000000e+04 9.883840000000000403e-01
2.590000000000000000e+04 9.859439999999999316e-01
2.600000000000000000e+04 9.882960000000000633e-01
2.610000000000000000e+04 9.872840000000000504e-01
2.620000000000000000e+04 9.842559999999999087e-01
2.630000000000000000e+04 9.883679999999999133e-01
2.640000000000000000e+04 9.863239999999999785e-01
2.650000000000000000e+04 9.884800000000000253e-01
2.660000000000000000e+04 9.857080000000000286e-01
2.670000000000000000e+04 9.838040000000000118e-01
2.680000000000000000e+04 9.891520000000000312e-01
2.690000000000000000e+04 9.884799999999999143e-01
2.700000000000000000e+04 9.875879999999999104e-01
2.710000000000000000e+04 9.884200000000000763e-01
2.720000000000000000e+04 9.892759999999999332e-01
2.730000000000000000e+04 9.862079999999999735e-01
2.740000000000000000e+04 9.875800000000000134e-01
2.750000000000000000e+04 9.842919999999999447e-01
2.760000000000000000e+04 9.903879999999999351e-01
2.770000000000000000e+04 9.887039999999999162e-01
2.780000000000000000e+04 9.893239999999999812e-01
2.790000000000000000e+04 9.876200000000000534e-01
2.800000000000000000e+04 9.886639999999999873e-01
2.810000000000000000e+04 9.872480000000000144e-01
2.820000000000000000e+04 9.872400000000000064e-01
2.830000000000000000e+04 9.885359999999999703e-01
2.840000000000000000e+04 9.876879999999998994e-01
2.850000000000000000e+04 9.868240000000000345e-01
2.860000000000000000e+04 9.848639999999999617e-01
2.870000000000000000e+04 9.857639999999999736e-01
2.880000000000000000e+04 9.855840000000000156e-01
2.890000000000000000e+04 9.848879999999999857e-01
2.900000000000000000e+04 9.842720000000000358e-01
2.910000000000000000e+04 9.863480000000000025e-01
2.920000000000000000e+04 9.885920000000000263e-01
2.930000000000000000e+04 9.867200000000000415e-01
2.940000000000000000e+04 9.872159999999999824e-01
2.950000000000000000e+04 9.860160000000000036e-01
2.960000000000000000e+04 9.867119999999999225e-01
2.970000000000000000e+04 9.878120000000000234e-01
2.980000000000000000e+04 9.876719999999999944e-01
2.990000000000000000e+04 9.882079999999999753e-01
3.000000000000000000e+04 9.912320000000001130e-01
