0.000000000000000000e+00 4.988440921257742966e-01
1.000000000000000000e+02 4.122324402147088396e-01
2.000000000000000000e+02 5.034882056353990887e-01
3.000000000000000000e+02 5.714309122361577176e-01
4.000000000000000000e+02 6.279054010083123805e-01
5.000000000000000000e+02 6.751085341929495831e-01
6.000000000000000000e+02 6.812233301923830142e-01
7.000000000000000000e+02 6.965350457975197918e-01
8.000000000000000000e+02 7.173675257509646297e-01
9.000000000000000000e+02 7.509604100016049610e-01
1.000000000000000000e+03 7.460106829903088155e-01
1.100000000000000000e+03 7.538184302755482902e-01
1.200000000000000000e+03 7.781262171420300078e-01
1.300000000000000000e+03 7.990245303617765638e-01
1.400000000000000000e+03 8.000960190095899316e-01
1.500000000000000000e+03 8.161939393846088242e-01
1.600000000000000000e+03 8.243878516484806074e-01
1.700000000000000000e+03 8.061791309117093407e-01
1.800000000000000000e+03 8.260485471215562869e-01
1.900000000000000000e+03 8.411811275780316510e-01
2.000000000000000000e+03 8.349743762073723596e-01
2.100000000000000000e+03 8.371727659780849873e-01
2.200000000000000000e+03 8.446675059457047219e-01
2.300000000000000000e+03 8.516332413981311245e-01
2.400000000000000000e+03 8.429821142396849432e-01
2.500000000000000000e+03 8.502649348286382969e-01
2.600000000000000000e+03 8.617859255837581056e-01
2.700000000000000000e+03 8.551503222082816880e-01
2.800000000000000000e+03 8.710637806291544605e-01
2.900000000000000000e+03 8.700709489419424791e-01
3.000000000000000000e+03 8.726801494967691974e-01
3.100000000000000000e+03 8.685874723065564185e-01
3.200000000000000000e+03 8.619703497083246457e-01
3.300000000000000000e+03 8.818009941822425590e-01
3.400000000000000000e+03 8.583766813785889127e-01
3.500000000000000000e+03 8.750782472213622931e-01
3.600000000000000000e+03 8.902562153277956414e-01
3.700000000000000000e+03 8.893043422955180244e-01
3.800000000000000000e+03 8.866969238715847190e-01
3.900000000000000000e+03 9.167311422586144065e-01
4.000000000000000000e+03 9.013932030477582735e-01
4.100000000000000000e+03 9.116233421204531506e-01
4.200000000000000000e+03 9.200020637460927242e-01
4.300000000000000000e+03 9.168334982761281449e-01
4.400000000000000000e+03 9.080258262292816296e-01
4.500000000000000000e+03 9.240735571376909041e-01
4.600000000000000000e+03 9.075788458679043824e-01
4.700000000000000000e+03 9.186654030988186115e-01
4.800000000000000000e+03 9.302747333845753364e-01
4.900000000000000000e+03 9.212085383126145111e-01
5.000000000000000000e+03 9.202372558581153328e-01
5.100000000000000000e+03 9.347886074034404968e-01
5.200000000000000000e+03 9.288264554644016791e-01
5.300000000000000000e+03 9.141243056399779299e-01
5.400000000000000000e+03 9.366556221369268798e-01
5.500000000000000000e+03 9.253935243941300293e-01
5.600000000000000000e+03 9.276727276528821120e-01
5.700000000000000000e+03 9.336205921256286455e-01
5.800000000000000000e+03 9.257683308938000621e-01
5.900000000000000000e+03 9.157648159897594509e-01
6.000000000000000000e+03 9.304179381198917076e-01
6.100000000000000000e+03 9.387525252684916222e-01
6.200000000000000000e+03 9.285939131196034868e-01
6.300000000000000000e+03 9.330994173075497500e-01
6.400000000000000000e+03 9.422312639202152784e-01
6.500000000000000000e+03 9.368615637212178715e-01
6.600000000000000000e+03 9.315540052058632892e-01
6.700000000000000000e+03 9.391653958217430764e-01
6.800000000000000000e+03 9.405931784091811076e-01
6.900000000000000000e+03 9.358135373958575975e-01
7.000000000000000000e+03 9.374468651177476630e-01
7.100000000000000000e+03 9.485094242216063343e-01
7.200000000000000000e+03 9.282581318011280391e-01
7.300000000000000000e+03 9.398513539742940903e-01
7.400000000000000000e+03 9.507573784122420602e-01
7.500000000000000000e+03 9.488566886138007916e-01
7.600000000000000000e+03 9.506498460253103300e-01
7.700000000000000000e+03 9.446852472435719461e-01
7.800000000000000000e+03 9.511954953028848303e-01
7.900000000000000000e+03 9.474840094282543923e-01
8.000000000000000000e+03 9.489559215262057812e-01
8.100000000000000000e+03 9.472377815824882807e-01
8.200000000000000000e+03 9.430358503778494272e-01
8.300000000000000000e+03 9.436576127040976480e-01
8.400000000000000000e+03 9.547259357910838906e-01
8.500000000000000000e+03 9.454072332604680495e-01
8.600000000000000000e+03 9.469241373387964344e-01
8.700000000000000000e+03 9.426473103898321826e-01
8.800000000000000000e+03 9.523566482322486371e-01
8.900000000000000000e+03 9.516837139798570711e-01
9.000000000000000000e+03 9.467704011290852817e-01
9.100000000000000000e+03 9.514945062470553383e-01
9.200000000000000000e+03 9.514454599534030166e-01
9.300000000000000000e+03 9.487399789646374648e-01
9.400000000000000000e+03 9.412633893217424719e-01
9.500000000000000000e+03 9.365635866278657629e-01
9.600000000000000000e+03 9.576708171081669274e-01
9.700000000000000000e+03 9.418200706430115421e-01
9.800000000000000000e+03 9.491231256918570836e-01
9.900000000000000000e+03 9.546070403923337944e-01
1.000000000000000000e+04 9.493728927697493436e-01
1.010000000000000000e+04 9.427103887002382665e-01
1.020000000000000000e+04 9.528856189064646154e-01
1.030000000000000000e+04 9.446227079086024769e-01
1.040000000000000000e+04 9.544795947429010052e-01
1.050000000000000000e+04 9.532448146279495216e-01
1.060000000000000000e+04 9.502150941503947346e-01
1.070000000000000000e+04 9.477204355891702958e-01
1.080000000000000000e+04 9.586127311587528954e-01
1.090000000000000000e+04 9.498510730710143513e-01
1.100000000000000000e+04 9.579108842327271889e-01
1.110000000000000000e+04 9.532396202984660949e-01
1.120000000000000000e+04 9.492947323006022398e-01
1.130000000000000000e+04 9.556694094697890662e-01
1.140000000000000000e+04 9.434338130727333294e-01
1.150000000000000000e+04 9.524717572923205866e-01
1.160000000000000000e+04 9.498193599474598070e-01
1.170000000000000000e+04 9.566372610899541717e-01
1.180000000000000000e+04 9.521659077629351930e-01
1.190000000000000000e+04 9.510119695650087746e-01
1.200000000000000000e+04 9.452407689950954595e-01
1.210000000000000000e+04 9.379398557276825699e-01
1.220000000000000000e+04 9.536890591592489530e-01
1.230000000000000000e+04 9.469158658189165134e-01
1.240000000000000000e+04 9.629628205206144376e-01
1.250000000000000000e+04 9.492388749795865888e-01
1.260000000000000000e+04 9.513057677097956910e-01
1.270000000000000000e+04 9.497815066698537256e-01
1.280000000000000000e+04 9.577815363241676261e-01
1.290000000000000000e+04 9.542343457226145631e-01
1.300000000000000000e+04 9.538146763455893629e-01
1.310000000000000000e+04 9.528301026253651607e-01
1.320000000000000000e+04 9.540574667974501821e-01
1.330000000000000000e+04 9.549755732290662325e-01
1.340000000000000000e+04 9.514669399755389945e-01
1.350000000000000000e+04 9.439568951544687891e-01
1.360000000000000000e+04 9.487478546002295898e-01
1.370000000000000000e+04 9.680480623706719800e-01
1.380000000000000000e+04 9.489951397069619210e-01
1.390000000000000000e+04 9.554240985193637181e-01
1.400000000000000000e+04 9.600690050246314389e-01
1.410000000000000000e+04 9.538754099675715858e-01
1.420000000000000000e+04 9.529168796909669448e-01
1.430000000000000000e+04 9.570135332512640369e-01
1.440000000000000000e+04 9.546594874965355082e-01
1.450000000000000000e+04 9.477023396343181583e-01
1.460000000000000000e+04 9.516787337168780558e-01
1.470000000000000000e+04 9.520156594497724001e-01
1.480000000000000000e+04 9.540494879061408584e-01
1.490000000000000000e+04 9.491561128124613722e-01
1.500000000000000000e+04 9.537486695813999216e-01
1.510000000000000000e+04 9.533529843811269222e-01
1.520000000000000000e+04 9.456489795919724717e-01
1.530000000000000000e+04 9.601407624807432040e-01
1.540000000000000000e+04 9.567333515655874754e-01
1.550000000000000000e+04 9.524861038291088100e-01
1.560000000000000000e+04 9.592567224958523653e-01
1.570000000000000000e+04 9.618620653149735356e-01
1.580000000000000000e+04 9.568073299376246288e-01
1.590000000000000000e+04 9.594655044635702623e-01
1.600000000000000000e+04 9.575470926864293464e-01
1.610000000000000000e+04 9.412926866385487035e-01
1.620000000000000000e+04 9.627772882220998474e-01
1.630000000000000000e+04 9.554955983691468813e-01
1.640000000000000000e+04 9.498534794249678948e-01
1.650000000000000000e+04 9.625485870591945492e-01
1.660000000000000000e+04 9.628654212540441737e-01
1.670000000000000000e+04 9.588228847663510246e-01
1.680000000000000000e+04 9.461427933397118517e-01
1.690000000000000000e+04 9.559219319422551653e-01
1.700000000000000000e+04 9.590963314930029959e-01
1.710000000000000000e+04 9.479492651266387959e-01
1.720000000000000000e+04 9.594246018003332876e-01
1.730000000000000000e+04 9.576849631253168127e-01
1.740000000000000000e+04 9.612918607606482091e-01
1.750000000000000000e+04 9.621254335578157679e-01
1.760000000000000000e+04 9.505971685504864821e-01
1.770000000000000000e+04 9.560913605299116158e-01
1.780000000000000000e+04 9.537043721854882028e-01
1.790000000000000000e+04 9.549022992243916264e-01
1.800000000000000000e+04 9.499276534712459696e-01
1.810000000000000000e+04 9.599572876362778562e-01
1.820000000000000000e+04 9.581621028237536919e-01
1.830000000000000000e+04 9.542413456098766122e-01
1.840000000000000000e+04 9.600421975156352428e-01
1.850000000000000000e+04 9.694085929864445506e-01
1.860000000000000000e+04 9.533357685158155848e-01
1.870000000000000000e+04 9.530925926571229834e-01
1.880000000000000000e+04 9.598416858591658496e-01
1.890000000000000000e+04 9.608082986235650935e-01
1.900000000000000000e+04 9.578074468389243812e-01
1.910000000000000000e+04 9.597185714092257847e-01
1.920000000000000000e+04 9.645591679712758326e-01
1.930000000000000000e+04 9.570329306977707340e-01
1.940000000000000000e+04 9.484980147797330563e-01
1.950000000000000000e+04 9.568665232172011148e-01
1.960000000000000000e+04 9.553579038039824445e-01
1.970000000000000000e+04 9.598377089779168703e-01
1.980000000000000000e+04 9.678957378856927196e-01
1.990000000000000000e+04 9.591829732690726473e-01
2.000000000000000000e+04 9.503362629943132855e-01
2.010000000000000000e+04 9.531869314386129943e-01
2.020000000000000000e+04 9.615735260308463372e-01
2.030000000000000000e+04 9.493512675932597178e-01
2.040000000000000000e+04 9.612061884049224458e-01
2.050000000000000000e+04 9.646338741842759301e-01
2.060000000000000000e+04 9.631100012243536401e-01
2.070000000000000000e+04 9.554766007317309073e-01
2.080000000000000000e+04 9.390581825908006497e-01
2.090000000000000000e+04 9.581998067506198868e-01
2.100000000000000000e+04 9.627841840844152399e-01
2.110000000000000000e+04 9.634729129381421897e-01
2.120000000000000000e+04 9.501097174064713213e-01
2.130000000000000000e+04 9.605735308036960074e-01
2.140000000000000000e+04 9.532479410613359239e-01
2.150000000000000000e+04 9.578568732189954860e-01
2.160000000000000000e+04 9.552963404355275800e-01
2.170000000000000000e+04 9.640208284735487521e-01
2.180000000000000000e+04 9.619532571308284652e-01
2.190000000000000000e+04 9.566614041297221149e-01
2.200000000000000000e+04 9.514790414998561818e-01
2.210000000000000000e+04 9.637070131617104796e-01
2.220000000000000000e+04 9.497337286884883767e-01
2.230000000000000000e+04 9.481533592404564059e-01
2.240000000000000000e+04 9.625872069283321064e-01
2.250000000000000000e+04 9.642028896089045453e-01
2.260000000000000000e+04 9.564960423195063566e-01
2.270000000000000000e+04 9.693006727989716964e-01
2.280000000000000000e+04 9.587099433561957484e-01
2.290000000000000000e+04 9.568249602289228273e-01
2.300000000000000000e+04 9.532382891549492365e-01
2.310000000000000000e+04 9.555085184285962985e-01
2.320000000000000000e+04 9.580888388497785790e-01
2.330000000000000000e+04 9.502119454872306470e-01
2.340000000000000000e+04 9.612126645353331611e-01
2.350000000000000000e+04 9.455712793881179135e-01
2.360000000000000000e+04 9.568636665708789568e-01
2.370000000000000000e+04 9.614538647069905686e-01
2.380000000000000000e+04 9.564096280116106685e-01
2.390000000000000000e+04 9.620670008750660251e-01
2.400000000000000000e+04 9.541782538127656643e-01
2.410000000000000000e+04 9.610077247566813918e-01
2.420000000000000000e+04 9.613466669429977518e-01
2.430000000000000000e+04 9.581277639460459294e-01
2.440000000000000000e+04 9.687903869305938276e-01
2.450000000000000000e+04 9.628531628658092423e-01
2.460000000000000000e+04 9.526920436952344140e-01
2.470000000000000000e+04 9.552741264002874155e-01
2.480000000000000000e+04 9.547390563302893263e-01
2.490000000000000000e+04 9.586251076613920841e-01
2.500000000000000000e+04 9.680739810669201084e-01
2.510000000000000000e+04 9.560182950303515170e-01
2.520000000000000000e+04 9.572875847692287055e-01
2.530000000000000000e+04 9.556197732014994894e-01
2.540000000000000000e+04 9.606333605600587688e-01
2.550000000000000000e+04 9.565893958700514288e-01
2.560000000000000000e+04 9.511736450894341388e-01
2.570000000000000000e+04 9.671544924156669776e-01
2.580000000000000000e+04 9.630642538847156153e-01
2.590000000000000000e+04 9.502208405726726426e-01
2.600000000000000000e+04 9.564133681462927417e-01
2.610000000000000000e+04 9.567155359189171149e-01
2.620000000000000000e+04 9.664584986022699553e-01
2.630000000000000000e+04 9.592744624159117439e-01
2.640000000000000000e+04 9.502775550863570286e-01
2.650000000000000000e+04 9.626621140391110609e-01
2.660000000000000000e+04 9.431022294174614684e-01
2.670000000000000000e+04 9.573265636984922278e-01
2.680000000000000000e+04 9.615993737814392261e-01
2.690000000000000000e+04 9.575335813203239566e-01
2.700000000000000000e+04 9.566315365692883432e-01
2.710000000000000000e+04 9.638194086567484220e-01
2.720000000000000000e+04 9.583796137366972223e-01
2.730000000000000000e+04 9.585221318764506337e-01
2.740000000000000000e+04 9.475683767465901131e-01
2.750000000000000000e+04 9.643980207116684689e-01
2.760000000000000000e+04 9.676309144052496203e-01
2.770000000000000000e+04 9.534460385898730905e-01
2.780000000000000000e+04 9.567096626179594221e-01
2.790000000000000000e+04 9.599014043904352533e-01
2.800000000000000000e+04 9.628726663974571665e-01
2.810000000000000000e+04 9.643822060438195232e-01
2.820000000000000000e+04 9.567426393307386645e-01
2.830000000000000000e+04 9.572963797521509832e-01
2.840000000000000000e+04 9.693397838133341882e-01
2.850000000000000000e+04 9.496331824486043960e-01
2.860000000000000000e+04 9.639303162015154802e-01
2.870000000000000000e+04 9.608803256675910731e-01
2.880000000000000000e+04 9.698502311589382030e-01
2.890000000000000000e+04 9.575899509092866690e-01
2.900000000000000000e+04 9.584044121192829557e-01
2.910000000000000000e+04 9.589862814372296373e-01
2.920000000000000000e+04 9.675778996393855635e-01
2.930000000000000000e+04 9.573121167960989553e-01
2.940000000000000000e+04 9.607303554733319650e-01
2.950000000000000000e+04 9.550755378571886833e-01
2.960000000000000000e+04 9.479656465673789167e-01
2.970000000000000000e+04 9.553362638015546748e-01
2.980000000000000000e+04 9.635882736461106601e-01
2.990000000000000000e+04 9.476057955780360365e-01
3.000000000000000000e+04 9.522405734414556289e-01
