0.000000000000000000e+00 4.879320000000000324e-01
1.000000000000000000e+02 3.773640000000000327e-01
2.000000000000000000e+02 5.005479999999999929e-01
3.000000000000000000e+02 5.809919999999999529e-01
4.000000000000000000e+02 6.254180000000000295e-01
5.000000000000000000e+02 6.637279999999999847e-01
6.000000000000000000e+02 6.676800000000000512e-01
7.000000000000000000e+02 6.922599999999999865e-01
8.000000000000000000e+02 6.988280000000000047e-01
9.000000000000000000e+02 7.256960000000000077e-01
1.000000000000000000e+03 7.298999999999999932e-01
1.100000000000000000e+03 7.363199999999999745e-01
1.200000000000000000e+03 7.485439999999999872e-01
1.300000000000000000e+03 7.753200000000000092e-01
1.400000000000000000e+03 7.629200000000000426e-01
1.500000000000000000e+03 7.957680000000000309e-01
1.600000000000000000e+03 7.959439999999999849e-01
1.700000000000000000e+03 7.781339999999998813e-01
1.800000000000000000e+03 8.018120000000000802e-01
1.900000000000000000e+03 8.205599999999999561e-01
2.000000000000000000e+03 8.063480000000000647e-01
2.100000000000000000e+03 8.134239999999999249e-01
2.200000000000000000e+03 8.172759999999998914e-01
2.300000000000000000e+03 8.218039999999999790e-01
2.400000000000000000e+03 8.127000000000000890e-01
2.500000000000000000e+03 8.109159999999999702e-01
2.600000000000000000e+03 8.308159999999999989e-01
2.700000000000000000e+03 8.314359999999999529e-01
2.800000000000000000e+03 8.476239999999999331e-01
2.900000000000000000e+03 8.424400000000001887e-01
3.000000000000000000e+03 8.435000000000000275e-01
3.100000000000000000e+03 8.454279999999999573e-01
3.200000000000000000e+03 8.394239999999999480e-01
3.300000000000000000e+03 8.568160000000000220e-01
3.400000000000000000e+03 8.388920000000000821e-01
3.500000000000000000e+03 8.445519999999999694e-01
3.600000000000000000e+03 8.639879999999999782e-01
3.700000000000000000e+03 8.640320000000000222e-01
3.800000000000000000e+03 8.603079999999999616e-01
3.900000000000000000e+03 9.032360000000001499e-01
4.000000000000000000e+03 8.788119999999999266e-01
4.100000000000000000e+03 8.904360000000000053e-01
4.200000000000000000e+03 9.068880000000001385e-01
4.300000000000000000e+03 8.989639999999998743e-01
4.400000000000000000e+03 8.893360000000001264e-01
4.500000000000000000e+03 9.083680000000000643e-01
4.600000000000000000e+03 8.968599999999999905e-01
4.700000000000000000e+03 9.078720000000000123e-01
4.800000000000000000e+03 9.137480000000000047e-01
4.900000000000000000e+03 9.056500000000001771e-01
5.000000000000000000e+03 9.028920000000000279e-01
5.100000000000000000e+03 9.249399999999999844e-01
5.200000000000000000e+03 9.130920000000000147e-01
5.300000000000000000e+03 8.998000000000000442e-01
5.400000000000000000e+03 9.237439999999998985e-01
5.500000000000000000e+03 9.076200000000000934e-01
5.600000000000000000e+03 9.142799999999999816e-01
5.700000000000000000e+03 9.233359999999999346e-01
5.800000000000000000e+03 9.089320000000000732e-01
5.900000000000000000e+03 8.987199999999999633e-01
6.000000000000000000e+03 9.160199999999999454e-01
6.100000000000000000e+03 9.277640000000000331e-01
6.200000000000000000e+03 9.178159999999999652e-01
6.300000000000000000e+03 9.260119999999998353e-01
6.400000000000000000e+03 9.345839999999999703e-01
6.500000000000000000e+03 9.237199999999998745e-01
6.600000000000000000e+03 9.241920000000001245e-01
6.700000000000000000e+03 9.269399999999999862e-01
6.800000000000000000e+03 9.330039999999999445e-01
6.900000000000000000e+03 9.255480000000000373e-01
7.000000000000000000e+03 9.248520000000000074e-01
7.100000000000000000e+03 9.366440000000000321e-01
7.200000000000000000e+03 9.161760000000001014e-01
7.300000000000000000e+03 9.313999999999998947e-01
7.400000000000000000e+03 9.440319999999999823e-01
7.500000000000000000e+03 9.388839999999999408e-01
7.600000000000000000e+03 9.435000000000000053e-01
7.700000000000000000e+03 9.369460000000000566e-01
7.800000000000000000e+03 9.449760000000000382e-01
7.900000000000000000e+03 9.338239999999999874e-01
8.000000000000000000e+03 9.438959999999999573e-01
8.100000000000000000e+03 9.376679999999999460e-01
8.200000000000000000e+03 9.300800000000000178e-01
8.300000000000000000e+03 9.359119999999999662e-01
8.400000000000000000e+03 9.443240000000000522e-01
8.500000000000000000e+03 9.367760000000000531e-01
8.600000000000000000e+03 9.402399999999999647e-01
8.700000000000000000e+03 9.364120000000000221e-01
8.800000000000000000e+03 9.444999999999998952e-01
8.900000000000000000e+03 9.455400000000000471e-01
9.000000000000000000e+03 9.405280000000000307e-01
9.100000000000000000e+03 9.481559999999999988e-01
9.200000000000000000e+03 9.443200000000000482e-01
9.300000000000000000e+03 9.394199999999999218e-01
9.400000000000000000e+03 9.342120000000000424e-01
9.500000000000000000e+03 9.254400000000000404e-01
9.600000000000000000e+03 9.494280000000001607e-01
9.700000000000000000e+03 9.362719999999999931e-01
9.800000000000000000e+03 9.416320000000000245e-01
9.900000000000000000e+03 9.477280000000001259e-01
1.000000000000000000e+04 9.439959999999999463e-01
1.010000000000000000e+04 9.404520000000000657e-01
1.020000000000000000e+04 9.456600000000001671e-01
1.030000000000000000e+04 9.407919999999999616e-01
1.040000000000000000e+04 9.468000000000000860e-01
1.050000000000000000e+04 9.479520000000000168e-01
1.060000000000000000e+04 9.432639999999999914e-01
1.070000000000000000e+04 9.391480000000000938e-01
1.080000000000000000e+04 9.528560000000000363e-01
1.090000000000000000e+04 9.421239999999998505e-01
1.100000000000000000e+04 9.492040000000001587e-01
1.110000000000000000e+04 9.479320000000001079e-01
1.120000000000000000e+04 9.376959999999999740e-01
1.130000000000000000e+04 9.475759999999999739e-01
1.140000000000000000e+04 9.350600000000000023e-01
1.150000000000000000e+04 9.415280000000000316e-01
1.160000000000000000e+04 9.438560000000000283e-01
1.170000000000000000e+04 9.486999999999998767e-01
1.180000000000000000e+04 9.478800000000000558e-01
1.190000000000000000e+04 9.413600000000000856e-01
1.200000000000000000e+04 9.413839999999999986e-01
1.210000000000000000e+04 9.336559999999999304e-01
1.220000000000000000e+04 9.464280000000000470e-01
1.230000000000000000e+04 9.380000000000000560e-01
1.240000000000000000e+04 9.572800000000001308e-01
1.250000000000000000e+04 9.416360000000000285e-01
1.260000000000000000e+04 9.446639999999999482e-01
1.270000000000000000e+04 9.425839999999998664e-01
1.280000000000000000e+04 9.540880000000000472e-01
1.290000000000000000e+04 9.494679999999998676e-01
1.300000000000000000e+04 9.473160000000000469e-01
1.310000000000000000e+04 9.430039999999999534e-01
1.320000000000000000e+04 9.481159999999997368e-01
1.330000000000000000e+04 9.468960000000001820e-01
1.340000000000000000e+04 9.414559999999998485e-01
1.350000000000000000e+04 9.360640000000000072e-01
1.360000000000000000e+04 9.432559999999999834e-01
1.370000000000000000e+04 9.625119999999999232e-01
1.380000000000000000e+04 9.398320000000000007e-01
1.390000000000000000e+04 9.460240000000000871e-01
1.400000000000000000e+04 9.544160000000000421e-01
1.410000000000000000e+04 9.475919999999999899e-01
1.420000000000000000e+04 9.464040000000000230e-01
1.430000000000000000e+04 9.498959999999998516e-01
1.440000000000000000e+04 9.493680000000001007e-01
1.450000000000000000e+04 9.392640000000000988e-01
1.460000000000000000e+04 9.445519999999999472e-01
1.470000000000000000e+04 9.512159999999999505e-01
1.480000000000000000e+04 9.469639999999999169e-01
1.490000000000000000e+04 9.383360000000000589e-01
1.500000000000000000e+04 9.485240000000000338e-01
1.510000000000000000e+04 9.484600000000000808e-01
1.520000000000000000e+04 9.374280000000000390e-01
1.530000000000000000e+04 9.569119999999999848e-01
1.540000000000000000e+04 9.481999999999999318e-01
1.550000000000000000e+04 9.455560000000000631e-01
1.560000000000000000e+04 9.539160000000000972e-01
1.570000000000000000e+04 9.545879999999999921e-01
1.580000000000000000e+04 9.522399999999999753e-01
1.590000000000000000e+04 9.538279999999997871e-01
1.600000000000000000e+04 9.520319999999998783e-01
1.610000000000000000e+04 9.355120000000000102e-01
1.620000000000000000e+04 9.590919999999999446e-01
1.630000000000000000e+04 9.471119999999999539e-01
1.640000000000000000e+04 9.397600000000000398e-01
1.650000000000000000e+04 9.554239999999999400e-01
1.660000000000000000e+04 9.557320000000000260e-01
1.670000000000000000e+04 9.526040000000000063e-01
1.680000000000000000e+04 9.378159999999999830e-01
1.690000000000000000e+04 9.514639999999998654e-01
1.700000000000000000e+04 9.535320000000000462e-01
1.710000000000000000e+04 9.396240000000000148e-01
1.720000000000000000e+04 9.535840000000000982e-01
1.730000000000000000e+04 9.523399999999999643e-01
1.740000000000000000e+04 9.571879999999999278e-01
1.750000000000000000e+04 9.567959999999999798e-01
1.760000000000000000e+04 9.413759999999999906e-01
1.770000000000000000e+04 9.473239999999999439e-01
1.780000000000000000e+04 9.444039999999999102e-01
1.790000000000000000e+04 9.483319999999999528e-01
1.800000000000000000e+04 9.471800000000000219e-01
1.810000000000000000e+04 9.514880000000000004e-01
1.820000000000000000e+04 9.554959999999999010e-01
1.830000000000000000e+04 9.456439999999999291e-01
1.840000000000000000e+04 9.519360000000001154e-01
1.850000000000000000e+04 9.650920000000000609e-01
1.860000000000000000e+04 9.522199999999998443e-01
1.870000000000000000e+04 9.450760000000000272e-01
1.880000000000000000e+04 9.547200000000000131e-01
1.890000000000000000e+04 9.527599999999999403e-01
1.900000000000000000e+04 9.535160000000000302e-01
1.910000000000000000e+04 9.562439999999998719e-01
1.920000000000000000e+04 9.615239999999999343e-01
1.930000000000000000e+04 9.489159999999999817e-01
1.940000000000000000e+04 9.389039999999999608e-01
1.950000000000000000e+04 9.503519999999999746e-01
1.960000000000000000e+04 9.478840000000000598e-01
1.970000000000000000e+04 9.534520000000000772e-01
1.980000000000000000e+04 9.629399999999999071e-01
1.990000000000000000e+04 9.525439999999999463e-01
2.000000000000000000e+04 9.464080000000000270e-01
2.010000000000000000e+04 9.465400000000000480e-01
2.020000000000000000e+04 9.541600000000000081e-01
2.030000000000000000e+04 9.431959999999999233e-01
2.040000000000000000e+04 9.585160000000000347e-01
2.050000000000000000e+04 9.600919999999999455e-01
2.060000000000000000e+04 9.565799999999998748e-01
2.070000000000000000e+04 9.526360000000000383e-01
2.080000000000000000e+04 9.323159999999999226e-01
2.090000000000000000e+04 9.508679999999999355e-01
2.100000000000000000e+04 9.581119999999999637e-01
2.110000000000000000e+04 9.575899999999999412e-01
2.120000000000000000e+04 9.421559999999999935e-01
2.130000000000000000e+04 9.533439999999999692e-01
2.140000000000000000e+04 9.498959999999999626e-01
2.150000000000000000e+04 9.494519999999999627e-01
2.160000000000000000e+04 9.496959999999999846e-01
2.170000000000000000e+04 9.595760000000000955e-01
2.180000000000000000e+04 9.563920000000000199e-01
2.190000000000000000e+04 9.473920000000000119e-01
2.200000000000000000e+04 9.462080000000000490e-01
2.210000000000000000e+04 9.549399999999999000e-01
2.220000000000000000e+04 9.427440000000000264e-01
2.230000000000000000e+04 9.431359999999999744e-01
2.240000000000000000e+04 9.576559999999999517e-01
2.250000000000000000e+04 9.599160000000001025e-01
2.260000000000000000e+04 9.484400000000000608e-01
2.270000000000000000e+04 9.641239999999999810e-01
2.280000000000000000e+04 9.504839999999998845e-01
2.290000000000000000e+04 9.500959999999999406e-01
2.300000000000000000e+04 9.474679999999999769e-01
2.310000000000000000e+04 9.484959999999998947e-01
2.320000000000000000e+04 9.519880000000000564e-01
2.330000000000000000e+04 9.431800000000000184e-01
2.340000000000000000e+04 9.552599999999999980e-01
2.350000000000000000e+04 9.430279999999999774e-01
2.360000000000000000e+04 9.500319999999998766e-01
2.370000000000000000e+04 9.536000000000000032e-01
2.380000000000000000e+04 9.468539999999999734e-01
2.390000000000000000e+04 9.555559999999999610e-01
2.400000000000000000e+04 9.435159999999999103e-01
2.410000000000000000e+04 9.510839999999999295e-01
2.420000000000000000e+04 9.548119999999999941e-01
2.430000000000000000e+04 9.531919999999999282e-01
2.440000000000000000e+04 9.621439999999999992e-01
2.450000000000000000e+04 9.573159999999999448e-01
2.460000000000000000e+04 9.452920000000000211e-01
2.470000000000000000e+04 9.478920000000000678e-01
2.480000000000000000e+04 9.456519999999999371e-01
2.490000000000000000e+04 9.559159999999999879e-01
2.500000000000000000e+04 9.616279999999999273e-01
2.510000000000000000e+04 9.478280000000001149e-01
2.520000000000000000e+04 9.505439999999999445e-01
2.530000000000000000e+04 9.466320000000000290e-01
2.540000000000000000e+04 9.543359999999998511e-01
2.550000000000000000e+04 9.505079999999999085e-01
2.560000000000000000e+04 9.484399999999999498e-01
2.570000000000000000e+04 9.623999999999999222e-01
2.580000000000000000e+04 9.589439999999997966e-01
2.590000000000000000e+04 9.429959999999999454e-01
2.600000000000000000e+04 9.513880000000000114e-01
2.610000000000000000e+04 9.478840000000000598e-01
2.620000000000000000e+04 9.606959999999998834e-01
2.630000000000000000e+04 9.536000000000000032e-01
2.640000000000000000e+04 9.407880000000000686e-01
2.650000000000000000e+04 9.594480000000000786e-01
2.660000000000000000e+04 9.353639999999999732e-01
2.670000000000000000e+04 9.503639999999999866e-01
2.680000000000000000e+04 9.582879999999999177e-01
2.690000000000000000e+04 9.536160000000001302e-01
2.700000000000000000e+04 9.478960000000000719e-01
2.710000000000000000e+04 9.574679999999999858e-01
2.720000000000000000e+04 9.502080000000000526e-01
2.730000000000000000e+04 9.522479999999999833e-01
2.740000000000000000e+04 9.428080000000000904e-01
2.750000000000000000e+04 9.581800000000000317e-01
2.760000000000000000e+04 9.649080000000000990e-01
2.770000000000000000e+04 9.495400000000000507e-01
2.780000000000000000e+04 9.486400000000001498e-01
2.790000000000000000e+04 9.541479999999998851e-01
2.800000000000000000e+04 9.580439999999998957e-01
2.810000000000000000e+04 9.600679999999999215e-01
2.820000000000000000e+04 9.520559999999999024e-01
2.830000000000000000e+04 9.515000000000000124e-01
2.840000000000000000e+04 9.638079999999998870e-01
2.850000000000000000e+04 9.432359999999999634e-01
2.860000000000000000e+04 9.619680000000000453e-01
2.870000000000000000e+04 9.521239999999999704e-01
2.880000000000000000e+04 9.671280000000000987e-01
2.890000000000000000e+04 9.489239999999999897e-01
2.900000000000000000e+04 9.500359999999998806e-01
2.910000000000000000e+04 9.528959999999999653e-01
2.920000000000000000e+04 9.632560000000000011e-01
2.930000000000000000e+04 9.513479999999999714e-01
2.940000000000000000e+04 9.545240000000000391e-01
2.950000000000000000e+04 9.472639999999999949e-01
2.960000000000000000e+04 9.417759999999999465e-01
2.970000000000000000e+04 9.470159999999999689e-01
2.980000000000000000e+04 9.589039999999999786e-01
2.990000000000000000e+04 9.436519999999999353e-01
3.000000000000000000e+04 9.422519999999998674e-01
