0.000000000000000000e+00 4.843168997094422501e-01
1.000000000000000000e+02 5.172836905287181430e-01
2.000000000000000000e+02 7.398837306538784686e-01
3.000000000000000000e+02 7.870795102591507941e-01
4.000000000000000000e+02 8.213446129901640358e-01
5.000000000000000000e+02 8.062549594384493812e-01
6.000000000000000000e+02 8.352256852633146433e-01
7.000000000000000000e+02 8.565992014849669323e-01
8.000000000000000000e+02 8.693077278324148338e-01
9.000000000000000000e+02 8.611808871706957413e-01
1.000000000000000000e+03 8.701124875071817311e-01
1.100000000000000000e+03 8.894536070844105691e-01
1.200000000000000000e+03 8.822287895542897385e-01
1.300000000000000000e+03 9.012677238805647528e-01
1.400000000000000000e+03 8.866596049060349038e-01
1.500000000000000000e+03 9.128871591627805149e-01
1.600000000000000000e+03 9.141319507177818604e-01
1.700000000000000000e+03 9.145008033269050873e-01
1.800000000000000000e+03 8.999882707070887555e-01
1.900000000000000000e+03 9.125464588320495452e-01
2.000000000000000000e+03 9.188634760566894988e-01
2.100000000000000000e+03 9.070098904585001121e-01
2.200000000000000000e+03 9.088822113943791914e-01
2.300000000000000000e+03 9.190025283875572493e-01
2.400000000000000000e+03 9.173012698080812433e-01
2.500000000000000000e+03 9.142768845150358592e-01
2.600000000000000000e+03 9.147791981130142247e-01
2.700000000000000000e+03 9.208423022779752554e-01
2.800000000000000000e+03 9.255157872002719444e-01
2.900000000000000000e+03 9.237581222181445728e-01
3.000000000000000000e+03 9.200613103445965946e-01
3.100000000000000000e+03 9.187188054225026157e-01
3.200000000000000000e+03 9.218393893918639392e-01
3.300000000000000000e+03 9.312387969917661490e-01
3.400000000000000000e+03 9.174633218119138123e-01
3.500000000000000000e+03 9.174319963948265322e-01
3.600000000000000000e+03 9.242505768505527852e-01
3.700000000000000000e+03 9.415680924376356176e-01
3.800000000000000000e+03 9.058595595440105397e-01
3.900000000000000000e+03 9.155610947498701302e-01
4.000000000000000000e+03 9.218895107867894900e-01
4.100000000000000000e+03 9.348173001043580399e-01
4.200000000000000000e+03 9.224458287633914289e-01
4.300000000000000000e+03 9.155570802365655680e-01
4.400000000000000000e+03 9.236562624709627745e-01
4.500000000000000000e+03 9.392928412806496041e-01
4.600000000000000000e+03 9.211644289319120826e-01
4.700000000000000000e+03 9.221667803012999487e-01
4.800000000000000000e+03 9.314987835443834241e-01
4.900000000000000000e+03 9.250301515043096723e-01
5.000000000000000000e+03 9.340701561649049633e-01
5.100000000000000000e+03 9.155889211726927490e-01
5.200000000000000000e+03 9.197910185950907147e-01
5.300000000000000000e+03 9.217669833305334182e-01
5.400000000000000000e+03 9.148100986466076723e-01
5.500000000000000000e+03 9.256297713930652371e-01
5.600000000000000000e+03 9.301088128745976791e-01
5.700000000000000000e+03 9.271732250460906766e-01
5.800000000000000000e+03 9.143016153755620934e-01
5.900000000000000000e+03 9.287377096140538857e-01
6.000000000000000000e+03 9.198842146973889022e-01
6.100000000000000000e+03 9.235395425549385306e-01
6.200000000000000000e+03 9.294514261311398462e-01
6.300000000000000000e+03 9.198251596084076054e-01
6.400000000000000000e+03 9.235775568252787560e-01
6.500000000000000000e+03 9.177839420903526335e-01
6.600000000000000000e+03 9.209240668379494732e-01
6.700000000000000000e+03 9.246306846036269622e-01
6.800000000000000000e+03 9.157680227129094686e-01
6.900000000000000000e+03 9.249800945113626494e-01
7.000000000000000000e+03 9.377424119620509924e-01
7.100000000000000000e+03 9.271527165548903993e-01
7.200000000000000000e+03 9.142373568665029815e-01
7.300000000000000000e+03 9.299028689495069111e-01
7.400000000000000000e+03 9.215093401193048539e-01
7.500000000000000000e+03 9.315917517935343728e-01
7.600000000000000000e+03 9.261752937070588665e-01
7.700000000000000000e+03 9.269199739390742154e-01
7.800000000000000000e+03 9.219145788341378545e-01
7.900000000000000000e+03 9.253370802127404149e-01
8.000000000000000000e+03 9.316330924776572431e-01
8.100000000000000000e+03 9.232520056212747406e-01
8.200000000000000000e+03 9.275389216293926653e-01
8.300000000000000000e+03 9.268060930386710083e-01
8.400000000000000000e+03 9.411882814985290668e-01
8.500000000000000000e+03 9.144802957468136650e-01
8.600000000000000000e+03 9.169638786621168158e-01
8.700000000000000000e+03 9.235266725031936463e-01
8.800000000000000000e+03 9.325533822255805960e-01
8.900000000000000000e+03 9.249881140388003242e-01
9.000000000000000000e+03 9.170973226063525718e-01
9.100000000000000000e+03 9.299810847924084856e-01
9.200000000000000000e+03 9.267442959441553052e-01
9.300000000000000000e+03 9.214486435943950449e-01
9.400000000000000000e+03 9.438042501014665131e-01
9.500000000000000000e+03 9.070040379633508287e-01
9.600000000000000000e+03 9.202357074526437142e-01
9.700000000000000000e+03 9.295802174434711906e-01
9.800000000000000000e+03 9.268667941847709146e-01
9.900000000000000000e+03 9.226062521089137825e-01
1.000000000000000000e+04 9.262635676352528602e-01
1.010000000000000000e+04 9.079805701064445067e-01
1.020000000000000000e+04 9.353359896505789584e-01
1.030000000000000000e+04 9.292817970778790571e-01
1.040000000000000000e+04 9.236530383198056082e-01
1.050000000000000000e+04 9.338339206874942677e-01
1.060000000000000000e+04 9.207316099527070863e-01
1.070000000000000000e+04 9.288478677893837743e-01
1.080000000000000000e+04 9.370784314164455342e-01
1.090000000000000000e+04 9.299531507868099567e-01
1.100000000000000000e+04 9.379330042183521288e-01
1.110000000000000000e+04 9.341588408987787640e-01
1.120000000000000000e+04 9.159894522387712623e-01
1.130000000000000000e+04 9.356126195187975947e-01
1.140000000000000000e+04 9.168683567353118624e-01
1.150000000000000000e+04 9.189638873502626870e-01
1.160000000000000000e+04 9.223659637922495547e-01
1.170000000000000000e+04 9.246713758376644554e-01
1.180000000000000000e+04 9.241939697187485647e-01
1.190000000000000000e+04 9.191671009563839867e-01
1.200000000000000000e+04 9.288444201689418644e-01
1.210000000000000000e+04 9.230717951457694248e-01
1.220000000000000000e+04 9.275038636376570222e-01
1.230000000000000000e+04 9.358952952463620578e-01
1.240000000000000000e+04 9.284144075084193037e-01
1.250000000000000000e+04 9.239887148182825971e-01
1.260000000000000000e+04 9.378651177053077825e-01
1.270000000000000000e+04 9.235118093961134367e-01
1.280000000000000000e+04 9.098692190024800786e-01
1.290000000000000000e+04 9.343449538230172990e-01
1.300000000000000000e+04 9.124345266158497836e-01
1.310000000000000000e+04 9.340257948028030111e-01
1.320000000000000000e+04 9.255309380022442856e-01
1.330000000000000000e+04 9.295150322064382742e-01
1.340000000000000000e+04 9.213089956163899030e-01
1.350000000000000000e+04 9.174860727733756827e-01
1.360000000000000000e+04 9.353779689037120537e-01
1.370000000000000000e+04 9.131233497947737199e-01
1.380000000000000000e+04 9.176993247879965399e-01
1.390000000000000000e+04 9.235995849874387709e-01
1.400000000000000000e+04 9.286253083902542560e-01
1.410000000000000000e+04 9.338577900147609911e-01
1.420000000000000000e+04 9.202346130443893601e-01
1.430000000000000000e+04 9.252260699739117689e-01
1.440000000000000000e+04 9.227526554314597895e-01
1.450000000000000000e+04 9.179624502346666048e-01
1.460000000000000000e+04 9.186516873167606123e-01
1.470000000000000000e+04 9.216833155196730853e-01
1.480000000000000000e+04 9.233410763286682421e-01
1.490000000000000000e+04 9.228031957262885498e-01
1.500000000000000000e+04 9.223839187992833866e-01
1.510000000000000000e+04 9.293295844211262313e-01
1.520000000000000000e+04 9.353318393602685354e-01
1.530000000000000000e+04 9.267529569589982863e-01
1.540000000000000000e+04 9.404395790614693551e-01
1.550000000000000000e+04 9.269045491188828700e-01
1.560000000000000000e+04 9.257707425614876140e-01
1.570000000000000000e+04 9.243433661115341149e-01
1.580000000000000000e+04 9.260625267969637697e-01
1.590000000000000000e+04 9.328149452235041661e-01
1.600000000000000000e+04 9.190549682087951755e-01
1.610000000000000000e+04 9.225333677466014404e-01
1.620000000000000000e+04 9.259142478444131186e-01
1.630000000000000000e+04 9.268937886286165995e-01
1.640000000000000000e+04 9.127515684328114665e-01
1.650000000000000000e+04 9.224867698794287918e-01
1.660000000000000000e+04 9.442051753563120986e-01
1.670000000000000000e+04 9.316995701371459937e-01
1.680000000000000000e+04 9.290489771937336938e-01
1.690000000000000000e+04 9.301719706584181679e-01
1.700000000000000000e+04 9.316980779318242423e-01
1.710000000000000000e+04 9.324811624330462401e-01
1.720000000000000000e+04 9.199677112950451763e-01
1.730000000000000000e+04 9.297051740560277056e-01
1.740000000000000000e+04 9.187199646790245033e-01
1.750000000000000000e+04 9.188233551487141604e-01
1.760000000000000000e+04 9.280689757641873427e-01
1.770000000000000000e+04 9.252253550492510747e-01
1.780000000000000000e+04 9.267328673271384432e-01
1.790000000000000000e+04 9.290875848749949872e-01
1.800000000000000000e+04 9.218765152324545076e-01
1.810000000000000000e+04 9.319393415405174963e-01
1.820000000000000000e+04 9.135636879587867298e-01
1.830000000000000000e+04 9.068656482387607021e-01
1.840000000000000000e+04 9.376146191660479356e-01
1.850000000000000000e+04 9.160488255325884843e-01
1.860000000000000000e+04 9.273676108392919781e-01
1.870000000000000000e+04 9.307611101373403084e-01
1.880000000000000000e+04 9.170807000592948732e-01
1.890000000000000000e+04 9.251133804155048379e-01
1.900000000000000000e+04 9.248376092380625746e-01
1.910000000000000000e+04 9.197156563431149179e-01
1.920000000000000000e+04 9.314622390214141179e-01
1.930000000000000000e+04 9.372728190414323368e-01
1.940000000000000000e+04 9.314967547987103025e-01
1.950000000000000000e+04 9.361595908591410220e-01
1.960000000000000000e+04 9.187274154075139032e-01
1.970000000000000000e+04 9.241763398171859434e-01
1.980000000000000000e+04 9.214101096251210432e-01
1.990000000000000000e+04 9.274062673971582571e-01
2.000000000000000000e+04 9.422319124095928089e-01
2.010000000000000000e+04 9.072616250063706422e-01
2.020000000000000000e+04 9.401473843604390979e-01
2.030000000000000000e+04 9.232936107839193607e-01
2.040000000000000000e+04 9.219510182634940154e-01
2.050000000000000000e+04 9.146381916328374384e-01
2.060000000000000000e+04 9.285555163804843914e-01
2.070000000000000000e+04 9.217622015836648419e-01
2.080000000000000000e+04 9.198985096330147826e-01
2.090000000000000000e+04 9.292281796553905071e-01
2.100000000000000000e+04 9.215383125502640826e-01
2.110000000000000000e+04 9.205079956597962410e-01
2.120000000000000000e+04 9.231638148940644051e-01
2.130000000000000000e+04 9.373043576361406171e-01
2.140000000000000000e+04 9.151810264448607679e-01
2.150000000000000000e+04 9.148027806913439086e-01
2.160000000000000000e+04 9.279691470087938487e-01
2.170000000000000000e+04 9.301965872553484838e-01
2.180000000000000000e+04 9.221396198649811637e-01
2.190000000000000000e+04 9.294041452445013229e-01
2.200000000000000000e+04 9.290193597855558316e-01
2.210000000000000000e+04 9.326937159296818658e-01
2.220000000000000000e+04 9.278831930257451788e-01
2.230000000000000000e+04 9.374160006805680734e-01
2.240000000000000000e+04 9.286036415144667266e-01
2.250000000000000000e+04 9.277114690454861812e-01
2.260000000000000000e+04 9.286883949297396468e-01
2.270000000000000000e+04 9.253204695460272022e-01
2.280000000000000000e+04 9.200063683387067481e-01
2.290000000000000000e+04 9.227267409547968979e-01
2.300000000000000000e+04 9.129802371775792569e-01
2.310000000000000000e+04 9.344823747048457419e-01
2.320000000000000000e+04 9.278685877670329596e-01
2.330000000000000000e+04 9.286408685913940531e-01
2.340000000000000000e+04 9.295542019696025893e-01
2.350000000000000000e+04 9.295397814975780992e-01
2.360000000000000000e+04 9.196636745577485561e-01
2.370000000000000000e+04 9.229028042029022716e-01
2.380000000000000000e+04 9.213724282693982470e-01
2.390000000000000000e+04 9.317352155447942152e-01
2.400000000000000000e+04 9.124663111434448970e-01
2.410000000000000000e+04 9.272394127450203083e-01
2.420000000000000000e+04 9.258166951794424282e-01
2.430000000000000000e+04 9.287910590484004247e-01
2.440000000000000000e+04 9.270350563764849783e-01
2.450000000000000000e+04 9.338156964146154815e-01
2.460000000000000000e+04 9.212675082116910108e-01
2.470000000000000000e+04 9.099850405788681984e-01
2.480000000000000000e+04 9.254037794247929050e-01
2.490000000000000000e+04 9.291733544609142026e-01
2.500000000000000000e+04 9.295750817005933309e-01
2.510000000000000000e+04 9.413866915517085099e-01
2.520000000000000000e+04 9.223658549121325212e-01
2.530000000000000000e+04 9.337509591683652577e-01
2.540000000000000000e+04 9.344737833034224561e-01
2.550000000000000000e+04 9.228846967540937918e-01
2.560000000000000000e+04 9.155278846972690898e-01
2.570000000000000000e+04 9.223992438375343550e-01
2.580000000000000000e+04 9.152552422109131447e-01
2.590000000000000000e+04 9.266325563656310216e-01
2.600000000000000000e+04 9.419252265014019798e-01
2.610000000000000000e+04 9.305829951926647414e-01
2.620000000000000000e+04 9.341263255494991480e-01
2.630000000000000000e+04 9.263226581316322816e-01
2.640000000000000000e+04 9.247395541209446623e-01
2.650000000000000000e+04 9.246612652562892221e-01
2.660000000000000000e+04 9.254301360054917325e-01
2.670000000000000000e+04 9.184990200545347649e-01
2.680000000000000000e+04 9.158980945139848506e-01
2.690000000000000000e+04 9.199440932218911904e-01
2.700000000000000000e+04 9.174552084247927786e-01
2.710000000000000000e+04 9.290436485395213717e-01
2.720000000000000000e+04 9.109529624653665003e-01
2.730000000000000000e+04 9.193581391158329730e-01
2.740000000000000000e+04 9.380756900287310351e-01
2.750000000000000000e+04 9.197089862295844132e-01
2.760000000000000000e+04 9.169744311321887942e-01
2.770000000000000000e+04 9.200059743902537779e-01
2.780000000000000000e+04 9.253225711966232003e-01
2.790000000000000000e+04 9.237126198014159462e-01
2.800000000000000000e+04 9.255133279803571256e-01
2.810000000000000000e+04 9.230270053193840862e-01
2.820000000000000000e+04 9.317866767034475028e-01
2.830000000000000000e+04 9.253647518783340020e-01
2.840000000000000000e+04 9.302174758124708287e-01
2.850000000000000000e+04 9.308760136946967467e-01
2.860000000000000000e+04 9.368149455797518677e-01
2.870000000000000000e+04 9.196732128643476667e-01
2.880000000000000000e+04 9.200198276431028610e-01
2.890000000000000000e+04 9.378302829358138304e-01
2.900000000000000000e+04 9.345229087912992894e-01
2.910000000000000000e+04 9.149406240749156094e-01
2.920000000000000000e+04 9.229804435061841339e-01
2.930000000000000000e+04 9.116207362552011251e-01
2.940000000000000000e+04 9.195391025299438637e-01
2.950000000000000000e+04 9.263902902569328690e-01
2.960000000000000000e+04 9.131196015065408123e-01
2.970000000000000000e+04 9.247498717828470660e-01
2.980000000000000000e+04 9.284699776117391057e-01
2.990000000000000000e+04 9.269059817936542434e-01
3.000000000000000000e+04 9.237465854140908261e-01
