0.000000000000000000e+00 4.844000000000000528e-01
1.000000000000000000e+02 5.466960000000000708e-01
2.000000000000000000e+02 7.261319999999999997e-01
3.000000000000000000e+02 7.605999999999999428e-01
4.000000000000000000e+02 7.889680000000000026e-01
5.000000000000000000e+02 7.614319999999999977e-01
6.000000000000000000e+02 8.048959999999999448e-01
7.000000000000000000e+02 8.198839999999999462e-01
8.000000000000000000e+02 8.413960000000000328e-01
9.000000000000000000e+02 8.225519999999999499e-01
1.000000000000000000e+03 8.317799999999999638e-01
1.100000000000000000e+03 8.626679999999998794e-01
1.200000000000000000e+03 8.559519999999999351e-01
1.300000000000000000e+03 8.803079999999998684e-01
1.400000000000000000e+03 8.659400000000000430e-01
1.500000000000000000e+03 8.878239999999999466e-01
1.600000000000000000e+03 8.935200000000000919e-01
1.700000000000000000e+03 8.919240000000000501e-01
1.800000000000000000e+03 8.813919999999999533e-01
1.900000000000000000e+03 8.913480000000000292e-01
2.000000000000000000e+03 8.989559999999999773e-01
2.100000000000000000e+03 8.839239999999999320e-01
2.200000000000000000e+03 8.858319999999999528e-01
2.300000000000000000e+03 8.945199999999999818e-01
2.400000000000000000e+03 8.959760000000001057e-01
2.500000000000000000e+03 8.923559999999999270e-01
2.600000000000000000e+03 8.956199999999998607e-01
2.700000000000000000e+03 8.995319999999999983e-01
2.800000000000000000e+03 9.009520000000000861e-01
2.900000000000000000e+03 9.068039999999999434e-01
3.000000000000000000e+03 8.985720000000000374e-01
3.100000000000000000e+03 8.987519999999999953e-01
3.200000000000000000e+03 9.076800000000000423e-01
3.300000000000000000e+03 9.128840000000000288e-01
3.400000000000000000e+03 8.985720000000000374e-01
3.500000000000000000e+03 8.993039999999999923e-01
3.600000000000000000e+03 9.048279999999999657e-01
3.700000000000000000e+03 9.272399999999999531e-01
3.800000000000000000e+03 8.896199999999999664e-01
3.900000000000000000e+03 8.943999999999998618e-01
4.000000000000000000e+03 9.004239999999998911e-01
4.100000000000000000e+03 9.188680000000000181e-01
4.200000000000000000e+03 9.075199999999999934e-01
4.300000000000000000e+03 8.921239999999999171e-01
4.400000000000000000e+03 9.059040000000000425e-01
4.500000000000000000e+03 9.271840000000002302e-01
4.600000000000000000e+03 9.034600000000000408e-01
4.700000000000000000e+03 9.058319999999999705e-01
4.800000000000000000e+03 9.183240000000000292e-01
4.900000000000000000e+03 9.053679999999999506e-01
5.000000000000000000e+03 9.225039999999999907e-01
5.100000000000000000e+03 8.987959999999999283e-01
5.200000000000000000e+03 9.007600000000000051e-01
5.300000000000000000e+03 9.051279999999999326e-01
5.400000000000000000e+03 8.964799999999999436e-01
5.500000000000000000e+03 9.086599999999999122e-01
5.600000000000000000e+03 9.119639999999999969e-01
5.700000000000000000e+03 9.085119999999999862e-01
5.800000000000000000e+03 8.917760000000000131e-01
5.900000000000000000e+03 9.147199999999999775e-01
6.000000000000000000e+03 9.004360000000000142e-01
6.100000000000000000e+03 9.037680000000000158e-01
6.200000000000000000e+03 9.124039999999999928e-01
6.300000000000000000e+03 9.006920000000000481e-01
6.400000000000000000e+03 9.077920000000000433e-01
6.500000000000000000e+03 8.993879999999999653e-01
6.600000000000000000e+03 9.019200000000000550e-01
6.700000000000000000e+03 9.082679999999999643e-01
6.800000000000000000e+03 8.978399999999999714e-01
6.900000000000000000e+03 9.052639999999999576e-01
7.000000000000000000e+03 9.248119999999999674e-01
7.100000000000000000e+03 9.067840000000000344e-01
7.200000000000000000e+03 8.943759999999998378e-01
7.300000000000000000e+03 9.148479999999999945e-01
7.400000000000000000e+03 9.074439999999999173e-01
7.500000000000000000e+03 9.172000000000000153e-01
7.600000000000000000e+03 9.127239999999998687e-01
7.700000000000000000e+03 9.105239999999998890e-01
7.800000000000000000e+03 9.062239999999999185e-01
7.900000000000000000e+03 9.081960000000000033e-01
8.000000000000000000e+03 9.168239999999999723e-01
8.100000000000000000e+03 9.059800000000000075e-01
8.200000000000000000e+03 9.113839999999999719e-01
8.300000000000000000e+03 9.089759999999998952e-01
8.400000000000000000e+03 9.277920000000000611e-01
8.500000000000000000e+03 8.950600000000000778e-01
8.600000000000000000e+03 8.985719999999999263e-01
8.700000000000000000e+03 9.042160000000000197e-01
8.800000000000000000e+03 9.187799999999999301e-01
8.900000000000000000e+03 9.069599999999999884e-01
9.000000000000000000e+03 8.975239999999999885e-01
9.100000000000000000e+03 9.101160000000000361e-01
9.200000000000000000e+03 9.095440000000000191e-01
9.300000000000000000e+03 9.056879999999998265e-01
9.400000000000000000e+03 9.298639999999999128e-01
9.500000000000000000e+03 8.871839999999999726e-01
9.600000000000000000e+03 8.971320000000000405e-01
9.700000000000000000e+03 9.137079999999999647e-01
9.800000000000000000e+03 9.103080000000001171e-01
9.900000000000000000e+03 9.015879999999999450e-01
1.000000000000000000e+04 9.108800000000000230e-01
1.010000000000000000e+04 8.869959999999998956e-01
1.020000000000000000e+04 9.166759999999998243e-01
1.030000000000000000e+04 9.149200000000000665e-01
1.040000000000000000e+04 9.059080000000001576e-01
1.050000000000000000e+04 9.155039999999999845e-01
1.060000000000000000e+04 9.026759999999998119e-01
1.070000000000000000e+04 9.100719999999999921e-01
1.080000000000000000e+04 9.235159999999998925e-01
1.090000000000000000e+04 9.153599999999999515e-01
1.100000000000000000e+04 9.252080000000000304e-01
1.110000000000000000e+04 9.197759999999999270e-01
1.120000000000000000e+04 8.945720000000000338e-01
1.130000000000000000e+04 9.210199999999999498e-01
1.140000000000000000e+04 8.970439999999999525e-01
1.150000000000000000e+04 8.969679999999999875e-01
1.160000000000000000e+04 9.015840000000000520e-01
1.170000000000000000e+04 9.072080000000000144e-01
1.180000000000000000e+04 9.085199999999999942e-01
1.190000000000000000e+04 8.994839999999999502e-01
1.200000000000000000e+04 9.115519999999999179e-01
1.210000000000000000e+04 9.036399999999999988e-01
1.220000000000000000e+04 9.104719999999999480e-01
1.230000000000000000e+04 9.209559999999999969e-01
1.240000000000000000e+04 9.092679999999999652e-01
1.250000000000000000e+04 9.076719999999999233e-01
1.260000000000000000e+04 9.243879999999999875e-01
1.270000000000000000e+04 9.058760000000000145e-01
1.280000000000000000e+04 8.963559999999999306e-01
1.290000000000000000e+04 9.146480000000000166e-01
1.300000000000000000e+04 8.899280000000000523e-01
1.310000000000000000e+04 9.153839999999999755e-01
1.320000000000000000e+04 9.061639999999999695e-01
1.330000000000000000e+04 9.092799999999999772e-01
1.340000000000000000e+04 9.037439999999998808e-01
1.350000000000000000e+04 8.996199999999998642e-01
1.360000000000000000e+04 9.229239999999998556e-01
1.370000000000000000e+04 8.911639999999999562e-01
1.380000000000000000e+04 9.008560000000001011e-01
1.390000000000000000e+04 9.021000000000000130e-01
1.400000000000000000e+04 9.092240000000000322e-01
1.410000000000000000e+04 9.162200000000000344e-01
1.420000000000000000e+04 8.976560000000000095e-01
1.430000000000000000e+04 9.095400000000000151e-01
1.440000000000000000e+04 9.044759999999999467e-01
1.450000000000000000e+04 8.985599999999999143e-01
1.460000000000000000e+04 8.961239999999999206e-01
1.470000000000000000e+04 9.019639999999999880e-01
1.480000000000000000e+04 9.057079999999999576e-01
1.490000000000000000e+04 9.015400000000000080e-01
1.500000000000000000e+04 9.045359999999998957e-01
1.510000000000000000e+04 9.141519999999999646e-01
1.520000000000000000e+04 9.212160000000001459e-01
1.530000000000000000e+04 9.113480000000000469e-01
1.540000000000000000e+04 9.265400000000000302e-01
1.550000000000000000e+04 9.082520000000000593e-01
1.560000000000000000e+04 9.085760000000000502e-01
1.570000000000000000e+04 9.037159999999999638e-01
1.580000000000000000e+04 9.092080000000001272e-01
1.590000000000000000e+04 9.163880000000000914e-01
1.600000000000000000e+04 8.969840000000000035e-01
1.610000000000000000e+04 9.068080000000000584e-01
1.620000000000000000e+04 9.053719999999998436e-01
1.630000000000000000e+04 9.081559999999999633e-01
1.640000000000000000e+04 8.879679999999999795e-01
1.650000000000000000e+04 9.056119999999999726e-01
1.660000000000000000e+04 9.274199999999999111e-01
1.670000000000000000e+04 9.176720000000000432e-01
1.680000000000000000e+04 9.093480000000000452e-01
1.690000000000000000e+04 9.105280000000000040e-01
1.700000000000000000e+04 9.160920000000001284e-01
1.710000000000000000e+04 9.195400000000000240e-01
1.720000000000000000e+04 8.967919999999999225e-01
1.730000000000000000e+04 9.126560000000000228e-01
1.740000000000000000e+04 8.919639999999999791e-01
1.750000000000000000e+04 9.034880000000000688e-01
1.760000000000000000e+04 9.119920000000000249e-01
1.770000000000000000e+04 9.091119999999999202e-01
1.780000000000000000e+04 9.076759999999999273e-01
1.790000000000000000e+04 9.135119999999998797e-01
1.800000000000000000e+04 9.035919999999999508e-01
1.810000000000000000e+04 9.124120000000000008e-01
1.820000000000000000e+04 8.877040000000000486e-01
1.830000000000000000e+04 8.817599999999999882e-01
1.840000000000000000e+04 9.238039999999998475e-01
1.850000000000000000e+04 8.985400000000000054e-01
1.860000000000000000e+04 9.071279999999999344e-01
1.870000000000000000e+04 9.134240000000000137e-01
1.880000000000000000e+04 9.004519999999998081e-01
1.890000000000000000e+04 9.084960000000000813e-01
1.900000000000000000e+04 9.118679999999999009e-01
1.910000000000000000e+04 9.020719999999998739e-01
1.920000000000000000e+04 9.120519999999998628e-01
1.930000000000000000e+04 9.218999999999999417e-01
1.940000000000000000e+04 9.112639999999999629e-01
1.950000000000000000e+04 9.185479999999999201e-01
1.960000000000000000e+04 9.005959999999999521e-01
1.970000000000000000e+04 9.042040000000000077e-01
1.980000000000000000e+04 9.037519999999999998e-01
1.990000000000000000e+04 9.091920000000000002e-01
2.000000000000000000e+04 9.278279999999999861e-01
2.010000000000000000e+04 8.810399999999999343e-01
2.020000000000000000e+04 9.244280000000000275e-01
2.030000000000000000e+04 9.018040000000000500e-01
2.040000000000000000e+04 8.984959999999999614e-01
2.050000000000000000e+04 8.949200000000000488e-01
2.060000000000000000e+04 9.092360000000000442e-01
2.070000000000000000e+04 9.047359999999998736e-01
2.080000000000000000e+04 8.971359999999999335e-01
2.090000000000000000e+04 9.149039999999999395e-01
2.100000000000000000e+04 9.090799999999998882e-01
2.110000000000000000e+04 8.983159999999998924e-01
2.120000000000000000e+04 9.068999999999999284e-01
2.130000000000000000e+04 9.185159999999998881e-01
2.140000000000000000e+04 8.955039999999998557e-01
2.150000000000000000e+04 8.935839999999999339e-01
2.160000000000000000e+04 9.147279999999999855e-01
2.170000000000000000e+04 9.113519999999999399e-01
2.180000000000000000e+04 9.045599999999999197e-01
2.190000000000000000e+04 9.127999999999999448e-01
2.200000000000000000e+04 9.095959999999998491e-01
2.210000000000000000e+04 9.132520000000000637e-01
2.220000000000000000e+04 9.107999999999999430e-01
2.230000000000000000e+04 9.235279999999999045e-01
2.240000000000000000e+04 9.149160000000000625e-01
2.250000000000000000e+04 9.119720000000000049e-01
2.260000000000000000e+04 9.151439999999999575e-01
2.270000000000000000e+04 9.050519999999999676e-01
2.280000000000000000e+04 9.038120000000000598e-01
2.290000000000000000e+04 9.034320000000000128e-01
2.300000000000000000e+04 8.897320000000000784e-01
2.310000000000000000e+04 9.146559999999999135e-01
2.320000000000000000e+04 9.109320000000000750e-01
2.330000000000000000e+04 9.077280000000000904e-01
2.340000000000000000e+04 9.119720000000000049e-01
2.350000000000000000e+04 9.115399999999997949e-01
2.360000000000000000e+04 9.001679999999999682e-01
2.370000000000000000e+04 9.051479999999998416e-01
2.380000000000000000e+04 9.038440000000000918e-01
2.390000000000000000e+04 9.116880000000000539e-01
2.400000000000000000e+04 8.912760000000000682e-01
2.410000000000000000e+04 9.125640000000000418e-01
2.420000000000000000e+04 9.042600000000000637e-01
2.430000000000000000e+04 9.094799999999999551e-01
2.440000000000000000e+04 9.096919999999999451e-01
2.450000000000000000e+04 9.166600000000000303e-01
2.460000000000000000e+04 9.019359999999998490e-01
2.470000000000000000e+04 8.876679999999999016e-01
2.480000000000000000e+04 9.092120000000000202e-01
2.490000000000000000e+04 9.094400000000000261e-01
2.500000000000000000e+04 9.101279999999999371e-01
2.510000000000000000e+04 9.261040000000000383e-01
2.520000000000000000e+04 9.056280000000000996e-01
2.530000000000000000e+04 9.178360000000000962e-01
2.540000000000000000e+04 9.212160000000000348e-01
2.550000000000000000e+04 9.007119999999999571e-01
2.560000000000000000e+04 8.935040000000000759e-01
2.570000000000000000e+04 9.015920000000001711e-01
2.580000000000000000e+04 8.922160000000000091e-01
2.590000000000000000e+04 9.092199999999999172e-01
2.600000000000000000e+04 9.281639999999999890e-01
2.610000000000000000e+04 9.152320000000000455e-01
2.620000000000000000e+04 9.187999999999999501e-01
2.630000000000000000e+04 9.069199999999998374e-01
2.640000000000000000e+04 9.062719999999999665e-01
2.650000000000000000e+04 9.069439999999999724e-01
2.660000000000000000e+04 9.065079999999999805e-01
2.670000000000000000e+04 8.980200000000000404e-01
2.680000000000000000e+04 8.972280000000000255e-01
2.690000000000000000e+04 8.986680000000000224e-01
2.700000000000000000e+04 8.941920000000000979e-01
2.710000000000000000e+04 9.116560000000000219e-01
2.720000000000000000e+04 8.900160000000000293e-01
2.730000000000000000e+04 8.986319999999998753e-01
2.740000000000000000e+04 9.203559999999999519e-01
2.750000000000000000e+04 8.981679999999998554e-01
2.760000000000000000e+04 9.009999999999999121e-01
2.770000000000000000e+04 8.997519999999999962e-01
2.780000000000000000e+04 9.080479999999999663e-01
2.790000000000000000e+04 9.048239999999998506e-01
2.800000000000000000e+04 9.050159999999999316e-01
2.810000000000000000e+04 9.053319999999999146e-01
2.820000000000000000e+04 9.137479999999997826e-01
2.830000000000000000e+04 9.048039999999999417e-01
2.840000000000000000e+04 9.118519999999999959e-01
2.850000000000000000e+04 9.134959999999998637e-01
2.860000000000000000e+04 9.196480000000000210e-01
2.870000000000000000e+04 8.988159999999998373e-01
2.880000000000000000e+04 9.004760000000000542e-01
2.890000000000000000e+04 9.212720000000000908e-01
2.900000000000000000e+04 9.173200000000000243e-01
2.910000000000000000e+04 8.906639999999999002e-01
2.920000000000000000e+04 9.032759999999998568e-01
2.930000000000000000e+04 8.922479999999999301e-01
2.940000000000000000e+04 9.000799999999999912e-01
2.950000000000000000e+04 9.074800000000000644e-01
2.960000000000000000e+04 8.909240000000000492e-01
2.970000000000000000e+04 9.060479999999999645e-01
2.980000000000000000e+04 9.102639999999998510e-01
2.990000000000000000e+04 9.056400000000000006e-01
3.000000000000000000e+04 9.058079999999999465e-01
