0.000000000000000000e+00 4.851198755277349450e-01
1.000000000000000000e+02 4.111842712014841528e-01
2.000000000000000000e+02 4.806112368339083840e-01
3.000000000000000000e+02 5.477568411590556519e-01
4.000000000000000000e+02 5.911871354925601896e-01
5.000000000000000000e+02 6.172475065251407100e-01
6.000000000000000000e+02 6.717194957164769331e-01
7.000000000000000000e+02 6.909765430585225188e-01
8.000000000000000000e+02 7.038341037919020327e-01
9.000000000000000000e+02 7.384518446175277750e-01
1.000000000000000000e+03 7.865193075193284145e-01
1.100000000000000000e+03 7.769758582854897622e-01
1.200000000000000000e+03 7.898330934270991754e-01
1.300000000000000000e+03 8.180933544454314088e-01
1.400000000000000000e+03 8.306811594843168667e-01
1.500000000000000000e+03 8.366410070951603162e-01
1.600000000000000000e+03 8.524050584844014011e-01
1.700000000000000000e+03 8.458798326498907505e-01
1.800000000000000000e+03 8.350399429921323557e-01
1.900000000000000000e+03 8.639906421416556626e-01
2.000000000000000000e+03 8.718553984572514626e-01
2.100000000000000000e+03 8.670075179217389127e-01
2.200000000000000000e+03 8.774465594799846224e-01
2.300000000000000000e+03 8.614929899732414187e-01
2.400000000000000000e+03 8.843452960806763574e-01
2.500000000000000000e+03 8.740867736867744542e-01
2.600000000000000000e+03 8.707540419693067246e-01
2.700000000000000000e+03 9.020160257278673210e-01
2.800000000000000000e+03 8.863622680378490104e-01
2.900000000000000000e+03 8.811196908706308006e-01
3.000000000000000000e+03 8.904195877797029812e-01
3.100000000000000000e+03 9.012033964788218610e-01
3.200000000000000000e+03 8.839580905323188853e-01
3.300000000000000000e+03 8.955102622327302253e-01
3.400000000000000000e+03 8.964678796336875699e-01
3.500000000000000000e+03 9.226487337440335557e-01
3.600000000000000000e+03 8.935277887945120012e-01
3.700000000000000000e+03 9.089065626280588006e-01
3.800000000000000000e+03 9.014980903481313312e-01
3.900000000000000000e+03 8.962021855927485570e-01
4.000000000000000000e+03 9.099172052982412717e-01
4.100000000000000000e+03 9.080234006447989170e-01
4.200000000000000000e+03 9.300903246464495844e-01
4.300000000000000000e+03 9.159349940327123907e-01
4.400000000000000000e+03 9.127552704101294934e-01
4.500000000000000000e+03 8.806996586356591328e-01
4.600000000000000000e+03 9.133097886402310461e-01
4.700000000000000000e+03 9.280472929942472637e-01
4.800000000000000000e+03 9.130377995135756652e-01
4.900000000000000000e+03 9.088754209887505153e-01
5.000000000000000000e+03 9.236020881875605104e-01
5.100000000000000000e+03 9.353554336444064310e-01
5.200000000000000000e+03 9.027728291347028033e-01
5.300000000000000000e+03 8.992697116793904044e-01
5.400000000000000000e+03 9.133265345961625314e-01
5.500000000000000000e+03 9.174782970282775452e-01
5.600000000000000000e+03 9.144404320659034191e-01
5.700000000000000000e+03 9.311145271859857520e-01
5.800000000000000000e+03 9.285775784671754796e-01
5.900000000000000000e+03 9.176877245416252826e-01
6.000000000000000000e+03 9.389610463871276291e-01
6.100000000000000000e+03 9.268251936026749016e-01
6.200000000000000000e+03 9.334154872842522765e-01
6.300000000000000000e+03 9.240503092438565602e-01
6.400000000000000000e+03 9.261790926529110957e-01
6.500000000000000000e+03 9.326110981813625633e-01
6.600000000000000000e+03 9.328573270910290871e-01
6.700000000000000000e+03 9.270708297303602574e-01
6.800000000000000000e+03 9.346052362390615542e-01
6.900000000000000000e+03 9.296505704770698930e-01
7.000000000000000000e+03 9.368948386270787854e-01
7.100000000000000000e+03 9.359969626564487166e-01
7.200000000000000000e+03 9.292144674376145996e-01
7.300000000000000000e+03 9.253925190286814706e-01
7.400000000000000000e+03 9.381976790924464460e-01
7.500000000000000000e+03 9.344800096369647591e-01
7.600000000000000000e+03 9.401086803705374084e-01
7.700000000000000000e+03 9.399014001526608819e-01
7.800000000000000000e+03 9.541394591910810075e-01
7.900000000000000000e+03 9.333152664143562482e-01
8.000000000000000000e+03 9.402783848240814368e-01
8.100000000000000000e+03 9.404843070472367339e-01
8.200000000000000000e+03 9.464600654660095813e-01
8.300000000000000000e+03 9.401887722946540293e-01
8.400000000000000000e+03 9.464219294447062669e-01
8.500000000000000000e+03 9.334024702266490170e-01
8.600000000000000000e+03 9.445317622228783794e-01
8.700000000000000000e+03 9.413446364910480479e-01
8.800000000000000000e+03 9.479009758769857408e-01
8.900000000000000000e+03 9.564333599539468489e-01
9.000000000000000000e+03 9.479075017890834509e-01
9.100000000000000000e+03 9.354012539813632010e-01
9.200000000000000000e+03 9.465700862726194043e-01
9.300000000000000000e+03 9.467391854772239101e-01
9.400000000000000000e+03 9.452853994996504028e-01
9.500000000000000000e+03 9.414233275671348711e-01
9.600000000000000000e+03 9.401224593979992106e-01
9.700000000000000000e+03 9.484842186020624455e-01
9.800000000000000000e+03 9.534870284556341558e-01
9.900000000000000000e+03 9.471208286199082060e-01
1.000000000000000000e+04 9.506407611804477131e-01
1.010000000000000000e+04 9.501195166249214452e-01
1.020000000000000000e+04 9.429072593711392836e-01
1.030000000000000000e+04 9.548169628317410007e-01
1.040000000000000000e+04 9.530232031802707837e-01
1.050000000000000000e+04 9.426602274800035541e-01
1.060000000000000000e+04 9.343362192543211986e-01
1.070000000000000000e+04 9.354272156226040025e-01
1.080000000000000000e+04 9.470094437781512164e-01
1.090000000000000000e+04 9.441821457203576351e-01
1.100000000000000000e+04 9.486628277064407255e-01
1.110000000000000000e+04 9.500898403785870139e-01
1.120000000000000000e+04 9.491806676454186409e-01
1.130000000000000000e+04 9.525692479923842937e-01
1.140000000000000000e+04 9.419951151324426064e-01
1.150000000000000000e+04 9.410670216310825786e-01
1.160000000000000000e+04 9.515720784770119733e-01
1.170000000000000000e+04 9.386445207001505864e-01
1.180000000000000000e+04 9.466538284881438337e-01
1.190000000000000000e+04 9.513956802099754473e-01
1.200000000000000000e+04 9.491601110759149140e-01
1.210000000000000000e+04 9.465122528270313307e-01
1.220000000000000000e+04 9.514999859207240451e-01
1.230000000000000000e+04 9.472580312803442482e-01
1.240000000000000000e+04 9.490537029226095989e-01
1.250000000000000000e+04 9.516903899035049630e-01
1.260000000000000000e+04 9.484111436934183903e-01
1.270000000000000000e+04 9.604889929164214246e-01
1.280000000000000000e+04 9.417485962315645942e-01
1.290000000000000000e+04 9.436754691484017243e-01
1.300000000000000000e+04 9.526123186491870509e-01
1.310000000000000000e+04 9.394780726377247593e-01
1.320000000000000000e+04 9.566581779556637688e-01
1.330000000000000000e+04 9.556581994532987734e-01
1.340000000000000000e+04 9.482514281066466433e-01
1.350000000000000000e+04 9.564853053152762019e-01
1.360000000000000000e+04 9.409287198275397834e-01
1.370000000000000000e+04 9.621267362753345154e-01
1.380000000000000000e+04 9.615331377911358057e-01
1.390000000000000000e+04 9.568579248112586422e-01
1.400000000000000000e+04 9.571947308922845732e-01
1.410000000000000000e+04 9.592036328871540452e-01
1.420000000000000000e+04 9.534607678011893794e-01
1.430000000000000000e+04 9.482790000987743051e-01
1.440000000000000000e+04 9.555185754706531087e-01
1.450000000000000000e+04 9.523541509638403513e-01
1.460000000000000000e+04 9.460537404702912267e-01
1.470000000000000000e+04 9.543913929031634380e-01
1.480000000000000000e+04 9.515221406702869533e-01
1.490000000000000000e+04 9.602278364375520514e-01
1.500000000000000000e+04 9.594769352883509850e-01
1.510000000000000000e+04 9.412268483317540735e-01
1.520000000000000000e+04 9.644922021187972705e-01
1.530000000000000000e+04 9.554311589723273324e-01
1.540000000000000000e+04 9.611376485023794825e-01
1.550000000000000000e+04 9.613928685929795659e-01
1.560000000000000000e+04 9.508712082250126985e-01
1.570000000000000000e+04 9.474556562019909034e-01
1.580000000000000000e+04 9.650817197160785899e-01
1.590000000000000000e+04 9.662121466889317389e-01
1.600000000000000000e+04 9.507670989575873755e-01
1.610000000000000000e+04 9.548983995384775492e-01
1.620000000000000000e+04 9.590700509540726060e-01
1.630000000000000000e+04 9.542278150522137681e-01
1.640000000000000000e+04 9.622067701270673457e-01
1.650000000000000000e+04 9.611473827134224823e-01
1.660000000000000000e+04 9.481544827681125387e-01
1.670000000000000000e+04 9.595844437737510724e-01
1.680000000000000000e+04 9.571606921238902110e-01
1.690000000000000000e+04 9.645685815916165140e-01
1.700000000000000000e+04 9.508109232343244788e-01
1.710000000000000000e+04 9.564647414971116923e-01
1.720000000000000000e+04 9.609345972520527690e-01
1.730000000000000000e+04 9.613078916285668907e-01
1.740000000000000000e+04 9.529307134694861015e-01
1.750000000000000000e+04 9.597607636335512282e-01
1.760000000000000000e+04 9.509385168305451996e-01
1.770000000000000000e+04 9.605649307878214582e-01
1.780000000000000000e+04 9.543601614487901008e-01
1.790000000000000000e+04 9.581928711656930719e-01
1.800000000000000000e+04 9.602259295688001517e-01
1.810000000000000000e+04 9.476240096839838589e-01
1.820000000000000000e+04 9.626576070662610229e-01
1.830000000000000000e+04 9.509193459798217507e-01
1.840000000000000000e+04 9.571390023522043933e-01
1.850000000000000000e+04 9.479781748403882657e-01
1.860000000000000000e+04 9.530036292254695507e-01
1.870000000000000000e+04 9.576290377092477879e-01
1.880000000000000000e+04 9.601218415986221277e-01
1.890000000000000000e+04 9.581520455329555208e-01
1.900000000000000000e+04 9.518101908904764707e-01
1.910000000000000000e+04 9.579060769267557784e-01
1.920000000000000000e+04 9.543896768424064980e-01
1.930000000000000000e+04 9.464148497382973702e-01
1.940000000000000000e+04 9.570760190041235349e-01
1.950000000000000000e+04 9.560025736447240741e-01
1.960000000000000000e+04 9.589437745684570302e-01
1.970000000000000000e+04 9.621447308910787699e-01
1.980000000000000000e+04 9.541732270025612417e-01
1.990000000000000000e+04 9.601573108533995038e-01
2.000000000000000000e+04 9.414787842201399748e-01
2.010000000000000000e+04 9.496100640593136966e-01
2.020000000000000000e+04 9.628190218379342191e-01
2.030000000000000000e+04 9.689219879526586032e-01
2.040000000000000000e+04 9.571830759647530495e-01
2.050000000000000000e+04 9.588706961366508796e-01
2.060000000000000000e+04 9.611373183668183717e-01
2.070000000000000000e+04 9.625602509329539425e-01
2.080000000000000000e+04 9.602601769313927615e-01
2.090000000000000000e+04 9.639674460049302285e-01
2.100000000000000000e+04 9.584878525929156901e-01
2.110000000000000000e+04 9.611400204359308308e-01
2.120000000000000000e+04 9.571305853057600066e-01
2.130000000000000000e+04 9.599431432208087589e-01
2.140000000000000000e+04 9.561813862116032015e-01
2.150000000000000000e+04 9.533953917458808380e-01
2.160000000000000000e+04 9.544274466411338809e-01
2.170000000000000000e+04 9.529689343386905653e-01
2.180000000000000000e+04 9.569937274289694873e-01
2.190000000000000000e+04 9.646842074378816356e-01
2.200000000000000000e+04 9.548079942674631004e-01
2.210000000000000000e+04 9.549691300291742735e-01
2.220000000000000000e+04 9.564929409410192207e-01
2.230000000000000000e+04 9.569432743445128731e-01
2.240000000000000000e+04 9.573109261391825608e-01
2.250000000000000000e+04 9.637356784252595343e-01
2.260000000000000000e+04 9.509270026060160363e-01
2.270000000000000000e+04 9.512984071484094084e-01
2.280000000000000000e+04 9.587734957833105032e-01
2.290000000000000000e+04 9.556224048355347334e-01
2.300000000000000000e+04 9.625320274213149396e-01
2.310000000000000000e+04 9.596740207399507838e-01
2.320000000000000000e+04 9.536586350654941979e-01
2.330000000000000000e+04 9.535296531107583240e-01
2.340000000000000000e+04 9.523069388478243580e-01
2.350000000000000000e+04 9.619456428015378258e-01
2.360000000000000000e+04 9.538595234920579369e-01
2.370000000000000000e+04 9.583564149257417508e-01
2.380000000000000000e+04 9.670207321212064278e-01
2.390000000000000000e+04 9.597599507289594767e-01
2.400000000000000000e+04 9.533652515124155791e-01
2.410000000000000000e+04 9.585941132621929039e-01
2.420000000000000000e+04 9.581364587082447093e-01
2.430000000000000000e+04 9.611114314518596213e-01
2.440000000000000000e+04 9.605369195712357699e-01
2.450000000000000000e+04 9.629183210522040959e-01
2.460000000000000000e+04 9.581282851711132587e-01
2.470000000000000000e+04 9.523759080889651063e-01
2.480000000000000000e+04 9.613602915196929333e-01
2.490000000000000000e+04 9.548994981855788433e-01
2.500000000000000000e+04 9.688825154005893392e-01
2.510000000000000000e+04 9.483071486263843219e-01
2.520000000000000000e+04 9.549542241650069707e-01
2.530000000000000000e+04 9.623633317409536758e-01
2.540000000000000000e+04 9.601774305905493856e-01
2.550000000000000000e+04 9.603235524904759624e-01
2.560000000000000000e+04 9.668172992580222891e-01
2.570000000000000000e+04 9.568257533656745473e-01
2.580000000000000000e+04 9.645906070008610778e-01
2.590000000000000000e+04 9.571466928329570578e-01
2.600000000000000000e+04 9.614313925576450925e-01
2.610000000000000000e+04 9.664462572057828105e-01
2.620000000000000000e+04 9.562999762809918369e-01
2.630000000000000000e+04 9.518644050470064233e-01
2.640000000000000000e+04 9.471247486721461328e-01
2.650000000000000000e+04 9.639169300801081475e-01
2.660000000000000000e+04 9.631370058525882127e-01
2.670000000000000000e+04 9.530295498176863944e-01
2.680000000000000000e+04 9.611559778720800695e-01
2.690000000000000000e+04 9.625582734591947576e-01
2.700000000000000000e+04 9.566412123522904931e-01
2.710000000000000000e+04 9.611215635218031128e-01
2.720000000000000000e+04 9.623221938187840330e-01
2.730000000000000000e+04 9.627410757842644884e-01
2.740000000000000000e+04 9.603937851310254681e-01
2.750000000000000000e+04 9.669016481427681331e-01
2.760000000000000000e+04 9.613817994993645311e-01
2.770000000000000000e+04 9.593448458968814041e-01
2.780000000000000000e+04 9.593519131888816887e-01
2.790000000000000000e+04 9.599102016318669106e-01
2.800000000000000000e+04 9.644998441782934862e-01
2.810000000000000000e+04 9.515203029929958367e-01
2.820000000000000000e+04 9.596567505968486289e-01
2.830000000000000000e+04 9.537248668813534946e-01
2.840000000000000000e+04 9.644805267158199635e-01
2.850000000000000000e+04 9.609310459915971769e-01
2.860000000000000000e+04 9.664147623430918710e-01
2.870000000000000000e+04 9.623527615036313598e-01
2.880000000000000000e+04 9.627653738855368459e-01
2.890000000000000000e+04 9.698784441707817283e-01
2.900000000000000000e+04 9.591313600867301670e-01
2.910000000000000000e+04 9.655757611881113922e-01
2.920000000000000000e+04 9.609336009021145486e-01
2.930000000000000000e+04 9.638943206841400491e-01
2.940000000000000000e+04 9.609415344561584860e-01
2.950000000000000000e+04 9.609183275687473991e-01
2.960000000000000000e+04 9.586809251830340495e-01
2.970000000000000000e+04 9.555900230427919473e-01
2.980000000000000000e+04 9.621097328685568328e-01
2.990000000000000000e+04 9.646938034927143857e-01
3.000000000000000000e+04 9.592920247992386962e-01
