0.000000000000000000e+00 4.845559999999999867e-01
1.000000000000000000e+02 3.845959999999999934e-01
2.000000000000000000e+02 5.032919999999999616e-01
3.000000000000000000e+02 5.820440000000000058e-01
4.000000000000000000e+02 6.302999999999998604e-01
5.000000000000000000e+02 6.465319999999999956e-01
6.000000000000000000e+02 6.877960000000000740e-01
7.000000000000000000e+02 6.931680000000000064e-01
8.000000000000000000e+02 7.327520000000000699e-01
9.000000000000000000e+02 7.625679999999999126e-01
1.000000000000000000e+03 7.861959999999998949e-01
1.100000000000000000e+03 7.732920000000000904e-01
1.200000000000000000e+03 7.884839999999999627e-01
1.300000000000000000e+03 8.159800000000000386e-01
1.400000000000000000e+03 8.213159999999999350e-01
1.500000000000000000e+03 8.256000000000001116e-01
1.600000000000000000e+03 8.500599999999999268e-01
1.700000000000000000e+03 8.411000000000000698e-01
1.800000000000000000e+03 8.353999999999999204e-01
1.900000000000000000e+03 8.441999999999999504e-01
2.000000000000000000e+03 8.651719999999999411e-01
2.100000000000000000e+03 8.631840000000000623e-01
2.200000000000000000e+03 8.691599999999999326e-01
2.300000000000000000e+03 8.614440000000000985e-01
2.400000000000000000e+03 8.759879999999999889e-01
2.500000000000000000e+03 8.705639999999998935e-01
2.600000000000000000e+03 8.623800000000001464e-01
2.700000000000000000e+03 8.984999999999999654e-01
2.800000000000000000e+03 8.860079999999999067e-01
2.900000000000000000e+03 8.778000000000000247e-01
3.000000000000000000e+03 8.839879999999999960e-01
3.100000000000000000e+03 8.984040000000002024e-01
3.200000000000000000e+03 8.786559999999999926e-01
3.300000000000000000e+03 8.904200000000001003e-01
3.400000000000000000e+03 8.925519999999999010e-01
3.500000000000000000e+03 9.174440000000000373e-01
3.600000000000000000e+03 8.877639999999999976e-01
3.700000000000000000e+03 9.033479999999998178e-01
3.800000000000000000e+03 9.006520000000000081e-01
3.900000000000000000e+03 8.921879999999999811e-01
4.000000000000000000e+03 9.077799999999999203e-01
4.100000000000000000e+03 9.090959999999999042e-01
4.200000000000000000e+03 9.238239999999999785e-01
4.300000000000000000e+03 9.164479999999999293e-01
4.400000000000000000e+03 9.068919999999998094e-01
4.500000000000000000e+03 8.870160000000000267e-01
4.600000000000000000e+03 9.086280000000001023e-01
4.700000000000000000e+03 9.204559999999999409e-01
4.800000000000000000e+03 9.135200000000001097e-01
4.900000000000000000e+03 9.061640000000000805e-01
5.000000000000000000e+03 9.185440000000000271e-01
5.100000000000000000e+03 9.342959999999999043e-01
5.200000000000000000e+03 9.093639999999999501e-01
5.300000000000000000e+03 8.998279999999999612e-01
5.400000000000000000e+03 9.088080000000000602e-01
5.500000000000000000e+03 9.181599999999999762e-01
5.600000000000000000e+03 9.079159999999998343e-01
5.700000000000000000e+03 9.251280000000000614e-01
5.800000000000000000e+03 9.243840000000000945e-01
5.900000000000000000e+03 9.205079999999998819e-01
6.000000000000000000e+03 9.376719999999998389e-01
6.100000000000000000e+03 9.247839999999999394e-01
6.200000000000000000e+03 9.304600000000000648e-01
6.300000000000000000e+03 9.181280000000000552e-01
6.400000000000000000e+03 9.222079999999999167e-01
6.500000000000000000e+03 9.302960000000001228e-01
6.600000000000000000e+03 9.279040000000000621e-01
6.700000000000000000e+03 9.193999999999998840e-01
6.800000000000000000e+03 9.322359999999999536e-01
6.900000000000000000e+03 9.318119999999999736e-01
7.000000000000000000e+03 9.336879999999999624e-01
7.100000000000000000e+03 9.308159999999999767e-01
7.200000000000000000e+03 9.244360000000000355e-01
7.300000000000000000e+03 9.211879999999998958e-01
7.400000000000000000e+03 9.325039999999999996e-01
7.500000000000000000e+03 9.294519999999999449e-01
7.600000000000000000e+03 9.366039999999999921e-01
7.700000000000000000e+03 9.360760000000000192e-01
7.800000000000000000e+03 9.493960000000000177e-01
7.900000000000000000e+03 9.363039999999999141e-01
8.000000000000000000e+03 9.373839999999999950e-01
8.100000000000000000e+03 9.363559999999999661e-01
8.200000000000000000e+03 9.415719999999999645e-01
8.300000000000000000e+03 9.358360000000000012e-01
8.400000000000000000e+03 9.436440000000000383e-01
8.500000000000000000e+03 9.284759999999999680e-01
8.600000000000000000e+03 9.392720000000001068e-01
8.700000000000000000e+03 9.406640000000000557e-01
8.800000000000000000e+03 9.456919999999999771e-01
8.900000000000000000e+03 9.517559999999999354e-01
9.000000000000000000e+03 9.449119999999999742e-01
9.100000000000000000e+03 9.320600000000001106e-01
9.200000000000000000e+03 9.425280000000000324e-01
9.300000000000000000e+03 9.442120000000000513e-01
9.400000000000000000e+03 9.409520000000001216e-01
9.500000000000000000e+03 9.375600000000000600e-01
9.600000000000000000e+03 9.400919999999999277e-01
9.700000000000000000e+03 9.455559999999999521e-01
9.800000000000000000e+03 9.486560000000000548e-01
9.900000000000000000e+03 9.441959999999999242e-01
1.000000000000000000e+04 9.480920000000000458e-01
1.010000000000000000e+04 9.470600000000000129e-01
1.020000000000000000e+04 9.419560000000000155e-01
1.030000000000000000e+04 9.545639999999999681e-01
1.040000000000000000e+04 9.507480000000000375e-01
1.050000000000000000e+04 9.389279999999998738e-01
1.060000000000000000e+04 9.341720000000000024e-01
1.070000000000000000e+04 9.325559999999998295e-01
1.080000000000000000e+04 9.431800000000001294e-01
1.090000000000000000e+04 9.392599999999998728e-01
1.100000000000000000e+04 9.476960000000000939e-01
1.110000000000000000e+04 9.460800000000000320e-01
1.120000000000000000e+04 9.478120000000000989e-01
1.130000000000000000e+04 9.499839999999999396e-01
1.140000000000000000e+04 9.405719999999999636e-01
1.150000000000000000e+04 9.367920000000000691e-01
1.160000000000000000e+04 9.487240000000001228e-01
1.170000000000000000e+04 9.356519999999999282e-01
1.180000000000000000e+04 9.432760000000000034e-01
1.190000000000000000e+04 9.454320000000000501e-01
1.200000000000000000e+04 9.438520000000000243e-01
1.210000000000000000e+04 9.441880000000000273e-01
1.220000000000000000e+04 9.475119999999999099e-01
1.230000000000000000e+04 9.438600000000000323e-01
1.240000000000000000e+04 9.457079999999999931e-01
1.250000000000000000e+04 9.486639999999999517e-01
1.260000000000000000e+04 9.461239999999998540e-01
1.270000000000000000e+04 9.591440000000001076e-01
1.280000000000000000e+04 9.414200000000000346e-01
1.290000000000000000e+04 9.429720000000001434e-01
1.300000000000000000e+04 9.507759999999999545e-01
1.310000000000000000e+04 9.367079999999999851e-01
1.320000000000000000e+04 9.558480000000001420e-01
1.330000000000000000e+04 9.547800000000000731e-01
1.340000000000000000e+04 9.444599999999999662e-01
1.350000000000000000e+04 9.534480000000000732e-01
1.360000000000000000e+04 9.388720000000000399e-01
1.370000000000000000e+04 9.588479999999999226e-01
1.380000000000000000e+04 9.575880000000001058e-01
1.390000000000000000e+04 9.556159999999999100e-01
1.400000000000000000e+04 9.542640000000000011e-01
1.410000000000000000e+04 9.582119999999999527e-01
1.420000000000000000e+04 9.525520000000000653e-01
1.430000000000000000e+04 9.456519999999999371e-01
1.440000000000000000e+04 9.559119999999999839e-01
1.450000000000000000e+04 9.486799999999999677e-01
1.460000000000000000e+04 9.509400000000000075e-01
1.470000000000000000e+04 9.543599999999999861e-01
1.480000000000000000e+04 9.513199999999998324e-01
1.490000000000000000e+04 9.569719999999999338e-01
1.500000000000000000e+04 9.587640000000000606e-01
1.510000000000000000e+04 9.421840000000000215e-01
1.520000000000000000e+04 9.608039999999999914e-01
1.530000000000000000e+04 9.534280000000000532e-01
1.540000000000000000e+04 9.593280000000000696e-01
1.550000000000000000e+04 9.613520000000000953e-01
1.560000000000000000e+04 9.470880000000000409e-01
1.570000000000000000e+04 9.459680000000000311e-01
1.580000000000000000e+04 9.642239999999999700e-01
1.590000000000000000e+04 9.633760000000000101e-01
1.600000000000000000e+04 9.504479999999999595e-01
1.610000000000000000e+04 9.514000000000000234e-01
1.620000000000000000e+04 9.566479999999999428e-01
1.630000000000000000e+04 9.536519999999998332e-01
1.640000000000000000e+04 9.592279999999999696e-01
1.650000000000000000e+04 9.583679999999998866e-01
1.660000000000000000e+04 9.463279999999999470e-01
1.670000000000000000e+04 9.574799999999999978e-01
1.680000000000000000e+04 9.582240000000000757e-01
1.690000000000000000e+04 9.643599999999999950e-01
1.700000000000000000e+04 9.481040000000000578e-01
1.710000000000000000e+04 9.529280000000001083e-01
1.720000000000000000e+04 9.584880000000000067e-01
1.730000000000000000e+04 9.578759999999999497e-01
1.740000000000000000e+04 9.506399999999999295e-01
1.750000000000000000e+04 9.552359999999999740e-01
1.760000000000000000e+04 9.466280000000000250e-01
1.770000000000000000e+04 9.553439999999999710e-01
1.780000000000000000e+04 9.512439999999999785e-01
1.790000000000000000e+04 9.544960000000001221e-01
1.800000000000000000e+04 9.584520000000000817e-01
1.810000000000000000e+04 9.475200000000001399e-01
1.820000000000000000e+04 9.586879999999999846e-01
1.830000000000000000e+04 9.486120000000000108e-01
1.840000000000000000e+04 9.561200000000000809e-01
1.850000000000000000e+04 9.466680000000000650e-01
1.860000000000000000e+04 9.535800000000000942e-01
1.870000000000000000e+04 9.590119999999999756e-01
1.880000000000000000e+04 9.572039999999999438e-01
1.890000000000000000e+04 9.533679999999999932e-01
1.900000000000000000e+04 9.485679999999999668e-01
1.910000000000000000e+04 9.543520000000000891e-01
1.920000000000000000e+04 9.509960000000000635e-01
1.930000000000000000e+04 9.462639999999999940e-01
1.940000000000000000e+04 9.556560000000000610e-01
1.950000000000000000e+04 9.553639999999999910e-01
1.960000000000000000e+04 9.547799999999999621e-01
1.970000000000000000e+04 9.611119999999999663e-01
1.980000000000000000e+04 9.507919999999998595e-01
1.990000000000000000e+04 9.590319999999998846e-01
2.000000000000000000e+04 9.368920000000000581e-01
2.010000000000000000e+04 9.482240000000000668e-01
2.020000000000000000e+04 9.593039999999999345e-01
2.030000000000000000e+04 9.666160000000000307e-01
2.040000000000000000e+04 9.553719999999998880e-01
2.050000000000000000e+04 9.604279999999999484e-01
2.060000000000000000e+04 9.581680000000000197e-01
2.070000000000000000e+04 9.608079999999999954e-01
2.080000000000000000e+04 9.604120000000000434e-01
2.090000000000000000e+04 9.623999999999999222e-01
2.100000000000000000e+04 9.545839999999999881e-01
2.110000000000000000e+04 9.578560000000000407e-01
2.120000000000000000e+04 9.544879999999998921e-01
2.130000000000000000e+04 9.590159999999999796e-01
2.140000000000000000e+04 9.528039999999999843e-01
2.150000000000000000e+04 9.513999999999999124e-01
2.160000000000000000e+04 9.544799999999999951e-01
2.170000000000000000e+04 9.501640000000000086e-01
2.180000000000000000e+04 9.524479999999999613e-01
2.190000000000000000e+04 9.634040000000000381e-01
2.200000000000000000e+04 9.521919999999999273e-01
2.210000000000000000e+04 9.516839999999999744e-01
2.220000000000000000e+04 9.551040000000000640e-01
2.230000000000000000e+04 9.564799999999999969e-01
2.240000000000000000e+04 9.557559999999999389e-01
2.250000000000000000e+04 9.620919999999999472e-01
2.260000000000000000e+04 9.507160000000000055e-01
2.270000000000000000e+04 9.502359999999999696e-01
2.280000000000000000e+04 9.571319999999999828e-01
2.290000000000000000e+04 9.542959999999999221e-01
2.300000000000000000e+04 9.604719999999999924e-01
2.310000000000000000e+04 9.582400000000000917e-01
2.320000000000000000e+04 9.500280000000000946e-01
2.330000000000000000e+04 9.529880000000000573e-01
2.340000000000000000e+04 9.481960000000000388e-01
2.350000000000000000e+04 9.611199999999999743e-01
2.360000000000000000e+04 9.484839999999999938e-01
2.370000000000000000e+04 9.571520000000000028e-01
2.380000000000000000e+04 9.658959999999998658e-01
2.390000000000000000e+04 9.572840000000000238e-01
2.400000000000000000e+04 9.507320000000000215e-01
2.410000000000000000e+04 9.553040000000000420e-01
2.420000000000000000e+04 9.569039999999999768e-01
2.430000000000000000e+04 9.581040000000000667e-01
2.440000000000000000e+04 9.585199999999999276e-01
2.450000000000000000e+04 9.631759999999999211e-01
2.460000000000000000e+04 9.542920000000000291e-01
2.470000000000000000e+04 9.517199999999998994e-01
2.480000000000000000e+04 9.589680000000000426e-01
2.490000000000000000e+04 9.558560000000000390e-01
2.500000000000000000e+04 9.681240000000000956e-01
2.510000000000000000e+04 9.541439999999999921e-01
2.520000000000000000e+04 9.548839999999999550e-01
2.530000000000000000e+04 9.600720000000000365e-01
2.540000000000000000e+04 9.596439999999999415e-01
2.550000000000000000e+04 9.586080000000000156e-01
2.560000000000000000e+04 9.646519999999999539e-01
2.570000000000000000e+04 9.542840000000000211e-01
2.580000000000000000e+04 9.619359999999999022e-01
2.590000000000000000e+04 9.537800000000000722e-01
2.600000000000000000e+04 9.582800000000001317e-01
2.610000000000000000e+04 9.638240000000000141e-01
2.620000000000000000e+04 9.546439999999999371e-01
2.630000000000000000e+04 9.506239999999999135e-01
2.640000000000000000e+04 9.486319999999999197e-01
2.650000000000000000e+04 9.616439999999999433e-01
2.660000000000000000e+04 9.578359999999999097e-01
2.670000000000000000e+04 9.512799999999999034e-01
2.680000000000000000e+04 9.596599999999999575e-01
2.690000000000000000e+04 9.603760000000001185e-01
2.700000000000000000e+04 9.544559999999999711e-01
2.710000000000000000e+04 9.618560000000000443e-01
2.720000000000000000e+04 9.618519999999999293e-01
2.730000000000000000e+04 9.617199999999999083e-01
2.740000000000000000e+04 9.581360000000000987e-01
2.750000000000000000e+04 9.651720000000000299e-01
2.760000000000000000e+04 9.579480000000000217e-01
2.770000000000000000e+04 9.560919999999999419e-01
2.780000000000000000e+04 9.584680000000000977e-01
2.790000000000000000e+04 9.562880000000000269e-01
2.800000000000000000e+04 9.631919999999999371e-01
2.810000000000000000e+04 9.505120000000000235e-01
2.820000000000000000e+04 9.550959999999999450e-01
2.830000000000000000e+04 9.534000000000000252e-01
2.840000000000000000e+04 9.614359999999999573e-01
2.850000000000000000e+04 9.588360000000000216e-01
2.860000000000000000e+04 9.644920000000000160e-01
2.870000000000000000e+04 9.629519999999999191e-01
2.880000000000000000e+04 9.619280000000000053e-01
2.890000000000000000e+04 9.666079999999999117e-01
2.900000000000000000e+04 9.579719999999999347e-01
2.910000000000000000e+04 9.633880000000000221e-01
2.920000000000000000e+04 9.588119999999999976e-01
2.930000000000000000e+04 9.592680000000000096e-01
2.940000000000000000e+04 9.576120000000000188e-01
2.950000000000000000e+04 9.618800000000000683e-01
2.960000000000000000e+04 9.582800000000000207e-01
2.970000000000000000e+04 9.549039999999999750e-01
2.980000000000000000e+04 9.637519999999999420e-01
2.990000000000000000e+04 9.620680000000000343e-01
3.000000000000000000e+04 9.570240000000000968e-01
