0
1
2
3
4
5
6
7
8
9
10
11
12
13
14
15
16
17
18
19
20
21
22
23
24
26
27
29
30
31
34
36
37
38
39
40
41
43
44
45
46
47
48
49
50
51
52
54
55
56
57
59
60
61
62
64
65
66
67
68
69
70
71
72
74
75
77
78
79
80
81
82
83
84
85
86
87
88
89
92
93
94
96
97
98
99
100
101
102
103
104
105
106
107
108
109
110
111
112
114
115
117
118
119
120
121
122
124
125
126
127
128
129
130
132
133
134
135
136
138
139
140
141
142
143
144
145
146
148
149
150
151
152
153
156
157
158
159
160
161
162
164
166
168
169
171
172
173
174
176
177
180
181
182
184
185
186
187
188
189
190
191
193
194
197
200
201
203
204
205
207
208
209
211
214
215
216
217
218
219
220
221
223
226
228
229
231
232
233
234
235
236
237
238
239
240
241
243
244
245
246
247
248
249
251
252
253
254
255
256
259
260
261
263
264
267
269
270
273
275
276
277
278
279
280
283
285
286
288
289
290
291
292
294
295
297
298
299
301
304
305
306
307
309
311
315
316
328
334
335
337
339
340
341
345
347
348
349
351
352
353
355
358
360
361
362
364
367
368
374
375
377
381
382
384
385
386
389
390
394
395
396
397
398
399
402
406
409
415
421
422
426
430
436
437
438
443
444
446
448
456
464
466
472
475
476
477
478
479
480
482
486
490
498
502
506
507
508
509
511
520
522
526
528
531
532
534
536
538
539
540
542
544
548
559
563
565
570
571
574
575
590
591
595
597
598
599
602
638
639
640
641
643
644
645
646
651
654
655
658
659
666
667
668
669
670
676
690
691
693
694
697
698
700
701
702
708
718
721
723
724
725
726
728
731
732
735
737
738
742
743
744
745
746
747
750
752
755
761
764
769
772
787
791
792
795
796
797
798
799
802
804
805
806
807
808
809
810
811
812
814
816
817
821
822
827
828
834
836
838
841
842
843
856
859
861
864
868
871
874
878
881
882
883
885
891
893
895
896
897
898
907
910
911
912
916
918
920
921
923
926
931
935
936
938
939
941
943
944
946
950
951
954
955
956
958
959
964
965
967
968
969
971
974
975
976
979
980
981
982
983
984
985
987
990
991
992
994
1000
1001
1002
1003
1005
1006
1007
1008
1009
1010
1013
1014
1017
1018
1019
1021
1022
1026
1028
1030
1031
1033
1037
1039
1040
1041
1042
1043
1044
1047
1049
1050
1051
1053
1055
1062
1063
1064
1067
1068
1069
1070
1074
1075
1076
1077
1079
1080
1083
1086
1088
1091
1092
1094
1095
1100
1104
1105
1107
1108
1110
1112
1113
1114
1117
1120
1121
1126
1129
1133
1134
1135
1136
1137
1138
1139
1143
1144
1150
1152
1155
1156
1159
1160
1162
1164
1165
1166
1169
1171
1173
1178
1180
1182
1192
1193
1195
1196
1198
1200
1202
1204
1205
1206
1207
1210
1212
1214
1215
1216
1220
1224
1225
1229
1233
1241
1242
1243
1245
1247
1248
1268
1271
1273
1277
1278
1280
1281
1282
1284
1286
1287
1289
1290
1291
1292
1294
1295
1296
1298
1299
1300
1301
1302
1304
1305
1309
1310
1311
1312
1315
1316
1317
1319
1321
1322
1323
1326
1329
1330
1331
1332
1333
1334
1335
1337
1338
1340
1341
1342
1343
1344
1346
1348
1349
1350
1352
1355
1356
1362
1370
1375
1377
1378
1382
1383
1384
1387
1388
1390
1393
1394
1397
1398
1399
1401
1403
1407
1410
1413
1415
1416
1417
1420
1424
1426
1431
1434
1435
1436
1440
1441
1442
1443
1444
1445
1446
1448
1449
1453
1454
1456
1457
1458
1460
1461
1462
1464
1465
1467
1468
1470
1473
1475
1476
1481
1483
1484
1485
1486
1487
1488
1489
1490
1492
1493
1495
1496
1497
1498
1499
1500
1501
1503
1504
1505
1506
1510
1512
1514
1515
1517
1518
1519
1524
1527
1530
1531
1533
1534
1537
1538
1540
1545
1551
1553
1557
1558
1561
1563
1564
1565
1568
1571
1573
1576
1578
1579
1581
1582
1583
1584
1585
1586
1587
1588
1589
1590
1593
1594
1596
1598
1600
1601
1602
1604
1605
1606
1611
1614
1616
1617
1618
1623
1624
1626
1627
1631
1633
1634
1635
1636
1637
1638
1645
1647
1648
1650
1651
1656
1657
1658
1659
1662
1663
1665
1666
1667
1669
1671
1675
1679
1680
1681
1683
1686
1690
1691
1692
1696
1697
1698
1700
1705
1708
1709
1711
1712
1714
1715
1716
1717
1718
1721
1724
1725
1726
1727
1728
1729
1730
1732
1735
1736
1737
1738
1739
1742
1744
1745
1746
1747
1749
1750
1751
1752
1753
1755
1756
1763
1764
1765
1766
1770
1771
1772
1775
1776
1778
1780
1781
1782
1783
1784
1785
1786
1787
1788
1795
1796
1798
1802
1803
1805
1807
1811
1812
1813
1814
1816
1817
1819
1820
1821
1822
1823
1824
1825
1826
1829
1831
1832
1833
1834
1835
1838
1839
1840
1841
1842
1843
1844
1845
1846
1847
1848
1849
1850
1851
1852
1853
1854
1856
1857
1858
1859
1860
1862
1863
1864
1866
1867
1868
1870
1871
1872
1874
1875
1876
1877
1879
1881
1883
1884
1889
1890
1891
1892
1893
1895
1896
1898
1900
1902
1903
1904
1905
1910
1911
1912
1913
1915
1916
1917
1919
1920
1922
1923
1924
1925
1926
1930
1932
1934
1936
1937
1938
1940
1944
1945
1949
1951
1952
1954
1955
1956
1957
1959
1960
1961
1962
1964
1965
1967
1968
1972
1973
1975
1976
1979
1980
1981
1982
1983
1984
1989
1991
1993
1994
1997
2000
2001
2002
2003
2004
2007
2008
2011
2013
2014
2018
2019
2020
2021
2023
2024
2026
2028
2029
2030
2032
2033
2035
2036
2038
2040
2041
2045
2047
2049
2050
2051
2052
2053
2054
2055
2056
2058
2059
2060
2063
2064
2068
2070
2076
2082
2083
2084
2086
2090
2092
2094
2095
2097
2098
2099
2102
2103
2105
2107
2108
2110
2111
2113
2114
2115
2116
2117
2118
2120
2121
2122
2126
2129
2130
2132
2134
2135
2137
2138
2139
2141
2142
2144
2145
2146
2148
2150
2155
2156
2157
2158
2160
2162
2164
2166
2167
2169
2170
2171
2176
2177
2180
2186
2188
2189
2190
2191
2192
2193
2194
2195
2197
2198
2199
2200
2202
2204
2205
2207
2208
2209
2210
2211
2214
2216
2217
2220
2223
2224
2225
2228
2230
2231
2232
2235
2236
2238
2239
2240
2241
2245
2246
2247
2248
2249
2250
2251
2252
2255
2256
2257
2258
2259
2260
2261
2262
2263
2264
2265
2266
2267
2268
2269
2271
2273
2274
2275
2276
2277
2279
2280
2281
2282
2285
2286
2287
2288
2289
2290
2292
2293
2294
2295
2300
2301
2303
2304
2306
2307
2308
2309
2311
2313
2314
2317
2318
2319
2320
2321
2322
2323
2324
2325
2326
2327
2328
2330
2332
2333
2334
2335
2336
2337
2340
2341
2342
2344
2345
2346
2347
2348
2350
2351
2352
2354
2355
2357
2358
2359
2360
2361
2362
2364
2366
2368
2369
2372
2374
2376
2377
2378
2379
2382
2383
2384
2386
2387
2388
2390
2391
2392
2395
2396
2399
2400
2403
2405
2406
2408
2409
2410
2412
2413
2414
2416
2419
2422
2423
2424
2427
2428
2429
2430
2431
2433
2435
2436
2437
2438
2439
2440
2441
2442
2444
2445
2447
2448
2450
2451
2452
2453
2454
2456
2457
2458
2459
2462
2463
2464
2465
2466
2468
2469
2472
2473
2474
2475
2476
2477
2478
2479
2480
2481
2484
2485
2486
2487
2489
2490
2491
2492
2494
2498
2499
2501
2502
2504
2505
2507
2508
2511
2512
2513
2514
2515
2516
2517
2518
2519
2520
2521
2522
2524
2525
2526
2531
2533
2534
2536
2537
2539
2541
2543
2545
2546
2549
2551
2552
2553
2555
2556
2557
2558
2561
2562
2563
2564
2565
2566
2571
2572
2573
2574
2575
2576
2580
2581
2582
2583
2584
2585
2586
2587
2589
2597
2598
2599
2600
2601
2602
2603
2604
2606
2607
2608
2609
2611
2612
2614
2615
2616
2617
2618
2620
2621
2622
2623
2624
2625
2626
2627
2628
2630
2631
2632
2633
2634
2635
2636
2638
2639
2640
2641
2642
2643
2644
2645
2646
2648
2649
2650
2651
2652
2653
2654
2655
2656
2657
2658
2659
2660
2661
2662
2664
2665
2666
2667
2668
2669
2670
2674
2675
2676
2677
2678
2681
2682
2683
2684
2688
2689
2690
2691
2692
2693
2695
2696
2697
2698
2700
2704
2706
2708
2709
2712
2713
2717
2718
2719
2720
2721
2722
2724
2725
2726
2729
2731
2732
2733
2734
2735
2736
2738
2739
2740
2741
2742
2744
2746
2748
2749
2750
2751
2752
2753
2755
2758
2761
2762
2764
2765
2766
2767
2768
2769
2770
2771
2772
2773
2774
2775
2777
2778
2780
2781
2782
2783
2784
2785
2786
2787
2788
2790
2791
2792
2793
2794
2796
2797
2799
2801
2802
2804
2805
2806
2807
2808
2809
2811
2812
2813
2814
2815
2816
2817
2818
2819
2821
2822
2823
2824
2825
2828
2829
2830
2831
2833
2836
2837
2839
2840
2841
2842
2843
2847
2849
2850
2851
2852
2853
2854
2856
2857
2858
2859
2860
2862
2863
2865
2867
2868
2869
2870
2871
2872
2873
2874
2876
2878
2879
2880
2883
2885
2886
2888
2889
2890
2891
2892
2894
2896
2897
2900
2901
2902
2903
2904
2905
2906
2909
2910
2911
2912
2913
2914
2915
2916
2917
2918
2920
2921
2922
2923
2924
2925
2926
2927
2929
2930
2932
2933
2934
2936
2937
2938
2939
2942
2943
2946
2947
2948
2949
2951
2952
2954
2955
2956
2958
2959
2960
2962
2964
2965
2966
2967
2968
2969
2970
2972
2973
2974
2975
2976
2978
2979
2980
2981
2983
2984
2986
2987
2988
2989
2992
2993
2994
2996
2997
2998
3000
3001
3002
3003
3005
3007
3008
3009
3010
3011
3012
3013
3014
3015
3016
3017
3018
3020
3021
3022
3023
3024
3025
3026
3027
3028
3029
3030
3031
3032
3033
3034
3036
3038
3039
3040
3041
3042
3043
3044
3045
3046
3047
3048
3049
3050
3051
3052
3053
3054
3055
3058
3060
3061
3063
3064
3065
3067
3069
3070
3072
3073
3074
3075
3076
3077
3079
3080
3081
3083
3085
3087
3088
3089
3090
3093
3094
3095
3096
3098
3099
3100
3101
3102
3103
3104
3106
3107
3108
3109
3110
3113
3114
3115
3116
3117
3118
3120
3121
3122
3123
3124
3125
3126
3128
3129
3130
3131
3132
3134
3136
3137
3138
3139
3140
3141
3142
3144
3145
3148
3149
3150
3152
3153
3154
3155
3156
3157
3158
3159
3160
3161
3163
3164
3166
3167
3168
3169
3170
3171
3172
3173
3174
3175
3176
3178
3179
3181
3182
3183
3184
3185
3186
3187
3188
3190
3191
3192
3193
3194
3195
3196
3198
3200
3201
3202
3203
3204
3205
3207
3208
3209
3210
3211
3212
3213
3214
3216
3217
3218
3219
3220
3221
3222
3223
3224
3226
3227
3228
3229
3231
3232
3234
3235
3236
3239
3240
3242
3243
3246
3247
3248
3249
3250
3251
3252
3253
3254
3258
3259
3260
3261
3262
3263
3264
3265
3266
3267
3268
3269
3270
3271
3272
3273
3274
3275
3277
3278
3279
3280
3281
3282
3284
3285
3286
3287
3289
3291
3292
3293
3295
3298
3299
3300
3303
3304
3306
3307
3308
3309
3311
3312
3313
3314
3315
3317
3319
3320
3321
3322
3323
3324
3325
3326
3329
3330
3331
3332
3333
3334
3335
3336
3337
3338
3339
3340
3341
3342
3343
3344
3346
3348
3349
3350
