0
1
2
3
4
5
6
7
8
9
10
11
13
14
15
16
17
18
19
20
21
22
23
28
30
31
32
36
37
38
39
40
41
42
43
44
45
46
47
49
50
51
52
53
54
55
57
58
59
60
61
62
63
64
65
66
67
68
69
70
71
72
73
74
75
76
77
78
79
80
81
82
83
84
85
86
87
88
89
90
92
93
94
95
96
97
98
99
100
101
102
103
104
105
106
107
108
109
110
111
112
113
114
115
116
117
118
119
120
121
122
123
124
125
126
127
128
129
130
132
133
134
135
136
137
138
139
140
141
142
143
144
145
146
147
148
149
150
151
152
153
154
155
156
157
158
159
160
161
162
163
164
165
166
167
168
169
170
171
172
173
174
175
176
177
178
179
180
181
182
183
184
185
186
187
188
189
190
191
192
193
194
195
196
197
199
200
201
202
203
204
205
206
207
208
209
210
211
213
216
217
218
219
220
221
222
223
224
225
226
227
228
229
230
231
232
233
234
235
236
237
238
240
241
242
243
244
245
246
247
248
249
250
251
252
253
254
255
256
257
258
259
260
261
262
263
264
265
266
267
268
269
270
271
273
274
275
276
277
278
279
280
281
282
283
284
285
286
287
288
289
290
291
292
293
295
296
297
298
299
300
301
302
303
304
305
306
307
308
309
310
311
312
313
314
315
316
317
318
319
320
321
322
323
324
325
326
327
328
329
330
331
332
333
334
335
336
337
338
339
340
341
342
343
345
347
348
349
351
352
353
354
355
356
357
358
359
360
361
362
363
364
365
366
367
368
369
370
371
373
374
375
376
377
378
380
381
382
383
384
385
386
387
388
389
390
392
393
394
396
397
399
400
401
402
403
404
405
406
407
408
409
410
411
412
413
414
415
417
418
419
420
421
422
423
424
425
426
427
428
429
430
431
432
434
435
436
437
438
439
440
441
442
443
444
445
446
447
448
449
450
451
452
453
454
455
456
457
458
459
460
461
463
464
465
466
467
468
469
470
471
472
473
474
475
476
477
478
479
480
481
482
483
484
485
486
487
488
489
490
491
492
493
494
495
496
497
498
499
500
501
502
504
505
506
507
509
510
511
513
514
515
516
517
520
521
522
523
524
525
526
527
528
529
530
531
532
533
534
535
536
537
538
539
541
542
543
544
545
546
547
548
549
550
551
552
553
554
555
556
557
558
559
560
561
562
563
564
565
566
567
568
569
570
573
574
575
576
577
578
579
580
581
582
583
584
585
586
587
588
589
590
591
592
593
594
595
596
597
598
599
600
601
602
603
604
605
606
607
608
609
610
611
612
613
614
615
616
617
618
619
620
621
622
623
624
626
627
628
629
630
631
632
633
634
635
636
637
638
639
640
641
642
643
644
645
646
647
648
649
650
651
652
653
654
655
656
657
658
659
660
661
662
663
664
665
666
667
668
669
670
671
672
673
674
675
676
677
678
679
680
681
682
683
685
686
688
689
690
691
692
693
694
695
696
697
698
699
700
701
702
703
704
705
706
707
708
709
710
711
712
713
714
715
716
717
718
719
720
721
722
723
724
725
726
727
728
729
730
731
732
733
734
735
736
737
738
739
740
741
742
743
744
745
746
748
749
750
751
752
753
754
755
756
757
760
761
762
763
764
765
766
767
768
769
770
771
772
773
774
775
776
777
778
779
780
781
782
783
784
786
787
788
790
791
792
793
794
795
796
797
798
799
800
801
802
803
804
805
806
807
808
809
810
811
812
813
815
816
817
818
820
821
823
824
825
826
827
830
833
835
836
838
840
841
842
843
844
845
846
848
849
850
851
852
853
854
855
856
859
860
861
862
863
864
865
866
867
868
869
870
871
872
873
874
875
876
877
878
879
880
881
882
883
884
886
888
889
890
891
892
894
901
903
909
919
923
925
929
933
934
936
941
960
962
967
969
974
977
980
981
983
986
987
990
991
995
997
998
1000
1002
1003
1006
1010
1012
1013
1014
1015
1017
1018
1020
1022
1023
1024
1025
1026
1028
1029
1030
1032
1033
1034
1035
1036
1038
1039
1040
1041
1042
1046
1050
1051
1054
1055
1056
1057
1061
1062
1063
1064
1065
1066
1070
1072
1073
1074
1075
1076
1077
1078
1082
1083
1085
1087
1089
1091
1092
1093
1094
1097
1098
1100
1101
1102
1104
1105
1107
1109
1110
1113
1116
1119
1121
1122
1123
1128
1134
1135
1136
1137
1140
1141
1142
1146
1149
1151
1153
1155
1156
1161
1162
1163
1165
1166
1167
1168
1169
1171
1173
1174
1176
1177
1179
1180
1181
1182
1183
1184
1185
1186
1187
1188
1189
1190
1191
1194
1195
1196
1197
1198
1200
1204
1207
1208
1209
1214
1215
1217
1218
1220
1221
1222
1224
1225
1226
1227
1229
1230
1231
1232
1233
1234
1235
1236
1237
1238
1239
1241
1242
1244
1245
1246
1247
1248
1252
1253
1254
1258
1259
1263
1264
1265
1266
1269
1270
1271
1272
1273
1274
1275
1279
1285
1287
1290
1295
1298
1301
1305
1307
1309
1312
1314
1316
1317
1319
1320
1327
1328
1331
1336
1340
1341
1344
1345
1349
1352
1354
1358
1362
1372
1373
1374
1375
1376
1377
1378
1379
1380
1384
1386
1387
1388
1389
1395
1402
1403
1404
1406
1408
1414
1416
1418
1423
1425
1426
1427
1429
1430
1431
1432
1434
1435
1437
1438
1441
1442
1445
1452
1454
1455
1456
1460
1463
1466
1469
1470
1471
1472
1473
1474
1481
1483
1485
1486
1489
1490
1492
1493
1499
1500
1503
1507
1509
1510
1511
1512
1515
1516
1518
1519
1520
1523
1524
1525
1530
1531
1532
1534
1535
1537
1538
1540
1541
1542
1544
1545
1546
1548
1552
1553
1558
1559
1560
1561
1562
1563
1565
1568
1570
1574
1575
1577
1578
1582
1583
1584
1585
1593
1595
1596
1598
1599
1600
1601
1603
1605
1606
1608
1609
1610
1611
1612
1615
1619
1620
1621
1622
1625
1627
1633
1634
1636
1637
1638
1639
1640
1643
1646
1647
1648
1650
1651
1652
1654
1657
1660
1662
1663
1666
1667
1668
1669
1670
1672
1673
1676
1677
1678
1685
1686
1688
1689
1690
1691
1693
1694
1695
1697
1698
1699
1701
1705
1708
1709
1712
1713
1714
1716
1718
1722
1728
1730
1731
1732
1734
1735
1737
1738
1740
1742
1745
1750
1751
1753
1754
1756
1757
1758
1760
1761
1763
1766
1769
1772
1773
1776
1777
1778
1780
1782
1783
1785
1786
1787
1788
1789
1790
1791
1792
1793
1794
1795
1796
1799
1800
1801
1802
1803
1805
1806
1808
1812
1814
1815
1816
1817
1818
1819
1821
1822
1824
1827
1829
1832
1835
1837
1838
1839
1842
1845
1846
1847
1850
1851
1855
1857
1859
1862
1864
1865
1866
1867
1868
1870
1871
1872
1874
1877
1878
1879
1880
1881
1883
1886
1887
1889
1890
1891
1892
1893
1895
1896
1898
1900
1901
1902
1903
1907
1909
1910
1911
1912
1913
1916
1917
1920
1921
1923
1924
1926
1927
1928
1931
1932
1934
1936
1937
1938
1939
1940
1941
1942
1945
1949
1950
1952
1954
1956
1958
1960
1962
1964
1965
1966
1971
1973
1981
1983
1984
1988
1989
1990
1991
1992
1993
1994
1996
1997
1998
1999
2000
2003
2004
2006
2007
2008
2010
2011
2012
2013
2018
2023
2025
2027
2028
2032
2034
2035
2036
2037
2038
2039
2040
2041
2042
2043
2045
2047
2048
2051
2052
2053
2054
2055
2056
2057
2058
2059
2060
2061
2062
2063
2064
2065
2066
2067
2068
2069
2070
2071
2072
2073
2074
2075
2076
2077
2078
2081
2082
2083
2084
2085
2086
2087
2088
2089
2090
2091
2092
2093
2094
2097
2099
2100
2101
2102
2105
2110
2111
2112
2113
2114
2115
2116
2117
2119
2120
2122
2123
2124
2125
2127
2128
2129
2130
2132
2133
2134
2136
2137
2138
2139
2141
2142
2143
2144
2145
2146
2148
2149
2150
2151
2152
2154
2155
2156
2158
2159
2161
2162
2163
2164
2166
2170
2171
2172
2173
2174
2176
2177
2178
2180
2184
2185
2188
2189
2190
2191
2192
2193
2194
2195
2196
2197
2198
2200
2201
2204
2205
2206
2208
2209
2211
2213
2218
2221
2223
2224
2225
2228
2232
2233
2234
2236
2237
2238
2239
2240
2242
2244
2245
2246
2247
2248
2249
2250
2251
2252
2253
2255
2256
2257
2258
2259
2261
2263
2265
2266
2267
2271
2273
2274
2276
2277
2278
2279
2281
2282
2285
2286
2287
2288
2289
2290
2292
2293
2294
2295
2296
2298
2299
2300
2301
2303
2304
2306
2309
2311
2312
2313
2314
2316
2317
2318
2320
2321
2323
2324
2325
2327
2328
2330
2331
2333
2334
2335
2338
2339
2341
2342
2343
2344
2345
2346
2348
2349
2353
2356
2360
2364
2365
2366
2368
2370
2372
2375
2376
2377
2378
2380
2386
2387
2389
2393
2395
2396
2397
2398
2399
2403
2405
2406
2408
2409
2410
2412
2414
2416
2417
2419
2420
2421
2423
2424
2425
2426
2427
2428
2434
2435
2438
2439
2440
2441
2442
2444
2445
2446
2447
2448
2449
2450
2454
2455
2456
2457
2459
2460
2461
2462
2463
2464
2466
2467
2470
2471
2472
2473
2474
2476
2477
2478
2480
2482
2483
2484
2485
2486
2488
2490
2491
2492
2493
2494
2499
2501
2504
2505
2506
2510
2514
2515
2516
2517
2518
2521
2523
2524
2526
2527
2528
2530
2532
2533
2535
2538
2539
2541
2543
2544
2546
2548
2549
2550
2553
2554
2555
2559
2560
2563
2564
2565
2566
2568
2569
2571
2572
2573
2574
2575
2576
2578
2579
2580
2581
2582
2583
2584
2585
2586
2588
2590
2591
2596
2598
2600
2601
2602
2604
2605
2608
2610
2611
2612
2613
2614
2615
2616
2617
2618
2619
2620
2621
2622
2623
2624
2625
2626
2629
2633
2634
2635
2636
2637
2638
2639
2641
2642
2644
2645
2646
2647
2650
2653
2657
2658
2659
2660
2661
2662
2665
2666
2667
2668
2672
2673
2675
2676
2677
2678
2685
2686
2687
2689
2690
2692
2693
2694
2695
2696
2697
2699
2701
2703
2706
2708
2709
2711
2712
2713
2714
2715
2717
2718
2719
2720
2721
2722
2723
2725
2728
2730
2731
2732
2733
2734
2735
2736
2737
2738
2740
2742
2743
2745
2747
2748
2749
2750
2751
2753
2754
2755
2757
2759
2760
2765
2766
2768
2769
2770
2771
2773
2775
2776
2777
2779
2780
2781
2783
2784
2785
2787
2789
2790
2792
2793
2794
2796
2799
2800
2801
2802
2803
2804
2805
2806
2807
2809
2810
2811
2812
2813
2814
2815
2816
2818
2819
2820
2823
2824
2825
2826
2827
2830
2831
2832
2833
2834
2835
2836
2837
2838
2840
2841
2842
2843
2844
2845
2846
2848
2850
2851
2852
2853
2854
2855
2856
2857
2858
2859
2861
2863
2865
2866
2867
2868
2872
2873
2876
2877
2878
2880
2881
2882
2883
2884
2885
2886
2888
2889
2892
2896
2898
2899
2900
2901
2902
2903
2904
2905
2906
2907
2908
2913
2914
2915
2916
2919
2921
2922
2924
2925
2926
2927
2928
2932
2933
2935
2937
2938
2939
2940
2941
2942
2944
2947
2948
2949
2950
2952
2953
2954
2955
2956
2957
2958
2959
2962
2963
2965
2966
2967
2968
2969
2970
2971
2973
2975
2976
2978
2979
2981
2982
2983
2984
2985
2987
2989
2991
2992
2993
2994
2995
2998
2999
3001
3003
3004
3005
3007
3010
3011
3012
3013
3015
3016
3017
3018
3019
3020
3021
3022
3023
3024
3025
3026
3027
3028
3029
3031
3032
3034
3035
3036
3038
3039
3040
3041
3043
3045
3046
3047
3048
3049
3050
3051
3052
3053
3054
3055
3056
3057
3059
3060
3061
3062
3065
3066
3067
3068
3069
3070
3071
3072
3073
3074
3075
3076
3081
3082
3083
3086
3087
3088
3089
3091
3095
3098
3099
3101
3102
3103
3105
3106
3107
3108
3109
3110
3112
3114
3115
3116
3117
3118
3119
3120
3121
3123
3124
3125
3126
3127
3128
3129
3130
3133
3134
3135
3138
3139
3140
3141
3144
3145
3146
3149
3151
3152
3153
3155
3157
3158
3159
3160
3161
3162
3163
3165
3166
3167
3168
3169
3172
3174
3175
3177
3178
3179
3180
3182
3183
3184
3185
3186
3188
3189
3190
3191
3192
3193
3194
3195
3198
3199
3200
3201
3202
3203
3204
3205
3206
3207
3208
3209
3210
3211
3213
3214
3215
3216
3217
3218
3219
3220
3221
3222
3224
3225
3226
3227
3228
3229
3230
3231
3232
3235
3236
3237
3238
3239
3240
3241
3243
3244
3245
3246
3247
3248
3249
3251
3252
3253
3254
3255
3256
3258
3259
3260
3261
3262
3264
3265
3266
3268
3269
3270
3271
3273
3274
3275
3276
3277
3278
3280
3282
3283
3284
3287
3289
3290
3292
3293
3294
3295
3296
3297
3300
3301
3302
3303
3304
3306
3307
3311
3312
3313
3314
3315
3316
3317
3318
3319
3321
3323
3324
3325
3328
3329
3330
3331
3332
3334
3335
3337
3339
3340
3341
3342
3343
3344
3348
3350
3351
3352
3353
3354
3356
3357
3358
3362
3363
3364
3365
3367
3369
3370
3372
3373
3374
3377
3378
3380
3381
3383
3384
3385
3387
3389
3390
3391
3392
3393
3394
3395
3396
3397
3398
3400
3401
3403
3405
3406
3408
3409
3410
3411
3412
3413
3414
3416
3417
3418
3419
3421
3422
3424
3425
3426
3427
3428
3429
3430
3431
3432
3433
3434
3438
3441
3442
3443
3444
3445
3446
3447
3448
3449
3450
3452
3453
3454
3456
3459
3460
3461
3462
3464
3465
3468
3469
3470
3472
3473
3474
3475
3476
3478
3480
3481
3483
3484
3485
3487
3488
3490
3493
3494
3495
3496
3497
3499
3503
3504
3506
3507
3508
3510
3511
3512
3513
3517
3518
3519
3520
3521
3522
3523
3525
3526
3527
3528
3529
3530
3531
3532
3533
3534
3535
3536
3537
3539
3541
3543
3544
3545
3546
3547
3548
3549
3550
3551
3552
3553
3554
3555
3557
3559
3560
3562
3563
3564
3565
3566
3567
3568
3569
3570
3571
3572
3573
3574
3576
3577
3578
3579
3580
3582
3583
3584
3585
3586
3587
3588
3589
3590
3593
3594
3595
3596
3597
3598
3600
3602
3603
3606
3607
3608
3609
3610
3611
3612
3613
3615
3616
3617
3618
3619
3621
3622
3623
3624
3625
3626
3627
3628
3629
3631
3632
3633
3634
3635
3636
3637
3638
3639
3640
3642
3643
3644
3645
3646
3647
3648
3649
3651
3652
3653
3655
3657
3658
3659
3660
3661
3662
3663
3664
3665
3666
3667
3668
3669
3670
3671
3673
3674
3675
3676
3677
3678
3679
3681
3682
3683
3684
3685
3686
3687
3688
3689
3690
3691
3692
3693
3694
3695
3696
3697
3698
3699
3700
3701
3702
3703
3704
3705
3706
3707
3708
3709
3710
3711
3712
3713
3714
3715
3718
3719
3722
3724
3726
3727
3728
3729
3730
3731
3733
3735
3736
3737
3740
3741
3742
3743
3744
3745
3747
3749
3750
3751
3752
3753
3754
3755
3756
3757
3758
3759
3760
3761
3762
3763
3765
3766
3767
3769
3770
3772
3773
3774
3775
3776
3777
3778
3781
3782
3784
3785
3786
3788
3789
3790
3792
3793
3794
3795
3796
3798
3799
3800
3802
3803
3805
3806
3807
3808
3809
3810
3811
3813
3814
3815
3816
3817
3818
3819
3821
3822
3823
3824
3826
3827
3828
3829
3830
3831
3832
3833
3834
3836
3837
3838
3839
3840
3841
3842
3843
3844
3845
3847
3848
3853
3854
3855
3856
3857
3858
3859
3860
3861
3864
3865
3866
3868
3870
3871
3872
3874
3875
3877
3878
3879
3881
3883
3884
3885
3886
3888
3889
3890
3891
3892
3893
3894
3896
3898
3899
3900
3901
3904
3905
3906
3908
3909
3910
3911
3912
3913
3914
3915
3916
3917
3918
3919
3920
3921
3922
3924
3926
3928
3929
3930
3931
3932
3934
3935
3937
3938
3940
3943
3944
3945
3946
3947
3948
3949
3950
3951
3952
3953
3954
3955
3956
3957
3958
3959
3960
3961
3963
3965
3966
3967
3968
3969
3971
3972
3973
3974
3975
3976
3977
3980
3981
3982
3984
3985
3986
3987
3988
3989
3990
3992
3994
3995
3996
3997
3998
4000
4001
4003
4004
4006
4007
4008
4009
4010
4011
4012
4013
4014
4015
4016
4017
4020
4021
4022
4023
4025
4026
4027
4028
4029
4030
4031
4032
4033
4036
4037
4039
4040
4043
4045
4047
4048
4050
4051
4052
4053
4054
4059
4061
4062
4063
4064
4067
4068
4069
4073
4075
4076
4078
4079
4080
4081
4082
4084
4085
4086
4087
4088
4089
4090
4091
4092
4093
4094
4096
4097
4098
4099
4101
4102
4103
4105
4106
4107
4108
4110
4111
4112
4113
4115
4116
4118
4119
4120
4121
4122
4123
4124
4125
4126
4127
4128
4129
4130
4131
4134
4135
4136
4137
4138
4139
4140
4141
4142
4143
4144
4145
4146
4147
4149
4150
4151
4152
4154
4155
4156
4158
4159
4160
4161
4162
4163
4164
4165
4166
4167
4168
4169
4170
4171
4172
4173
4174
4177
4178
4180
4182
4183
4185
4187
4188
4189
4193
4194
4196
4198
4200
4201
4202
4204
4205
4206
4207
4209
4210
4211
4212
4213
4214
4215
4216
4217
4218
4219
4220
4222
4223
4224
4225
4228
4229
4231
4232
4234
4235
4236
4237
4239
4240
4243
4244
4245
4246
4247
4248
4249
4250
4251
4252
4253
4255
4256
4257
4259
4260
4261
4262
4263
4264
4265
4266
4267
4268
4270
4271
4272
4273
4274
4275
4276
4277
4278
4279
4281
4282
4283
4285
4286
4287
4291
4293
4294
4295
4296
4298
4299
4301
4302
4303
4304
4305
4306
4307
4309
4312
4313
4314
4316
4317
4318
4319
4322
4324
4325
4327
4330
4331
4332
4333
4334
4335
4336
4337
4338
4339
4341
4342
4343
4344
4345
4346
4347
4349
4350
4351
4352
4353
4354
4356
4357
4358
4359
4360
4361
4362
4364
4365
4366
4367
4368
4369
4370
4371
4372
4373
4374
4375
4376
4377
4380
4381
4382
4383
4384
4385
4386
4387
4388
4390
4392
4394
4395
4397
4398
4399
4401
4402
4403
4404
4405
4406
4407
4408
4409
4410
4412
4416
4417
4419
4420
4421
4422
4423
4424
4425
4426
4427
4429
4431
4432
4433
4434
4435
4436
4438
4439
4440
4441
4442
4443
4444
4445
4446
4448
4449
4450
4451
4452
4453
4454
4455
4456
4458
4459
4460
4461
4462
4463
4464
4466
4468
4469
4470
4471
4472
4473
4474
4476
4477
4478
4481
4482
4483
4484
4485
4486
4489
4490
4491
4493
4495
4496
4497
4498
4499
4500
4501
4502
4503
4505
4507
4508
4509
4511
4512
4513
4514
4517
4518
4519
4522
4523
4524
4525
4526
4527
4528
4529
4530
4531
4532
4533
4536
4537
4538
4539
4540
4541
4542
4543
4544
4545
4546
4547
4548
4549
4550
4551
4552
4553
4554
4555
4556
4557
4558
4561
4563
4564
4565
4566
4567
4568
4569
4570
4572
4573
4575
4576
4577
4579
4580
4581
4582
4584
4585
4586
4587
4588
4589
4590
4591
4592
4593
4594
4595
4596
4597
4598
4600
4601
4603
4605
4606
4607
4608
4609
4610
4611
4612
4613
4615
4616
4618
4619
4622
4623
4624
4625
4626
4627
4628
4629
4630
4631
4632
4633
4634
4635
4636
4637
4638
4641
4642
4645
4647
4648
4650
4651
4652
4653
4654
4655
4656
4657
4658
4659
4660
4662
4663
4665
4666
4667
4668
4669
4670
4671
4674
4675
4676
4677
4679
4680
4681
4682
4683
4685
4686
4687
4688
4689
4690
4691
4692
4693
4694
4695
4696
4697
4699
4700
4701
4702
4703
4704
4705
4708
4709
4710
4711
4712
4714
4715
4716
4717
4718
4719
4721
4722
4723
4724
4725
4726
4727
4730
4731
4732
4733
4734
4735
4736
4737
4738
4739
4740
4742
4743
4744
4745
4746
4747
4748
4749
4750
4751
4754
4757
4758
4759
4760
4763
4764
4766
4767
4768
4769
4771
4772
4773
4774
4775
4776
4777
4779
4780
4781
4782
4783
4784
4785
4786
4789
4790
4791
4792
4793
4794
4795
4796
4798
4799
4800
4801
4803
4804
4805
4806
4807
4808
4809
4810
4811
4812
4813
4814
4815
4816
4817
4819
4820
4821
4822
4824
4825
4826
4827
4828
4829
4830
4831
4832
4833
4834
4836
4837
4838
4839
4840
4841
4842
4843
4844
4845
4846
4847
4848
4849
4851
4852
4853
4854
4856
4857
4858
4859
4861
4862
4863
4864
4865
4866
4867
4869
4870
4872
4873
4874
4875
4876
4877
4878
4879
4880
4881
4882
4883
4885
4886
4887
4888
4889
4890
4891
4892
4893
4895
4896
4897
4898
4899
4901
4904
4906
4907
4908
4909
4911
4912
4914
4915
4916
4918
4919
4920
4922
4923
4924
4925
4926
4927
4929
4931
4932
4933
4934
4936
4937
4941
4942
4943
4945
4946
4947
4949
4950
4951
4952
4953
4955
4956
4957
4958
4959
4960
4961
4962
