0.000000000000000000e+00 5.014477710541261901e-01
1.000000000000000000e+02 3.575292658040987726e-01
2.000000000000000000e+02 3.639490978365992335e-01
3.000000000000000000e+02 3.826046616435671011e-01
4.000000000000000000e+02 3.831909942476657838e-01
5.000000000000000000e+02 4.046913734593954870e-01
6.000000000000000000e+02 4.066195772443645384e-01
7.000000000000000000e+02 4.044045766601277458e-01
8.000000000000000000e+02 4.049510080980692206e-01
9.000000000000000000e+02 4.056234077532676618e-01
1.000000000000000000e+03 4.203434587994455129e-01
1.100000000000000000e+03 4.317717949464857652e-01
1.200000000000000000e+03 4.325925941048212042e-01
1.300000000000000000e+03 4.414775640955325153e-01
1.400000000000000000e+03 4.408905039178931951e-01
1.500000000000000000e+03 4.498595493091872011e-01
1.600000000000000000e+03 4.483353866421543321e-01
1.700000000000000000e+03 4.719867187034857414e-01
1.800000000000000000e+03 4.677072015200332000e-01
1.900000000000000000e+03 4.695688449688066868e-01
2.000000000000000000e+03 4.798323733084590703e-01
2.100000000000000000e+03 4.912414588773895696e-01
2.200000000000000000e+03 4.955768347704670451e-01
2.300000000000000000e+03 5.028174905796557459e-01
2.400000000000000000e+03 5.158449187794080792e-01
2.500000000000000000e+03 5.209298705375791094e-01
2.600000000000000000e+03 5.242955701641928146e-01
2.700000000000000000e+03 5.125936862316214926e-01
2.800000000000000000e+03 5.331449309658966573e-01
2.900000000000000000e+03 5.808983778624952077e-01
3.000000000000000000e+03 5.643149659264765639e-01
3.100000000000000000e+03 5.505670234849990852e-01
3.200000000000000000e+03 5.960290624419548600e-01
3.300000000000000000e+03 5.903515476293065278e-01
3.400000000000000000e+03 5.761981701456192484e-01
3.500000000000000000e+03 5.766090770350127404e-01
3.600000000000000000e+03 5.733999339428969000e-01
3.700000000000000000e+03 5.883197541334994618e-01
3.800000000000000000e+03 6.307667001620169689e-01
3.900000000000000000e+03 6.226424352771373627e-01
4.000000000000000000e+03 6.534565187720977608e-01
4.100000000000000000e+03 6.640597504251166683e-01
4.200000000000000000e+03 6.363377802978122944e-01
4.300000000000000000e+03 6.616811222071030674e-01
4.400000000000000000e+03 6.691405845096061178e-01
4.500000000000000000e+03 6.721538971935633322e-01
4.600000000000000000e+03 6.948975519067486228e-01
4.700000000000000000e+03 6.955211894975226183e-01
4.800000000000000000e+03 7.088281723884919394e-01
4.900000000000000000e+03 6.827048643362261249e-01
5.000000000000000000e+03 7.220912257022243930e-01
5.100000000000000000e+03 7.005616706689956619e-01
5.200000000000000000e+03 6.918827349247739233e-01
5.300000000000000000e+03 7.214875410446427439e-01
5.400000000000000000e+03 7.282985797116947602e-01
5.500000000000000000e+03 7.487986773356821724e-01
5.600000000000000000e+03 7.426656998981195912e-01
5.700000000000000000e+03 7.723078417464893652e-01
5.800000000000000000e+03 7.620419851822728408e-01
5.900000000000000000e+03 7.420249608051645573e-01
6.000000000000000000e+03 7.561042676388706196e-01
6.100000000000000000e+03 7.752937789812983649e-01
6.200000000000000000e+03 7.810749107530283730e-01
6.300000000000000000e+03 7.748183941773909567e-01
6.400000000000000000e+03 7.829605116040889712e-01
6.500000000000000000e+03 7.851734602858818635e-01
6.600000000000000000e+03 7.812622535727473672e-01
6.700000000000000000e+03 7.807462866652705724e-01
6.800000000000000000e+03 8.076472721052256887e-01
6.900000000000000000e+03 8.151369111293441660e-01
7.000000000000000000e+03 8.121228615121013350e-01
7.100000000000000000e+03 8.272499942866314848e-01
7.200000000000000000e+03 8.036174904728213830e-01
7.300000000000000000e+03 8.179506727600265314e-01
7.400000000000000000e+03 8.195732859457176556e-01
7.500000000000000000e+03 8.328998556866240577e-01
7.600000000000000000e+03 8.321675193241357960e-01
7.700000000000000000e+03 8.330107961290915686e-01
7.800000000000000000e+03 8.358689854764975724e-01
7.900000000000000000e+03 8.197527847140371193e-01
8.000000000000000000e+03 8.262871698799020281e-01
8.100000000000000000e+03 8.445704629813939324e-01
8.200000000000000000e+03 8.397503925738347696e-01
8.300000000000000000e+03 8.462054616181118316e-01
8.400000000000000000e+03 8.284212336100590379e-01
8.500000000000000000e+03 8.353847400059007944e-01
8.600000000000000000e+03 8.344548602770479606e-01
8.700000000000000000e+03 8.352791570410056377e-01
8.800000000000000000e+03 8.485171160028157633e-01
8.900000000000000000e+03 8.371457092886561702e-01
9.000000000000000000e+03 8.489462525113581348e-01
9.100000000000000000e+03 8.321722985689473662e-01
9.200000000000000000e+03 8.649854516376644931e-01
9.300000000000000000e+03 8.605923977853288109e-01
9.400000000000000000e+03 8.753230547446864129e-01
9.500000000000000000e+03 8.524809304081738537e-01
9.600000000000000000e+03 8.555053173126752064e-01
9.700000000000000000e+03 8.630369989200766812e-01
9.800000000000000000e+03 8.417125146499948585e-01
9.900000000000000000e+03 8.626703619264214362e-01
1.000000000000000000e+04 8.702371929287583407e-01
1.010000000000000000e+04 8.559600763278465418e-01
1.020000000000000000e+04 8.608206894951158095e-01
1.030000000000000000e+04 8.626902428893455932e-01
1.040000000000000000e+04 8.671327706669927915e-01
1.050000000000000000e+04 8.705565558736969578e-01
1.060000000000000000e+04 8.810120290704763768e-01
1.070000000000000000e+04 8.815375067885224958e-01
1.080000000000000000e+04 8.659876236111710979e-01
1.090000000000000000e+04 8.882263028973325092e-01
1.100000000000000000e+04 8.752819570554477568e-01
1.110000000000000000e+04 8.874929104653984657e-01
1.120000000000000000e+04 8.877107177510418223e-01
1.130000000000000000e+04 8.892313108039339165e-01
1.140000000000000000e+04 8.846256009057285041e-01
1.150000000000000000e+04 8.852931794682511457e-01
1.160000000000000000e+04 8.845505999964660138e-01
1.170000000000000000e+04 8.941217464341166821e-01
1.180000000000000000e+04 9.018541604951855195e-01
1.190000000000000000e+04 8.900465818375186133e-01
1.200000000000000000e+04 8.890303184584028573e-01
1.210000000000000000e+04 8.924257214370089342e-01
1.220000000000000000e+04 9.007092681654289557e-01
1.230000000000000000e+04 8.824420395976930731e-01
1.240000000000000000e+04 8.972509172380859210e-01
1.250000000000000000e+04 9.014191743552260050e-01
1.260000000000000000e+04 9.026142491655521072e-01
1.270000000000000000e+04 8.950219537254825442e-01
1.280000000000000000e+04 9.143326416126569267e-01
1.290000000000000000e+04 9.008769925634044773e-01
1.300000000000000000e+04 9.069242691642915855e-01
1.310000000000000000e+04 9.118835308939797768e-01
1.320000000000000000e+04 9.145860135937298185e-01
1.330000000000000000e+04 9.031217072328771023e-01
1.340000000000000000e+04 9.121152725546078921e-01
1.350000000000000000e+04 9.145141488298363930e-01
1.360000000000000000e+04 9.058396524248244486e-01
1.370000000000000000e+04 9.137887777060882399e-01
1.380000000000000000e+04 9.107215515082385249e-01
1.390000000000000000e+04 9.134298788204919806e-01
1.400000000000000000e+04 9.142922907863485493e-01
1.410000000000000000e+04 9.216350116803219139e-01
1.420000000000000000e+04 9.079649400944277415e-01
1.430000000000000000e+04 9.143403914454487635e-01
1.440000000000000000e+04 9.284117420776680785e-01
1.450000000000000000e+04 9.209519778374811727e-01
1.460000000000000000e+04 9.289181382810340892e-01
1.470000000000000000e+04 9.301980982124321562e-01
1.480000000000000000e+04 9.294373423897643871e-01
1.490000000000000000e+04 9.360540380063975263e-01
1.500000000000000000e+04 9.321843782965539837e-01
1.510000000000000000e+04 9.313777177351008074e-01
1.520000000000000000e+04 9.353861318695435578e-01
1.530000000000000000e+04 9.324540714379073725e-01
1.540000000000000000e+04 9.330685400192274548e-01
1.550000000000000000e+04 9.378982143106172620e-01
1.560000000000000000e+04 9.374290999548378078e-01
1.570000000000000000e+04 9.455743318673428544e-01
1.580000000000000000e+04 9.391496267839717360e-01
1.590000000000000000e+04 9.355281460667689286e-01
1.600000000000000000e+04 9.411725678225847380e-01
1.610000000000000000e+04 9.396046898112615509e-01
1.620000000000000000e+04 9.536286818933604748e-01
1.630000000000000000e+04 9.574139051554847457e-01
1.640000000000000000e+04 9.608104431381541133e-01
1.650000000000000000e+04 9.538267926053902723e-01
1.660000000000000000e+04 9.497178646250841183e-01
1.670000000000000000e+04 9.509239770837567551e-01
1.680000000000000000e+04 9.494315838390188222e-01
1.690000000000000000e+04 9.546875221433581693e-01
1.700000000000000000e+04 9.582093840991330325e-01
1.710000000000000000e+04 9.504517766725254502e-01
1.720000000000000000e+04 9.589114213364663408e-01
1.730000000000000000e+04 9.604708828027527234e-01
1.740000000000000000e+04 9.585608656851398734e-01
1.750000000000000000e+04 9.594405100783525153e-01
1.760000000000000000e+04 9.542230168902916532e-01
1.770000000000000000e+04 9.629790933324687829e-01
1.780000000000000000e+04 9.648598814004210045e-01
1.790000000000000000e+04 9.607631506251471665e-01
1.800000000000000000e+04 9.616143383815389800e-01
1.810000000000000000e+04 9.672260014149335339e-01
1.820000000000000000e+04 9.633300214919752191e-01
1.830000000000000000e+04 9.637295722396489461e-01
1.840000000000000000e+04 9.655565715336479338e-01
1.850000000000000000e+04 9.586696766158375738e-01
1.860000000000000000e+04 9.700337038097461839e-01
1.870000000000000000e+04 9.714459109363410283e-01
1.880000000000000000e+04 9.662817547760622627e-01
1.890000000000000000e+04 9.634305031326901858e-01
1.900000000000000000e+04 9.697572314916551584e-01
1.910000000000000000e+04 9.660592745074279009e-01
1.920000000000000000e+04 9.755579216913315976e-01
1.930000000000000000e+04 9.732883125299177651e-01
1.940000000000000000e+04 9.647515749561887954e-01
1.950000000000000000e+04 9.702082709661615789e-01
1.960000000000000000e+04 9.708793451369759353e-01
1.970000000000000000e+04 9.739748248305961642e-01
1.980000000000000000e+04 9.694077089088577459e-01
1.990000000000000000e+04 9.710396330827014699e-01
2.000000000000000000e+04 9.732166986924005725e-01
2.010000000000000000e+04 9.738055661043681921e-01
2.020000000000000000e+04 9.746923301001902962e-01
2.030000000000000000e+04 9.750938330588523328e-01
2.040000000000000000e+04 9.770048374553416126e-01
2.050000000000000000e+04 9.692702473939511787e-01
2.060000000000000000e+04 9.788125560478743159e-01
2.070000000000000000e+04 9.738379900056671756e-01
2.080000000000000000e+04 9.730811766950088204e-01
2.090000000000000000e+04 9.828090613813682541e-01
2.100000000000000000e+04 9.762016109899633864e-01
2.110000000000000000e+04 9.741595799307526393e-01
2.120000000000000000e+04 9.748730544452844926e-01
2.130000000000000000e+04 9.776460387214236381e-01
2.140000000000000000e+04 9.772296129218475125e-01
2.150000000000000000e+04 9.796179923381610477e-01
2.160000000000000000e+04 9.824722550268404353e-01
2.170000000000000000e+04 9.789810930147457846e-01
2.180000000000000000e+04 9.834076042257190453e-01
2.190000000000000000e+04 9.771979015632454857e-01
2.200000000000000000e+04 9.837759927898730439e-01
2.210000000000000000e+04 9.797279937706246944e-01
2.220000000000000000e+04 9.782507341506108123e-01
2.230000000000000000e+04 9.780020064315534389e-01
2.240000000000000000e+04 9.785537842003876330e-01
2.250000000000000000e+04 9.778832883412797994e-01
2.260000000000000000e+04 9.805166474607172056e-01
2.270000000000000000e+04 9.802071752519125880e-01
2.280000000000000000e+04 9.796673346094506574e-01
2.290000000000000000e+04 9.832439252023618126e-01
2.300000000000000000e+04 9.833001435501643739e-01
2.310000000000000000e+04 9.826506366726250885e-01
2.320000000000000000e+04 9.779966709083673937e-01
2.330000000000000000e+04 9.792877818543995749e-01
2.340000000000000000e+04 9.805606775218213000e-01
2.350000000000000000e+04 9.858089606139721628e-01
2.360000000000000000e+04 9.808025889356193350e-01
2.370000000000000000e+04 9.819368301043356340e-01
2.380000000000000000e+04 9.828389928268351783e-01
2.390000000000000000e+04 9.792199305061204395e-01
2.400000000000000000e+04 9.791527036405470730e-01
2.410000000000000000e+04 9.773925801485311426e-01
2.420000000000000000e+04 9.868638649071956870e-01
2.430000000000000000e+04 9.796760939453434958e-01
2.440000000000000000e+04 9.808981926919760896e-01
2.450000000000000000e+04 9.828943211996136187e-01
2.460000000000000000e+04 9.856837742260318169e-01
2.470000000000000000e+04 9.816007351901390177e-01
2.480000000000000000e+04 9.827751847132444318e-01
2.490000000000000000e+04 9.816376930216282881e-01
2.500000000000000000e+04 9.854610530329876994e-01
2.510000000000000000e+04 9.776707208899971802e-01
2.520000000000000000e+04 9.853041457925002522e-01
2.530000000000000000e+04 9.825680883009859645e-01
2.540000000000000000e+04 9.877552197527289524e-01
2.550000000000000000e+04 9.829842881460475468e-01
2.560000000000000000e+04 9.859268688978519712e-01
2.570000000000000000e+04 9.851045336360626514e-01
2.580000000000000000e+04 9.836910562583833784e-01
2.590000000000000000e+04 9.828642864927062961e-01
2.600000000000000000e+04 9.827739746899774032e-01
2.610000000000000000e+04 9.848762985864029096e-01
2.620000000000000000e+04 9.882151188240393402e-01
2.630000000000000000e+04 9.804101278922410234e-01
2.640000000000000000e+04 9.804875843186066087e-01
2.650000000000000000e+04 9.831538134263029249e-01
2.660000000000000000e+04 9.848506543385084910e-01
2.670000000000000000e+04 9.792832292986017872e-01
2.680000000000000000e+04 9.812060557121602411e-01
2.690000000000000000e+04 9.790747991540302841e-01
2.700000000000000000e+04 9.889785099632945053e-01
2.710000000000000000e+04 9.818734092774848987e-01
2.720000000000000000e+04 9.871543223495775621e-01
2.730000000000000000e+04 9.812523438194724612e-01
2.740000000000000000e+04 9.801508085786976299e-01
2.750000000000000000e+04 9.855392028750387112e-01
2.760000000000000000e+04 9.832870120623979915e-01
2.770000000000000000e+04 9.841239989244161546e-01
2.780000000000000000e+04 9.838417007744836296e-01
2.790000000000000000e+04 9.818852369219268628e-01
2.800000000000000000e+04 9.874255897231316581e-01
2.810000000000000000e+04 9.823572585382350786e-01
2.820000000000000000e+04 9.835022898673144720e-01
2.830000000000000000e+04 9.862522146411558666e-01
2.840000000000000000e+04 9.854436730373465902e-01
2.850000000000000000e+04 9.824019822422472847e-01
2.860000000000000000e+04 9.863704610520732663e-01
2.870000000000000000e+04 9.880795091763697746e-01
2.880000000000000000e+04 9.818445680712369894e-01
2.890000000000000000e+04 9.854049452721888036e-01
2.900000000000000000e+04 9.840329666471347991e-01
2.910000000000000000e+04 9.900573777876161552e-01
2.920000000000000000e+04 9.834805369424773902e-01
2.930000000000000000e+04 9.838645028016421712e-01
2.940000000000000000e+04 9.874232572182830570e-01
2.950000000000000000e+04 9.849274119502372526e-01
2.960000000000000000e+04 9.852802803744256099e-01
2.970000000000000000e+04 9.856951208719759716e-01
2.980000000000000000e+04 9.810198294591778723e-01
2.990000000000000000e+04 9.862243035122495449e-01
3.000000000000000000e+04 9.808690946874522032e-01
