0.000000000000000000e+00 4.723400000000000376e-01
1.000000000000000000e+02 2.450119999999999798e-01
2.000000000000000000e+02 2.658480000000000287e-01
3.000000000000000000e+02 3.028839999999999866e-01
4.000000000000000000e+02 3.155799999999999716e-01
5.000000000000000000e+02 3.508520000000000527e-01
6.000000000000000000e+02 3.458919999999999773e-01
7.000000000000000000e+02 3.523760000000000225e-01
8.000000000000000000e+02 3.548399999999999888e-01
9.000000000000000000e+02 3.604080000000000616e-01
1.000000000000000000e+03 3.804480000000000084e-01
1.100000000000000000e+03 4.051520000000000121e-01
1.200000000000000000e+03 4.077760000000000273e-01
1.300000000000000000e+03 4.210240000000000093e-01
1.400000000000000000e+03 4.376039999999999930e-01
1.500000000000000000e+03 4.414839999999999876e-01
1.600000000000000000e+03 4.338440000000000074e-01
1.700000000000000000e+03 4.643439999999999790e-01
1.800000000000000000e+03 4.606399999999999939e-01
1.900000000000000000e+03 4.799360000000000293e-01
2.000000000000000000e+03 4.910280000000000200e-01
2.100000000000000000e+03 5.040159999999999085e-01
2.200000000000000000e+03 5.036599999999999966e-01
2.300000000000000000e+03 5.184879999999999489e-01
2.400000000000000000e+03 5.310799999999999965e-01
2.500000000000000000e+03 5.445279999999999010e-01
2.600000000000000000e+03 5.535120000000000040e-01
2.700000000000000000e+03 5.221080000000000165e-01
2.800000000000000000e+03 5.558440000000001158e-01
2.900000000000000000e+03 6.087999999999998968e-01
3.000000000000000000e+03 5.847400000000000375e-01
3.100000000000000000e+03 5.686320000000000263e-01
3.200000000000000000e+03 6.050880000000000702e-01
3.300000000000000000e+03 6.142520000000000202e-01
3.400000000000000000e+03 5.985959999999999059e-01
3.500000000000000000e+03 6.077200000000000379e-01
3.600000000000000000e+03 5.937519999999999465e-01
3.700000000000000000e+03 6.038479999999999404e-01
3.800000000000000000e+03 6.322479999999999212e-01
3.900000000000000000e+03 6.356800000000000228e-01
4.000000000000000000e+03 6.707800000000000429e-01
4.100000000000000000e+03 6.644560000000001576e-01
4.200000000000000000e+03 6.559720000000001106e-01
4.300000000000000000e+03 6.610439999999999650e-01
4.400000000000000000e+03 6.797919999999998408e-01
4.500000000000000000e+03 6.936279999999999113e-01
4.600000000000000000e+03 6.734000000000001096e-01
4.700000000000000000e+03 7.032760000000000122e-01
4.800000000000000000e+03 6.968359999999998999e-01
4.900000000000000000e+03 6.743279999999999275e-01
5.000000000000000000e+03 7.126080000000000192e-01
5.100000000000000000e+03 6.911520000000000996e-01
5.200000000000000000e+03 6.963000000000001410e-01
5.300000000000000000e+03 6.971359999999999779e-01
5.400000000000000000e+03 7.203680000000001193e-01
5.500000000000000000e+03 7.204760000000000053e-01
5.600000000000000000e+03 7.222319999999999851e-01
5.700000000000000000e+03 7.405559999999999921e-01
5.800000000000000000e+03 7.372159999999999824e-01
5.900000000000000000e+03 7.284280000000000754e-01
6.000000000000000000e+03 7.351920000000000677e-01
6.100000000000000000e+03 7.460019999999999429e-01
6.200000000000000000e+03 7.385399999999999743e-01
6.300000000000000000e+03 7.499760000000000870e-01
6.400000000000000000e+03 7.491400000000000281e-01
6.500000000000000000e+03 7.658359999999999612e-01
6.600000000000000000e+03 7.489559999999999551e-01
6.700000000000000000e+03 7.466880000000000184e-01
6.800000000000000000e+03 7.769279999999999520e-01
6.900000000000000000e+03 7.890319999999999556e-01
7.000000000000000000e+03 7.783760000000000678e-01
7.100000000000000000e+03 7.996119999999999894e-01
7.200000000000000000e+03 7.732519999999999394e-01
7.300000000000000000e+03 7.850319999999999521e-01
7.400000000000000000e+03 7.928640000000000132e-01
7.500000000000000000e+03 7.972200000000001507e-01
7.600000000000000000e+03 8.028560000000000141e-01
7.700000000000000000e+03 8.024640000000000661e-01
7.800000000000000000e+03 8.060959999999999237e-01
7.900000000000000000e+03 7.891479999999999606e-01
8.000000000000000000e+03 7.968160000000000798e-01
8.100000000000000000e+03 8.046719999999998318e-01
8.200000000000000000e+03 8.056560000000000388e-01
8.300000000000000000e+03 8.120639999999998970e-01
8.400000000000000000e+03 7.972200000000000397e-01
8.500000000000000000e+03 8.015640000000000542e-01
8.600000000000000000e+03 8.020519999999999872e-01
8.700000000000000000e+03 8.001479999999999704e-01
8.800000000000000000e+03 8.153160000000000407e-01
8.900000000000000000e+03 8.019959999999999312e-01
9.000000000000000000e+03 8.083439999999999515e-01
9.100000000000000000e+03 7.970679999999998877e-01
9.200000000000000000e+03 8.357759999999999634e-01
9.300000000000000000e+03 8.241959999999999287e-01
9.400000000000000000e+03 8.454079999999999373e-01
9.500000000000000000e+03 8.208360000000001211e-01
9.600000000000000000e+03 8.196760000000000712e-01
9.700000000000000000e+03 8.290719999999998091e-01
9.800000000000000000e+03 8.130960000000000409e-01
9.900000000000000000e+03 8.307040000000001090e-01
1.000000000000000000e+04 8.474679999999998881e-01
1.010000000000000000e+04 8.240840000000000387e-01
1.020000000000000000e+04 8.256639999999999535e-01
1.030000000000000000e+04 8.305919999999999970e-01
1.040000000000000000e+04 8.275040000000000173e-01
1.050000000000000000e+04 8.384679999999999911e-01
1.060000000000000000e+04 8.501879999999999438e-01
1.070000000000000000e+04 8.501800000000000468e-01
1.080000000000000000e+04 8.336759999999999726e-01
1.090000000000000000e+04 8.556559999999999722e-01
1.100000000000000000e+04 8.454319999999999613e-01
1.110000000000000000e+04 8.562520000000000131e-01
1.120000000000000000e+04 8.543779999999999708e-01
1.130000000000000000e+04 8.541399999999998993e-01
1.140000000000000000e+04 8.526439999999999575e-01
1.150000000000000000e+04 8.570919999999999650e-01
1.160000000000000000e+04 8.515880000000001226e-01
1.170000000000000000e+04 8.619280000000001385e-01
1.180000000000000000e+04 8.720299999999998608e-01
1.190000000000000000e+04 8.603759999999998076e-01
1.200000000000000000e+04 8.604919999999999236e-01
1.210000000000000000e+04 8.643760000000000332e-01
1.220000000000000000e+04 8.706760000000000055e-01
1.230000000000000000e+04 8.547199999999999243e-01
1.240000000000000000e+04 8.735079999999999512e-01
1.250000000000000000e+04 8.724279999999999813e-01
1.260000000000000000e+04 8.750280000000000280e-01
1.270000000000000000e+04 8.618839999999999835e-01
1.280000000000000000e+04 8.905839999999999312e-01
1.290000000000000000e+04 8.742119999999999891e-01
1.300000000000000000e+04 8.761759999999998438e-01
1.310000000000000000e+04 8.851679999999997328e-01
1.320000000000000000e+04 8.881440000000000445e-01
1.330000000000000000e+04 8.759820000000000384e-01
1.340000000000000000e+04 8.837439999999998630e-01
1.350000000000000000e+04 8.906239999999999712e-01
1.360000000000000000e+04 8.888640000000000985e-01
1.370000000000000000e+04 8.917439999999998701e-01
1.380000000000000000e+04 8.921360000000000401e-01
1.390000000000000000e+04 8.908160000000000522e-01
1.400000000000000000e+04 8.934919999999999529e-01
1.410000000000000000e+04 9.013679999999999470e-01
1.420000000000000000e+04 8.867399999999999727e-01
1.430000000000000000e+04 8.923119999999998830e-01
1.440000000000000000e+04 9.120719999999999938e-01
1.450000000000000000e+04 9.000559999999999672e-01
1.460000000000000000e+04 9.115879999999999539e-01
1.470000000000000000e+04 9.136800000000000477e-01
1.480000000000000000e+04 9.106719999999999260e-01
1.490000000000000000e+04 9.245880000000000765e-01
1.500000000000000000e+04 9.162879999999999914e-01
1.510000000000000000e+04 9.149679999999998925e-01
1.520000000000000000e+04 9.199600000000000000e-01
1.530000000000000000e+04 9.190359999999999641e-01
1.540000000000000000e+04 9.201439999999998509e-01
1.550000000000000000e+04 9.263040000000000163e-01
1.560000000000000000e+04 9.215319999999999068e-01
1.570000000000000000e+04 9.343159999999999243e-01
1.580000000000000000e+04 9.253679999999999684e-01
1.590000000000000000e+04 9.239439999999999875e-01
1.600000000000000000e+04 9.282519999999998550e-01
1.610000000000000000e+04 9.251439999999999664e-01
1.620000000000000000e+04 9.427759999999999474e-01
1.630000000000000000e+04 9.475720000000000809e-01
1.640000000000000000e+04 9.521759999999999113e-01
1.650000000000000000e+04 9.444120000000000292e-01
1.660000000000000000e+04 9.377400000000000180e-01
1.670000000000000000e+04 9.423159999999999314e-01
1.680000000000000000e+04 9.384360000000000479e-01
1.690000000000000000e+04 9.468799999999999439e-01
1.700000000000000000e+04 9.504960000000000075e-01
1.710000000000000000e+04 9.403479999999999617e-01
1.720000000000000000e+04 9.512880000000000225e-01
1.730000000000000000e+04 9.496360000000000356e-01
1.740000000000000000e+04 9.506200000000000205e-01
1.750000000000000000e+04 9.494720000000000937e-01
1.760000000000000000e+04 9.474240000000000439e-01
1.770000000000000000e+04 9.539080000000000892e-01
1.780000000000000000e+04 9.581920000000000437e-01
1.790000000000000000e+04 9.526119999999999033e-01
1.800000000000000000e+04 9.562079999999999469e-01
1.810000000000000000e+04 9.617359999999999243e-01
1.820000000000000000e+04 9.587399999999999256e-01
1.830000000000000000e+04 9.553480000000000860e-01
1.840000000000000000e+04 9.584519999999998596e-01
1.850000000000000000e+04 9.512079999999999425e-01
1.860000000000000000e+04 9.645439999999998459e-01
1.870000000000000000e+04 9.645080000000000320e-01
1.880000000000000000e+04 9.581239999999999757e-01
1.890000000000000000e+04 9.570640000000000258e-01
1.900000000000000000e+04 9.634519999999999751e-01
1.910000000000000000e+04 9.596040000000000125e-01
1.920000000000000000e+04 9.713839999999999142e-01
1.930000000000000000e+04 9.668120000000000047e-01
1.940000000000000000e+04 9.583199999999999497e-01
1.950000000000000000e+04 9.672799999999999176e-01
1.960000000000000000e+04 9.648919999999999719e-01
1.970000000000000000e+04 9.699240000000000084e-01
1.980000000000000000e+04 9.618440000000000323e-01
1.990000000000000000e+04 9.651039999999999619e-01
2.000000000000000000e+04 9.674520000000000897e-01
2.010000000000000000e+04 9.684319999999999595e-01
2.020000000000000000e+04 9.694560000000000954e-01
2.030000000000000000e+04 9.709159999999998902e-01
2.040000000000000000e+04 9.737879999999999869e-01
2.050000000000000000e+04 9.619600000000000373e-01
2.060000000000000000e+04 9.745039999999999258e-01
2.070000000000000000e+04 9.679200000000000026e-01
2.080000000000000000e+04 9.682800000000000296e-01
2.090000000000000000e+04 9.795839999999998993e-01
2.100000000000000000e+04 9.702279999999998683e-01
2.110000000000000000e+04 9.690039999999999765e-01
2.120000000000000000e+04 9.689079999999999915e-01
2.130000000000000000e+04 9.732399999999999940e-01
2.140000000000000000e+04 9.731400000000000050e-01
2.150000000000000000e+04 9.754439999999999777e-01
2.160000000000000000e+04 9.797040000000000193e-01
2.170000000000000000e+04 9.735479999999999690e-01
2.180000000000000000e+04 9.806919999999998971e-01
2.190000000000000000e+04 9.743559999999999999e-01
2.200000000000000000e+04 9.820320000000000160e-01
2.210000000000000000e+04 9.759920000000000817e-01
2.220000000000000000e+04 9.745040000000000369e-01
2.230000000000000000e+04 9.739599999999999369e-01
2.240000000000000000e+04 9.734999999999999210e-01
2.250000000000000000e+04 9.724840000000000151e-01
2.260000000000000000e+04 9.774720000000000075e-01
2.270000000000000000e+04 9.762480000000000047e-01
2.280000000000000000e+04 9.770679999999999366e-01
2.290000000000000000e+04 9.806799999999998851e-01
2.300000000000000000e+04 9.784319999999999684e-01
2.310000000000000000e+04 9.790439999999999143e-01
2.320000000000000000e+04 9.728440000000000420e-01
2.330000000000000000e+04 9.751959999999999518e-01
2.340000000000000000e+04 9.768520000000000536e-01
2.350000000000000000e+04 9.820920000000000760e-01
2.360000000000000000e+04 9.763719999999999066e-01
2.370000000000000000e+04 9.779079999999999995e-01
2.380000000000000000e+04 9.793600000000000083e-01
2.390000000000000000e+04 9.737239999999999229e-01
2.400000000000000000e+04 9.758920000000000927e-01
2.410000000000000000e+04 9.714680000000001092e-01
2.420000000000000000e+04 9.833679999999999088e-01
2.430000000000000000e+04 9.762800000000000367e-01
2.440000000000000000e+04 9.767879999999999896e-01
2.450000000000000000e+04 9.783199999999999674e-01
2.460000000000000000e+04 9.831039999999999779e-01
2.470000000000000000e+04 9.775120000000000475e-01
2.480000000000000000e+04 9.789559999999999373e-01
2.490000000000000000e+04 9.788439999999999364e-01
2.500000000000000000e+04 9.820680000000000520e-01
2.510000000000000000e+04 9.729960000000000830e-01
2.520000000000000000e+04 9.818560000000000620e-01
2.530000000000000000e+04 9.788360000000000394e-01
2.540000000000000000e+04 9.843119999999999647e-01
2.550000000000000000e+04 9.793520000000000003e-01
2.560000000000000000e+04 9.829879999999999729e-01
2.570000000000000000e+04 9.817719999999999780e-01
2.580000000000000000e+04 9.790280000000000094e-01
2.590000000000000000e+04 9.795399999999999663e-01
2.600000000000000000e+04 9.792560000000000153e-01
2.610000000000000000e+04 9.809759999999999591e-01
2.620000000000000000e+04 9.859679999999999556e-01
2.630000000000000000e+04 9.764240000000000697e-01
2.640000000000000000e+04 9.754199999999998427e-01
2.650000000000000000e+04 9.802119999999999722e-01
2.660000000000000000e+04 9.802680000000000282e-01
2.670000000000000000e+04 9.757159999999999167e-01
2.680000000000000000e+04 9.787839999999998764e-01
2.690000000000000000e+04 9.750959999999999628e-01
2.700000000000000000e+04 9.869760000000000755e-01
2.710000000000000000e+04 9.790159999999999973e-01
2.720000000000000000e+04 9.851799999999999446e-01
2.730000000000000000e+04 9.775599999999999845e-01
2.740000000000000000e+04 9.777759999999999785e-01
2.750000000000000000e+04 9.832520000000000149e-01
2.760000000000000000e+04 9.787920000000001064e-01
2.770000000000000000e+04 9.817679999999999740e-01
2.780000000000000000e+04 9.818919999999999870e-01
2.790000000000000000e+04 9.778840000000000865e-01
2.800000000000000000e+04 9.858600000000000696e-01
2.810000000000000000e+04 9.800000000000000933e-01
2.820000000000000000e+04 9.808719999999999661e-01
2.830000000000000000e+04 9.830439999999999179e-01
2.840000000000000000e+04 9.817679999999998630e-01
2.850000000000000000e+04 9.798360000000000403e-01
2.860000000000000000e+04 9.834520000000001039e-01
2.870000000000000000e+04 9.860839999999999606e-01
2.880000000000000000e+04 9.779719999999999525e-01
2.890000000000000000e+04 9.825279999999999569e-01
2.900000000000000000e+04 9.812960000000000571e-01
2.910000000000000000e+04 9.876559999999999784e-01
2.920000000000000000e+04 9.797039999999999083e-01
2.930000000000000000e+04 9.802759999999999252e-01
2.940000000000000000e+04 9.851159999999999917e-01
2.950000000000000000e+04 9.824919999999999209e-01
2.960000000000000000e+04 9.826959999999999029e-01
2.970000000000000000e+04 9.831720000000000459e-01
2.980000000000000000e+04 9.787439999999999474e-01
2.990000000000000000e+04 9.835559999999998748e-01
3.000000000000000000e+04 9.779079999999999995e-01
