0.000000000000000000e+00 4.885588972228147031e-01
1.000000000000000000e+02 4.388228002564932839e-01
2.000000000000000000e+02 5.774818660599925213e-01
3.000000000000000000e+02 6.811623358455656252e-01
4.000000000000000000e+02 7.319296159505195298e-01
5.000000000000000000e+02 7.636412873984865790e-01
6.000000000000000000e+02 7.568178551754189964e-01
7.000000000000000000e+02 7.984408933558276855e-01
8.000000000000000000e+02 8.270287600966734765e-01
9.000000000000000000e+02 8.157970677607333521e-01
1.000000000000000000e+03 8.375198571032851369e-01
1.100000000000000000e+03 8.497501159797684611e-01
1.200000000000000000e+03 8.486101664190313087e-01
1.300000000000000000e+03 8.713279234061885870e-01
1.400000000000000000e+03 8.772473545279616536e-01
1.500000000000000000e+03 8.585330626798919340e-01
1.600000000000000000e+03 8.391710693448749536e-01
1.700000000000000000e+03 8.610915193269363943e-01
1.800000000000000000e+03 8.533339141391191873e-01
1.900000000000000000e+03 8.879345748395258697e-01
2.000000000000000000e+03 8.876016214228594770e-01
2.100000000000000000e+03 8.666715722576453507e-01
2.200000000000000000e+03 9.035942993604709761e-01
2.300000000000000000e+03 8.940957246524965374e-01
2.400000000000000000e+03 8.701789768138268322e-01
2.500000000000000000e+03 8.759545775779883359e-01
2.600000000000000000e+03 8.797139721398101742e-01
2.700000000000000000e+03 8.989083037593110781e-01
2.800000000000000000e+03 8.874044036243996514e-01
2.900000000000000000e+03 8.886037375883444334e-01
3.000000000000000000e+03 8.832448971663507953e-01
3.100000000000000000e+03 8.844738716656688204e-01
3.200000000000000000e+03 8.958381103708364934e-01
3.300000000000000000e+03 8.822588764141036100e-01
3.400000000000000000e+03 8.877668064190941122e-01
3.500000000000000000e+03 8.867271334652887527e-01
3.600000000000000000e+03 9.071467549995229085e-01
3.700000000000000000e+03 8.960956210040496028e-01
3.800000000000000000e+03 8.974594995223543759e-01
3.900000000000000000e+03 9.065470054840608638e-01
4.000000000000000000e+03 8.897908957418412257e-01
4.100000000000000000e+03 9.045478746957722471e-01
4.200000000000000000e+03 9.083393245833556451e-01
4.300000000000000000e+03 8.973579177121115968e-01
4.400000000000000000e+03 9.222570521537993837e-01
4.500000000000000000e+03 9.025575502640691417e-01
4.600000000000000000e+03 8.961780982096894110e-01
4.700000000000000000e+03 8.904967036178927930e-01
4.800000000000000000e+03 9.015468408086947383e-01
4.900000000000000000e+03 8.864161250887040433e-01
5.000000000000000000e+03 9.081035726672700426e-01
5.100000000000000000e+03 9.028986550708668624e-01
5.200000000000000000e+03 9.050108811459199876e-01
5.300000000000000000e+03 9.069992365821951674e-01
5.400000000000000000e+03 9.084023668193325074e-01
5.500000000000000000e+03 9.166101292279456025e-01
5.600000000000000000e+03 9.052529445187194046e-01
5.700000000000000000e+03 8.953096991951863259e-01
5.800000000000000000e+03 8.826650480562490131e-01
5.900000000000000000e+03 9.140124020989821574e-01
6.000000000000000000e+03 9.071292641548934776e-01
6.100000000000000000e+03 8.904076401232350335e-01
6.200000000000000000e+03 9.180385694866213253e-01
6.300000000000000000e+03 9.050775274804687687e-01
6.400000000000000000e+03 9.084806605116237943e-01
6.500000000000000000e+03 9.257526148797290411e-01
6.600000000000000000e+03 9.046920130189261000e-01
6.700000000000000000e+03 9.024819903067198279e-01
6.800000000000000000e+03 9.136952998250899016e-01
6.900000000000000000e+03 9.109691367543946150e-01
7.000000000000000000e+03 9.249873662382122053e-01
7.100000000000000000e+03 9.246050419613944804e-01
7.200000000000000000e+03 8.968169035791060395e-01
7.300000000000000000e+03 9.073666738307488711e-01
7.400000000000000000e+03 9.096714359447564124e-01
7.500000000000000000e+03 9.164050000123699080e-01
7.600000000000000000e+03 9.005102230239877548e-01
7.700000000000000000e+03 9.042358649683110983e-01
7.800000000000000000e+03 9.076071996645785900e-01
7.900000000000000000e+03 9.051851919117956946e-01
8.000000000000000000e+03 9.115590074155546230e-01
8.100000000000000000e+03 9.092101220094863656e-01
8.200000000000000000e+03 9.090632367815277837e-01
8.300000000000000000e+03 9.051144907031570819e-01
8.400000000000000000e+03 9.095849809205271974e-01
8.500000000000000000e+03 8.963603650169977843e-01
8.600000000000000000e+03 9.038385051201147657e-01
8.700000000000000000e+03 9.107212599745839743e-01
8.800000000000000000e+03 9.145218180983918366e-01
8.900000000000000000e+03 9.010977947390251819e-01
9.000000000000000000e+03 9.045423829225891499e-01
9.100000000000000000e+03 9.056020075853387086e-01
9.200000000000000000e+03 8.904384774914775313e-01
9.300000000000000000e+03 9.133098597977045152e-01
9.400000000000000000e+03 9.109794004474237594e-01
9.500000000000000000e+03 9.161289565632046994e-01
9.600000000000000000e+03 9.025543961762114709e-01
9.700000000000000000e+03 8.967370772610923080e-01
9.800000000000000000e+03 9.179587422352781800e-01
9.900000000000000000e+03 9.113021178434839165e-01
1.000000000000000000e+04 9.268687149600922659e-01
1.010000000000000000e+04 9.076045514012155424e-01
1.020000000000000000e+04 9.052888519871671313e-01
1.030000000000000000e+04 9.121847479419350480e-01
1.040000000000000000e+04 8.958695301863701665e-01
1.050000000000000000e+04 9.150450927622211239e-01
1.060000000000000000e+04 9.192257001892920609e-01
1.070000000000000000e+04 9.203895227441615257e-01
1.080000000000000000e+04 9.134860809830366302e-01
1.090000000000000000e+04 9.129669191963775132e-01
1.100000000000000000e+04 9.164211615874867656e-01
1.110000000000000000e+04 9.179461424312256312e-01
1.120000000000000000e+04 9.046586260379458899e-01
1.130000000000000000e+04 9.204296287276494404e-01
1.140000000000000000e+04 9.111709761500443872e-01
1.150000000000000000e+04 9.301516886081542257e-01
1.160000000000000000e+04 9.128911671002821748e-01
1.170000000000000000e+04 9.079497671296061778e-01
1.180000000000000000e+04 9.202772330325514893e-01
1.190000000000000000e+04 9.165943283482707038e-01
1.200000000000000000e+04 9.195244533267631359e-01
1.210000000000000000e+04 9.119254720928866575e-01
1.220000000000000000e+04 9.067460318258715457e-01
1.230000000000000000e+04 9.235520758047035539e-01
1.240000000000000000e+04 9.150669370550671422e-01
1.250000000000000000e+04 9.142945828404219766e-01
1.260000000000000000e+04 9.169186814638503602e-01
1.270000000000000000e+04 9.169461693567692029e-01
1.280000000000000000e+04 9.143229318418989449e-01
1.290000000000000000e+04 9.257647855370053636e-01
1.300000000000000000e+04 8.891725064060695960e-01
1.310000000000000000e+04 9.027596038125426103e-01
1.320000000000000000e+04 9.211119264745527557e-01
1.330000000000000000e+04 9.260565558917528417e-01
1.340000000000000000e+04 9.076737132123825491e-01
1.350000000000000000e+04 9.146578952118613604e-01
1.360000000000000000e+04 9.220772125896199434e-01
1.370000000000000000e+04 9.208433653607275282e-01
1.380000000000000000e+04 9.210515553703024771e-01
1.390000000000000000e+04 9.123256101665213613e-01
1.400000000000000000e+04 9.101781131415511705e-01
1.410000000000000000e+04 9.156473864380201277e-01
1.420000000000000000e+04 9.122840394922065999e-01
1.430000000000000000e+04 9.097925877458824528e-01
1.440000000000000000e+04 9.075112373876237370e-01
1.450000000000000000e+04 9.076061058968015738e-01
1.460000000000000000e+04 9.159480676920754849e-01
1.470000000000000000e+04 9.003018423226460953e-01
1.480000000000000000e+04 9.032418328958840004e-01
1.490000000000000000e+04 8.992361580349162997e-01
1.500000000000000000e+04 9.176636461919268628e-01
1.510000000000000000e+04 8.980875964772085940e-01
1.520000000000000000e+04 9.117182340029779120e-01
1.530000000000000000e+04 9.195034757983051588e-01
1.540000000000000000e+04 9.112620389065035909e-01
1.550000000000000000e+04 9.156764064582800788e-01
1.560000000000000000e+04 9.085504402113945277e-01
1.570000000000000000e+04 9.032381217480589530e-01
1.580000000000000000e+04 9.102324753042190242e-01
1.590000000000000000e+04 9.232289869766588941e-01
1.600000000000000000e+04 9.128149986162080731e-01
1.610000000000000000e+04 9.046054904578438860e-01
1.620000000000000000e+04 9.144512508580003862e-01
1.630000000000000000e+04 9.113533386868233332e-01
1.640000000000000000e+04 9.090160485654672495e-01
1.650000000000000000e+04 9.144373209568872340e-01
1.660000000000000000e+04 8.994730957717544939e-01
1.670000000000000000e+04 9.047546024327762781e-01
1.680000000000000000e+04 9.177068992286864235e-01
1.690000000000000000e+04 9.198808122064519033e-01
1.700000000000000000e+04 9.226501683790325758e-01
1.710000000000000000e+04 9.091060183984776000e-01
1.720000000000000000e+04 9.112026317789310159e-01
1.730000000000000000e+04 9.106717738747045487e-01
1.740000000000000000e+04 9.115608089952131898e-01
1.750000000000000000e+04 9.125894383092059137e-01
1.760000000000000000e+04 9.231098463389142417e-01
1.770000000000000000e+04 9.021987926796243284e-01
1.780000000000000000e+04 9.023344452840512675e-01
1.790000000000000000e+04 9.170673740639643245e-01
1.800000000000000000e+04 9.262860919647588620e-01
1.810000000000000000e+04 9.047730228512336215e-01
1.820000000000000000e+04 9.059119597653864098e-01
1.830000000000000000e+04 9.084431811618172148e-01
1.840000000000000000e+04 9.087262133067457448e-01
1.850000000000000000e+04 9.196082093894906162e-01
1.860000000000000000e+04 9.007465041194135935e-01
1.870000000000000000e+04 9.232402538942923176e-01
1.880000000000000000e+04 9.240507049149562224e-01
1.890000000000000000e+04 9.018844968007480034e-01
1.900000000000000000e+04 9.066946759364219455e-01
1.910000000000000000e+04 9.168807054944489998e-01
1.920000000000000000e+04 9.219497567565553275e-01
1.930000000000000000e+04 9.094896329071066043e-01
1.940000000000000000e+04 9.000495494013192044e-01
1.950000000000000000e+04 9.116235806114501017e-01
1.960000000000000000e+04 9.148643461930243692e-01
1.970000000000000000e+04 9.033201420266602222e-01
1.980000000000000000e+04 9.137392855918093915e-01
1.990000000000000000e+04 9.030111499128297137e-01
2.000000000000000000e+04 9.032609761305279150e-01
2.010000000000000000e+04 9.016846132446041384e-01
2.020000000000000000e+04 9.072584227774783683e-01
2.030000000000000000e+04 9.272462016479636748e-01
2.040000000000000000e+04 8.999666873776543952e-01
2.050000000000000000e+04 9.154655506067452819e-01
2.060000000000000000e+04 9.283454370416520662e-01
2.070000000000000000e+04 9.263013644233597521e-01
2.080000000000000000e+04 9.052217641736194365e-01
2.090000000000000000e+04 9.075311848110914070e-01
2.100000000000000000e+04 9.033553909667892956e-01
2.110000000000000000e+04 9.195684392434518850e-01
2.120000000000000000e+04 9.186038260261712995e-01
2.130000000000000000e+04 9.131073531738397309e-01
2.140000000000000000e+04 9.177767492986363962e-01
2.150000000000000000e+04 9.115892720097087398e-01
2.160000000000000000e+04 9.187374155845653423e-01
2.170000000000000000e+04 9.066049481140885380e-01
2.180000000000000000e+04 9.171661934807666672e-01
2.190000000000000000e+04 9.135068802976384905e-01
2.200000000000000000e+04 9.116562648351578257e-01
2.210000000000000000e+04 9.079161437940902468e-01
2.220000000000000000e+04 9.130145147464554523e-01
2.230000000000000000e+04 9.085177318263538693e-01
2.240000000000000000e+04 9.068692741061818996e-01
2.250000000000000000e+04 9.190901673378851777e-01
2.260000000000000000e+04 9.049044020663978838e-01
2.270000000000000000e+04 9.170892705450115479e-01
2.280000000000000000e+04 9.209275927177403842e-01
2.290000000000000000e+04 9.104730741577027331e-01
2.300000000000000000e+04 9.233837609480594066e-01
2.310000000000000000e+04 9.149257160839450176e-01
2.320000000000000000e+04 9.130281867093934522e-01
2.330000000000000000e+04 9.236452043165779280e-01
2.340000000000000000e+04 9.150176849302018578e-01
2.350000000000000000e+04 9.049729286652732352e-01
2.360000000000000000e+04 9.302668101483848595e-01
2.370000000000000000e+04 9.201192576294516812e-01
2.380000000000000000e+04 9.092827053176324448e-01
2.390000000000000000e+04 9.132059969343141459e-01
2.400000000000000000e+04 9.181534033659277672e-01
2.410000000000000000e+04 9.278967201366254969e-01
2.420000000000000000e+04 9.089151038824281326e-01
2.430000000000000000e+04 8.938244619403149516e-01
2.440000000000000000e+04 9.191897819282831561e-01
2.450000000000000000e+04 9.182968553055133043e-01
2.460000000000000000e+04 9.113386552614234359e-01
2.470000000000000000e+04 9.061568795716875568e-01
2.480000000000000000e+04 9.056103481941126798e-01
2.490000000000000000e+04 9.049097322799681820e-01
2.500000000000000000e+04 8.972509671845748658e-01
2.510000000000000000e+04 9.191389447662450252e-01
2.520000000000000000e+04 9.251864895978471059e-01
2.530000000000000000e+04 9.143514429406182087e-01
2.540000000000000000e+04 9.118976222722102731e-01
2.550000000000000000e+04 9.129604938232341871e-01
2.560000000000000000e+04 8.953807748647331088e-01
2.570000000000000000e+04 9.098976040260476905e-01
2.580000000000000000e+04 9.117227053080916299e-01
2.590000000000000000e+04 9.098095055278430099e-01
2.600000000000000000e+04 9.061512779211990942e-01
2.610000000000000000e+04 9.091031094247830069e-01
2.620000000000000000e+04 9.104692400320348877e-01
2.630000000000000000e+04 9.139735290995025796e-01
2.640000000000000000e+04 9.145916628664667591e-01
2.650000000000000000e+04 9.250635295032486605e-01
2.660000000000000000e+04 9.217563854182668770e-01
2.670000000000000000e+04 9.170928369572791672e-01
2.680000000000000000e+04 9.053030817263614249e-01
2.690000000000000000e+04 9.023047518579816462e-01
2.700000000000000000e+04 9.138326956258676637e-01
2.710000000000000000e+04 9.152109740895226775e-01
2.720000000000000000e+04 9.140752984634633593e-01
2.730000000000000000e+04 9.150903610801516264e-01
2.740000000000000000e+04 9.146599983523731048e-01
2.750000000000000000e+04 9.052542879589537961e-01
2.760000000000000000e+04 9.071460034837472985e-01
2.770000000000000000e+04 9.261677377202021111e-01
2.780000000000000000e+04 9.094484577830943550e-01
2.790000000000000000e+04 9.304560767181617731e-01
2.800000000000000000e+04 9.056920562799639640e-01
2.810000000000000000e+04 9.167962189274581064e-01
2.820000000000000000e+04 9.153459673141550734e-01
2.830000000000000000e+04 9.111447227360729428e-01
2.840000000000000000e+04 9.097813877494715928e-01
2.850000000000000000e+04 9.152020780741841888e-01
2.860000000000000000e+04 9.232872208934068681e-01
2.870000000000000000e+04 9.176006998670904746e-01
2.880000000000000000e+04 9.233890565040768772e-01
2.890000000000000000e+04 9.095458008974669495e-01
2.900000000000000000e+04 9.232240588615027166e-01
2.910000000000000000e+04 9.178149163901276886e-01
2.920000000000000000e+04 9.100121180147666688e-01
2.930000000000000000e+04 9.133378619363001771e-01
2.940000000000000000e+04 9.153717691793483713e-01
2.950000000000000000e+04 9.186709050921266773e-01
2.960000000000000000e+04 9.034918502066354717e-01
2.970000000000000000e+04 9.214486371899011097e-01
2.980000000000000000e+04 9.102434292002858918e-01
2.990000000000000000e+04 9.099543476888662941e-01
3.000000000000000000e+04 9.029485632445942711e-01
