0.000000000000000000e+00 5.025399999999999867e-01
1.000000000000000000e+02 4.174199999999999577e-01
2.000000000000000000e+02 6.100480000000000347e-01
3.000000000000000000e+02 6.891439999999999788e-01
4.000000000000000000e+02 7.234639999999999960e-01
5.000000000000000000e+02 7.329200000000000159e-01
6.000000000000000000e+02 7.237359999999999349e-01
7.000000000000000000e+02 7.576140000000000096e-01
8.000000000000000000e+02 7.889040000000000497e-01
9.000000000000000000e+02 7.760960000000000081e-01
1.000000000000000000e+03 8.006079999999999863e-01
1.100000000000000000e+03 8.115319999999999201e-01
1.200000000000000000e+03 8.101599999999999913e-01
1.300000000000000000e+03 8.389400000000000190e-01
1.400000000000000000e+03 8.472200000000000841e-01
1.500000000000000000e+03 8.259959999999999525e-01
1.600000000000000000e+03 8.052440000000000708e-01
1.700000000000000000e+03 8.275159999999999183e-01
1.800000000000000000e+03 8.265639999999999654e-01
1.900000000000000000e+03 8.636999999999999122e-01
2.000000000000000000e+03 8.587960000000000038e-01
2.100000000000000000e+03 8.381000000000000671e-01
2.200000000000000000e+03 8.817800000000000082e-01
2.300000000000000000e+03 8.670960000000000889e-01
2.400000000000000000e+03 8.413919999999999177e-01
2.500000000000000000e+03 8.485599999999999810e-01
2.600000000000000000e+03 8.541600000000000303e-01
2.700000000000000000e+03 8.725880000000000303e-01
2.800000000000000000e+03 8.589800000000000768e-01
2.900000000000000000e+03 8.610479999999999245e-01
3.000000000000000000e+03 8.627399999999999514e-01
3.100000000000000000e+03 8.612159999999999815e-01
3.200000000000000000e+03 8.713519999999999044e-01
3.300000000000000000e+03 8.603040000000000687e-01
3.400000000000000000e+03 8.637440000000000673e-01
3.500000000000000000e+03 8.589799999999999658e-01
3.600000000000000000e+03 8.845040000000000679e-01
3.700000000000000000e+03 8.718040000000001344e-01
3.800000000000000000e+03 8.730599999999999472e-01
3.900000000000000000e+03 8.840680000000000760e-01
4.000000000000000000e+03 8.597960000000000047e-01
4.100000000000000000e+03 8.773800000000000487e-01
4.200000000000000000e+03 8.876079999999999526e-01
4.300000000000000000e+03 8.692159999999999886e-01
4.400000000000000000e+03 9.063160000000000105e-01
4.500000000000000000e+03 8.777280000000000637e-01
4.600000000000000000e+03 8.772320000000000118e-01
4.700000000000000000e+03 8.612199999999999855e-01
4.800000000000000000e+03 8.786479999999999846e-01
4.900000000000000000e+03 8.583760000000000279e-01
5.000000000000000000e+03 8.870640000000000747e-01
5.100000000000000000e+03 8.843920000000000670e-01
5.200000000000000000e+03 8.834440000000001181e-01
5.300000000000000000e+03 8.868159999999999377e-01
5.400000000000000000e+03 8.854999999999999538e-01
5.500000000000000000e+03 8.985439999999998983e-01
5.600000000000000000e+03 8.810800000000000853e-01
5.700000000000000000e+03 8.695079999999999476e-01
5.800000000000000000e+03 8.576799999999999979e-01
5.900000000000000000e+03 8.937599999999999989e-01
6.000000000000000000e+03 8.786880000000000246e-01
6.100000000000000000e+03 8.652359999999998941e-01
6.200000000000000000e+03 8.983639999999999404e-01
6.300000000000000000e+03 8.835959999999999370e-01
6.400000000000000000e+03 8.905680000000000263e-01
6.500000000000000000e+03 9.096159999999999801e-01
6.600000000000000000e+03 8.835359999999998770e-01
6.700000000000000000e+03 8.802679999999998284e-01
6.800000000000000000e+03 8.930280000000001550e-01
6.900000000000000000e+03 8.880440000000000556e-01
7.000000000000000000e+03 9.078160000000000673e-01
7.100000000000000000e+03 9.135279999999998957e-01
7.200000000000000000e+03 8.812119999999999953e-01
7.300000000000000000e+03 8.837239999999999540e-01
7.400000000000000000e+03 8.890920000000001044e-01
7.500000000000000000e+03 8.992359999999999243e-01
7.600000000000000000e+03 8.822959999999999692e-01
7.700000000000000000e+03 8.803840000000000554e-01
7.800000000000000000e+03 8.856519999999998838e-01
7.900000000000000000e+03 8.862320000000000197e-01
8.000000000000000000e+03 8.918199999999999461e-01
8.100000000000000000e+03 8.864640000000001407e-01
8.200000000000000000e+03 8.878279999999999506e-01
8.300000000000000000e+03 8.830559999999999521e-01
8.400000000000000000e+03 8.935759999999999259e-01
8.500000000000000000e+03 8.681159999999999988e-01
8.600000000000000000e+03 8.785880000000000356e-01
8.700000000000000000e+03 8.874399999999997846e-01
8.800000000000000000e+03 9.000719999999999832e-01
8.900000000000000000e+03 8.824639999999999151e-01
9.000000000000000000e+03 8.839359999999999440e-01
9.100000000000000000e+03 8.811919999999999753e-01
9.200000000000000000e+03 8.600039999999999907e-01
9.300000000000000000e+03 8.940400000000001679e-01
9.400000000000000000e+03 8.886680000000000135e-01
9.500000000000000000e+03 8.948519999999999808e-01
9.600000000000000000e+03 8.815040000000000653e-01
9.700000000000000000e+03 8.710239999999999094e-01
9.800000000000000000e+03 9.006600000000000161e-01
9.900000000000000000e+03 8.912080000000000002e-01
1.000000000000000000e+04 9.107279999999998710e-01
1.010000000000000000e+04 8.837199999999999500e-01
1.020000000000000000e+04 8.841639999999999500e-01
1.030000000000000000e+04 8.906199999999999672e-01
1.040000000000000000e+04 8.742759999999998310e-01
1.050000000000000000e+04 8.961320000000000396e-01
1.060000000000000000e+04 9.052159999999999096e-01
1.070000000000000000e+04 9.007160000000000721e-01
1.080000000000000000e+04 8.915279999999999871e-01
1.090000000000000000e+04 8.924719999999999320e-01
1.100000000000000000e+04 8.956920000000000437e-01
1.110000000000000000e+04 8.996920000000000472e-01
1.120000000000000000e+04 8.842719999999999470e-01
1.130000000000000000e+04 9.037599999999998968e-01
1.140000000000000000e+04 8.888160000000000505e-01
1.150000000000000000e+04 9.154039999999998845e-01
1.160000000000000000e+04 8.942759999999999598e-01
1.170000000000000000e+04 8.852360000000000229e-01
1.180000000000000000e+04 9.022080000000000100e-01
1.190000000000000000e+04 8.984520000000000284e-01
1.200000000000000000e+04 8.992160000000001263e-01
1.210000000000000000e+04 8.906159999999999632e-01
1.220000000000000000e+04 8.864360000000000017e-01
1.230000000000000000e+04 9.065920000000000645e-01
1.240000000000000000e+04 8.935760000000000369e-01
1.250000000000000000e+04 8.905000000000000693e-01
1.260000000000000000e+04 8.953999999999999737e-01
1.270000000000000000e+04 8.993359999999999133e-01
1.280000000000000000e+04 8.931960000000001010e-01
1.290000000000000000e+04 9.079760000000001163e-01
1.300000000000000000e+04 8.618679999999999675e-01
1.310000000000000000e+04 8.820760000000000822e-01
1.320000000000000000e+04 8.996279999999999832e-01
1.330000000000000000e+04 9.118720000000000159e-01
1.340000000000000000e+04 8.819919999999999982e-01
1.350000000000000000e+04 8.927799999999999070e-01
1.360000000000000000e+04 9.064119999999998845e-01
1.370000000000000000e+04 8.984759999999999414e-01
1.380000000000000000e+04 9.001719999999999722e-01
1.390000000000000000e+04 8.951759999999999717e-01
1.400000000000000000e+04 8.872320000000000206e-01
1.410000000000000000e+04 8.994679999999999342e-01
1.420000000000000000e+04 8.928280000000000660e-01
1.430000000000000000e+04 8.882479999999999265e-01
1.440000000000000000e+04 8.861080000000001178e-01
1.450000000000000000e+04 8.884079999999999755e-01
1.460000000000000000e+04 8.965679999999999206e-01
1.470000000000000000e+04 8.751880000000001880e-01
1.480000000000000000e+04 8.757960000000000189e-01
1.490000000000000000e+04 8.731999999999999762e-01
1.500000000000000000e+04 8.980200000000000404e-01
1.510000000000000000e+04 8.733119999999998662e-01
1.520000000000000000e+04 8.877760000000000096e-01
1.530000000000000000e+04 8.965039999999999676e-01
1.540000000000000000e+04 8.911879999999999802e-01
1.550000000000000000e+04 8.948280000000000678e-01
1.560000000000000000e+04 8.848359999999999559e-01
1.570000000000000000e+04 8.841959999999999820e-01
1.580000000000000000e+04 8.859960000000000058e-01
1.590000000000000000e+04 9.064200000000000035e-01
1.600000000000000000e+04 8.924919999999999520e-01
1.610000000000000000e+04 8.835359999999999880e-01
1.620000000000000000e+04 8.934919999999999529e-01
1.630000000000000000e+04 8.883839999999998405e-01
1.640000000000000000e+04 8.872679999999999456e-01
1.650000000000000000e+04 8.915279999999999871e-01
1.660000000000000000e+04 8.768039999999999168e-01
1.670000000000000000e+04 8.804720000000000324e-01
1.680000000000000000e+04 8.972320000000000295e-01
1.690000000000000000e+04 8.947519999999999918e-01
1.700000000000000000e+04 9.041320000000000467e-01
1.710000000000000000e+04 8.807360000000000744e-01
1.720000000000000000e+04 8.909639999999999782e-01
1.730000000000000000e+04 8.849120000000001429e-01
1.740000000000000000e+04 8.900799999999999823e-01
1.750000000000000000e+04 8.902200000000000113e-01
1.760000000000000000e+04 9.040079999999999227e-01
1.770000000000000000e+04 8.779440000000000577e-01
1.780000000000000000e+04 8.814239999999999853e-01
1.790000000000000000e+04 8.988480000000000913e-01
1.800000000000000000e+04 9.079479999999999773e-01
1.810000000000000000e+04 8.752360000000000140e-01
1.820000000000000000e+04 8.831519999999998261e-01
1.830000000000000000e+04 8.893519999999999204e-01
1.840000000000000000e+04 8.839800000000000990e-01
1.850000000000000000e+04 9.051799999999999846e-01
1.860000000000000000e+04 8.740919999999999801e-01
1.870000000000000000e+04 9.034919999999999618e-01
1.880000000000000000e+04 9.050599999999998646e-01
1.890000000000000000e+04 8.813079999999999803e-01
1.900000000000000000e+04 8.832479999999999221e-01
1.910000000000000000e+04 8.935959999999999459e-01
1.920000000000000000e+04 9.005679999999999241e-01
1.930000000000000000e+04 8.873119999999999896e-01
1.940000000000000000e+04 8.768520000000001868e-01
1.950000000000000000e+04 8.865240000000000897e-01
1.960000000000000000e+04 9.008199999999999541e-01
1.970000000000000000e+04 8.839960000000000040e-01
1.980000000000000000e+04 8.908320000000000682e-01
1.990000000000000000e+04 8.763119999999998688e-01
2.000000000000000000e+04 8.733199999999999852e-01
2.010000000000000000e+04 8.757000000000000339e-01
2.020000000000000000e+04 8.829599999999999671e-01
2.030000000000000000e+04 9.102239999999999220e-01
2.040000000000000000e+04 8.765480000000001048e-01
2.050000000000000000e+04 8.958159999999999457e-01
2.060000000000000000e+04 9.084960000000000813e-01
2.070000000000000000e+04 9.052360000000001516e-01
2.080000000000000000e+04 8.798200000000000465e-01
2.090000000000000000e+04 8.887599999999999945e-01
2.100000000000000000e+04 8.787999999999999146e-01
2.110000000000000000e+04 8.969559999999999755e-01
2.120000000000000000e+04 9.037640000000000118e-01
2.130000000000000000e+04 8.894760000000000444e-01
2.140000000000000000e+04 8.949400000000000688e-01
2.150000000000000000e+04 8.854599999999999138e-01
2.160000000000000000e+04 8.988760000000000083e-01
2.170000000000000000e+04 8.836919999999999220e-01
2.180000000000000000e+04 8.956560000000000077e-01
2.190000000000000000e+04 8.888439999999999674e-01
2.200000000000000000e+04 8.871680000000000677e-01
2.210000000000000000e+04 8.833759999999999390e-01
2.220000000000000000e+04 8.926120000000000720e-01
2.230000000000000000e+04 8.869639999999999747e-01
2.240000000000000000e+04 8.795640000000001235e-01
2.250000000000000000e+04 8.953920000000000767e-01
2.260000000000000000e+04 8.808679999999999843e-01
2.270000000000000000e+04 8.971879999999999855e-01
2.280000000000000000e+04 9.014560000000000350e-01
2.290000000000000000e+04 8.910040000000000182e-01
2.300000000000000000e+04 9.027160000000000739e-01
2.310000000000000000e+04 8.964120000000000976e-01
2.320000000000000000e+04 8.910639999999999672e-01
2.330000000000000000e+04 9.070759999999999934e-01
2.340000000000000000e+04 8.953879999999998507e-01
2.350000000000000000e+04 8.753600000000001380e-01
2.360000000000000000e+04 9.120799999999998908e-01
2.370000000000000000e+04 8.978800000000000114e-01
2.380000000000000000e+04 8.853199999999999958e-01
2.390000000000000000e+04 8.952240000000000197e-01
2.400000000000000000e+04 8.967639999999998945e-01
2.410000000000000000e+04 9.089519999999999822e-01
2.420000000000000000e+04 8.848440000000000749e-01
2.430000000000000000e+04 8.672360000000000069e-01
2.440000000000000000e+04 9.008440000000000891e-01
2.450000000000000000e+04 8.944319999999998938e-01
2.460000000000000000e+04 8.845639999999999059e-01
2.470000000000000000e+04 8.775840000000000307e-01
2.480000000000000000e+04 8.820199999999999152e-01
2.490000000000000000e+04 8.787919999999999066e-01
2.500000000000000000e+04 8.689239999999999187e-01
2.510000000000000000e+04 9.010200000000000431e-01
2.520000000000000000e+04 9.060359999999998415e-01
2.530000000000000000e+04 8.942920000000000869e-01
2.540000000000000000e+04 8.937319999999999709e-01
2.550000000000000000e+04 8.902919999999998613e-01
2.560000000000000000e+04 8.746959999999999180e-01
2.570000000000000000e+04 8.868759999999999977e-01
2.580000000000000000e+04 8.907680000000000042e-01
2.590000000000000000e+04 8.898520000000000874e-01
2.600000000000000000e+04 8.851520000000001609e-01
2.610000000000000000e+04 8.868519999999999737e-01
2.620000000000000000e+04 8.860440000000000538e-01
2.630000000000000000e+04 8.896079999999999544e-01
2.640000000000000000e+04 8.909839999999999982e-01
2.650000000000000000e+04 9.088879999999999182e-01
2.660000000000000000e+04 9.028640000000001109e-01
2.670000000000000000e+04 8.973360000000000225e-01
2.680000000000000000e+04 8.819879999999999942e-01
2.690000000000000000e+04 8.799199999999998134e-01
2.700000000000000000e+04 8.920280000000000431e-01
2.710000000000000000e+04 9.056960000000000566e-01
2.720000000000000000e+04 8.922719999999998430e-01
2.730000000000000000e+04 8.954479999999999107e-01
2.740000000000000000e+04 8.965639999999999166e-01
2.750000000000000000e+04 8.822359999999999092e-01
2.760000000000000000e+04 8.846239999999999659e-01
2.770000000000000000e+04 9.069079999999999364e-01
2.780000000000000000e+04 8.827880000000000171e-01
2.790000000000000000e+04 9.135119999999999907e-01
2.800000000000000000e+04 8.836599999999998900e-01
2.810000000000000000e+04 8.989040000000001474e-01
2.820000000000000000e+04 8.883879999999998445e-01
2.830000000000000000e+04 8.899920000000000053e-01
2.840000000000000000e+04 8.821279999999999122e-01
2.850000000000000000e+04 8.925799999999999290e-01
2.860000000000000000e+04 9.023159999999998959e-01
2.870000000000000000e+04 8.983039999999999914e-01
2.880000000000000000e+04 9.058279999999999665e-01
2.890000000000000000e+04 8.880319999999999325e-01
2.900000000000000000e+04 9.056480000000000086e-01
2.910000000000000000e+04 8.969359999999999555e-01
2.920000000000000000e+04 8.845039999999999569e-01
2.930000000000000000e+04 8.906759999999999122e-01
2.940000000000000000e+04 8.948119999999999408e-01
2.950000000000000000e+04 8.988920000000000243e-01
2.960000000000000000e+04 8.785080000000000666e-01
2.970000000000000000e+04 9.045680000000000387e-01
2.980000000000000000e+04 8.886280000000000845e-01
2.990000000000000000e+04 8.879959999999998965e-01
3.000000000000000000e+04 8.781959999999999766e-01
