0.000000000000000000e+00 4.769891062830173833e-01
1.000000000000000000e+02 3.856667857222370044e-01
2.000000000000000000e+02 4.001329937327522401e-01
3.000000000000000000e+02 4.220288999635689597e-01
4.000000000000000000e+02 4.270560492919717732e-01
5.000000000000000000e+02 4.368032426520635503e-01
6.000000000000000000e+02 4.472820248952713573e-01
7.000000000000000000e+02 4.589520296743022643e-01
8.000000000000000000e+02 4.728498074224871672e-01
9.000000000000000000e+02 4.803913536866140643e-01
1.000000000000000000e+03 5.118712537396712392e-01
1.100000000000000000e+03 5.210958432615561131e-01
1.200000000000000000e+03 5.185487403642188298e-01
1.300000000000000000e+03 5.690314417650705892e-01
1.400000000000000000e+03 5.844827429194836554e-01
1.500000000000000000e+03 5.884973724269063622e-01
1.600000000000000000e+03 6.037487489249464545e-01
1.700000000000000000e+03 6.441314621219794700e-01
1.800000000000000000e+03 6.336309898906682392e-01
1.900000000000000000e+03 6.542392412788449185e-01
2.000000000000000000e+03 6.509556115355903394e-01
2.100000000000000000e+03 6.597049429801897791e-01
2.200000000000000000e+03 6.653183549010878162e-01
2.300000000000000000e+03 6.992907166146705711e-01
2.400000000000000000e+03 7.472660705000734316e-01
2.500000000000000000e+03 7.461853830470321913e-01
2.600000000000000000e+03 7.371942393361073931e-01
2.700000000000000000e+03 7.513170577211147894e-01
2.800000000000000000e+03 7.709157221967709583e-01
2.900000000000000000e+03 7.614630746616143364e-01
3.000000000000000000e+03 7.753551994789544821e-01
3.100000000000000000e+03 7.806884599946328773e-01
3.200000000000000000e+03 7.933476738850746557e-01
3.300000000000000000e+03 8.051622172539606437e-01
3.400000000000000000e+03 8.056277119625286920e-01
3.500000000000000000e+03 8.235630914881122422e-01
3.600000000000000000e+03 7.989740079083186286e-01
3.700000000000000000e+03 8.203321561841502296e-01
3.800000000000000000e+03 8.309203638481158505e-01
3.900000000000000000e+03 8.278486070103338035e-01
4.000000000000000000e+03 8.366711574973763055e-01
4.100000000000000000e+03 8.265386984650082702e-01
4.200000000000000000e+03 8.400852563348217839e-01
4.300000000000000000e+03 8.498471669065557066e-01
4.400000000000000000e+03 8.663951594029984937e-01
4.500000000000000000e+03 8.542012340381927027e-01
4.600000000000000000e+03 8.536155841128023614e-01
4.700000000000000000e+03 8.677615044796578303e-01
4.800000000000000000e+03 8.584026539527270794e-01
4.900000000000000000e+03 8.837899453672291017e-01
5.000000000000000000e+03 8.774414409598556563e-01
5.100000000000000000e+03 8.688980171627793680e-01
5.200000000000000000e+03 8.803911066426043375e-01
5.300000000000000000e+03 8.885763309829306511e-01
5.400000000000000000e+03 8.934929350905452816e-01
5.500000000000000000e+03 8.958366592220387004e-01
5.600000000000000000e+03 8.945592373704189804e-01
5.700000000000000000e+03 8.936900600161382657e-01
5.800000000000000000e+03 9.042609337011061621e-01
5.900000000000000000e+03 8.992614664808884495e-01
6.000000000000000000e+03 8.997578294536243693e-01
6.100000000000000000e+03 9.166787913869568483e-01
6.200000000000000000e+03 9.102446097849017370e-01
6.300000000000000000e+03 9.164088686852867038e-01
6.400000000000000000e+03 9.213275343539628626e-01
6.500000000000000000e+03 9.081230995281238672e-01
6.600000000000000000e+03 9.175328829502722439e-01
6.700000000000000000e+03 9.189816664683254643e-01
6.800000000000000000e+03 9.166446139591928333e-01
6.900000000000000000e+03 9.191814863767336918e-01
7.000000000000000000e+03 9.334083044475200985e-01
7.100000000000000000e+03 9.223042849153137990e-01
7.200000000000000000e+03 9.256782611971100527e-01
7.300000000000000000e+03 9.231092281818970013e-01
7.400000000000000000e+03 9.259063627370907046e-01
7.500000000000000000e+03 9.314332870520678487e-01
7.600000000000000000e+03 9.339140726098247303e-01
7.700000000000000000e+03 9.326512957945924942e-01
7.800000000000000000e+03 9.408547347353902746e-01
7.900000000000000000e+03 9.379493327461722041e-01
8.000000000000000000e+03 9.312870707188396491e-01
8.100000000000000000e+03 9.348790325394896739e-01
8.200000000000000000e+03 9.440256657227811266e-01
8.300000000000000000e+03 9.422138554916187347e-01
8.400000000000000000e+03 9.436603563330323574e-01
8.500000000000000000e+03 9.403117318239551103e-01
8.600000000000000000e+03 9.430835097642792375e-01
8.700000000000000000e+03 9.420451522417542245e-01
8.800000000000000000e+03 9.459934415100437199e-01
8.900000000000000000e+03 9.413018005060784787e-01
9.000000000000000000e+03 9.514522769126443347e-01
9.100000000000000000e+03 9.471239817271278616e-01
9.200000000000000000e+03 9.443956672185235268e-01
9.300000000000000000e+03 9.444086302492542551e-01
9.400000000000000000e+03 9.471378352965413860e-01
9.500000000000000000e+03 9.520215501012436743e-01
9.600000000000000000e+03 9.539053454087120798e-01
9.700000000000000000e+03 9.540133783251520949e-01
9.800000000000000000e+03 9.577377942783016351e-01
9.900000000000000000e+03 9.518418541168675029e-01
1.000000000000000000e+04 9.496287899951800782e-01
1.010000000000000000e+04 9.523069404172106456e-01
1.020000000000000000e+04 9.583709593375093760e-01
1.030000000000000000e+04 9.523454425326880468e-01
1.040000000000000000e+04 9.548796400843145848e-01
1.050000000000000000e+04 9.556338795688072985e-01
1.060000000000000000e+04 9.590264927460713240e-01
1.070000000000000000e+04 9.587434046519349717e-01
1.080000000000000000e+04 9.526468663898030043e-01
1.090000000000000000e+04 9.579179783019242667e-01
1.100000000000000000e+04 9.610650871002344164e-01
1.110000000000000000e+04 9.584681143599405040e-01
1.120000000000000000e+04 9.642679753451218749e-01
1.130000000000000000e+04 9.613756629623148031e-01
1.140000000000000000e+04 9.659052907929264187e-01
1.150000000000000000e+04 9.655321565489318747e-01
1.160000000000000000e+04 9.614606127927997070e-01
1.170000000000000000e+04 9.651901730269460966e-01
1.180000000000000000e+04 9.684886201910828385e-01
1.190000000000000000e+04 9.687514391563577520e-01
1.200000000000000000e+04 9.693697948397790309e-01
1.210000000000000000e+04 9.698736607689799616e-01
1.220000000000000000e+04 9.715441777763430542e-01
1.230000000000000000e+04 9.694190904450716850e-01
1.240000000000000000e+04 9.698807643887578100e-01
1.250000000000000000e+04 9.703942376597494146e-01
1.260000000000000000e+04 9.744249552491615063e-01
1.270000000000000000e+04 9.711973770266466577e-01
1.280000000000000000e+04 9.713936823833589917e-01
1.290000000000000000e+04 9.754887132770777569e-01
1.300000000000000000e+04 9.755651603985601161e-01
1.310000000000000000e+04 9.761875877312609084e-01
1.320000000000000000e+04 9.771434484017805788e-01
1.330000000000000000e+04 9.778717078274764551e-01
1.340000000000000000e+04 9.795215698236953150e-01
1.350000000000000000e+04 9.796281585523500812e-01
1.360000000000000000e+04 9.763113803935812296e-01
1.370000000000000000e+04 9.801710041442001087e-01
1.380000000000000000e+04 9.814557828723022848e-01
1.390000000000000000e+04 9.829835059195325409e-01
1.400000000000000000e+04 9.780652452240574668e-01
1.410000000000000000e+04 9.854222103844166858e-01
1.420000000000000000e+04 9.836032567901653589e-01
1.430000000000000000e+04 9.842017190981162678e-01
1.440000000000000000e+04 9.837201763867762239e-01
1.450000000000000000e+04 9.840654255580683074e-01
1.460000000000000000e+04 9.855436060220628125e-01
1.470000000000000000e+04 9.828110055307730519e-01
1.480000000000000000e+04 9.838586600178899078e-01
1.490000000000000000e+04 9.846251542478846597e-01
1.500000000000000000e+04 9.847185927577579712e-01
1.510000000000000000e+04 9.830010179716383023e-01
1.520000000000000000e+04 9.830912561937585892e-01
1.530000000000000000e+04 9.852104454098936648e-01
1.540000000000000000e+04 9.837360434966262446e-01
1.550000000000000000e+04 9.861195080636131483e-01
1.560000000000000000e+04 9.858045804713374549e-01
1.570000000000000000e+04 9.876639907844740884e-01
1.580000000000000000e+04 9.880674651931924402e-01
1.590000000000000000e+04 9.869316758875604778e-01
1.600000000000000000e+04 9.880527522070670088e-01
1.610000000000000000e+04 9.898122643325262260e-01
1.620000000000000000e+04 9.897908384958827854e-01
1.630000000000000000e+04 9.897730633617337626e-01
1.640000000000000000e+04 9.886413518438088577e-01
1.650000000000000000e+04 9.890823647643298688e-01
1.660000000000000000e+04 9.876984252811874532e-01
1.670000000000000000e+04 9.887067400405226136e-01
1.680000000000000000e+04 9.890766974824479751e-01
1.690000000000000000e+04 9.897804596691508472e-01
1.700000000000000000e+04 9.888704164354333859e-01
1.710000000000000000e+04 9.861309734887595546e-01
1.720000000000000000e+04 9.914721851235617223e-01
1.730000000000000000e+04 9.880282388292879192e-01
1.740000000000000000e+04 9.909591996434080619e-01
1.750000000000000000e+04 9.906529948235278660e-01
1.760000000000000000e+04 9.908877806241599417e-01
1.770000000000000000e+04 9.898814079748943229e-01
1.780000000000000000e+04 9.900011726879626162e-01
1.790000000000000000e+04 9.894883682589061813e-01
1.800000000000000000e+04 9.901785863783925112e-01
1.810000000000000000e+04 9.897307741348552179e-01
1.820000000000000000e+04 9.902932031509078525e-01
1.830000000000000000e+04 9.894679035965419089e-01
1.840000000000000000e+04 9.898649517847868395e-01
1.850000000000000000e+04 9.900696609796881820e-01
1.860000000000000000e+04 9.887713544544424193e-01
1.870000000000000000e+04 9.908931239659910517e-01
1.880000000000000000e+04 9.887445376352335114e-01
1.890000000000000000e+04 9.906542070255498489e-01
1.900000000000000000e+04 9.926703908651243191e-01
1.910000000000000000e+04 9.916031575055166414e-01
1.920000000000000000e+04 9.898836423006660556e-01
1.930000000000000000e+04 9.906932655293004819e-01
1.940000000000000000e+04 9.913375092573831759e-01
1.950000000000000000e+04 9.913030254258952123e-01
1.960000000000000000e+04 9.908985007263232392e-01
1.970000000000000000e+04 9.903103029430839754e-01
1.980000000000000000e+04 9.903192509249113540e-01
1.990000000000000000e+04 9.912390987875073778e-01
2.000000000000000000e+04 9.896327629970064210e-01
2.010000000000000000e+04 9.892115692796472626e-01
2.020000000000000000e+04 9.909155381000226415e-01
2.030000000000000000e+04 9.891486004549289168e-01
2.040000000000000000e+04 9.909677610661693503e-01
2.050000000000000000e+04 9.918299377458762445e-01
2.060000000000000000e+04 9.904709942558375113e-01
2.070000000000000000e+04 9.913307222813638742e-01
2.080000000000000000e+04 9.903522065447546430e-01
2.090000000000000000e+04 9.902543590480523683e-01
2.100000000000000000e+04 9.913184053387052996e-01
2.110000000000000000e+04 9.908089863985730661e-01
2.120000000000000000e+04 9.913932878982363306e-01
2.130000000000000000e+04 9.918988336899086100e-01
2.140000000000000000e+04 9.910717992787790864e-01
2.150000000000000000e+04 9.911703700666358863e-01
2.160000000000000000e+04 9.913927243780320531e-01
2.170000000000000000e+04 9.919128215795758319e-01
2.180000000000000000e+04 9.905817644163792401e-01
2.190000000000000000e+04 9.908528040957229610e-01
2.200000000000000000e+04 9.915838526412100729e-01
2.210000000000000000e+04 9.925421959209228540e-01
2.220000000000000000e+04 9.918649621858676158e-01
2.230000000000000000e+04 9.911446277964268692e-01
2.240000000000000000e+04 9.908025769807587979e-01
2.250000000000000000e+04 9.917330606013381455e-01
2.260000000000000000e+04 9.908278099358237556e-01
2.270000000000000000e+04 9.912218092329490027e-01
2.280000000000000000e+04 9.910381919553321595e-01
2.290000000000000000e+04 9.903842165801516328e-01
2.300000000000000000e+04 9.914340493293807288e-01
2.310000000000000000e+04 9.909371639927382347e-01
2.320000000000000000e+04 9.900253208006657424e-01
2.330000000000000000e+04 9.920862776887819923e-01
2.340000000000000000e+04 9.919018671497181749e-01
2.350000000000000000e+04 9.915083019503589945e-01
2.360000000000000000e+04 9.896968288936416336e-01
2.370000000000000000e+04 9.898563729352983787e-01
2.380000000000000000e+04 9.923165435990725092e-01
2.390000000000000000e+04 9.902474727703232116e-01
2.400000000000000000e+04 9.905799647120476781e-01
2.410000000000000000e+04 9.910050919610136066e-01
2.420000000000000000e+04 9.922188587816027638e-01
2.430000000000000000e+04 9.902926746404877578e-01
2.440000000000000000e+04 9.910563840949634384e-01
2.450000000000000000e+04 9.901364840811297530e-01
2.460000000000000000e+04 9.907400886267448969e-01
2.470000000000000000e+04 9.925118327380014760e-01
2.480000000000000000e+04 9.909225669934644820e-01
2.490000000000000000e+04 9.908452168615234923e-01
2.500000000000000000e+04 9.902760117730192713e-01
2.510000000000000000e+04 9.912067031995221988e-01
2.520000000000000000e+04 9.912853878561325160e-01
2.530000000000000000e+04 9.912889763682490862e-01
2.540000000000000000e+04 9.892735176958008525e-01
2.550000000000000000e+04 9.910372848343121932e-01
2.560000000000000000e+04 9.917319269957070027e-01
2.570000000000000000e+04 9.912742711819259034e-01
2.580000000000000000e+04 9.898471589337011212e-01
2.590000000000000000e+04 9.918897634567308552e-01
2.600000000000000000e+04 9.908716214095342201e-01
2.610000000000000000e+04 9.902138694136446428e-01
2.620000000000000000e+04 9.913274039597710363e-01
2.630000000000000000e+04 9.917666781592898717e-01
2.640000000000000000e+04 9.930349954566073389e-01
2.650000000000000000e+04 9.902392175532500618e-01
2.660000000000000000e+04 9.914741143966094850e-01
2.670000000000000000e+04 9.902464424391116404e-01
2.680000000000000000e+04 9.912749987489531955e-01
2.690000000000000000e+04 9.898752596010861327e-01
2.700000000000000000e+04 9.911719432935260921e-01
2.710000000000000000e+04 9.913922565769353046e-01
2.720000000000000000e+04 9.910492167210755987e-01
2.730000000000000000e+04 9.930810101180379545e-01
2.740000000000000000e+04 9.919831759583410680e-01
2.750000000000000000e+04 9.899437948093073869e-01
2.760000000000000000e+04 9.906357683380043744e-01
2.770000000000000000e+04 9.916316302479127875e-01
2.780000000000000000e+04 9.901165581988915498e-01
2.790000000000000000e+04 9.882778084888061976e-01
2.800000000000000000e+04 9.888670809686811447e-01
2.810000000000000000e+04 9.896030739198193871e-01
2.820000000000000000e+04 9.908550788180577884e-01
2.830000000000000000e+04 9.914162790264502423e-01
2.840000000000000000e+04 9.921297891007689884e-01
2.850000000000000000e+04 9.889382181731742882e-01
2.860000000000000000e+04 9.890095249817502099e-01
2.870000000000000000e+04 9.910920984388489341e-01
2.880000000000000000e+04 9.916403841042029654e-01
2.890000000000000000e+04 9.921787565695660005e-01
2.900000000000000000e+04 9.902424486844552121e-01
2.910000000000000000e+04 9.913563631061980130e-01
2.920000000000000000e+04 9.899187255698509436e-01
2.930000000000000000e+04 9.908095537880602377e-01
2.940000000000000000e+04 9.903937837253955490e-01
2.950000000000000000e+04 9.905029635427163859e-01
2.960000000000000000e+04 9.908056319171758552e-01
2.970000000000000000e+04 9.907865854654095417e-01
2.980000000000000000e+04 9.904660889470505714e-01
2.990000000000000000e+04 9.910196943862186192e-01
3.000000000000000000e+04 9.886737192565431265e-01
