0.000000000000000000e+00 4.982429431560632116e-01
1.000000000000000000e+02 3.116801355280328090e-01
2.000000000000000000e+02 3.548167395435085636e-01
3.000000000000000000e+02 3.994814679151118542e-01
4.000000000000000000e+02 4.052963531054691870e-01
5.000000000000000000e+02 4.197190998374579207e-01
6.000000000000000000e+02 4.373640713353632026e-01
7.000000000000000000e+02 4.522275131063849818e-01
8.000000000000000000e+02 4.862239875460726002e-01
9.000000000000000000e+02 5.001945926146379451e-01
1.000000000000000000e+03 5.331494242347931678e-01
1.100000000000000000e+03 5.408358325129920541e-01
1.200000000000000000e+03 5.456434147569881876e-01
1.300000000000000000e+03 5.852544584602000777e-01
1.400000000000000000e+03 6.162576406217805669e-01
1.500000000000000000e+03 6.021296444678464477e-01
1.600000000000000000e+03 6.008848240653830164e-01
1.700000000000000000e+03 6.378230809734208862e-01
1.800000000000000000e+03 6.353677800416657195e-01
1.900000000000000000e+03 6.509180192761154782e-01
2.000000000000000000e+03 6.489148600077837559e-01
2.100000000000000000e+03 6.510038689590439409e-01
2.200000000000000000e+03 6.613401707836359389e-01
2.300000000000000000e+03 6.750417801790251637e-01
2.400000000000000000e+03 7.241020123165679001e-01
2.500000000000000000e+03 7.246228337263341812e-01
2.600000000000000000e+03 7.177720290286395688e-01
2.700000000000000000e+03 7.259105789702615663e-01
2.800000000000000000e+03 7.405393649412788104e-01
2.900000000000000000e+03 7.491701197316911198e-01
3.000000000000000000e+03 7.535312836244592027e-01
3.100000000000000000e+03 7.601760490831253048e-01
3.200000000000000000e+03 7.637359492685606988e-01
3.300000000000000000e+03 7.743240768297430243e-01
3.400000000000000000e+03 7.821249513518464536e-01
3.500000000000000000e+03 7.936745953618277172e-01
3.600000000000000000e+03 7.779869966346925070e-01
3.700000000000000000e+03 7.913852704837343044e-01
3.800000000000000000e+03 7.982646917424052191e-01
3.900000000000000000e+03 8.002678510107370524e-01
4.000000000000000000e+03 8.072789084498981360e-01
4.100000000000000000e+03 7.964160619033446853e-01
4.200000000000000000e+03 8.152114191524919562e-01
4.300000000000000000e+03 8.222224765916530398e-01
4.400000000000000000e+03 8.354376044504475685e-01
4.500000000000000000e+03 8.234930518989949100e-01
4.600000000000000000e+03 8.235903482063140491e-01
4.700000000000000000e+03 8.388658684553924605e-01
4.800000000000000000e+03 8.258625031478217249e-01
4.900000000000000000e+03 8.548682493532657745e-01
5.000000000000000000e+03 8.396900254115060580e-01
5.100000000000000000e+03 8.460829651335820545e-01
5.200000000000000000e+03 8.507760811336736451e-01
5.300000000000000000e+03 8.586685286509008197e-01
5.400000000000000000e+03 8.682321833291362090e-01
5.500000000000000000e+03 8.661546210022663672e-01
5.600000000000000000e+03 8.667441221583754851e-01
5.700000000000000000e+03 8.661717909388522152e-01
5.800000000000000000e+03 8.742874476316935262e-01
5.900000000000000000e+03 8.746136764268217512e-01
6.000000000000000000e+03 8.769258945536960725e-01
6.100000000000000000e+03 8.917950596369130789e-01
6.200000000000000000e+03 8.846638126416519476e-01
6.300000000000000000e+03 8.882523293880635329e-01
6.400000000000000000e+03 8.944163366223301104e-01
6.500000000000000000e+03 8.798734003342414400e-01
6.600000000000000000e+03 8.895114580710147267e-01
6.700000000000000000e+03 8.945422494906252187e-01
6.800000000000000000e+03 8.915718504612989426e-01
6.900000000000000000e+03 8.941587875735446111e-01
7.000000000000000000e+03 9.069446670176964931e-01
7.100000000000000000e+03 9.006719168517203222e-01
7.200000000000000000e+03 9.008149996566012785e-01
7.300000000000000000e+03 8.996817838419450819e-01
7.400000000000000000e+03 9.048785513152171056e-01
7.500000000000000000e+03 9.111398548568028222e-01
7.600000000000000000e+03 9.129827613836680733e-01
7.700000000000000000e+03 9.117179093885213748e-01
7.800000000000000000e+03 9.220255946521370705e-01
7.900000000000000000e+03 9.152205764520041642e-01
8.000000000000000000e+03 9.115977198324215491e-01
8.100000000000000000e+03 9.159703303495798643e-01
8.200000000000000000e+03 9.259804033790435263e-01
8.300000000000000000e+03 9.238799478033927759e-01
8.400000000000000000e+03 9.245037888326732567e-01
8.500000000000000000e+03 9.199136924520958658e-01
8.600000000000000000e+03 9.237082484375358504e-01
8.700000000000000000e+03 9.234564227009455228e-01
8.800000000000000000e+03 9.285101073693368123e-01
8.900000000000000000e+03 9.231702570911838324e-01
9.000000000000000000e+03 9.335752386621185561e-01
9.100000000000000000e+03 9.290595453400791737e-01
9.200000000000000000e+03 9.259804033790435263e-01
9.300000000000000000e+03 9.269018566424760408e-01
9.400000000000000000e+03 9.304388635791305262e-01
9.500000000000000000e+03 9.342105263157896022e-01
9.600000000000000000e+03 9.382511847256245208e-01
9.700000000000000000e+03 9.394530802866234431e-01
9.800000000000000000e+03 9.415821524232503847e-01
9.900000000000000000e+03 9.346340514182367443e-01
1.000000000000000000e+04 9.327510817060049586e-01
1.010000000000000000e+04 9.356871408621597608e-01
1.020000000000000000e+04 9.446956342574573950e-01
1.030000000000000000e+04 9.355726746182548847e-01
1.040000000000000000e+04 9.398880520134612615e-01
1.050000000000000000e+04 9.407293789061605960e-01
1.060000000000000000e+04 9.453309219111283301e-01
1.070000000000000000e+04 9.448387170623382403e-01
1.080000000000000000e+04 9.387376662622194390e-01
1.090000000000000000e+04 9.436024816281677330e-01
1.100000000000000000e+04 9.485817632380211251e-01
1.110000000000000000e+04 9.454453881550329841e-01
1.120000000000000000e+04 9.509397678624573746e-01
1.130000000000000000e+04 9.476717565989788428e-01
1.140000000000000000e+04 9.536755110917791711e-01
1.150000000000000000e+04 9.536468945308029799e-01
1.160000000000000000e+04 9.486161031111924880e-01
1.170000000000000000e+04 9.532405393649412417e-01
1.180000000000000000e+04 9.572182413406286061e-01
1.190000000000000000e+04 9.560449623406057640e-01
1.200000000000000000e+04 9.584487534626038308e-01
1.210000000000000000e+04 9.581683111650374229e-01
1.220000000000000000e+04 9.607666949016735458e-01
1.230000000000000000e+04 9.591870607357890766e-01
1.240000000000000000e+04 9.607151850919165570e-01
1.250000000000000000e+04 9.620029303358439421e-01
1.260000000000000000e+04 9.664900070969071333e-01
1.270000000000000000e+04 9.620201002724295680e-01
1.280000000000000000e+04 9.621803530138962612e-01
1.290000000000000000e+04 9.680753645749867742e-01
1.300000000000000000e+04 9.676289462237586125e-01
1.310000000000000000e+04 9.683500835603581214e-01
1.320000000000000000e+04 9.699983974725853164e-01
1.330000000000000000e+04 9.707939378677229447e-01
1.340000000000000000e+04 9.724994849019023002e-01
1.350000000000000000e+04 9.739932693848584178e-01
1.360000000000000000e+04 9.700785238433186075e-01
1.370000000000000000e+04 9.738272933311966639e-01
1.380000000000000000e+04 9.760651083995328658e-01
1.390000000000000000e+04 9.774444266385843294e-01
1.400000000000000000e+04 9.722991689750692945e-01
1.410000000000000000e+04 9.804720587898629880e-01
1.420000000000000000e+04 9.782113504727455444e-01
1.430000000000000000e+04 9.789210411849544879e-01
1.440000000000000000e+04 9.788180215654402883e-01
1.450000000000000000e+04 9.790641239898353332e-01
1.460000000000000000e+04 9.812332593118289203e-01
1.470000000000000000e+04 9.779538014239600452e-01
1.480000000000000000e+04 9.793331196630113977e-01
1.490000000000000000e+04 9.802946361118106688e-01
1.500000000000000000e+04 9.801629999313202779e-01
1.510000000000000000e+04 9.784460062727501350e-01
1.520000000000000000e+04 9.794132460337445778e-01
1.530000000000000000e+04 9.806151415947437222e-01
1.540000000000000000e+04 9.792873331654494695e-01
1.550000000000000000e+04 9.816453377898856081e-01
1.560000000000000000e+04 9.813591721801240286e-01
1.570000000000000000e+04 9.836599436826080067e-01
1.580000000000000000e+04 9.840834687850552598e-01
1.590000000000000000e+04 9.825267278679516991e-01
1.600000000000000000e+04 9.839403859801745256e-01
1.610000000000000000e+04 9.860122249948489737e-01
1.620000000000000000e+04 9.860522881802157302e-01
1.630000000000000000e+04 9.858977587509443197e-01
1.640000000000000000e+04 9.846958631899452863e-01
1.650000000000000000e+04 9.854856802728875209e-01
1.660000000000000000e+04 9.838259197362697606e-01
1.670000000000000000e+04 9.850564318582450962e-01
1.680000000000000000e+04 9.850049220484878854e-01
1.690000000000000000e+04 9.858519722533825025e-01
1.700000000000000000e+04 9.845928435704310866e-01
1.710000000000000000e+04 9.819200567752569553e-01
1.720000000000000000e+04 9.878723014582998507e-01
1.730000000000000000e+04 9.841235319704219053e-01
1.740000000000000000e+04 9.871568874338957356e-01
1.750000000000000000e+04 9.870882076875528988e-01
1.760000000000000000e+04 9.872599070534098242e-01
1.770000000000000000e+04 9.860522881802156192e-01
1.780000000000000000e+04 9.865330464046151437e-01
1.790000000000000000e+04 9.859435452485062479e-01
1.800000000000000000e+04 9.866818525216913827e-01
1.810000000000000000e+04 9.859664384972872675e-01
1.820000000000000000e+04 9.870366978777959099e-01
1.830000000000000000e+04 9.860065016826538020e-01
1.840000000000000000e+04 9.859836084338727824e-01
1.850000000000000000e+04 9.867390856436436541e-01
1.860000000000000000e+04 9.853197042192256561e-01
1.870000000000000000e+04 9.874144364826812348e-01
1.880000000000000000e+04 9.854227238387400778e-01
1.890000000000000000e+04 9.872370138046290267e-01
1.900000000000000000e+04 9.893660859412558573e-01
1.910000000000000000e+04 9.881012339461092697e-01
1.920000000000000000e+04 9.864128568485154291e-01
1.930000000000000000e+04 9.870309745656006273e-01
1.940000000000000000e+04 9.880611707607425132e-01
1.950000000000000000e+04 9.874716696046336173e-01
1.960000000000000000e+04 9.876662622192715624e-01
1.970000000000000000e+04 9.867505322680341084e-01
1.980000000000000000e+04 9.868134887021816626e-01
1.990000000000000000e+04 9.879066413314712136e-01
2.000000000000000000e+04 9.863155605411962901e-01
2.010000000000000000e+04 9.857832925070396657e-01
2.020000000000000000e+04 9.876548155948809971e-01
2.030000000000000000e+04 9.859435452485062479e-01
2.040000000000000000e+04 9.876548155948811081e-01
2.050000000000000000e+04 9.885133124241661795e-01
2.060000000000000000e+04 9.874087131704860631e-01
2.070000000000000000e+04 9.880726173851330785e-01
2.080000000000000000e+04 9.871397174973099986e-01
2.090000000000000000e+04 9.869851880680388101e-01
2.100000000000000000e+04 9.880783406973283611e-01
2.110000000000000000e+04 9.873915432339002152e-01
2.120000000000000000e+04 9.879180879558617789e-01
2.130000000000000000e+04 9.886220553558755508e-01
2.140000000000000000e+04 9.882901032485518211e-01
2.150000000000000000e+04 9.878551315217143358e-01
2.160000000000000000e+04 9.881470204436711979e-01
2.170000000000000000e+04 9.887937547217324763e-01
2.180000000000000000e+04 9.874602229802431630e-01
2.190000000000000000e+04 9.876662622192715624e-01
2.200000000000000000e+04 9.883873995558709602e-01
2.210000000000000000e+04 9.892859595705225662e-01
2.220000000000000000e+04 9.886850117900231050e-01
2.230000000000000000e+04 9.879524278290331418e-01
2.240000000000000000e+04 9.875575192875621910e-01
2.250000000000000000e+04 9.886048854192897029e-01
2.260000000000000000e+04 9.877120487168333796e-01
2.270000000000000000e+04 9.879638744534237071e-01
2.280000000000000000e+04 9.879295345802522332e-01
2.290000000000000000e+04 9.875861358485382713e-01
2.300000000000000000e+04 9.881699136924521065e-01
2.310000000000000000e+04 9.879810443900093331e-01
2.320000000000000000e+04 9.868821684485246104e-01
2.330000000000000000e+04 9.892573430095463749e-01
2.340000000000000000e+04 9.887136283509992962e-01
2.350000000000000000e+04 9.883587829948947689e-01
2.360000000000000000e+04 9.865273230924200831e-01
2.370000000000000000e+04 9.870824843753577271e-01
2.380000000000000000e+04 9.894004258144273312e-01
2.390000000000000000e+04 9.872484604290194810e-01
2.400000000000000000e+04 9.877921750875666707e-01
2.410000000000000000e+04 9.881298505070854610e-01
2.420000000000000000e+04 9.895206153705272678e-01
2.430000000000000000e+04 9.874316064192669717e-01
2.440000000000000000e+04 9.880153842631808070e-01
2.450000000000000000e+04 9.871626107460909072e-01
2.460000000000000000e+04 9.878093450241522966e-01
2.470000000000000000e+04 9.896636981754080020e-01
2.480000000000000000e+04 9.877692818387858731e-01
2.490000000000000000e+04 9.877692818387856510e-01
2.500000000000000000e+04 9.871969506192623811e-01
2.510000000000000000e+04 9.882672099997710236e-01
2.520000000000000000e+04 9.882958265607472148e-01
2.530000000000000000e+04 9.883187198095281234e-01
2.540000000000000000e+04 9.861782010485108385e-01
2.550000000000000000e+04 9.879753210778141614e-01
2.560000000000000000e+04 9.887536915363658307e-01
2.570000000000000000e+04 9.884102928046517578e-01
2.580000000000000000e+04 9.868306586387673995e-01
2.590000000000000000e+04 9.888910510290512823e-01
2.600000000000000000e+04 9.881355738192806326e-01
2.610000000000000000e+04 9.871683340582863009e-01
2.620000000000000000e+04 9.883873995558709602e-01
2.630000000000000000e+04 9.888681577802705958e-01
2.640000000000000000e+04 9.902589226437122916e-01
2.650000000000000000e+04 9.872141205558480070e-01
2.660000000000000000e+04 9.885648222339232793e-01
2.670000000000000000e+04 9.870538678143815359e-01
2.680000000000000000e+04 9.884675259266041403e-01
2.690000000000000000e+04 9.867591172363269214e-01
2.700000000000000000e+04 9.881126805704999461e-01
2.710000000000000000e+04 9.884274627412376057e-01
2.720000000000000000e+04 9.881641903802568239e-01
2.730000000000000000e+04 9.901616263363933745e-01
2.740000000000000000e+04 9.889997939607609867e-01
2.750000000000000000e+04 9.871053776241386357e-01
2.760000000000000000e+04 9.875289027265857777e-01
2.770000000000000000e+04 9.887365215997802048e-01
2.780000000000000000e+04 9.873228634875573784e-01
2.790000000000000000e+04 9.855200201460589948e-01
2.800000000000000000e+04 9.858691421899681284e-01
2.810000000000000000e+04 9.865673862777866177e-01
2.820000000000000000e+04 9.877978983997618423e-01
2.830000000000000000e+04 9.885362056729470881e-01
2.840000000000000000e+04 9.890541654266157279e-01
2.850000000000000000e+04 9.859120670314324153e-01
2.860000000000000000e+04 9.861724777363156669e-01
2.870000000000000000e+04 9.880783406973283611e-01
2.880000000000000000e+04 9.883301664339185777e-01
2.890000000000000000e+04 9.892974061949132425e-01
2.900000000000000000e+04 9.872971085826789395e-01
2.910000000000000000e+04 9.885476522973374314e-01
2.920000000000000000e+04 9.867247773631555585e-01
2.930000000000000000e+04 9.880211075753759786e-01
2.940000000000000000e+04 9.872856619582885962e-01
2.950000000000000000e+04 9.872455987729219506e-01
2.960000000000000000e+04 9.877006020924429253e-01
2.970000000000000000e+04 9.877721434948834034e-01
2.980000000000000000e+04 9.872913852704837678e-01
2.990000000000000000e+04 9.879495661729356115e-01
3.000000000000000000e+04 9.854398937753257037e-01
