0
1
3
4
5
9
10
11
19
20
22
24
26
27
28
31
33
35
36
37
38
39
40
47
48
49
50
51
53
56
57
58
63
66
67
70
71
72
73
76
78
79
81
83
85
86
88
89
91
92
93
94
95
96
97
100
101
102
104
107
110
111
113
114
116
117
121
122
123
124
127
128
129
130
131
133
136
137
140
142
143
145
146
148
149
150
151
153
155
156
159
160
161
162
163
165
166
169
170
176
179
180
181
183
185
186
188
190
192
193
194
198
200
201
202
205
206
211
214
216
217
219
220
222
223
225
226
227
228
229
230
231
232
233
235
236
238
239
240
241
242
243
244
245
249
250
251
253
255
259
261
262
263
264
265
266
267
268
269
270
271
272
275
276
277
278
279
280
281
282
283
284
285
287
288
289
290
291
293
294
295
296
297
298
299
301
302
304
306
307
308
309
311
317
318
320
321
322
323
327
330
332
334
336
338
339
341
342
344
345
347
348
349
350
351
352
353
354
355
356
357
358
360
363
364
365
367
368
369
370
372
373
375
376
377
378
382
383
384
385
386
387
388
389
390
391
393
394
395
396
397
399
400
401
403
404
406
408
409
410
413
414
415
416
418
420
421
422
423
424
425
427
428
429
430
431
432
433
434
435
436
437
438
440
441
442
443
444
445
446
447
448
450
451
452
453
454
455
456
457
458
459
460
461
462
463
464
465
468
469
470
471
473
474
475
476
477
478
480
482
483
484
485
486
487
488
491
493
494
495
497
498
499
500
501
503
505
506
508
509
510
511
513
514
515
518
519
520
521
522
523
525
526
528
532
535
537
538
539
544
546
547
549
551
552
559
560
564
566
567
569
576
579
582
583
585
588
593
594
595
604
609
610
611
615
620
625
632
635
638
642
645
654
655
659
662
670
671
672
676
679
682
690
693
695
696
698
701
703
704
709
711
713
714
715
716
721
734
737
743
744
748
750
752
753
759
760
761
762
764
768
790
793
796
798
800
803
804
806
808
809
810
811
812
814
815
816
822
825
826
832
834
840
843
844
846
859
862
867
878
879
881
883
889
893
895
897
898
900
906
913
919
923
933
945
947
949
950
961
966
968
976
978
979
982
984
986
987
990
992
1000
1002
1003
1004
1005
1008
1009
1012
1013
1014
1016
1018
1019
1024
1026
1027
1029
1030
1031
1033
1036
1038
1041
1042
1044
1047
1054
1059
1060
1065
1070
1074
1084
1085
1090
1095
1101
1116
1117
1118
1121
1122
1123
1124
1127
1128
1142
1151
1153
1167
1172
1174
1175
1177
1180
1182
1186
1189
1190
1196
1198
1201
1202
1203
1204
1205
1206
1210
1211
1212
1214
1218
1224
1226
1233
1237
1238
1241
1258
1259
1264
1269
1273
1274
1275
1276
1284
1288
1294
1295
1308
1311
1314
1315
1317
1326
1327
1328
1329
1330
1331
1332
1335
1337
1340
1341
1344
1347
1352
1357
1359
1360
1361
1363
1365
1367
1368
1372
1381
1383
1384
1386
1392
1398
1399
1400
1401
1403
1405
1406
1408
1413
1416
1418
1420
1421
1422
1424
1426
1429
1433
1435
1436
1443
1447
1449
1450
1454
1455
1457
1460
1461
1467
1470
1472
1473
1475
1476
1479
1480
1482
1483
1488
1493
1494
1496
1498
1499
1501
1502
1504
1508
1509
1510
1512
1518
1519
1520
1523
1527
1528
1530
1537
1544
1545
1554
1557
1561
1564
1565
1566
1567
1569
1570
1571
1572
1576
1578
1582
1584
1585
1589
1591
1592
1593
1594
1612
1616
1618
1619
1620
1621
1622
1625
1626
1627
1628
1629
1630
1631
1636
1638
1642
1643
1645
1651
1652
1656
1657
1664
1669
1670
1672
1675
1677
1679
1684
1686
1688
1694
1702
1708
1709
1711
1724
1728
1730
1732
1733
1734
1738
1747
1748
1749
1751
1756
1757
1758
1771
1772
1775
1778
1783
1784
1789
1803
1807
1810
1812
1819
1820
1821
1824
1834
1836
1837
1838
1840
1841
1842
1845
1851
1854
1861
1867
1879
1881
1884
1886
1888
1892
1894
1902
1913
1915
1916
1918
1919
1922
1927
1931
1933
1934
1937
1942
1943
1945
1946
1948
1949
1960
1961
1963
1964
1967
1969
1970
1977
1979
1981
1982
1991
1992
1995
1997
2002
2003
2005
2008
2009
2011
2013
2014
2016
2018
2020
2021
2023
2025
2026
2029
2030
2031
2032
2037
2038
2039
2040
2042
2043
2045
2046
2050
2052
2053
2054
2055
2065
2069
2072
2077
2079
2081
2083
2086
2087
2088
2089
2102
2105
2106
2107
2108
2109
2110
2114
2115
2117
2121
2122
2124
2125
2128
2129
2130
2131
2138
2141
2145
2149
2152
2167
2172
2180
2188
2191
2202
2205
2206
2208
2215
2217
2219
2223
2226
2227
2230
2232
2236
2237
2241
2242
2243
2244
2246
2248
2250
2253
2257
2259
2261
2262
2263
2265
2266
2267
2270
2271
2272
2274
2275
2276
2277
2278
2281
2282
2283
2284
2286
2287
2289
2293
2294
2298
2300
2303
2306
2308
2309
2310
2311
2313
2318
2320
2324
2325
2327
2330
2332
2335
2336
2345
2346
2347
2348
2351
2354
2360
2361
2364
2366
2371
2372
2375
2379
2389
2396
2403
2404
2406
2409
2412
2413
2414
2418
2419
2422
2425
2428
2429
2431
2436
2437
2438
2441
2443
2446
2449
2453
2455
2456
2458
2464
2465
2466
2470
2473
2474
2475
2480
2486
2489
2492
2496
2497
2498
2499
2500
2503
2504
2508
2511
2512
2513
2517
2519
2520
2526
2527
2530
2536
2537
2538
2539
2549
2551
2555
2562
2563
2566
2568
2569
2571
2575
2580
2581
2584
2593
2595
2597
2600
2601
2610
2611
2612
2614
2615
2617
2621
2627
2630
2631
2633
2636
2644
2647
2649
2650
2655
2656
2657
2658
2659
2669
2672
2674
2675
2679
2680
2683
2684
2686
2691
2692
2694
2695
2696
2697
2700
2705
2706
2710
2711
2715
2723
2725
2728
2738
2739
2747
2751
2752
2754
2757
2761
2762
2763
2768
2771
2772
2773
2780
2782
2783
2784
2788
2789
2794
2797
2799
2805
2816
2821
2823
2824
2825
2830
2832
2833
2835
2836
2837
2838
2839
2841
2843
2846
2848
2849
2851
2856
2858
2859
2861
2863
2866
2881
2884
2885
2889
2890
2891
2892
2894
2895
2898
2899
2900
2901
2903
2906
2908
2910
2912
2916
2917
2918
2919
2920
2921
2932
2935
2939
2945
2948
2966
2978
2987
2990
2994
2995
3005
3006
3008
3009
3013
3017
3018
3023
3025
3027
3050
3051
3052
3054
3058
3061
3062
3066
3067
3072
3075
3077
3080
3081
3085
3090
3092
3098
3101
3117
3118
3120
3122
3123
3125
3126
3127
3136
3141
3147
3149
3152
3154
3155
3158
3166
3167
3168
3169
3173
3179
3185
3202
3205
3207
3208
3210
3211
3212
3213
3222
3225
3228
3229
3231
3236
3238
3242
3244
3246
3247
3251
3255
3263
3265
3268
3270
3271
3283
3285
3286
3297
3300
3302
3303
3311
3312
3319
3320
3321
3323
3324
3326
3327
3328
3331
3333
3336
3339
3345
3346
3347
3348
3350
3356
3359
3367
3369
3371
3375
3388
3390
3394
3395
3396
3397
3399
3412
3413
3414
3420
3428
3430
3431
3433
3434
3436
3437
3438
3439
3440
3444
3446
3447
3449
3450
3451
3453
3454
3469
3473
3475
3486
3487
3492
3493
3495
3498
3499
3500
3501
3505
3507
3510
3511
3512
3513
3518
3520
3524
3525
3526
3527
3528
3530
3531
3532
3533
3535
3537
3539
3542
3545
3553
3554
3555
3558
3560
3562
3566
3574
3576
3579
3580
3583
3586
3587
3589
3590
3591
3592
3597
3601
3604
3606
3608
3613
3614
3615
3618
3622
3623
3624
3625
3626
3628
3633
3634
3635
3638
3639
3644
3651
3652
3657
3658
3660
3661
3663
3665
3667
3668
3669
3670
3672
3678
3679
3681
3682
3683
3687
3688
3689
3692
3694
3695
3696
3697
3700
3703
3705
3706
3707
3715
3716
3717
3719
3723
3724
3725
3726
3728
3740
3745
3749
3750
3752
3754
3755
3757
3762
3765
3766
3769
3770
3774
3775
3778
3780
3781
3783
3790
3791
3792
3793
3795
3796
3806
3808
3809
3810
3818
3828
3831
3832
3833
3835
3837
3843
3845
3852
3853
3855
3864
3866
3868
3869
3870
3871
3873
3874
3883
3886
3891
3897
3901
3905
3908
3914
3923
3925
3929
3930
3931
3932
3934
3949
3959
3960
3961
3962
3963
3970
3972
3973
3974
3975
3985
3990
3997
4000
4009
4011
4019
4020
4022
4023
4024
4025
4029
4031
4032
4042
4043
4044
4045
4049
4052
4053
4055
4056
4058
4059
4060
4061
4063
4064
4065
4066
4067
4068
4071
4072
4073
4074
4075
4076
4080
4083
4086
4088
4090
4092
4093
4094
4096
4097
4103
4104
4105
4107
4109
4118
4119
4121
4122
4125
4126
4128
4132
4133
4136
4137
4138
4139
4140
4148
4151
4158
4163
4164
4166
4167
4170
4171
4173
4174
4175
4176
4179
4182
4184
4185
4186
4187
4188
4190
4192
4193
4199
4200
4201
4203
4207
4209
4211
4217
4219
4220
4221
4226
4228
4229
4231
4232
4238
4239
4240
4243
4244
4246
4248
4249
4252
4254
4256
4262
4265
4266
4268
4269
4271
4278
4281
4284
4285
4286
4288
4289
4292
4294
4295
4296
4299
4302
4305
4306
4307
4308
4313
4318
4319
4320
4323
4324
4328
4330
4334
4335
4336
4338
4340
4348
4353
4355
4358
4359
4360
4361
4363
4366
4367
4368
4370
4371
4372
4375
4376
4377
4378
4383
4385
4386
4387
4388
4389
4396
4397
4398
4400
4402
4403
4404
4405
4409
4410
4413
4415
4416
4417
4418
4419
4420
4425
4427
4428
4429
4432
4438
4439
4440
4442
4447
4448
4450
4451
4454
4458
4462
4467
4469
4470
4474
4477
4479
4482
4483
4484
4489
4491
4492
4493
4497
4499
4501
4503
4504
4516
4517
4530
4535
4537
4538
4545
4546
4548
4549
4551
4557
4558
4559
4562
4564
4565
4568
4570
4573
4577
4581
4582
4583
4592
4593
4596
4599
4602
4603
4604
4620
4622
4624
4640
4641
4642
4644
4657
4662
4663
4667
4668
4671
4672
4675
4689
4691
4692
4693
4694
4695
4697
4698
4699
4704
4706
4712
4714
4716
4717
4720
4721
4722
4732
4738
4739
4741
4742
4751
4758
4765
4768
4769
4780
4781
4783
4784
4788
4790
4794
4796
4800
4803
4807
4808
4809
4810
4820
4822
4826
4827
4829
4832
4837
4841
4842
4844
4845
4847
4856
4857
4860
4862
4867
4872
4875
4876
4877
4880
4881
4882
4884
4889
4899
4900
4906
4911
4916
4917
4922
4923
4928
4934
4938
4940
4941
4943
4944
4945
4946
4947
4949
4950
4953
4955
4957
4958
4960
4963
4965
4967
4968
4971
4977
4980
4983
4989
4990
4991
4995
4996
4997
4999
5000
5001
5002
5004
5007
5010
5013
5014
5017
5018
5019
5021
5022
5025
5031
5033
5045
5046
5047
5049
5052
5054
5055
5056
5057
5058
5059
5073
5074
5076
5077
5078
5079
5081
5082
5083
5084
5085
5089
5093
5099
5100
5104
5110
5111
5116
5117
5118
5119
5123
5126
5127
5128
5136
5141
5145
5168
5170
5171
5172
5173
5178
5181
5185
5187
5194
5201
5202
5208
5213
5218
5220
5222
5223
5225
5227
5231
5234
5239
5242
5248
5249
5250
5251
5252
5256
5257
5258
5261
5263
5265
5266
5270
5271
5273
5279
5280
5281
5288
5289
5295
5296
5297
5298
5300
5305
5314
5319
5321
5327
5329
5330
5331
5333
5336
5338
5346
5347
5349
5351
5362
5364
5367
5368
5372
5373
5378
5379
5381
5382
5383
5391
5394
5395
5396
5397
5406
5407
5409
5412
5413
5414
5415
5417
5419
5420
5422
5423
5425
5429
5430
5439
5443
5445
5446
5456
5458
5459
5460
5463
5464
5468
5474
5477
5484
5485
5489
5490
5494
5495
5496
5499
5500
5501
5503
5506
5514
5515
5516
5520
5521
5523
5525
5528
5530
5542
5544
5546
5550
5552
5553
5555
5557
5558
5560
5562
5564
5570
5574
5575
5576
5579
5582
5585
5586
5594
5598
5600
5604
5609
5611
5612
5614
5620
5621
5622
5625
5627
5629
5636
5637
5638
5640
5642
5648
5650
5651
5652
5653
5654
5657
5664
5666
5668
5671
5675
5676
5681
5682
5683
5684
5685
5686
5687
5691
5693
5704
5708
5709
5714
5715
5718
5719
5720
5723
5724
5726
5727
5731
5733
5736
5738
5739
5740
5742
5746
5747
5748
5749
5753
5754
5757
5760
5762
5763
5765
5767
5770
5772
5774
5776
5777
5778
5779
5781
5782
5783
5784
5787
5788
5789
5792
5793
5795
5797
5798
5799
5802
5803
5806
5809
5810
5813
5814
5818
5820
5821
5822
5823
5824
5826
5831
5832
5834
5845
5846
5847
5848
5850
5854
5855
5857
5859
5860
5862
5867
5868
5871
5873
5875
5880
5881
5885
5887
5889
5890
5892
5893
5894
5904
5905
5908
5909
5910
5913
5914
5917
5918
5920
5921
5925
5926
5927
5931
5933
5935
5936
5938
5941
5943
5944
5951
5952
5954
5955
5958
5960
5961
5964
5966
5968
5972
5973
5974
5979
5981
5982
5986
5987
5988
5993
5995
5996
5997
6000
6001
6004
6006
6008
6011
6012
6013
6016
6017
6018
6019
6022
6024
6025
6028
6029
6030
6031
6032
6039
6041
6043
6045
6046
6053
6055
6061
6062
6063
6065
6068
6070
6071
6072
6073
6076
6084
6092
6094
6095
6096
6097
6101
6106
6111
6112
6118
6120
6121
6122
6123
6125
6135
6140
6141
6143
6144
6145
6147
6148
6151
6153
6155
6157
6162
6163
6164
6168
6169
6170
6173
6175
6178
6179
6189
6190
6192
6193
6194
6195
6198
6199
6200
6201
6202
6205
6210
6222
6223
6226
6228
6234
6236
6237
6238
6240
6241
6245
6249
6250
6252
6263
6264
6266
6268
6272
6276
6278
6279
6280
6281
6282
6285
6287
6288
6289
6292
6300
6302
6303
6305
6306
6311
6312
6320
6323
6327
6329
6336
6341
6343
6344
6345
6347
6348
6353
6361
6362
6364
6365
6366
6368
6369
6373
6375
6379
6397
6403
6404
6406
6407
6414
6415
6418
6419
6422
6423
6424
6425
6428
6431
6435
6444
6446
6447
6449
6450
6458
6459
6464
6467
6468
6470
6472
6473
6476
6480
6483
6484
6486
6487
6488
6489
6491
6492
6493
6500
6501
6504
6507
6509
6511
6512
6516
6518
6520
6523
6524
6525
6529
6543
6544
6549
6550
6552
6553
6555
6556
6558
6559
6560
6562
6564
6565
6567
6570
6572
6576
6577
6578
6579
6580
6581
6582
6586
6587
6588
6592
6594
6595
6610
6616
6622
6623
6628
6636
6638
6640
6642
6643
6648
6649
6650
6652
6653
6655
6658
6659
6662
6663
6667
6668
6671
6672
6673
6676
6677
6678
6679
6680
6681
6683
6694
6695
6696
6699
6700
6710
6712
6715
6717
6718
6721
6722
6725
6726
6730
6732
6735
6737
6740
6741
6742
6743
6746
6747
6750
6751
6752
6753
6754
6755
6757
6759
6760
6761
6764
6774
6775
6776
6778
6779
6780
6781
6785
6786
6787
6788
6789
6790
6791
6795
6801
6802
6803
6804
6805
6808
6809
6810
6811
6812
6814
6815
6816
6817
6818
6819
6821
6823
6824
6825
6826
6827
6828
6830
6831
6832
6839
6840
6841
6844
6845
6846
6848
6850
6851
6852
6857
6861
6862
6865
6866
6868
6869
6871
6872
6873
6876
6877
6878
6879
6880
6882
6883
6884
6885
6888
6889
6890
6892
6894
6896
6897
6900
6902
6903
6904
6905
6907
6908
6911
6913
6914
6918
6922
6923
6924
6926
6927
6931
6932
6935
6936
6937
6939
6940
6941
6943
6949
6950
6951
6953
6955
6956
6957
6958
6962
6963
6964
6967
6968
6973
6975
6976
6980
6986
6990
6993
6996
6997
6998
7001
7003
7010
7012
7013
7015
7016
7017
7018
7019
7022
7023
7025
7026
7028
7030
7031
7035
7036
7037
7040
7042
7043
7046
7047
7048
7049
7050
7051
7059
7063
7067
7075
7076
7077
7079
7081
7087
7092
7100
7103
7108
7109
7110
7111
7112
7114
7115
7116
7117
7119
7121
7123
7124
7126
7127
7128
7131
7132
7133
7136
7140
7141
7143
7145
7147
7152
7153
7157
7158
7160
7162
7163
7167
7170
7171
7174
7175
7176
7177
7181
7182
7184
7186
7187
7188
7189
7190
7193
7194
7197
7198
7201
7203
7206
7207
7210
7214
7217
7219
7222
7223
7224
7232
7234
7236
7237
7239
7242
7243
7244
7252
7253
7254
7255
7256
7262
7263
7264
7267
7268
7269
7273
7274
7278
7279
7280
7281
7284
7285
7286
7287
7289
7290
7292
7294
7296
7300
7301
7304
7305
7310
7313
7314
7315
7316
7317
7319
7321
7322
7324
7326
7327
7329
7330
7331
7332
7337
7338
7344
7346
7349
7350
7351
7353
7356
7357
7358
7359
7361
7362
7365
7367
7369
7373
7374
7376
7377
7378
7381
7383
7386
7389
7390
7391
7392
7394
7398
7399
7401
7402
7404
7407
7408
7411
7413
7414
7415
7419
7422
7423
7424
7425
7433
7435
7436
7437
7438
7441
7442
7444
7446
7447
7448
7456
7458
7461
7464
7472
7474
7475
7477
7479
7481
7486
7487
7489
7490
7491
7493
7494
7499
7502
7503
7506
7507
7508
7509
7511
7512
7513
7514
7516
7520
7522
7523
7527
7531
7534
7535
7536
7537
7539
7541
7542
7543
7544
7545
7547
7551
7552
7555
7567
7570
7577
7578
7580
7583
7584
7585
7587
7592
7597
7598
7602
7603
7610
7611
7613
7615
7616
7622
7624
7625
7630
7633
7634
7636
7637
7638
7643
7644
7645
7646
7651
7652
7653
7654
7655
7658
7662
7664
7665
7671
7672
7676
7678
7680
7685
7687
7688
7692
7695
7701
7704
7709
7711
7714
7715
7716
7719
7729
7731
7732
7733
7736
7737
7742
7744
7745
7747
7749
7752
7756
7760
7761
7763
7764
7765
7767
7768
7770
7773
7774
7775
7776
7784
7785
7786
7787
7788
7789
7798
7800
7802
7805
7806
7813
7819
7821
7823
7824
7826
7827
7831
7832
7835
7838
7839
7840
7841
7844
7847
7848
7854
7860
7863
7864
7865
7867
7869
7873
7874
7876
7877
7879
7880
7882
7883
7884
7885
7886
7887
7888
7890
7892
7894
7897
7899
7902
7906
7907
7915
7917
7919
7920
7921
7922
7923
7924
7925
7927
7929
7934
7935
7936
7937
7942
7943
7945
7946
7948
7950
7952
7954
7956
7957
7958
7959
7966
7967
7974
7976
7978
7979
7980
7981
7982
7983
7985
7988
7989
7994
7995
7997
7998
8001
8006
8007
8008
8010
8011
8013
8014
8016
8017
8019
8020
8021
8022
8024
8026
8029
8030
8031
8033
8034
8036
8038
8039
8041
8045
8046
8047
8052
8053
8055
8057
8058
8059
8061
8062
8070
8071
8073
8075
8078
8079
8081
8082
8084
8087
8090
8092
8093
8097
8098
8100
8107
8108
8112
8113
8114
8115
8116
8117
8118
8122
8133
8134
8135
8140
8141
8143
8145
8148
8152
8153
8154
8155
8159
8162
8163
8164
8165
8166
8167
8168
8170
8174
8175
8176
8177
8178
8192
8198
8201
8203
8204
8205
8207
8210
8211
8212
8214
8215
8217
8221
8222
8224
8227
8231
8233
8235
8236
8237
8241
8242
8243
8245
8247
8248
8251
8252
8253
8254
8255
8256
8257
8258
8260
8262
8263
8264
8265
8266
8267
8268
8269
8271
8272
8274
8276
8278
8281
8282
8283
8284
8288
8289
8290
8293
8295
8299
8301
8303
8315
8317
8318
8319
8322
8325
8327
8328
8329
8330
8331
8336
8337
8340
8346
8347
8349
8351
8352
8360
8361
8369
8371
8373
8374
8375
8377
8378
8380
8381
8383
8384
8386
8388
8390
8391
8394
8395
8397
8398
8400
8401
8407
8411
8413
8416
8419
8420
8426
8429
8431
8432
8433
8443
8444
8446
8447
8451
8453
8455
8458
8462
8468
8469
8472
8475
8477
8478
8479
8480
8481
8482
8483
8484
8485
8486
8487
8488
8489
8490
8491
8492
8493
8499
8500
8501
8503
8504
8507
8509
8510
8512
8513
8519
8520
8521
8522
8523
8524
8525
8526
8527
8530
8533
8534
8535
8536
8540
8541
8543
8544
8545
8546
8547
8548
8549
8550
8557
8558
8563
8564
8565
8566
8568
8569
8570
8573
8578
8580
8581
8582
8583
8586
8588
8589
8590
8591
8594
8596
8598
8599
8600
8602
8603
8604
8609
8611
8612
8614
8615
8620
8623
8624
8628
8632
8634
8635
8636
8641
8643
8644
8645
8651
8652
8653
8654
8656
8658
8660
8663
8664
8666
8667
8672
8673
8684
8685
8687
8691
8692
8693
8695
8696
8699
8700
8701
8702
8704
8709
8710
8711
8714
8715
8719
8720
8722
8724
8726
8727
8729
8730
8731
8732
8733
8734
8736
8738
8739
8740
8741
8742
8743
8744
8745
8746
8749
8750
8753
8754
8755
8756
8757
8761
8763
8764
8765
8766
8767
8772
8773
8774
8775
8778
8779
8780
8781
8784
8785
8787
8788
8789
8790
8791
8792
8794
8795
8796
8797
8801
8803
8808
8809
8810
8814
8815
8816
8820
8821
8822
8823
8824
8825
8827
8828
8836
8838
8840
8841
8843
8846
8851
8855
8857
8858
8861
8865
8868
8869
8870
8871
8875
8876
8879
8883
8887
8893
8896
8898
8900
8902
8906
8909
8911
8913
8915
8916
8917
8918
8919
8920
8922
8924
8929
8931
8934
8937
8941
8943
8946
8949
8953
8956
8957
8961
8963
8965
8966
8967
8968
8969
8971
8973
8977
8982
8988
8990
8993
8994
8995
8998
9000
9004
9005
9011
9012
9015
9019
9020
9021
9023
9025
9026
9031
9032
9033
9035
9036
9039
9041
9042
9043
9044
9047
9049
9051
9055
9063
9064
9067
9069
9070
9071
9079
9080
9082
9087
9088
9089
9090
9093
9095
9102
9106
9107
9109
9110
9120
9122
9123
9124
9125
9130
9132
9133
9135
9137
9141
9144
9148
9150
9152
9156
9157
9158
9159
9163
9165
9166
9167
9169
9171
9172
9173
9178
9179
9182
9184
9186
9187
9193
9194
9195
9196
9197
9199
9200
9206
9207
9209
9210
9211
9212
9214
9218
9224
9226
9227
9228
9229
9233
9235
9240
9241
9242
9246
9250
9254
9255
9260
9265
9267
9269
9271
9272
9274
9275
9277
9285
9287
9288
9299
9301
9302
9303
9304
9306
9307
9309
9310
9312
9313
9315
9316
9317
9319
9321
9323
9329
9335
9337
9338
9339
9342
9343
9346
9349
9355
9357
9358
9359
9361
9362
9363
9364
9366
9370
9378
9379
9392
9396
9397
9398
9399
9401
9406
9407
9413
9414
9417
9418
9420
9421
9422
9425
9426
9430
9433
9436
9442
9446
9447
9453
9455
9456
9457
9462
9463
9465
9467
9470
9471
9472
9473
9474
9476
9480
9482
9485
9488
9490
9492
9493
9496
9497
9498
9499
9500
9501
9502
9503
9505
9506
9520
9521
9526
9527
9528
9529
9534
9536
9537
9538
9540
9546
9547
9548
9550
9551
9552
9556
9558
9559
9564
9566
9568
9571
9573
9585
9586
9587
9588
9591
9593
9594
9604
9607
9609
9610
9615
9619
9624
9627
9628
9629
9632
9634
9635
9636
9642
9644
9649
9650
9651
9659
9665
9667
9669
9670
9671
9673
9674
9677
9680
9681
9682
9684
9685
9688
9690
9691
9693
9695
9696
9704
9705
9708
9712
9713
9714
9717
9719
9723
9725
9727
9728
9731
9734
9735
9737
9738
9739
9740
9742
9745
9750
9751
9752
9753
9755
9757
9758
9759
9760
9761
9762
9767
9768
9769
9770
9773
9774
9777
9778
9781
9783
9785
9787
9788
9789
9793
9794
9797
9799
9800
9802
9803
9804
9806
9809
9812
9814
9821
9822
9826
9827
9828
9830
9831
9832
9833
9835
9838
9839
9840
9847
9851
9852
9853
9854
9855
9856
9859
9861
9863
9869
9870
9871
9872
9875
9879
9880
9891
9892
9893
9894
9896
9897
9901
9902
9903
9904
9906
9907
9911
9915
9917
9919
9920
9921
9925
9926
9927
9929
9930
9932
9934
9935
9936
9938
9939
9940
9941
9942
9944
9947
9951
9952
9954
9955
9956
9959
9960
9961
9963
9965
9968
9973
9974
9975
9976
9979
9981
9982
9983
9984
9985
9986
9988
9989
9990
9992
9993
9994
9995
9997
9999
10000
10004
10006
10007
10011
10013
10014
10016
10019
10020
10022
10024
10026
10027
10028
10029
10031
10033
10037
10039
10040
10041
10042
10043
10044
10046
10047
10048
10050
10051
10052
10054
10055
10056
10058
10060
10063
10064
10065
10069
10072
10073
10074
10076
10077
10080
10082
10083
10084
10087
10088
10089
10090
10093
10095
10097
10098
10099
10100
10105
10110
10115
10118
10120
10121
10125
10128
10129
10131
10132
10136
10140
10143
10145
10148
10150
10151
10155
10158
10169
10170
10171
10179
10181
10184
10187
10190
10191
10192
10193
10194
10197
10201
10204
10207
10208
10210
10212
10215
10220
10224
10227
10229
10232
10235
10249
10251
10252
10254
10257
10258
10261
10262
10263
10266
10271
10272
10273
10275
10276
10278
10279
10280
10281
10282
10283
10284
10285
10286
10289
10290
10292
10300
10301
10304
10306
10310
10311
10312
10314
10319
10323
10324
10329
10330
10331
10333
10334
10335
10343
10346
10349
10351
10352
10357
10358
10359
10362
10363
10371
10372
10377
10378
10381
10382
10384
10386
10392
10393
10395
10398
10402
10406
10408
10410
10412
10418
10425
10427
10428
10431
10432
10433
10435
10438
10442
10445
10447
10452
10460
10462
10466
10467
10468
10469
10472
10477
10478
10483
10485
10486
10487
10488
10489
10495
10496
10498
10499
10502
10503
10506
10509
10511
10512
10513
10514
10520
10522
10528
10529
10530
10531
10532
10533
10534
10537
10539
10541
10542
10547
10553
10556
10557
10559
10561
10562
10563
10571
10572
10573
10581
10582
10590
10591
10592
10605
10610
10611
10613
10614
10615
10616
10617
10619
10625
10627
10631
10639
10640
10642
10646
10647
10648
10651
10652
10655
10659
10669
10675
10676
10679
10681
10687
10688
10703
10704
10705
10706
10710
10711
10712
10713
10719
10720
10723
10725
10726
10728
10729
10731
10733
10738
10740
10747
10751
10752
10753
10756
10757
10758
10762
10764
10765
10770
10771
10773
10775
10776
10777
10778
10779
10782
10784
10786
10787
10807
10809
10810
10816
10817
10818
10821
10825
10826
10835
10841
10849
10851
10852
10853
10854
10855
10857
10862
10865
10867
10868
10870
10875
10876
10878
10885
10886
10892
10893
10897
10900
10901
10914
10916
10918
10919
10922
10923
10924
10925
10926
10927
10928
10929
10931
10932
10933
10936
10938
10939
10940
10943
10949
10952
10955
10959
10960
10962
10963
10965
10967
10968
10970
10973
10975
10976
10980
10983
10984
10985
10988
10990
10994
11003
11004
11008
11009
11011
11012
11017
11020
11021
11022
11025
11026
11029
11031
11033
11034
11035
11036
11038
11040
11044
11047
11048
11049
11050
11051
11056
11058
11059
11060
11061
11062
11063
11065
11066
11069
11070
11072
11076
11077
11078
11079
11080
11082
11083
11084
11085
11086
11091
11092
11093
11094
11095
11098
11099
11100
11101
11104
11106
11109
11112
11113
11114
11115
11116
11118
11119
11120
11126
11127
11130
11136
11137
11139
11141
11142
11146
11148
11149
11152
11153
11156
11157
11159
11160
11161
11164
11165
11169
11172
11173
11174
11179
11180
11183
11184
11186
11188
11192
11195
11198
11200
11205
11209
11210
11211
11219
11220
11223
11224
11225
11229
11238
11239
11247
11248
11250
11252
11255
11263
11264
11266
11267
11269
11273
11279
11282
11283
11286
11293
11295
11296
11297
11298
11301
11302
11311
11313
11314
11319
11324
11325
11326
11327
11328
11332
11345
11348
11350
11351
11357
11364
11371
11374
11378
11379
11380
11382
11384
11386
11387
11388
11390
11395
11396
11399
11401
11402
11404
11409
11410
11411
11413
11414
11422
11423
11425
11428
11429
11434
11435
11437
11438
11439
11447
11448
11449
11450
11451
11452
11453
11459
11460
11461
11463
11464
11467
11468
11469
11477
11478
11479
11481
11486
11487
11488
11489
11490
11491
11493
11496
11498
11500
11501
11502
11504
11507
11510
11511
11512
11514
11523
11524
11526
11534
11535
11537
11541
11548
11550
11555
11557
11559
11561
11574
11575
11576
11589
11592
11597
11598
11600
11601
11602
11604
11605
11607
11610
11611
11618
11619
11623
11631
11632
11633
11634
11635
11645
11647
11651
11654
11658
11659
11660
11661
11662
11665
11670
11671
11672
11675
11676
11679
11687
11688
11689
11690
11691
11692
11695
11696
11697
11703
11704
11706
11717
11718
11719
11723
11724
11727
11728
11729
11730
11731
11732
11733
11734
11735
11737
11739
11742
11743
11749
11751
11752
11753
11754
11755
11756
11759
11761
11762
11763
11769
11770
11771
11772
11773
11775
11779
11782
11785
11789
11791
11798
11799
11804
11809
11810
11811
11813
11814
11817
11822
11823
11826
11827
11828
11829
11830
11832
11833
11835
11837
11838
11839
11840
11841
11842
11847
11852
11853
11859
11867
11870
11872
11873
11875
11876
11877
11878
11879
11881
11884
11885
11886
11887
11888
11889
11896
11899
11900
11901
11902
11904
11905
11908
11915
11917
11918
11919
11922
11924
11925
11928
11929
11930
11931
11932
11934
11935
11936
11939
11944
11951
11952
11953
11954
11955
11956
11957
11958
11961
11963
11964
11969
11971
11972
11973
11974
11975
11976
11979
11980
11981
11982
11983
11985
11987
11989
11990
11992
11993
11994
11996
12000
12002
12003
12009
12011
12013
12014
12015
12017
12019
12020
12024
12025
12026
12028
12034
12035
12036
12037
12040
12041
12042
12043
12047
12050
12051
12052
12055
12056
12060
12061
12063
12064
12066
12068
12070
12071
12072
12074
12077
12078
12079
12081
12082
12086
12087
12090
12091
12093
12094
12095
12097
12098
12099
12101
12102
12104
12105
12106
12108
12109
12110
12112
12114
12116
12118
12120
12121
12122
12127
12129
12130
12131
12137
12138
12140
12145
12153
12157
12158
12160
12164
12165
12167
12168
12170
12172
12174
12175
12176
12177
12178
12180
12181
12185
12190
12191
12193
12196
12200
12202
12205
12207
12208
12210
12212
12213
12215
12216
12217
12219
12220
12221
12223
12224
12225
12226
12227
12228
12230
12231
12232
12233
12238
12243
12245
12247
12248
12256
12260
12263
12266
12267
12268
12271
12273
12275
12277
12278
12279
12282
12287
12289
12296
12297
12301
12303
12305
12308
12309
12313
12314
12315
12319
12320
12324
12327
12328
12330
12331
12332
12335
12336
12337
12339
12340
12341
12342
12344
12348
12354
12368
12371
12372
12378
12379
12382
12384
12385
12386
12388
12390
12391
12399
12400
12403
12404
12406
12408
12409
12413
12414
12415
12416
12426
12427
12429
12431
12432
12435
12436
12437
12443
12444
12447
12451
12452
12462
12463
12464
12470
12471
12473
12476
12477
12481
12482
12484
12485
12491
12493
12498
12509
12510
12512
12520
12525
12527
12535
12537
12540
12541
12542
12543
12549
12551
12555
12559
12561
12563
12564
12565
12566
12567
12570
12571
12575
12576
12581
12582
12585
12586
12588
12589
12594
12595
12596
12600
12601
12603
12604
12607
12609
12611
12616
12618
12619
12620
12621
12622
12625
12627
12629
12632
12642
12645
12648
12652
12654
12655
12657
12659
12660
12671
12672
12677
12678
12679
12682
12685
12686
12688
12693
12696
12699
12700
12702
12703
12705
12706
12708
12709
12710
12712
12716
12717
12718
12720
12723
12725
12728
12730
12732
12733
12735
12736
12743
12748
12750
12753
12756
12759
12760
12763
12767
12768
12771
12773
12774
12776
12777
12778
12780
12783
12785
12788
12791
12792
12794
12799
12801
12803
12806
12808
12809
12811
12813
12815
12819
12821
12822
12823
12832
12835
12836
12839
12845
12847
12851
12852
12853
12861
12863
12864
12868
12871
12872
12873
12874
12876
12879
12882
12883
12884
12885
12887
12888
12889
12890
12892
12893
12894
12895
12897
12898
12900
12904
12905
12912
12916
12917
12918
12921
12922
12923
12924
12925
12928
12930
12933
12934
12936
12937
12939
12941
12943
12947
12948
12952
12953
12954
12956
12959
12961
12964
12966
12967
12968
12974
12975
12976
12980
12984
12986
12987
12988
12989
12990
12992
12995
13000
13002
13003
13004
13006
13008
13010
13011
13012
13013
13014
13015
13016
13017
13018
13019
13022
13027
13028
13030
13033
13035
13047
13048
13049
13052
13053
13055
13058
13062
13063
13064
13066
13067
13070
13073
13074
13076
13078
13082
13084
13087
13090
13092
13094
13099
13101
13102
13103
13105
13107
13108
13110
13114
13116
13118
13119
13121
13122
13123
13125
13126
13127
13128
13131
13134
13136
13137
13138
13140
13147
13149
13150
13151
13153
13154
13155
13158
13160
13161
13168
13170
13171
13174
13175
13180
13181
13182
13184
13185
13187
13188
13189
13191
13192
13194
13195
13199
13200
13202
13204
13205
13206
13207
13208
13209
13211
13212
13213
13214
13215
13216
13220
13224
13225
13236
13239
13242
13251
13256
13257
13258
13259
13260
13262
13263
13264
13265
13271
13274
13277
13278
13279
13280
13282
13288
13290
13293
13294
13296
13303
13310
13312
13313
13315
13318
13319
13321
13322
13326
13332
13333
13335
13341
13342
13343
13344
13347
13349
13351
13355
13357
13358
13359
13362
13373
13374
13376
13377
13379
13380
13381
13391
13393
13394
13399
13402
13403
13405
13406
13411
13412
13413
13416
13418
13419
13425
13426
13428
13429
13432
13437
13440
13449
13450
13451
13457
13462
13464
13468
13469
13471
13473
13474
13476
13484
13488
13489
13492
13493
13494
13496
13498
13505
13506
13513
13517
13518
13519
13524
13526
13527
13531
13532
13533
13535
13548
13549
13550
13551
13552
13553
13554
13556
13558
13566
13573
13575
13580
13581
13582
13583
13590
13597
13599
13601
13602
13608
13613
13620
13623
13625
13628
13631
13632
13641
13644
13648
13650
13652
13653
13655
13656
13657
13658
13660
13661
13662
13668
13669
13670
13672
13673
13675
13676
13677
13680
13682
13683
13685
13690
13691
13692
13693
13695
13696
13702
13703
13704
13705
13706
13709
13710
13712
13713
13716
13717
13721
13722
13723
13725
13729
13730
13731
13732
13733
13734
13735
13736
13737
13741
13742
13748
13749
13750
13751
13753
13754
13758
13765
13771
13773
13775
13776
13777
13778
13779
13781
13782
13792
13793
13794
13797
13798
13799
13801
13803
13804
13806
13807
13808
13809
13810
13813
13817
13819
13822
13824
13830
13831
13833
13834
13837
13838
13841
13846
13854
13855
13859
13862
13865
13871
13873
13874
13875
13880
13881
13884
13886
13888
13889
13891
13896
13901
13904
13905
13906
13910
13913
13914
13915
13916
13922
13923
13925
13926
13927
13928
13930
13933
13934
13935
13936
13939
13977
13984
13985
13990
13991
13992
13993
13994
13995
13997
13999
14001
14003
14004
14005
14006
14011
14012
14013
14018
14022
14023
14024
14025
14026
14028
14032
14033
14035
14036
14038
14039
14045
14048
14050
14052
14053
14057
14058
14059
14060
14063
14066
14067
14069
14072
14073
14074
14077
14078
14080
14081
14085
14086
14087
14088
14091
14092
14093
14094
14095
14096
14098
14100
14102
14103
14104
14107
14108
14109
14110
14112
14115
14116
14118
14119
14121
14122
14124
14125
14130
14131
14134
14136
14137
14139
14143
14144
14145
14146
14147
14148
14150
14152
14154
14156
14157
14161
14163
14167
14168
14169
14170
14171
14172
14173
14175
14177
14179
14180
14181
14182
14183
14186
14188
14189
14190
14195
14196
14197
14201
14202
14205
14206
14210
14211
14212
14213
14214
14215
14216
14218
14222
14224
14226
14228
14229
14231
14232
14233
14238
14240
14241
14243
14244
14247
14249
14250
14251
14252
14260
14263
14264
14265
14266
14267
14268
14269
14273
14274
14276
14278
14282
14283
14284
14285
14286
14288
14289
14292
14293
14297
14303
14305
14306
14307
14309
14310
14312
14313
14314
14316
14318
14319
14321
14322
14323
14325
14326
14327
14330
14331
14332
14333
14334
14335
14336
14338
14341
14344
14346
14347
14352
14353
14356
14358
14359
14361
14362
14365
14366
14368
14370
14371
14373
14374
14375
14376
14377
14380
14382
14383
14385
14386
14388
14390
14392
14393
14396
14397
14400
14404
14408
14409
14410
14413
14415
14416
14418
14419
14420
14421
14424
14430
14432
14436
14438
14440
14441
14442
14445
14447
14452
14453
14455
14456
14457
14458
14464
14467
14473
14475
14476
14477
14478
14480
14488
14489
14490
14493
14494
14496
14498
14500
14501
14502
14504
14507
14512
14513
14514
14517
14522
14523
14524
14526
14532
14533
14534
14535
14536
14537
14538
14543
14544
14545
14547
14549
14550
14551
14552
14555
14557
14558
14562
14565
14566
14569
14573
14575
14576
14577
14578
14579
14580
14582
14590
14591
14592
14593
14594
14596
14598
14600
14606
14608
14609
14610
14611
14621
14622
14623
14624
14625
14632
14633
14634
14638
14640
14642
14644
14646
14656
14657
14658
14661
14662
14663
14664
14666
14669
14670
14671
14672
14674
14675
14676
14679
14681
14682
14683
14685
14689
14693
14696
14697
14698
14699
14700
14701
14702
14706
14707
14708
14709
14711
14720
14721
14723
14728
14730
14731
14732
14735
14736
14737
14738
14747
14748
14750
14751
14771
14815
14816
14818
14822
14824
14825
14826
14828
14830
14831
14832
14835
14836
14841
14849
14850
14851
14858
14860
14861
14862
14863
14864
14868
14872
14873
14876
14877
14880
14881
14883
14884
14885
14886
14887
14889
14891
14894
14897
14898
14900
14901
14905
14907
14910
14916
14918
14920
14921
14923
14924
14925
14927
14929
14931
14932
14933
14936
14938
14940
14941
14943
14944
14945
14950
14951
14955
14957
14959
14963
14964
14965
14968
14969
14970
14971
14972
14974
14975
14976
14977
14980
14982
14983
14990
14992
14995
15004
15005
15006
15007
15010
15012
15013
15014
15015
15018
15019
15022
15023
15024
15026
15027
15029
15030
15038
15042
15048
15049
15053
15055
15057
15058
15059
15064
15065
15066
15067
15068
15069
15071
15072
15076
15077
15078
15079
15080
15081
15085
15086
15088
15089
15090
15092
15093
15095
15096
15098
15102
15103
15105
15106
15108
15111
15114
15115
15116
15118
15119
15120
15121
15122
15124
15125
15126
15127
15129
15130
15131
15132
15133
15134
15136
15138
15139
15142
15144
15148
15149
15150
15151
15154
15155
15157
15158
15160
15162
15163
15165
15166
15167
15169
15170
15172
15175
15176
15177
15178
15179
15180
15184
15185
15190
15191
15193
15194
15196
15198
15199
15202
15204
15205
15208
15209
15212
15213
15214
15216
15217
15218
15220
15221
15222
15224
15226
15227
15228
15230
15231
15233
15234
15235
15236
15237
15238
15239
15240
15241
15245
15247
15249
15251
15252
15253
15254
15257
15261
15262
15265
15266
15271
15273
15274
15275
15276
15277
15281
15282
15283
15284
15286
15287
15289
15292
15293
15296
15303
15306
15308
15314
15315
15320
15321
15322
15323
15326
15328
15329
15331
15333
15334
15339
15342
15343
15349
15350
15354
15356
15358
15360
15363
15368
15371
15372
15373
15374
15376
15377
15378
15379
15380
15382
15384
15385
15386
15390
15391
15392
15393
15394
15395
15398
15399
15405
15406
15407
15409
15411
15412
15413
15414
15417
15420
15421
15423
15424
15425
15426
15428
15432
15433
15434
15435
15438
15442
15446
15448
15449
15450
15452
15458
15460
15461
15462
15463
15466
15467
15471
15472
15473
15474
15476
15477
15478
15482
15483
15484
15485
15486
15487
15488
15489
15491
15493
15494
15495
15496
15497
15498
15499
15500
15501
15502
15503
15506
15508
15511
15515
15516
15517
15519
15520
15521
15522
15525
15527
15528
15530
15532
15533
15534
15535
15536
15537
15538
15539
15540
15544
15545
15546
15548
15549
15550
15551
15553
15554
15555
15556
15557
15558
15559
15560
15561
15562
15563
15569
15570
15571
15572
15573
15586
15591
15593
15594
15596
15597
15598
15599
15601
15605
15606
15608
15609
15610
15611
15612
15614
15622
15624
15626
15627
15629
15630
15633
15634
15637
15638
15639
15640
15643
15645
15646
15649
15650
15651
15654
15657
15658
15659
15660
15664
15666
15667
15669
15671
15673
15674
15675
15676
15680
15685
15689
15691
15692
15695
15697
15699
15700
15701
15704
15708
15709
15710
15711
15712
15713
15714
15715
15716
15723
15725
15726
15727
15732
15738
15740
15741
15742
15744
15745
15747
15750
15751
15755
15757
15759
15761
15763
15764
15768
15771
15772
15773
15774
15778
15780
15781
15783
15784
15785
15793
15794
15795
15800
15802
15803
15804
15805
15807
15810
15811
15814
15815
15818
15820
15821
15825
15830
15831
15832
15833
15834
15836
15838
15839
15844
15847
15850
15851
15852
15854
15859
15860
15863
15864
15866
15867
15868
15870
15872
15873
15874
15877
15878
15879
15885
15886
15887
15888
15889
15891
15892
15893
15895
15896
15897
15898
15899
15901
15909
15911
15912
15915
15916
15920
15924
15925
15926
15932
15933
15935
15937
15938
15939
15941
15942
15943
15947
15949
15953
15954
15955
15963
15967
15970
15971
15973
15974
15975
15976
15977
15980
15982
15983
15984
15985
15994
15995
15999
16001
16002
16004
16006
16007
16013
16016
16017
16018
16019
16020
16026
16035
16041
16043
16045
16050
16062
16065
16069
16071
16072
16073
16074
16083
16084
16085
16086
16089
16091
16092
16093
16097
16101
16103
16104
16110
16113
16114
16117
16125
16126
16127
16129
16130
16131
16139
16141
16143
16145
16148
16150
16151
16153
16156
16157
16160
16161
16162
16163
16164
16165
16168
16169
16170
16171
16172
16175
16177
16181
16183
16184
16185
16186
16187
16188
16190
16195
16197
16199
16202
16205
16210
16211
16212
16213
16214
16215
16217
16218
16219
16220
16221
16224
16228
16231
16232
16233
16235
16236
16237
16238
16240
16242
16243
16245
16247
16248
16251
16254
16256
16258
16259
16260
16262
16263
16264
16266
16269
16270
16276
16278
16282
16284
16285
16286
16293
16294
16295
16296
16297
16298
16299
16301
16302
16305
16306
16307
16309
16311
16315
16316
16318
16321
16322
16326
16327
16328
16330
16331
16332
16333
16334
16336
16338
16339
16340
16344
16345
16346
16347
16348
16351
16352
16353
16355
16358
16360
16363
16364
16366
16367
16368
16369
16370
16372
16374
16375
16376
16378
16382
16383
16388
16390
16392
16393
16394
16395
16396
16398
16399
16401
16402
16403
16404
16405
16407
16408
16409
16410
16412
16413
16415
16417
16419
16420
16421
16424
16425
16426
16427
16429
16430
16432
16435
16436
16437
16438
16441
16442
16444
16447
16448
16449
16451
16452
16453
16454
16455
16460
16463
16466
16467
16468
16470
16471
16474
16475
16476
16479
16480
16484
16485
16486
16488
16489
16490
16492
16493
16495
16497
16499
16500
16501
16502
16503
16504
16506
16507
16509
16513
16514
16515
16518
16520
16521
16522
16523
16524
16525
16526
16527
16528
16530
16533
16534
16537
16539
16542
16545
16546
16548
16549
16552
16555
16560
16562
16564
16565
16566
16567
16569
16571
16572
16573
16574
16575
16576
16577
16578
16581
16584
16586
16588
16590
16592
16593
16595
16597
16598
16601
16603
16605
16612
16613
16616
16617
16621
16623
16624
16626
16627
16630
16632
16633
16634
16635
16636
16637
16638
16639
16640
16641
16642
16644
16645
16647
16648
16649
16652
16653
16656
16657
16658
16660
16661
16663
16664
16665
16666
16667
16671
16672
16673
16674
16676
16677
16678
16679
16680
16681
16683
16686
16687
16688
16690
16691
16692
16696
16699
16700
16703
16705
16706
16708
16709
16710
16711
16713
16714
16716
16718
16719
16720
16721
16723
16724
16725
16728
16730
16732
16733
16734
16736
16738
16739
16740
16741
16744
16746
16747
16748
16750
16751
16752
16755
16758
16759
16761
16764
16767
16769
16771
16772
16774
16775
16776
16778
16779
16780
16781
16782
16783
16785
16786
16787
16788
16789
16790
16792
16794
16796
16798
16799
16800
16802
16803
16807
16808
16814
16815
16816
16817
16819
16821
16822
16843
16845
16847
16848
16849
16854
16856
16866
16867
16868
16869
16872
16876
16877
16878
16880
16881
16883
16884
16886
16887
16889
16894
16901
16904
16906
16907
16909
16910
16913
16918
16922
16923
16924
16926
16935
16936
16939
16944
16947
16949
16950
16951
16953
16955
16958
16961
16964
16965
16968
16969
16971
16972
16976
16979
16984
16985
16986
16987
16988
16991
16992
16994
16995
16996
17005
17006
17009
17018
17020
17024
17026
17027
17028
17030
17031
17032
17039
17041
17043
17044
17048
17049
17054
17055
17058
17059
17060
17061
17063
17064
17070
17072
17074
17076
17078
17079
17081
17082
17083
17084
17085
17087
17088
17089
17091
17092
17093
17100
17102
17103
17107
17108
17110
17112
17116
17117
17118
17119
17120
17121
17126
17127
17128
17129
17130
17131
17132
17133
17135
17138
17139
17140
17148
17149
17151
17152
17153
17154
17155
17156
17161
17162
17164
17165
17166
17168
17172
17174
17175
17176
17177
17179
17180
17181
17182
17184
17185
17187
17189
17192
17195
17199
17200
17201
17202
17203
17204
17205
17209
17213
17215
17217
17223
17224
17225
17227
17230
17232
17233
17234
17238
17239
17242
17243
17244
17252
17253
17255
17256
17259
17260
17263
17268
17269
17270
17271
17277
17280
17281
17282
17283
17287
17288
17290
17291
17293
17294
17295
17296
17297
17301
17302
17303
17305
17306
17307
17308
17309
17310
17311
17312
17318
17324
17329
17331
17332
17337
17339
17340
17345
17348
17349
17350
17351
17352
17353
17354
17355
17358
17360
17361
17362
17364
17366
17367
17368
17370
17372
17373
17374
17376
17380
17381
17389
17390
17403
17405
17406
17408
17409
17410
17412
17414
17415
17417
17418
17419
17421
17424
17426
17427
17428
17432
17433
17435
17439
17440
17441
17442
17444
17445
17446
17447
17451
17455
17456
17457
17458
17459
17460
17461
17463
17464
17465
17466
17467
17468
17470
17471
17472
17474
17476
17479
17484
17485
17486
17490
17496
17497
17498
17499
17500
17501
17502
17503
17505
17506
17507
17509
17510
17514
17515
17516
17519
17520
17521
17522
17524
17525
17526
17528
17529
17530
17531
17532
17533
17534
17535
17536
17537
17538
17540
17541
17542
17545
17546
17547
17548
17549
17550
17553
17554
17556
17558
17560
17561
17563
17564
17566
17567
17568
17571
17572
17573
17578
17579
17580
17582
17583
17585
17586
17587
17589
17591
17592
17593
17594
17595
17598
17600
17604
17606
17608
17613
17615
17616
17618
17621
17622
17625
17627
17628
17629
17634
17637
17638
17644
17647
17648
17653
17654
17656
17661
17662
17673
17674
17678
17680
17682
17684
17685
17686
17687
17688
17689
17692
17693
17698
17702
17706
17707
17709
17710
17711
17713
17715
17716
17719
17720
17724
17725
17727
17729
17730
17731
17732
17733
17740
17742
17744
17745
17748
17749
17753
17754
17756
17757
17758
17759
17760
17762
17765
17766
17767
17768
17770
17773
17775
17776
17777
17779
17780
17785
17786
17787
17790
17793
17794
17795
17796
17798
17799
17800
17802
17803
17804
17805
17807
17809
17810
17812
17813
17814
17817
17819
17820
17821
17822
17825
17826
17827
17828
17830
17831
17832
17835
17838
17839
17840
17844
17846
17847
17848
17849
17851
17856
17859
17860
17863
17866
17867
17868
17869
17870
17871
17872
17874
17876
17879
17880
17881
17884
17885
17887
17888
17889
17892
17894
17895
17896
17897
17899
17900
17902
17904
17905
17907
17908
17909
17910
17911
17912
17916
17918
17919
17920
17921
17922
17923
17926
17927
17932
17933
17934
17935
17936
17937
17938
17940
17946
17948
17949
17950
17951
17952
17955
17956
17960
17961
17962
17963
17964
17965
17966
17971
17972
17973
17974
17975
17976
17978
17980
17982
17983
17984
17985
17987
17988
17989
17991
17992
17993
17994
17996
17998
17999
18000
18001
18002
18003
18004
18006
18008
18009
18016
18017
18018
18019
18020
18021
18023
18024
18025
18026
18031
18032
18033
18036
18037
18039
18041
18042
18043
18046
18047
18048
18050
18051
18052
18053
18055
18056
18057
18058
18060
18063
18064
18065
18067
18068
18072
18073
18074
18078
18080
18081
18082
18083
18084
18085
18086
18089
18090
18092
18093
18094
18096
18101
18102
18104
18107
18109
18110
18111
18112
18116
18118
18124
18127
18130
18142
18143
18144
18145
18146
18148
18150
18152
18155
18167
18168
18169
18170
18171
18172
18174
18176
18178
18181
18185
18188
18189
18191
18192
18193
18195
18196
18197
18198
18205
18208
18210
18220
18221
18226
18229
18232
18234
18235
18236
18237
18239
18244
18248
18253
18257
18262
18263
18264
18265
18266
18268
18269
18270
18271
18274
18275
18277
18282
18286
18291
18292
18299
18300
18301
18302
18303
18306
18308
18310
18313
18316
18317
18318
18321
18322
18323
18324
18325
18330
18331
18333
18334
18335
18341
18347
18351
18352
18354
18356
18357
18366
18367
18372
18377
18378
18391
18395
18400
18402
18403
18404
18405
18406
18411
18413
18416
18417
18420
18423
18424
18425
18427
18430
18431
18438
18440
18442
18445
18446
18451
18452
18453
18455
18456
18464
18465
18466
18467
18468
18469
18470
18471
18473
18474
18475
18478
18479
18480
18481
18482
18483
18484
18489
18492
18493
18494
18496
18498
18499
18500
18501
18502
18504
18508
18509
18512
18513
18515
18518
18519
18520
18522
18523
18524
18525
18526
18528
18529
18530
18533
18535
18537
18538
18539
18542
18543
18547
18548
18549
18550
18552
18553
18556
18558
18560
18564
18565
18566
18567
18570
18573
18574
18575
18576
18578
18580
18582
18583
18584
18585
18587
18590
18593
18595
18599
18603
18604
18605
18606
18611
18615
18617
18618
18622
18624
18625
18626
18627
18629
18631
18632
18634
18637
18639
18640
18641
18642
18643
18644
18647
18648
18651
18654
18659
18661
18664
18665
18669
18670
18672
18673
18674
18675
18676
18677
18682
18684
18686
18687
18688
18690
18691
18692
18693
18694
18701
18702
18703
18706
18710
18713
18714
18715
18722
18730
18732
18733
18735
18743
18750
18751
18752
18757
18761
18765
18767
18768
18769
18774
18778
18780
18785
18786
18787
18788
18794
18795
18796
18799
18801
18802
18804
18805
18807
18808
18809
18810
18812
18813
18814
18815
18817
18818
18823
18825
18827
18828
18830
18831
18833
18835
18837
18838
18839
18841
18842
18843
18845
18846
18847
18848
18849
18852
18853
18854
18857
18859
18860
18865
18866
18869
18870
18871
18872
18875
18877
18878
18880
18881
18885
18886
18888
18890
18891
18892
18894
18896
18898
18899
18900
18901
18903
18905
18906
18907
18912
18917
18918
18919
18920
18921
18923
18925
18926
18928
18930
18931
18932
18933
18934
18935
18936
18938
18940
18941
18942
18943
18947
18949
18951
18952
18953
18954
18960
18963
18964
18966
18968
18973
18974
18975
18976
18977
18979
18980
18985
18986
18987
18989
18992
18993
18997
18998
19000
19001
19002
19003
19004
19005
19007
19008
19009
19010
19012
19014
19016
19017
19018
19019
19020
19021
19023
19024
19025
19026
19028
19030
19032
19034
19040
19042
19043
19045
19047
19051
19058
19059
19060
19061
19072
19074
19075
19076
19077
19079
19081
19082
19084
19085
19087
19088
19089
19091
19094
19095
19102
19103
19104
19105
19109
19116
19120
19121
19123
19124
19133
19135
19136
19137
19138
19139
19142
19151
19152
19153
19154
19155
19157
19158
19161
19163
19166
19171
19174
19179
19184
19187
19188
19189
19192
19196
19200
19201
19202
19203
19205
19207
19208
19209
19210
19211
19212
19213
19214
19216
19221
19223
19229
19231
19234
19235
19237
19238
19239
19240
19241
19242
19243
19244
19245
19246
19247
19252
19253
19254
19256
19260
19261
19262
19268
19269
19271
19273
19275
19276
19278
19279
19281
19282
19283
19284
19285
19286
19287
19288
19289
19290
19291
19292
19298
19299
19301
19305
19306
19308
19311
19315
19319
19323
19326
19329
19330
19331
19335
19340
19342
19343
19344
19345
19348
19349
19350
19351
19356
19357
19358
19359
19360
19363
19364
19366
19369
19371
19375
19376
19378
19379
19381
19386
19387
19389
19391
19393
19394
19401
19402
19404
19409
19410
19411
19412
19417
19418
19420
19421
19422
19423
19425
19426
19427
19429
19432
19437
19439
19441
19443
19444
19447
19448
19450
19452
19453
19456
19457
19458
19461
19462
19463
19464
19465
19467
19470
19472
19476
19480
19482
19483
19489
19490
19492
19494
19496
19497
19502
19503
19510
19515
19516
19518
19519
19521
19522
19524
19525
19526
19527
19529
19530
19536
19538
19539
19544
19545
19546
19547
19549
19552
19553
19557
19559
19561
19562
19564
19565
19568
19569
19571
19572
19573
19575
19577
19578
19581
19587
19588
19589
19591
19592
19594
19595
19599
19602
19603
19606
19607
19608
19610
19612
19613
19622
19624
19626
19627
19628
19631
19632
19637
19638
19640
19641
19645
19647
19649
19650
19651
19652
19653
19654
19655
19656
19658
19659
19661
19663
19667
19668
19671
19673
19679
19681
19683
19689
19691
19692
19693
19695
19697
19699
19700
19701
19702
19704
19710
19712
19713
19714
19716
19717
19719
19720
19721
19725
19728
19729
19730
19732
19733
19734
19735
19736
19737
19738
19740
19742
19744
19747
19749
19750
19751
19752
19753
19754
19755
19756
19760
19762
19763
19764
19766
19768
19769
19771
19772
19773
19774
19776
19778
19779
19780
19781
19783
19784
19787
19788
19789
19793
19794
19796
19797
19799
19800
19801
19802
19805
19806
19807
19809
19810
19811
19812
19815
19816
19817
19819
19820
19822
19823
19827
19828
19829
19830
19832
19833
19836
19837
19839
19843
19844
19846
19848
19849
19852
19854
19855
19856
19859
19861
19862
19864
19867
19868
19869
19870
19874
19875
19876
19877
19884
19887
19888
19889
19890
19891
19893
19894
19896
19898
19901
19903
19904
19906
19907
19909
19913
19915
19918
19919
19920
19921
19922
19925
19926
19928
19929
19930
19931
19932
19934
19935
19936
19937
19938
19942
19944
19948
19949
19950
19958
19963
19967
19968
19969
19970
19974
19978
19982
19984
19985
19986
19987
19989
19993
19994
19996
19997
20001
20002
20003
20004
20005
20006
20009
20010
20011
20013
20017
20019
20023
20025
20026
20027
20030
20031
20032
20035
20036
20037
20038
20039
20040
20041
20043
20044
20048
20049
20053
20054
20055
20058
20059
20061
20068
20070
20073
20075
20078
20079
20080
20082
20085
20092
20093
20094
20096
20099
20100
20101
20102
20105
20106
20107
20109
20110
20113
20116
20117
20118
20119
20120
20128
20129
20130
20131
20132
20136
20150
20151
20152
20155
20156
20157
20158
20159
20160
20161
20162
20167
20169
20170
20171
20173
20175
20177
20179
20183
20185
20189
20192
20194
20196
20201
20203
20205
20206
20209
20211
20215
20218
20219
20221
20222
20223
20224
20225
20226
20227
20228
20230
20234
20235
20236
20239
20241
20246
20249
20253
20254
20256
20259
20263
20264
20267
20268
20272
20273
20274
20275
20277
20278
20282
20283
20290
20291
20293
20295
20297
20300
20305
20306
20309
20310
20311
20314
20315
20326
20327
20328
20329
20338
20341
20347
20348
20351
20352
20354
20363
20364
20365
20366
20367
20371
20372
20374
20379
20380
20382
20385
20388
20389
20403
20405
20408
20410
20411
20412
20413
20416
20418
20419
20421
20424
20425
20428
20429
20431
20434
20438
20439
20441
20442
20443
20445
20448
20453
20455
20458
20459
20460
20462
20463
20466
20467
20468
20469
20470
20475
20477
20478
20480
20482
20484
20487
20489
20491
20497
20499
20500
20501
20505
20507
20508
20509
20511
20512
20515
20518
20520
20521
20522
20525
20527
20530
20531
20533
20535
20536
20538
20539
20541
20542
20546
20547
20548
20549
20552
20556
20557
20560
20561
20562
20565
20566
20567
20569
20575
20578
20580
20581
20583
20584
20585
20586
20589
20590
20591
20592
20593
20594
20598
20600
20601
20603
20604
20606
20607
20612
20614
20616
20620
20621
20623
20624
20626
20627
20628
20633
20634
20635
20636
20637
20640
20641
20643
20644
20646
20647
20648
20650
20654
20655
20657
20659
20660
20664
20665
20669
20670
20671
20672
20673
20674
20678
20682
20683
20684
20687
20689
20691
20692
20693
20694
20695
20696
20697
20698
20699
20701
20702
20704
20705
20708
20710
20712
20714
20715
20718
20719
20720
20721
20722
20723
20725
20727
20728
20730
20731
20732
20734
20740
20741
20742
20744
20746
20747
20749
20750
20752
20754
20756
20759
20766
20769
20770
20771
20774
20775
20776
20778
20779
20780
20781
20782
20783
20784
20785
20786
20787
20788
20789
20793
20794
20795
20796
20797
20800
20801
20803
20805
20807
20809
20812
20813
20815
20820
20821
20822
20825
20827
20829
20830
20831
20838
20840
20841
20843
20844
20845
20847
20848
20849
20851
20853
20859
20861
20863
20864
20869
20874
20877
20882
20884
20885
20886
20889
20891
20892
20893
20894
20895
20896
20897
20898
20900
20901
20902
20905
20906
20909
20915
20916
20917
20918
20919
20920
20923
20927
20929
20930
20931
20932
20936
20938
20939
20943
20946
20948
20949
20951
20952
20954
20958
20959
20962
20963
20966
20969
20970
20971
20973
20975
20977
20978
20979
20980
20981
20982
20986
20987
20990
20991
20993
20995
20996
20997
20998
20999
21002
21003
21004
21009
21011
21012
21013
21015
21025
21026
21027
21028
21030
21032
21034
21037
21038
21041
21043
21044
21047
21050
21052
21053
21054
21056
21058
21061
21062
21063
21064
21065
21067
21072
21073
21075
21079
21080
21081
21082
21084
21085
21089
21091
21092
21093
21094
21099
21104
21106
21115
21117
21118
21123
21124
21125
21127
21128
21129
21132
21135
21140
21141
21142
21148
21150
21151
21152
21155
21161
21162
21165
21168
21173
21175
21178
21180
21182
21184
21185
21186
21187
21192
21195
21196
21197
21198
21200
21202
21203
21204
21205
21206
21207
21209
21211
21212
21213
21214
21217
21220
21223
21227
21228
21230
21232
21235
21236
21237
21239
21243
21244
21245
21246
21247
21248
21249
21250
21261
21262
21263
21264
21266
21267
21268
21270
21271
21272
21274
21279
21282
21288
21289
21290
21293
21298
21299
21301
21304
21305
21306
21307
21309
21310
21311
21313
21314
21316
21317
21318
21319
21320
21321
21322
21323
21325
21329
21333
21336
21337
21338
21339
21343
21344
21348
21349
21353
21354
21356
21358
21359
21360
21361
21366
21368
21370
21371
21378
21382
21383
21385
21386
21387
21392
21393
21394
21397
21398
21401
21402
21403
21404
21406
21410
21411
21413
21414
21416
21418
21420
21421
21422
21424
21425
21427
21429
21430
21433
21434
21435
21436
21437
21443
21444
21447
21449
21451
21453
21455
21456
21458
21460
21461
21462
21464
21465
21466
21467
21468
21469
21470
21471
21474
21475
21476
21477
21478
21479
21480
21481
21482
21483
21484
21485
21486
21487
21488
21489
21490
21491
21492
21493
21494
21495
21496
21497
21498
21499
21501
21502
21503
21504
21505
21506
21507
21508
21509
21510
21511
21512
21513
21514
21515
21516
21517
21518
21519
21520
21521
21522
21523
21525
21526
21527
21528
21529
21530
21531
21532
21533
21534
21535
21536
21537
21539
21540
21541
21542
21543
21544
21545
21546
21547
21548
21549
21550
21551
21552
21553
21554
21555
21556
21557
21558
21559
21560
21561
21562
21563
21564
21565
21566
21568
21569
21570
21571
21572
21573
21574
21575
21576
21577
21578
21579
21581
21582
21583
21584
21585
21587
21588
21589
21590
21591
21592
21593
21594
21595
21596
21598
21599
21600
21601
21602
21603
21604
21605
21606
21607
21608
21609
21610
21611
21612
21613
21614
21615
21616
21617
21618
21619
21620
21621
21622
21623
21624
21625
21626
21627
21628
21629
21630
21631
21632
21634
21635
21636
21637
21638
21639
21640
21641
21642
21643
21644
21645
21646
21647
21648
21649
21650
21651
21652
21653
21654
21656
21657
21658
21659
21660
21661
21664
21666
21667
21668
21670
21675
21678
21679
21682
21683
21684
21688
21689
21691
21692
21694
21697
21698
21699
21700
21706
21707
21709
21713
21714
21715
21718
21719
21721
21725
21726
21728
21730
21731
21736
21737
21738
21739
21740
21741
21742
21743
21744
21745
21746
21747
21748
21749
21750
21751
21752
21754
21755
21756
21757
21758
21759
21760
21761
21765
21767
21770
21771
21772
21773
21774
21777
21780
21781
21782
21785
21786
21790
21791
21793
21794
21795
21796
21798
21799
21801
21803
21805
21807
21809
21810
21811
21812
21814
21815
21817
21818
21819
21821
21822
21823
21829
21830
21831
21832
21833
21834
21836
21837
21839
21840
21841
21844
21845
21846
21848
21849
21851
21852
21854
21855
21859
21860
21862
21864
21865
21866
21867
21871
21874
21875
21876
21878
21879
21881
21882
21885
21887
21888
21889
21891
21893
21894
21895
21897
21898
21899
21905
21907
21909
21910
21911
21912
21913
21916
21917
21918
21921
21924
21926
21927
21929
21930
21933
21935
21937
21938
21940
21941
21946
21949
21952
21955
21958
21959
21963
21969
21971
21972
21973
21975
21978
21981
21982
21983
21985
21988
21989
22001
22003
22004
22005
22006
22011
22013
22016
22017
22018
22023
22025
22026
22030
22035
22037
22041
22045
22046
22047
22048
22049
22050
22054
22058
22060
22067
22071
22073
22075
22076
22077
22079
22080
22081
22083
22088
22089
22093
22095
22098
22101
22102
22103
22105
22106
22108
22110
22111
22113
22115
22118
22119
22120
22122
22123
22124
22126
22137
22138
22139
22140
22141
22142
22143
22146
22147
22148
22150
22153
22155
22158
22159
22160
22161
22162
22164
22166
22168
22171
22173
22175
22177
22178
22180
22181
22182
22183
22184
22185
22186
22191
22192
22193
22194
22199
22200
22202
22203
22204
22205
22208
22209
22210
22212
22213
22215
22216
22217
22219
22220
22223
22224
22226
22228
22233
22234
22235
22236
22239
22241
22242
22243
22244
22245
22246
22248
22250
22252
22253
22254
22257
22258
22260
22261
22262
22263
22264
22265
22267
22269
22270
22271
22272
22274
22278
22281
22283
22284
22285
22286
22290
22291
22305
22307
22309
22310
22313
22314
22315
22317
22320
22321
22322
22323
22324
22326
22328
22329
22330
22331
22332
22333
22334
22335
22337
22338
22340
22342
22347
22348
22349
22350
22351
22353
22355
22357
22359
22360
22361
22362
22363
22364
22366
22367
22370
22372
22376
22378
22381
22382
22384
22385
22387
22388
22389
22393
22394
22395
22397
22401
22403
22404
22405
22406
22407
22409
22410
22413
22414
22415
22417
22418
22419
22420
22422
22424
22426
22427
22428
22430
22431
22432
22433
22435
22436
22437
22439
22440
22441
22442
22443
22445
22446
22447
22449
22452
22453
22454
22455
22457
22459
22460
22461
22462
22463
22464
22465
22467
22469
22470
22471
22475
22476
22478
22479
22480
22481
22482
22483
22484
22488
22491
22492
22494
22495
22496
22498
22502
22503
22506
22507
22508
22510
22512
22513
22514
22515
22516
22517
22524
22526
22533
22534
22535
22538
22539
22540
22541
22542
22543
22546
22547
22549
22553
22555
22556
22560
22561
22565
22568
22569
22571
22572
22574
22575
22577
22578
22581
22582
22583
22584
22585
22586
22587
22590
22591
22592
22593
22594
22595
22597
22598
22599
22601
22606
22607
22608
22609
22610
22611
22612
22613
22614
22616
22617
22619
22620
22622
22623
22624
22626
22632
22634
22635
22638
22639
22640
22641
22642
22643
22644
22645
22648
22649
22650
22651
22652
22654
22656
22657
22660
22661
22662
22664
22666
22667
22668
22669
22672
22674
22675
22676
22677
22679
22680
22681
22683
22684
22686
22689
22690
22692
22693
22694
22695
22698
22699
22701
22702
22703
22704
22705
22707
22708
22709
22712
22715
22718
22720
22721
22723
22724
22725
22726
22727
22728
22729
22730
22731
22733
22734
22735
22736
22737
22739
22740
22741
22742
22744
22745
22746
22749
22750
22751
22752
22753
22754
22755
22757
22760
22762
22764
22765
22766
22768
22769
22770
22771
22772
22775
22779
22783
22785
22787
22788
22789
22790
22791
22792
22793
22794
22795
22796
22797
22798
22799
22800
22801
22802
22803
22804
22805
22806
22809
22811
22813
22820
22821
22823
22824
22825
22826
22829
22830
22831
22832
22833
22834
22836
22838
22839
22842
22846
22847
22848
22852
22853
22854
22855
22858
22860
22861
22862
22863
22864
22865
22867
22869
22873
22874
22875
22876
22877
22886
22887
22888
22890
22891
22893
22894
22895
22896
22897
22900
22902
22903
22904
22907
22909
22910
22913
22916
22918
22919
22920
22921
22925
22928
22929
22930
22931
22932
22933
22934
22935
22936
22937
22938
22939
22940
22942
22943
22945
22947
22950
22952
22955
22956
22957
22960
22961
22962
22963
22964
22965
22969
22970
22973
22974
22976
22977
22978
22979
22980
22982
22986
22987
22988
22989
22992
22993
22994
22995
22996
22998
22999
23002
23003
23005
23006
23008
23009
23010
23012
23015
23016
23018
23019
23021
23022
23023
23025
23026
23027
23028
23029
23033
23036
23038
23041
23042
23045
23046
23049
23050
23051
23053
23054
23055
23057
23058
23060
23061
23063
23064
23067
23068
23069
23070
23071
23074
23075
23077
23078
23090
23091
23092
23093
23094
23095
23096
23098
23100
23101
23102
23103
23106
23107
23112
23113
23119
23121
23123
23124
23126
23127
23128
23129
23130
23131
23133
23135
23136
23137
23139
23140
23143
23145
23146
23147
23149
23151
23152
23155
23157
23158
23159
23160
23162
23163
23164
23165
23166
23167
23168
23169
23170
23171
23172
23173
23174
23175
23178
23180
23181
23183
23184
23186
23187
23188
23189
23190
23192
23195
23196
23197
23200
23202
23203
23205
23207
23208
23209
23212
23213
23215
23216
23217
23218
23220
23221
23222
23223
23225
23227
23229
23230
23231
23234
23235
23236
23238
23239
23240
23241
23248
23249
23250
23251
23252
23253
23254
23255
23257
23259
23260
23262
23263
23268
23269
23274
23275
23276
23280
23281
23283
23285
23289
23293
23294
23295
23299
23301
23302
23303
23304
23305
23306
23307
23308
23309
23310
23311
23313
23314
23315
23317
23319
23320
23321
23322
23323
23325
23329
23332
23333
23334
23335
23338
23339
23340
23341
23344
23345
23346
23348
23350
23351
23353
23358
23359
23361
23362
23365
23367
23369
23371
23373
23374
23376
23378
23380
23381
23382
23384
23389
23391
23396
23397
23398
23400
23401
23402
23403
23404
23405
23406
23407
23410
23411
23412
23413
23414
23415
23416
23417
23418
23420
23421
23422
23425
23426
23427
23428
23429
23431
23432
23433
23434
23437
23438
23440
23441
23442
23443
23448
23449
23451
23453
23457
23458
23459
23461
23462
23463
23465
23467
23468
23469
23471
23472
23473
23475
23478
23479
23481
23483
23484
23486
23487
23489
23494
23496
23497
23499
23500
23502
23503
23504
23505
23506
23507
23508
23513
23515
23517
23520
23522
23523
23525
23528
23529
23530
23531
23533
23539
23540
23541
23542
23544
23545
23547
23548
23549
23551
23552
23554
23557
23558
23559
23560
23561
23562
23563
23564
23565
23566
23567
23568
23569
23571
23572
23574
23575
23576
23577
23578
23580
23581
23582
23583
23584
23587
23590
23592
23593
23595
23596
23597
23598
23599
23600
23606
23607
23608
23609
23611
23612
23614
23615
23616
23618
23619
23620
23621
23622
23623
23624
23625
23626
23627
23628
23630
23633
23635
23636
23637
23638
23639
23640
23641
23643
23644
23645
23646
23648
23649
23652
23653
23656
23657
23658
23659
23662
23663
23669
23670
23671
23673
23674
23675
23677
23678
23679
23681
23683
23684
23685
23689
23690
23693
23694
23696
23697
23698
23701
23702
23703
23704
23705
23707
23708
23709
23710
23711
23712
23713
23714
23715
23716
23718
23719
23720
23721
23723
23725
23726
23727
23729
23731
23733
23734
23735
23736
23737
23738
23739
23740
23741
23742
23744
23747
23749
23751
23752
23753
23754
23759
23760
23762
23763
23764
23765
23766
23767
23768
23769
23770
23772
23773
23775
23776
23777
23778
23779
23780
23781
23782
23785
23786
23788
23790
23791
23792
23793
23794
23797
23798
23799
23800
23802
23803
23805
23806
23807
23810
23811
23813
23814
23815
23816
23817
23821
23823
23828
23829
23831
23832
23834
23835
23836
23837
23838
23839
23840
23844
23846
23847
23848
23849
23851
23852
23853
23855
23858
23860
23863
23865
23866
23867
23870
23871
23872
23874
23877
23879
23880
23881
23882
23883
23884
23885
23886
23888
23890
23892
23894
23895
23896
23897
23898
23899
23900
23901
23902
23903
23905
23908
23909
23910
23915
23916
23918
23919
23920
23921
23922
23923
23925
23926
23927
23928
23929
23930
23931
23932
23933
23934
23935
23937
23938
23940
23941
23945
23946
23947
23948
23950
23953
23956
23957
23960
23961
23966
23967
23968
23971
23972
23973
23975
23976
23977
23978
23979
23980
23981
23982
23983
23985
23986
23987
23989
23991
23993
23994
23996
23997
23999
24000
24001
24002
24004
24011
24013
24014
24019
24021
24022
24029
24030
24031
24033
24035
24043
24044
24046
24049
24051
24052
24053
24055
24057
24058
24059
24061
24064
24065
24066
24067
24068
24070
24071
24072
24074
24075
24077
24079
24080
24082
24084
24087
24088
24089
24090
24091
24094
24095
24096
24097
24101
24102
24103
24105
24106
24107
24109
24110
24117
24118
24120
24121
24123
24124
24125
24129
24131
24132
24136
24137
24139
24140
24141
24142
24146
24147
24148
24150
24151
24153
24154
24155
24156
24157
24158
24160
24161
24162
24164
24168
24169
24171
24174
24175
24180
24181
24182
24185
24186
24187
24188
24189
24190
24191
24193
24194
24195
24196
24198
24199
24200
24201
24202
24204
24205
24208
24209
24210
24212
24213
24214
24215
24216
24217
24218
24219
24220
24222
24223
24224
24225
24226
24227
24228
24229
24232
24233
24234
24237
24238
24242
24243
24244
24245
24248
24251
24252
24253
24255
24256
24261
24264
24265
24266
24267
24269
24270
24271
24272
24273
24276
24279
24282
24283
24284
24285
24287
24288
24289
24290
24292
24293
24297
24298
24300
24302
24304
24305
24307
24310
24311
24313
24314
24315
24317
24319
24320
24326
24332
24338
24339
24340
24341
24344
24345
24346
24347
24351
24354
24357
24359
24360
24361
24363
24368
24369
24373
24375
24378
24379
24382
24386
24387
24389
24390
24392
24398
24399
24400
24403
24405
24406
24407
24408
24410
24411
24418
24419
24420
24422
24424
24426
24427
24428
24431
24434
24435
24436
24438
24439
24440
24442
24443
24444
24445
24446
24449
24455
24456
24457
24458
24460
24461
24462
24465
24466
24467
24469
24470
24471
24472
24475
24477
24478
24479
24481
24482
24483
24484
24485
24488
24489
24490
24491
24492
24493
24494
24495
24496
24497
24499
24500
24501
24505
24506
24513
24517
24519
24520
24522
24524
24525
24526
24529
24530
24532
24533
24535
24536
24537
24538
24539
24540
24543
24544
24546
24548
24551
24552
24554
24556
24557
24560
24561
24562
24563
24566
24567
24568
24570
24571
24572
24573
24574
24576
24583
24584
24586
24587
24588
24589
24590
24592
24593
24594
24596
24602
24603
24605
24606
24607
24608
24610
24612
24613
24614
24616
24617
24618
24619
24621
24622
24623
24625
24627
24630
24631
24632
24633
24634
24635
24636
24637
24638
24639
24640
24642
24643
24644
24645
24649
24651
24653
24654
24655
24656
24658
24659
24662
24665
24668
24671
24673
24674
24675
24676
24677
24678
24679
24682
24683
24684
24685
24686
24687
24688
24694
24696
24697
24699
24700
24703
24704
24706
24707
24709
24710
24711
24712
24713
24714
24717
24718
24720
24722
24724
24725
24726
24727
24728
24731
24732
24733
24734
24735
24736
24737
24739
24741
24742
24743
24744
24745
24746
24747
24750
24752
24753
24754
24755
24756
24757
24758
24759
24760
24762
24763
24772
24773
24774
24775
24778
24779
24782
24784
24786
24788
24790
24793
24795
24797
24798
24799
24800
24801
24802
24804
24805
24807
24810
24811
24812
24815
24816
24818
24819
24821
24825
24827
24832
24833
24834
24835
24841
24843
24847
24848
24851
24856
24857
24860
24861
24862
24867
24868
24869
24872
24873
24874
24878
24880
24882
24884
24890
24891
24892
24893
24896
24898
24899
24900
24901
24903
24904
24907
24908
24910
24911
24912
24913
24915
24916
24918
24921
24922
24924
24925
24926
24928
24929
24930
24939
24941
24943
24945
24948
24949
24950
24951
24952
24955
24956
24957
24958
24959
24960
24961
24962
24963
24967
24968
24972
24973
24974
24976
24977
24978
24979
24980
24981
24982
24984
24985
24987
24990
24992
24993
24994
24997
24998
25000
25001
25002
25003
25004
25005
25011
25012
25013
25015
25017
25018
25020
25023
25024
25025
25027
25031
25036
25038
25039
25041
25043
25045
25047
25048
25056
25058
25059
25060
25062
25063
25067
25068
25070
25073
25074
25076
25077
25078
25079
25080
25081
25082
25083
25087
25088
25090
25091
25092
25093
25095
25097
25103
25104
25107
25110
25111
25112
25113
25115
25117
25118
25119
25123
25125
25127
25129
25130
25131
25132
25133
25135
25137
25140
25141
25142
25146
25148
25149
25150
25151
25153
25155
25156
25157
25158
25159
25160
25161
25162
25163
25164
25165
25169
25171
25172
25174
25175
25178
25180
25181
25184
25189
25192
25193
25194
25195
25196
25205
25206
25207
25208
25213
25216
25218
25219
25220
25221
25222
25223
25224
25227
25228
25229
25239
25242
25243
25245
25248
25249
25250
25251
25252
25253
25254
25255
25256
25258
25259
25260
25262
25263
25265
25266
25267
25268
25271
25272
25273
25275
25279
25281
25282
25284
25285
25287
25288
25289
25290
25291
25297
25298
25299
25300
25301
25302
25303
25304
25305
25306
25307
25308
25310
25311
25312
25315
25318
25319
25320
25321
25322
25324
25326
25327
25328
25331
25332
25334
25335
25336
25337
25338
25340
25341
25345
25347
25348
25355
25357
25359
25360
25361
25362
25363
25364
25365
25366
25368
25370
25372
25374
25375
25376
25377
25378
25379
25381
25382
25383
25384
25387
25389
25390
25391
25392
25393
25394
25395
25396
25397
25398
25400
25402
25403
25405
25406
25407
25408
25410
25411
25412
25414
25415
25416
25418
25419
25421
25422
25423
25424
25425
25427
25428
25430
25431
25432
25434
25435
25437
25438
25439
25440
25444
25447
25448
25450
25451
25452
25453
25454
25457
25458
25461
25462
25463
25467
25468
25471
25473
25474
25475
25476
25477
25479
25482
25484
25485
25486
25488
25489
25490
25491
25495
25497
25498
25499
25500
25501
25502
25503
25504
25506
25508
25509
25511
25512
25513
25514
25516
25519
25520
25524
25525
25526
25527
25528
25529
25530
25531
25532
25533
25535
25537
25538
25541
25542
25547
25548
25550
25552
25553
25554
25557
25558
25560
25561
25562
25564
25565
25566
25567
25572
25573
25575
25576
25578
25579
25582
25584
25585
25587
25589
25590
25591
25592
25593
25596
25597
25598
25599
25600
25601
25602
25603
25607
25608
25609
25616
25617
25618
25620
25622
25623
25624
25625
25626
25628
25629
25631
25633
25634
25635
25636
25641
25644
25645
25646
25647
25649
25651
25653
25654
25658
25659
25660
25661
25662
25664
25668
25671
25672
25674
25675
25676
25677
25678
25681
25683
25685
25687
25691
25694
25695
25697
25699
25701
25702
25703
25704
25705
25706
25708
25712
25713
25714
25715
25717
25722
25724
25725
25728
25730
25732
25733
25734
25737
25739
25741
25743
25745
25746
25749
25750
25751
25754
25756
25757
25760
25761
25762
25763
25764
25765
25767
25769
25771
25774
25776
25779
25780
25781
25782
25785
25790
25793
25794
25795
25799
25800
25801
25803
25804
25805
25807
25810
25812
25817
25818
25822
25824
25827
25828
25829
25830
25831
25833
25834
25838
25840
25847
25849
25850
25852
25855
25856
25859
25860
25866
25868
25870
25872
25873
25874
25875
25876
25877
25879
25880
25881
25884
25885
25886
25888
25889
25890
25891
25893
25894
25895
25896
25898
25901
25903
25909
25910
25913
25914
25915
25919
25921
25923
25924
25925
25926
25928
25929
25931
25932
25935
25936
25937
25938
25939
25940
25943
25945
25946
25947
25948
25949
25951
25953
25954
25956
25957
25958
25960
25961
25962
25964
25966
25967
25968
25969
25970
25972
25973
25974
25975
25976
25977
25980
25981
25982
25983
25986
25987
25988
25989
25990
25992
25993
25994
25995
25997
25998
25999
26000
26001
26002
26003
26006
26008
26009
26010
26015
26017
26019
26020
26022
26023
26025
26026
26027
26028
26029
26031
26033
26034
26035
26036
26037
26040
26043
26044
26045
26046
26047
26050
26051
26053
26055
26057
26058
26059
26060
26061
26062
26065
26066
26067
26068
26070
26071
26072
26073
26074
26075
26076
26077
26078
26080
26081
26082
26083
26084
26085
26087
26088
26090
26091
26093
26094
26096
26097
26098
26099
26102
26103
26104
26105
26108
26110
26111
26112
26114
26115
26116
26118
26120
26121
26123
26124
26125
26127
26131
26133
26135
26138
26140
26142
26143
26145
26147
26148
26149
26150
26151
26152
26153
26155
26157
26158
26159
26160
26165
26166
26167
26168
26169
26170
26173
26174
26176
26177
26178
26179
26180
26181
26183
26188
26189
26194
26195
26196
26197
26198
26199
26201
26202
26203
26206
26207
26208
26209
26210
26211
26213
26214
26215
26217
26219
26220
26221
26222
26223
26224
26225
26226
26227
26228
26229
26231
26232
26233
26234
26235
26236
26240
26241
26242
26243
26246
26247
26248
26250
26251
26255
26256
26258
26261
26264
26265
26267
26268
26269
26270
26271
26272
26273
26274
26275
26276
26279
26282
26283
26284
26285
26286
26287
26288
26289
26290
26291
26293
26295
26296
26297
26300
26301
26303
26304
26305
26306
26308
26309
26310
26311
26313
26314
26317
26318
26319
26320
26321
26323
26324
26328
26329
26331
26332
26334
26335
26337
26338
26340
26341
26342
26346
26347
26348
26349
26350
26353
26354
26356
26357
26358
26360
26362
26363
26366
26368
26369
26370
26371
26375
26376
26377
26378
26380
26383
26386
26387
26388
26389
26390
26392
26394
26396
26400
26401
26403
26405
26406
26407
26408
26409
26411
26412
26414
26415
26416
26417
26418
26419
26420
26421
26423
26424
26425
26427
26428
26431
26432
26433
26434
26435
26441
26442
26446
26447
26448
26449
26450
26451
26452
26453
26454
26456
26457
26459
26462
26463
26465
26467
26469
26470
26472
26475
26476
26477
26478
26479
26480
26481
26482
26483
26485
26487
26488
26489
26490
26492
26493
26494
26495
26496
26497
26498
26500
26503
26509
26510
26511
26512
26513
26514
26515
26516
26517
26518
26519
26521
26522
26524
26527
26529
26531
26532
26533
26535
26542
26545
26551
26552
26554
26555
26558
26559
26560
26561
26562
26563
26567
26568
26569
26571
26572
26574
26575
26576
26579
26580
26581
26582
26583
26584
26591
26594
26595
26598
26600
26601
26602
26603
26605
26607
26613
26614
26615
26621
26622
26623
26624
26625
26626
26629
26633
26634
26635
26636
26637
26639
26641
26643
26645
26646
26647
26648
26649
26652
26654
26655
26657
26658
26659
26661
26663
26664
26666
26667
26669
26672
26673
26674
26675
26678
26680
26681
26683
26685
26686
26688
26689
26691
26692
26693
26696
26701
26702
26705
26706
26708
26709
26711
26712
26713
26714
26717
26718
26720
26721
26723
26724
26726
26728
26729
26731
26735
26736
26739
26740
26741
26742
26744
26745
26749
26750
26752
26754
26755
26757
26759
26761
26763
26764
26765
26766
26767
26768
26770
26773
26774
26775
26778
26779
26783
26784
26785
26786
26787
26789
26792
26794
26795
26796
26797
26798
26800
26801
26802
26803
26810
26811
26812
26815
26816
26820
26822
26824
26825
26827
26829
26830
26832
26833
26834
26836
26839
26842
26843
26844
26845
26846
26847
26850
26851
26852
26854
26856
26858
26859
26864
26866
26868
26875
26876
26877
26878
26879
26880
26882
26888
26892
26893
26894
26896
26897
26898
26899
26900
26901
26902
26904
26905
26906
26907
26908
26911
26912
26913
26914
26916
26917
26918
26919
26920
26924
26926
26927
26928
26929
26930
26933
26934
26935
26936
26937
26940
26941
26942
26944
26946
26949
26951
26952
26957
26958
26961
26962
26963
26965
26966
26972
26973
26974
26976
26978
26982
26984
26986
26987
26988
26994
26996
27000
27002
27003
27004
27006
27008
27009
27010
27013
27015
27016
27017
27018
27019
27020
27021
27027
27028
27029
27030
27031
27032
27033
27035
27036
27037
27038
27039
27042
27043
27046
27050
27053
27054
27055
27059
27060
27062
27063
27064
27066
27068
27069
27070
27071
27072
27074
27076
27077
27078
27079
27081
27082
27083
27084
27085
27086
27087
27088
27089
27090
27091
27093
27099
27100
27101
27104
27105
27107
27108
27111
27112
27113
27114
27115
27118
27119
27120
27122
27123
27124
27125
27126
27127
27131
27132
27135
27141
27144
27147
27148
27153
27160
27169
27171
27172
27174
27175
27179
27180
27183
27185
27186
27189
27191
27192
27194
27195
27196
27197
27200
27201
27205
27206
27207
27210
27211
27213
27214
27215
27217
27220
27221
27223
27224
27225
27227
27229
27230
27231
27234
27235
27237
27239
27240
27241
27244
27245
27246
27248
27249
27250
27251
27252
27253
27254
27256
27258
27259
27260
27261
27263
27266
27267
27269
27272
27273
27274
27275
27277
27279
27280
27281
27285
27287
27289
27290
27291
27292
27293
27294
27295
27296
27298
27299
27300
27301
27302
27303
27305
27306
27308
27311
27314
27316
27319
27320
27322
27324
27326
27327
27328
27329
27330
27332
27334
27335
27336
27338
27340
27341
27342
27344
27346
27348
27350
27353
27354
27355
27358
27359
27360
27361
27362
27364
27365
27367
27368
27369
27371
27372
27373
27378
27379
27381
27382
27383
27384
27385
27386
27387
27388
27392
27393
27396
27397
27398
27399
27400
27402
27408
27410
27411
27414
27416
27417
27418
27419
27422
27424
27425
27426
27427
27429
27430
27431
27432
27433
27435
27439
27440
27441
27442
27445
27447
27448
27449
27450
27452
27454
27455
27457
27459
27460
27461
27463
27464
27465
27466
27467
27468
27469
27470
27473
27475
27476
27477
27478
27479
27482
27483
27484
27485
27486
27489
27490
27491
27493
27495
27496
27497
27498
27499
27500
27502
27503
27505
27506
27507
27508
27511
27518
27520
27521
27524
27525
27527
27529
27531
27537
27538
27539
27540
27542
27546
27552
27555
27557
27559
27560
27562
27563
27565
27567
27568
27569
27570
27572
27573
27574
27576
27577
27578
27580
27581
27582
27583
27586
27587
27588
27590
27591
27593
27594
27595
27596
27598
27599
27600
27601
27605
27606
27611
27612
27613
27614
27615
27616
27619
27620
27621
27622
27625
27627
27628
27629
27630
27631
27632
27633
27634
27639
27640
27641
27642
27645
27646
27647
27649
27650
27653
27654
27655
27656
27657
27658
27659
27660
27663
27667
27668
27672
27673
27674
27675
27677
27678
27679
27681
27684
27688
27690
27692
27694
27695
27697
27698
27699
27700
27701
27702
27703
27704
27705
27706
27708
27710
27711
27712
27713
27715
27716
27717
27718
27720
27722
27726
27728
27731
27732
27735
27737
27738
27742
27743
27744
27746
27747
27751
27752
27754
27755
27756
27760
27762
27764
27767
27768
27769
27771
27773
27774
27775
27776
27779
27780
27781
27782
27784
27786
27787
27788
27790
27792
27795
27797
27799
27800
27802
27804
27805
27806
27807
27808
27809
27811
27813
27814
27815
27816
27817
27818
27822
27824
27825
27827
27830
27831
27832
27833
27835
27836
27837
27840
27842
27843
27844
27845
27846
27847
27848
27849
27850
27851
27852
27853
27854
27855
27856
27857
27859
27862
27863
27864
27866
27867
27868
27869
27870
27871
27872
27873
27874
27875
27877
27879
27880
27882
27885
27886
27888
27889
27890
27891
27892
27894
27895
27897
27898
27900
27901
27903
27904
27906
27907
27908
27909
27910
27911
27912
27913
27914
27916
27917
27918
27920
27922
27923
27924
27925
27928
27929
27931
27932
27933
27935
27937
27938
27939
27942
27943
27944
27945
27946
27947
27948
27949
27950
27951
27953
27954
27955
27956
27957
27961
27962
27964
27965
27968
27970
27971
27973
27975
27976
27977
27979
27980
27982
27983
27986
27988
27989
27990
27991
27992
27994
27995
27998
27999
28000
28001
28002
28004
28005
28006
28007
28009
28010
28012
28015
28016
28017
28018
28021
28023
28024
28026
28028
28029
28030
28032
28034
28035
28036
28037
28040
28041
28042
28043
28044
28047
28048
28049
28050
28051
28052
28053
28054
28055
28056
28057
28058
28059
28062
28063
28064
28065
28067
28068
28069
28070
28071
28072
28073
28074
28075
28076
28078
28080
28081
28082
28083
28086
28087
28089
28090
28091
28092
28093
28094
28095
28096
28097
28098
28099
28100
28101
28105
28107
28108
28111
28112
28113
28117
28119
28120
28121
28122
28123
28124
28126
28128
28129
28130
28131
28132
28135
28136
28137
28138
28140
28141
28142
28148
28150
28151
28152
28154
28155
28157
28158
28160
28161
28162
28163
28164
28171
28172
28174
28176
28178
28182
28183
28184
28187
28188
28189
28190
28191
28192
28195
28196
28197
28199
28202
28203
28204
28205
28207
28208
28209
28210
28211
28212
28213
28214
28215
28216
28222
28223
28224
28225
28227
28228
28231
28233
28234
28235
28236
28237
28238
28241
28242
28243
28245
28248
28249
28251
28252
28253
28254
28255
28256
28257
28258
28259
28260
28263
28264
28265
28266
28267
28268
28273
28274
28276
28277
28278
28279
28282
28283
28284
28286
28287
28288
28289
28290
28292
28297
28298
28299
28300
28301
28302
28305
28309
28310
28311
28312
28313
28314
28315
28316
28318
28319
28320
28321
28322
28323
28324
28325
28328
28329
28330
28331
28332
28335
28336
28338
28339
28345
28346
28347
28348
28350
28351
28352
28353
28355
28356
28358
28360
28363
28364
28365
28366
28367
28368
28370
28371
28372
28373
28374
28375
28376
28377
28380
28381
28382
28383
28384
28385
28386
28387
28388
28389
28390
28391
28392
28393
28394
28396
28398
28399
28401
28404
28405
28406
28407
28409
28411
28412
28413
28416
28417
28418
28419
28420
28421
28422
28423
28424
28426
28427
28428
28429
28430
28431
28432
28433
28434
28436
28437
28438
28439
28441
28442
28443
28445
28446
28447
28449
28450
28453
28454
28455
28456
28459
28461
28463
28464
28467
28468
28470
28471
28473
28474
28475
28476
28477
28479
28481
28485
28486
28487
28488
28489
28490
28491
28492
28493
28494
28495
28496
28498
28499
28501
28502
28503
28504
28505
28506
28507
28508
28509
28510
28511
28512
28513
28514
28515
28517
28518
28519
28522
28523
28524
28526
28528
28529
28530
28531
28533
28535
28537
28538
28541
28542
28543
28546
28548
28549
28551
28552
28553
28554
28556
28557
28558
28560
28562
28563
28564
28565
28566
28567
28568
28571
28574
28575
28576
28578
28579
28580
28581
28582
28583
28586
28587
28588
28589
28590
28591
28593
28594
28595
28596
28597
28598
28599
28602
28604
28607
28608
28609
28610
28611
28613
28616
28617
28618
28619
28620
28621
28623
28624
28625
28626
28627
28628
28629
28632
28633
28636
28637
28638
28639
28640
28641
28642
28643
28644
28645
28646
28647
28649
28650
28652
28653
28654
28655
28656
28657
28658
28660
28661
28662
28663
28664
28666
28668
28669
28670
28672
28673
28675
28676
28677
28678
28679
28680
28681
28685
28688
28689
28690
28691
28693
28694
28696
28697
28699
28700
28701
28702
28703
28704
28706
28708
28711
28712
28713
28715
28716
28717
28718
28719
28721
28722
28724
28725
28726
28727
28728
28729
28730
28731
28732
28733
28736
28738
28739
28740
28741
28743
28746
28747
28749
28750
28751
28753
28754
28756
28757
28758
28759
28760
28761
28763
28764
28765
28769
28770
28771
28774
28775
28777
28778
28780
28781
28783
28784
28785
28787
28789
28790
28793
28795
28797
28798
28799
28800
28803
28804
28806
28807
28809
28810
28811
28812
28813
28814
28815
28818
28819
28820
28822
28824
28825
28830
28831
28832
28833
28836
28837
28838
28839
28840
28841
28842
28844
28845
28846
28848
28849
28853
28854
28855
28856
28858
28859
28860
28861
28863
28868
28870
28871
28872
28873
28875
28877
28878
28880
28881
28882
28883
28884
28885
28886
28887
28888
28890
28892
28893
28895
28898
28899
28900
28901
28902
28904
28905
28907
28908
28909
28910
28911
28913
28914
28915
28918
28920
28923
28924
28925
28927
28928
28929
28930
28931
28932
28934
28935
28936
28937
28938
28939
28941
28942
28943
28944
28945
28946
28951
28952
28953
28954
28955
28956
28957
28958
28960
28961
28963
28964
28965
28967
28969
28971
28972
28973
28974
28975
28976
28978
28980
28981
28984
28985
28987
28991
28992
28994
28995
28996
28997
28999
29003
29004
29005
29009
29010
29012
29013
29014
29017
29018
29020
29024
29025
29027
29028
29030
29031
29032
29035
29036
29038
29040
29045
29046
29048
29049
29050
29053
29054
29057
29059
29061
29063
29065
29066
29067
29069
29071
29073
29075
29076
29078
29082
29083
29084
29086
29087
29088
29089
29090
29091
29093
29094
29096
29097
29098
29100
29101
29102
29104
29107
29108
29109
29110
29111
29114
29115
29117
29118
29119
29120
29122
29123
29124
29125
29126
29128
29129
29130
29131
29132
29133
29134
29136
29137
29138
29139
29142
29143
29144
29145
29146
29148
29149
29150
29151
29153
29154
29155
29156
29157
29159
29160
29161
29162
29163
29165
29167
29168
29169
29170
29171
29172
29173
29174
29175
29176
29177
29178
29179
29180
29182
29183
29184
29186
29189
29191
29192
29193
29194
29195
29198
29200
29202
29203
29204
29205
29206
29207
29210
29211
29212
29214
29217
29220
29222
29223
29224
29225
29227
29228
29229
29231
29232
29233
29234
29235
29236
29239
29241
29242
29245
29246
29248
29249
29250
29251
29253
29254
29255
29256
29257
29259
29263
29264
29265
29266
29267
29268
29269
29273
29277
29279
29280
29281
29284
29285
29286
29287
29288
29289
29292
29293
29294
29295
29296
29298
29299
29300
29302
29303
29305
29306
29307
29308
29309
29310
29311
29312
29313
29314
29315
29316
29318
29319
29320
29323
29325
29326
29327
29329
29330
29332
29333
29334
29336
29337
29338
29339
29340
29341
29343
29344
29346
29347
29348
29349
29352
29353
29354
29355
29356
29360
29362
29363
29365
29367
29368
29369
29374
29375
29377
29378
29379
29383
29385
29386
29388
29389
29390
29391
29393
29396
29397
29398
29399
29400
29401
29402
29405
29406
29407
29408
29409
29411
29414
29415
29416
29420
29422
29423
29424
29425
29426
29427
29428
29430
29432
29434
29435
29436
29437
29438
29439
29441
29443
29444
29447
29448
29449
29450
29451
29453
29455
29456
29457
29458
29460
29463
29464
29465
29466
29467
29468
29469
29470
29472
29474
29475
29476
29478
29479
29480
29481
29482
29485
29487
29491
29492
29494
29495
29496
29497
29498
29501
29502
29503
29504
29507
29508
29510
29511
29512
29513
29515
29516
29520
29522
29524
29527
29528
29529
29531
29532
29535
29536
29537
29538
29539
29541
29542
29546
29548
29549
29550
29551
29552
29555
29556
29557
29558
29560
29561
29563
29566
29567
29568
29569
29570
29571
29572
29576
29577
29580
29582
29583
29584
29585
29587
29588
29590
29592
29593
29594
29597
29599
29602
29604
29605
29607
29608
29610
29611
29612
29614
29617
29618
29621
29623
29624
29625
29626
29630
29632
29633
29634
29635
29638
29641
29642
29643
29644
29645
29646
29647
29648
29649
29651
29653
29654
29655
29656
29657
29659
29660
29661
29664
29666
29667
29668
29671
29672
29673
29675
29677
29679
29680
29681
29682
29683
29684
29685
29686
29687
29691
29695
29696
29698
29700
29702
29703
29704
29709
29711
29712
29713
29715
29716
29719
29720
29721
29722
29723
29725
29726
29727
29728
29729
29730
29732
29733
29734
29735
29736
29738
29739
29740
29741
29742
29744
29747
29749
29750
29751
29753
29754
29756
29757
29760
29761
29762
29763
29764
29766
29767
29768
29769
29770
29773
29774
29775
29776
29777
29778
29779
29781
29782
29784
29785
29786
29787
29789
29790
29791
29792
29793
29795
29796
29797
29798
29799
29800
29801
29802
29805
29806
29807
29808
29809
29812
29813
29814
29818
29819
29820
29821
29823
29827
29828
29830
29832
29834
29835
29836
29837
29838
29839
29840
29842
29843
29844
29845
29847
29848
29850
29851
29853
29854
29856
29857
29859
29860
29862
29864
29866
29867
29868
29870
29871
29872
29874
29875
29876
29878
29880
29881
29882
29884
29885
29888
29889
29890
29891
29892
29893
29895
29897
29900
29901
29902
29903
29906
29907
29908
29909
29910
29911
29914
29915
29916
29917
29918
29920
29921
29922
29923
29924
29925
29926
29927
29928
29930
29931
29934
29936
29937
29938
29940
29942
29944
29945
29948
29949
29950
29951
29952
29953
29954
29955
29956
29959
29961
29962
29963
29966
29969
29973
29975
29976
29978
29979
29980
29981
29982
29983
29984
29987
29988
29990
29992
29993
29994
29997
29999
30000
30001
30002
30003
30004
30005
30007
30010
30012
30017
30020
30021
30022
30023
30024
30025
30026
30027
30028
30033
30034
30036
30038
30039
30040
30042
30043
30044
30045
30048
30050
30054
30055
30056
30057
30059
30060
30062
30063
30064
30065
30066
30069
30070
30071
30072
30073
30074
30075
30076
30077
30079
30082
30083
30084
30085
30086
30088
30089
30093
30094
30095
30096
30098
30100
30101
30104
30105
30106
30109
30111
30113
30114
30119
30120
30122
30124
30129
30130
30132
30138
30139
30141
30142
30143
30144
30145
30146
30147
30148
30150
30152
30154
30155
30156
30157
30159
30160
30161
30162
30163
30164
30165
30166
30167
30168
30169
30171
30172
30173
30176
30177
30180
30183
30184
30186
30188
30189
30193
30194
30195
30196
30197
30198
30199
30201
30202
30204
30205
30207
30208
30209
30210
30211
30212
30213
30214
30215
30216
30217
30218
30223
30224
30226
30227
30228
30229
30230
30231
30232
30233
30235
30236
30238
30239
30240
30241
30244
30247
30248
30249
30251
30253
30255
30256
30258
30259
30261
30262
30264
30266
30268
30272
30273
30274
30275
30276
30277
30279
30280
30281
30282
30285
30286
30287
30289
30293
30294
30295
30296
30297
30298
30299
30300
30305
30306
30307
30308
30309
30310
30311
30312
30313
30314
30316
30317
30319
30320
30323
30324
30325
30327
30328
30331
30336
30337
30338
30340
30343
30345
30348
30349
30350
30351
30352
30353
30354
30355
30356
30357
30358
30360
30363
30364
30365
30366
30367
30368
30371
30372
30373
30376
30377
30378
30379
30380
30381
30384
30385
30386
30387
30388
30389
30390
30391
30393
30394
30396
30397
30398
30399
30400
30401
30402
30403
30404
30405
30406
30408
30409
30410
30411
30413
30414
30415
30416
30418
30419
30421
30422
30423
30424
30425
30426
30428
30429
30430
30431
30432
30434
30435
30436
30437
30438
30439
30441
30442
30443
30444
30445
30446
30447
30448
30449
30450
30451
30452
30453
30454
30455
30456
30458
30459
30460
30461
30462
30463
30464
30465
30466
30467
30468
30469
30470
30471
30472
30473
30475
30476
30477
30479
30480
30481
30482
30483
30484
30485
30488
30489
30490
30491
30492
30493
30494
30496
30497
30498
30499
30500
30501
30502
30503
30504
30505
30508
30509
30510
30511
30513
30514
30515
30516
30517
30518
30519
30521
30522
30524
30525
30527
30528
30530
30531
30532
30534
30535
30537
30538
30540
30542
30543
30544
30545
30548
30550
30552
30553
30554
30557
30558
30559
30560
30561
30562
30563
30564
30565
30566
30569
30570
30574
30575
30576
30577
30579
30580
30581
30582
30583
30584
30585
30586
30588
30592
30593
30596
30597
30598
30599
30600
30601
30602
30603
30604
30605
30606
30612
30613
30614
30615
30616
30619
30621
30622
30623
30624
30626
30628
30630
30631
30634
30635
30638
30639
30640
30641
30642
30648
30649
30651
30652
30653
30654
30655
30656
30657
30659
30661
30664
30665
30666
30667
30668
30669
30671
30672
30673
30674
30675
30676
30678
30679
30681
30682
30683
30684
30685
30686
30687
30688
30692
30693
30695
30696
30697
30698
30699
30700
30705
30706
30708
30709
30710
30713
30714
30715
30719
30720
30721
30725
30727
30728
30729
30730
30731
30732
30733
30734
30735
30736
30738
30739
30740
30741
30742
30743
30744
30745
30746
30749
30753
30754
30755
30759
30760
30761
30762
30764
30766
30767
30768
30769
30770
30771
30772
30774
30775
30778
30779
30782
30784
30785
30786
30787
30788
30789
30791
30792
30793
30796
30798
30799
30800
30802
30807
30810
30811
30813
30816
30819
30820
30821
30822
30824
30825
30826
30827
30829
30834
30837
30838
30839
30841
30842
30843
30846
30847
30848
30849
30850
30852
30853
30854
30856
30859
30861
30862
30864
30867
30870
30871
30876
30878
30879
30881
30882
30884
30888
30889
30890
30896
30898
30899
30900
30903
30904
30905
30906
30907
30908
30909
30911
30912
30914
30915
30916
30917
30918
30919
30923
30924
30925
30926
30927
30928
30933
30934
30937
30938
30939
30940
30942
30945
30946
30947
30948
30949
30950
30951
30952
30953
30954
30955
30956
30957
30959
30960
30961
30962
30964
30966
30967
30968
30970
30971
30972
30974
30975
30978
30979
30980
30981
30982
30983
30984
30986
30987
30989
30990
30991
30993
30994
30995
30996
30997
30998
30999
31000
31001
31002
31005
31006
31007
31008
31009
31010
31011
31016
31017
31018
31023
31024
31025
31026
31027
31030
31033
31034
31037
31039
31040
31042
31043
31044
31045
31046
31047
31048
31050
31051
31052
31053
31057
31058
31059
31060
31061
31062
31063
31064
31065
31067
31068
31070
31073
31074
31075
31076
31077
31078
31079
31080
31081
31083
31084
31086
31087
31089
31090
31091
31092
31093
31094
31095
31097
31098
31099
31100
31101
31102
31106
31107
31108
31109
31110
31111
31112
31113
31114
31115
31118
31120
31121
31122
31123
31124
31125
31126
31128
31129
31130
31131
31132
31133
31134
31136
31138
31139
31140
31141
31142
31143
31145
31146
31147
31148
31149
31153
31154
31156
31157
31158
31160
31163
31164
31165
31166
31167
31169
31171
31172
31173
31174
31175
31179
31181
31182
31183
31185
31186
31187
31188
31189
31192
31193
31194
31195
31196
31197
31199
31200
31202
31203
31204
31205
31206
31207
31209
31211
31212
31213
31214
31217
31218
31220
31222
31223
31227
31228
31230
31232
31234
31235
31236
31238
31241
31242
31243
31244
31245
31248
31249
31250
31255
31257
31258
31259
31260
31262
31265
31266
31267
31269
31270
31271
31272
31275
31276
31277
31278
31279
31280
31281
31282
31284
31286
31287
31288
31289
31290
31297
31299
31300
31301
31303
31306
31307
31309
31312
31313
31314
31315
31316
31317
31319
31321
31322
31323
31327
31328
31329
31332
31333
31334
31335
31337
31338
31339
31340
31341
31345
31346
31347
31348
31349
31351
31352
31353
31354
31355
31358
31360
31361
31362
31363
31367
31368
31369
31370
31371
31372
31373
31374
31375
31376
31377
31378
31379
31381
31382
31383
31385
31386
31387
31389
31390
31392
31393
31394
31396
31397
31398
31400
31403
31404
31405
31406
31407
31408
31410
31412
31413
31414
31415
31416
31417
31418
31420
31421
31422
31423
31424
31425
31426
31427
31431
31432
31433
31434
31436
31437
31438
31439
31440
31441
31442
31443
31445
31446
31447
31449
31450
31451
31452
31453
31454
31455
31456
31458
31459
31460
31462
31463
31466
31467
31468
31469
31470
31471
31472
31476
31481
31484
31485
31489
31490
31493
31494
31495
31496
31497
31498
31499
31500
31501
31502
31503
31504
31505
31506
31509
31511
31512
31513
31514
31515
31516
31517
31518
31519
31520
31521
31522
31523
31524
31525
31526
31527
31528
31529
31531
31532
31533
31535
31536
31537
31538
31539
31540
31542
31543
31544
31546
31547
31548
31549
31552
31553
31554
31555
31556
31557
31558
31559
31560
31561
31562
31563
31564
31565
31566
31567
31568
31569
31570
31571
31572
31574
31575
31576
31577
31579
31580
31581
31582
31584
31585
31587
31588
31589
31590
31591
31592
31593
31594
31595
31596
31597
31598
31599
31600
31601
31602
31603
31604
31605
31606
31607
31608
31609
31610
31612
31613
31614
31615
31617
31618
31619
31620
31621
31622
31623
31624
31625
31626
31627
31628
31629
31630
31631
31633
31634
31635
31636
31637
31638
31639
31640
31641
31642
31644
31646
31648
31649
31650
31652
31655
31656
31658
31659
31660
31661
31662
31663
31664
31665
31666
31667
31668
31671
31672
31673
31674
31675
31676
31678
31679
31681
31682
31685
31686
31687
