0.000000000000000000e+00 5.167587810552451977e-01
1.000000000000000000e+02 3.566416035098239901e-01
2.000000000000000000e+02 3.877786374189537422e-01
3.000000000000000000e+02 4.078594145680883298e-01
4.000000000000000000e+02 4.198654027871782102e-01
5.000000000000000000e+02 4.266602823403826683e-01
6.000000000000000000e+02 4.485755927908063878e-01
7.000000000000000000e+02 4.602157885850377550e-01
8.000000000000000000e+02 4.646932889423753266e-01
9.000000000000000000e+02 4.841479426924702456e-01
1.000000000000000000e+03 5.041472393445702860e-01
1.100000000000000000e+03 5.191969863779666294e-01
1.200000000000000000e+03 5.788006641628917759e-01
1.300000000000000000e+03 5.740282547876741637e-01
1.400000000000000000e+03 5.645810362044731967e-01
1.500000000000000000e+03 6.004827440953666162e-01
1.600000000000000000e+03 6.050433827699228662e-01
1.700000000000000000e+03 6.197807959540531098e-01
1.800000000000000000e+03 6.511308434151468205e-01
1.900000000000000000e+03 6.426534607969527357e-01
2.000000000000000000e+03 6.768746831505534356e-01
2.100000000000000000e+03 6.854117594651478740e-01
2.200000000000000000e+03 7.190660052482606979e-01
2.300000000000000000e+03 7.148919138456999445e-01
2.400000000000000000e+03 7.089312969282063337e-01
2.500000000000000000e+03 7.248945717925875387e-01
2.600000000000000000e+03 7.486308592250394689e-01
2.700000000000000000e+03 7.488761626963021945e-01
2.800000000000000000e+03 7.734967352459229950e-01
2.900000000000000000e+03 7.767844764127209700e-01
3.000000000000000000e+03 8.129597217845734303e-01
3.100000000000000000e+03 7.802719419046900695e-01
3.200000000000000000e+03 7.870658014420476301e-01
3.300000000000000000e+03 7.878106833423814681e-01
3.400000000000000000e+03 8.181042689152397962e-01
3.500000000000000000e+03 8.271675167034371334e-01
3.600000000000000000e+03 8.241083304826395395e-01
3.700000000000000000e+03 8.277776343586251695e-01
3.800000000000000000e+03 8.128998629187813574e-01
3.900000000000000000e+03 8.278885048332879082e-01
4.000000000000000000e+03 8.290131993826047596e-01
4.100000000000000000e+03 8.459119031670614408e-01
4.200000000000000000e+03 8.301895789497401035e-01
4.300000000000000000e+03 8.276927702470013859e-01
4.400000000000000000e+03 8.469467006537585441e-01
4.500000000000000000e+03 8.390432648739704069e-01
4.600000000000000000e+03 8.613676090824010645e-01
4.700000000000000000e+03 8.441393816934796845e-01
4.800000000000000000e+03 8.686940322976646200e-01
4.900000000000000000e+03 8.628868909901360462e-01
5.000000000000000000e+03 8.578439441221766826e-01
5.100000000000000000e+03 8.691712073131868665e-01
5.200000000000000000e+03 8.694159957067760791e-01
5.300000000000000000e+03 8.696166082543015374e-01
5.400000000000000000e+03 8.861852395919609382e-01
5.500000000000000000e+03 8.745570981043715442e-01
5.600000000000000000e+03 8.791867592962983036e-01
5.700000000000000000e+03 8.908331611906648018e-01
5.800000000000000000e+03 8.718024498199989925e-01
5.900000000000000000e+03 8.819723841082901528e-01
6.000000000000000000e+03 8.982641782582190260e-01
6.100000000000000000e+03 8.901574782199159763e-01
6.200000000000000000e+03 9.007037109145602516e-01
6.300000000000000000e+03 8.883776728874379636e-01
6.400000000000000000e+03 8.967716375079123337e-01
6.500000000000000000e+03 9.164549174860174841e-01
6.600000000000000000e+03 8.936277292281351592e-01
6.700000000000000000e+03 9.017136572671814454e-01
6.800000000000000000e+03 9.035175226879410548e-01
6.900000000000000000e+03 9.126576784926866415e-01
7.000000000000000000e+03 9.119492547971959073e-01
7.100000000000000000e+03 9.107939194880924072e-01
7.200000000000000000e+03 8.944308231277040555e-01
7.300000000000000000e+03 9.278445362611273950e-01
7.400000000000000000e+03 9.096077626188723286e-01
7.500000000000000000e+03 9.268560624554907923e-01
7.600000000000000000e+03 9.146010797935403280e-01
7.700000000000000000e+03 9.204526374030309599e-01
7.800000000000000000e+03 9.164680987847200200e-01
7.900000000000000000e+03 9.086274618737680830e-01
8.000000000000000000e+03 9.196333256679619650e-01
8.100000000000000000e+03 9.223213048901370836e-01
8.200000000000000000e+03 9.244479369375058209e-01
8.300000000000000000e+03 9.141592386053385422e-01
8.400000000000000000e+03 9.316923861061421341e-01
8.500000000000000000e+03 9.325257587450288543e-01
8.600000000000000000e+03 9.331894889156465700e-01
8.700000000000000000e+03 9.285463992318733206e-01
8.800000000000000000e+03 9.284367304082921102e-01
8.900000000000000000e+03 9.330534312036660172e-01
9.000000000000000000e+03 9.434208796745079395e-01
9.100000000000000000e+03 9.348500026492020387e-01
9.200000000000000000e+03 9.319677283886903529e-01
9.300000000000000000e+03 9.387152426919709303e-01
9.400000000000000000e+03 9.271722050131703252e-01
9.500000000000000000e+03 9.393667286939079153e-01
9.600000000000000000e+03 9.332658583315535106e-01
9.700000000000000000e+03 9.401013968461011672e-01
9.800000000000000000e+03 9.464698201179768677e-01
9.900000000000000000e+03 9.509407858086637022e-01
1.000000000000000000e+04 9.477076667060768678e-01
1.010000000000000000e+04 9.501268132574398617e-01
1.020000000000000000e+04 9.562808974931696904e-01
1.030000000000000000e+04 9.457773634820895170e-01
1.040000000000000000e+04 9.436992093776874757e-01
1.050000000000000000e+04 9.500191514222664502e-01
1.060000000000000000e+04 9.507626969974496411e-01
1.070000000000000000e+04 9.527653347360363068e-01
1.080000000000000000e+04 9.524438312124746675e-01
1.090000000000000000e+04 9.523984572536368098e-01
1.100000000000000000e+04 9.494667714866518171e-01
1.110000000000000000e+04 9.542711140647495149e-01
1.120000000000000000e+04 9.614852311394784801e-01
1.130000000000000000e+04 9.612931507950452925e-01
1.140000000000000000e+04 9.620168456258967327e-01
1.150000000000000000e+04 9.620612206572376479e-01
1.160000000000000000e+04 9.674249811306496749e-01
1.170000000000000000e+04 9.608390413870514513e-01
1.180000000000000000e+04 9.642052498174821240e-01
1.190000000000000000e+04 9.703037353821235556e-01
1.200000000000000000e+04 9.659344096696769189e-01
1.210000000000000000e+04 9.623857591294211478e-01
1.220000000000000000e+04 9.678385812595885485e-01
1.230000000000000000e+04 9.705996241762769872e-01
1.240000000000000000e+04 9.696458359486213041e-01
1.250000000000000000e+04 9.710867236523613721e-01
1.260000000000000000e+04 9.742471372177717859e-01
1.270000000000000000e+04 9.762979518762309183e-01
1.280000000000000000e+04 9.770446576901460345e-01
1.290000000000000000e+04 9.726810871349473864e-01
1.300000000000000000e+04 9.715937594894406004e-01
1.310000000000000000e+04 9.731291043837271282e-01
1.320000000000000000e+04 9.716843457151470576e-01
1.330000000000000000e+04 9.778854217272868743e-01
1.340000000000000000e+04 9.769623465738209722e-01
1.350000000000000000e+04 9.823811601195424625e-01
1.360000000000000000e+04 9.808766952356315905e-01
1.370000000000000000e+04 9.741487242740253238e-01
1.380000000000000000e+04 9.778355120495754171e-01
1.390000000000000000e+04 9.780932546179301745e-01
1.400000000000000000e+04 9.840873586279507146e-01
1.410000000000000000e+04 9.815034162883453650e-01
1.420000000000000000e+04 9.822518931891778271e-01
1.430000000000000000e+04 9.840728028807981254e-01
1.440000000000000000e+04 9.794794076777303404e-01
1.450000000000000000e+04 9.820313699966953802e-01
1.460000000000000000e+04 9.802682695291998760e-01
1.470000000000000000e+04 9.815725144967885063e-01
1.480000000000000000e+04 9.818743263861423598e-01
1.490000000000000000e+04 9.825818372439730775e-01
1.500000000000000000e+04 9.807447349532081304e-01
1.510000000000000000e+04 9.819373017733480369e-01
1.520000000000000000e+04 9.813822409202086483e-01
1.530000000000000000e+04 9.846276222344756412e-01
1.540000000000000000e+04 9.850651928069398267e-01
1.550000000000000000e+04 9.842605606262961881e-01
1.560000000000000000e+04 9.829926451212924743e-01
1.570000000000000000e+04 9.885617144970977321e-01
1.580000000000000000e+04 9.841395658811535885e-01
1.590000000000000000e+04 9.862937756258772781e-01
1.600000000000000000e+04 9.864693334273726411e-01
1.610000000000000000e+04 9.870037442190822130e-01
1.620000000000000000e+04 9.870467396432200946e-01
1.630000000000000000e+04 9.813150745030659872e-01
1.640000000000000000e+04 9.851489475860698564e-01
1.650000000000000000e+04 9.834292315849619825e-01
1.660000000000000000e+04 9.823307144885768949e-01
1.670000000000000000e+04 9.810174803224138707e-01
1.680000000000000000e+04 9.849239957269564361e-01
1.690000000000000000e+04 9.881047906203221931e-01
1.700000000000000000e+04 9.798217811608731509e-01
1.710000000000000000e+04 9.859518715465520611e-01
1.720000000000000000e+04 9.839765861624967247e-01
1.730000000000000000e+04 9.847835512764694377e-01
1.740000000000000000e+04 9.880533581651926855e-01
1.750000000000000000e+04 9.860852522144492038e-01
1.760000000000000000e+04 9.884708728061628591e-01
1.770000000000000000e+04 9.847194208563181395e-01
1.780000000000000000e+04 9.823313811564793330e-01
1.790000000000000000e+04 9.862891271130148629e-01
1.800000000000000000e+04 9.878694842550743704e-01
1.810000000000000000e+04 9.843396139314608551e-01
1.820000000000000000e+04 9.857337925561593384e-01
1.830000000000000000e+04 9.855926354400265099e-01
1.840000000000000000e+04 9.900591320969186482e-01
1.850000000000000000e+04 9.850593716552116241e-01
1.860000000000000000e+04 9.868953310390826683e-01
1.870000000000000000e+04 9.853971961904798293e-01
1.880000000000000000e+04 9.882975383522740742e-01
1.890000000000000000e+04 9.828827189193187763e-01
1.900000000000000000e+04 9.879347401963218811e-01
1.910000000000000000e+04 9.874242360056455503e-01
1.920000000000000000e+04 9.846619475966917889e-01
1.930000000000000000e+04 9.873683717121763959e-01
1.940000000000000000e+04 9.868749430330037153e-01
1.950000000000000000e+04 9.870753267192580171e-01
1.960000000000000000e+04 9.882500831328620006e-01
1.970000000000000000e+04 9.826087677801813580e-01
1.980000000000000000e+04 9.869726673554051199e-01
1.990000000000000000e+04 9.868109861541155547e-01
2.000000000000000000e+04 9.870306180777643767e-01
2.010000000000000000e+04 9.852712573185902212e-01
2.020000000000000000e+04 9.878716845472000907e-01
2.030000000000000000e+04 9.904017837482296249e-01
2.040000000000000000e+04 9.872332265043999300e-01
2.050000000000000000e+04 9.880305075520997571e-01
2.060000000000000000e+04 9.847584786783826205e-01
2.070000000000000000e+04 9.872267801814563759e-01
2.080000000000000000e+04 9.899073894564121012e-01
2.090000000000000000e+04 9.883317502940621724e-01
2.100000000000000000e+04 9.855940344863768354e-01
2.110000000000000000e+04 9.880758434071311713e-01
2.120000000000000000e+04 9.917985596952765270e-01
2.130000000000000000e+04 9.850571085806421046e-01
2.140000000000000000e+04 9.898868890853544933e-01
2.150000000000000000e+04 9.878818862505825971e-01
2.160000000000000000e+04 9.846046476355323485e-01
2.170000000000000000e+04 9.854405641634607083e-01
2.180000000000000000e+04 9.886708520424992708e-01
2.190000000000000000e+04 9.836660942664500196e-01
2.200000000000000000e+04 9.881297574827090369e-01
2.210000000000000000e+04 9.880499199703858260e-01
2.220000000000000000e+04 9.907841291954040397e-01
2.230000000000000000e+04 9.880837661697280394e-01
2.240000000000000000e+04 9.859906091414890605e-01
2.250000000000000000e+04 9.861276648725632032e-01
2.260000000000000000e+04 9.859355460378409486e-01
2.270000000000000000e+04 9.899634065149420792e-01
2.280000000000000000e+04 9.881426335191632049e-01
2.290000000000000000e+04 9.886606948939610229e-01
2.300000000000000000e+04 9.847956441933349847e-01
2.310000000000000000e+04 9.873408729121877503e-01
2.320000000000000000e+04 9.874771971989207975e-01
2.330000000000000000e+04 9.879266266648627504e-01
2.340000000000000000e+04 9.833637510643028490e-01
2.350000000000000000e+04 9.876529663357884736e-01
2.360000000000000000e+04 9.874442612125238217e-01
2.370000000000000000e+04 9.853858908017338880e-01
2.380000000000000000e+04 9.879248750150476654e-01
2.390000000000000000e+04 9.917343683989648939e-01
2.400000000000000000e+04 9.877304428234559008e-01
2.410000000000000000e+04 9.846377440046317764e-01
2.420000000000000000e+04 9.867638019319132647e-01
2.430000000000000000e+04 9.885915547869303932e-01
2.440000000000000000e+04 9.849585813254487787e-01
2.450000000000000000e+04 9.865807465488662942e-01
2.460000000000000000e+04 9.845425124082196611e-01
2.470000000000000000e+04 9.865254650978747542e-01
2.480000000000000000e+04 9.882198102285031371e-01
2.490000000000000000e+04 9.871851755533513906e-01
2.500000000000000000e+04 9.889333129006510070e-01
2.510000000000000000e+04 9.861605964337160080e-01
2.520000000000000000e+04 9.915498726150087094e-01
2.530000000000000000e+04 9.856965814949905091e-01
2.540000000000000000e+04 9.900588138420838291e-01
2.550000000000000000e+04 9.901196370101486011e-01
2.560000000000000000e+04 9.880220998857516257e-01
2.570000000000000000e+04 9.879383660738684236e-01
2.580000000000000000e+04 9.853389713239079084e-01
2.590000000000000000e+04 9.850976891291499671e-01
2.600000000000000000e+04 9.841469610915649646e-01
2.610000000000000000e+04 9.873238933333704503e-01
2.620000000000000000e+04 9.880896276849497895e-01
2.630000000000000000e+04 9.832260059827749865e-01
2.640000000000000000e+04 9.835994205430045323e-01
2.650000000000000000e+04 9.860291855753038348e-01
2.660000000000000000e+04 9.878935774311006224e-01
2.670000000000000000e+04 9.867937773298810500e-01
2.680000000000000000e+04 9.884176019050938677e-01
2.690000000000000000e+04 9.895900796866384797e-01
2.700000000000000000e+04 9.875869869282252189e-01
2.710000000000000000e+04 9.895550759194962076e-01
2.720000000000000000e+04 9.897430240541910118e-01
2.730000000000000000e+04 9.885204009618324683e-01
2.740000000000000000e+04 9.887921195226749838e-01
2.750000000000000000e+04 9.899947015466226130e-01
2.760000000000000000e+04 9.875232204642894196e-01
2.770000000000000000e+04 9.918476534088302987e-01
2.780000000000000000e+04 9.861686404498070102e-01
2.790000000000000000e+04 9.895629917708116396e-01
2.800000000000000000e+04 9.840057225831776444e-01
2.810000000000000000e+04 9.901503726151992257e-01
2.820000000000000000e+04 9.869298534662620526e-01
2.830000000000000000e+04 9.854647876731055245e-01
2.840000000000000000e+04 9.880541061413775639e-01
2.850000000000000000e+04 9.866320579154168602e-01
2.860000000000000000e+04 9.881213257812087036e-01
2.870000000000000000e+04 9.853433867736208773e-01
2.880000000000000000e+04 9.860334691811436514e-01
2.890000000000000000e+04 9.879424903410863879e-01
2.900000000000000000e+04 9.858123318167382187e-01
2.910000000000000000e+04 9.831379394029158281e-01
2.920000000000000000e+04 9.863441289998875483e-01
2.930000000000000000e+04 9.901267618816709248e-01
2.940000000000000000e+04 9.861063965010290477e-01
2.950000000000000000e+04 9.896339018277210409e-01
2.960000000000000000e+04 9.869557676939818558e-01
2.970000000000000000e+04 9.922376905398663238e-01
2.980000000000000000e+04 9.897228658932303302e-01
2.990000000000000000e+04 9.859774662389028110e-01
3.000000000000000000e+04 9.854019225541927884e-01
