0.000000000000000000e+00 4.975839999999999708e-01
1.000000000000000000e+02 2.392279999999999962e-01
2.000000000000000000e+02 3.153040000000000287e-01
3.000000000000000000e+02 3.479280000000000150e-01
4.000000000000000000e+02 3.938159999999999994e-01
5.000000000000000000e+02 4.008559999999999901e-01
6.000000000000000000e+02 4.382280000000000064e-01
7.000000000000000000e+02 4.572520000000000473e-01
8.000000000000000000e+02 4.822720000000000340e-01
9.000000000000000000e+02 5.046039999999999415e-01
1.000000000000000000e+03 5.286399999999999988e-01
1.100000000000000000e+03 5.285799999999999388e-01
1.200000000000000000e+03 6.054199999999999582e-01
1.300000000000000000e+03 6.013039999999999496e-01
1.400000000000000000e+03 5.884959999999999081e-01
1.500000000000000000e+03 6.114880000000000315e-01
1.600000000000000000e+03 6.275839999999999197e-01
1.700000000000000000e+03 6.228000000000000203e-01
1.800000000000000000e+03 6.597159999999999691e-01
1.900000000000000000e+03 6.467279999999999696e-01
2.000000000000000000e+03 6.849319999999998743e-01
2.100000000000000000e+03 6.831280000000000685e-01
2.200000000000000000e+03 7.067559999999999398e-01
2.300000000000000000e+03 7.211960000000000592e-01
2.400000000000000000e+03 7.139520000000000310e-01
2.500000000000000000e+03 7.195920000000000094e-01
2.600000000000000000e+03 7.195759999999999934e-01
2.700000000000000000e+03 7.255679999999999907e-01
2.800000000000000000e+03 7.511399999999999189e-01
2.900000000000000000e+03 7.650440000000000573e-01
3.000000000000000000e+03 7.980739999999999501e-01
3.100000000000000000e+03 7.618519999999999737e-01
3.200000000000000000e+03 7.677480000000000970e-01
3.300000000000000000e+03 7.548640000000000905e-01
3.400000000000000000e+03 8.003680000000000794e-01
3.500000000000000000e+03 7.988120000000000775e-01
3.600000000000000000e+03 8.035360000000000280e-01
3.700000000000000000e+03 7.942040000000001321e-01
3.800000000000000000e+03 7.838639999999998942e-01
3.900000000000000000e+03 7.997639999999999194e-01
4.000000000000000000e+03 7.919680000000000053e-01
4.100000000000000000e+03 8.219719999999999249e-01
4.200000000000000000e+03 8.017720000000000402e-01
4.300000000000000000e+03 7.967119999999999758e-01
4.400000000000000000e+03 8.202159999999999451e-01
4.500000000000000000e+03 8.063960000000000017e-01
4.600000000000000000e+03 8.302160000000000650e-01
4.700000000000000000e+03 8.069199999999999706e-01
4.800000000000000000e+03 8.398679999999998369e-01
4.900000000000000000e+03 8.300879999999999370e-01
5.000000000000000000e+03 8.267640000000000544e-01
5.100000000000000000e+03 8.419799999999999507e-01
5.200000000000000000e+03 8.382480000000001041e-01
5.300000000000000000e+03 8.356559999999999544e-01
5.400000000000000000e+03 8.519439999999999236e-01
5.500000000000000000e+03 8.435960000000000125e-01
5.600000000000000000e+03 8.531160000000000965e-01
5.700000000000000000e+03 8.565880000000000161e-01
5.800000000000000000e+03 8.329919999999999547e-01
5.900000000000000000e+03 8.509439999999999227e-01
6.000000000000000000e+03 8.675879999999999148e-01
6.100000000000000000e+03 8.568560000000000620e-01
6.200000000000000000e+03 8.682719999999999327e-01
6.300000000000000000e+03 8.583959999999999368e-01
6.400000000000000000e+03 8.691880000000000717e-01
6.500000000000000000e+03 8.935560000000000169e-01
6.600000000000000000e+03 8.610319999999997975e-01
6.700000000000000000e+03 8.708040000000000225e-01
6.800000000000000000e+03 8.701360000000000205e-01
6.900000000000000000e+03 8.897319999999999673e-01
7.000000000000000000e+03 8.791319999999999135e-01
7.100000000000000000e+03 8.860400000000000498e-01
7.200000000000000000e+03 8.642560000000000242e-01
7.300000000000000000e+03 9.042160000000000197e-01
7.400000000000000000e+03 8.817800000000000082e-01
7.500000000000000000e+03 9.040279999999999427e-01
7.600000000000000000e+03 8.863159999999999927e-01
7.700000000000000000e+03 8.976439999999998864e-01
7.800000000000000000e+03 8.891839999999999744e-01
7.900000000000000000e+03 8.782479999999999176e-01
8.000000000000000000e+03 8.925319999999999920e-01
8.100000000000000000e+03 8.954759999999998277e-01
8.200000000000000000e+03 9.020079999999999210e-01
8.300000000000000000e+03 8.922559999999999381e-01
8.400000000000000000e+03 9.085999999999999632e-01
8.500000000000000000e+03 9.079559999999998743e-01
8.600000000000000000e+03 9.118199999999998528e-01
8.700000000000000000e+03 9.046680000000000277e-01
8.800000000000000000e+03 9.043159999999998977e-01
8.900000000000000000e+03 9.094759999999999511e-01
9.000000000000000000e+03 9.267320000000001112e-01
9.100000000000000000e+03 9.166920000000000623e-01
9.200000000000000000e+03 9.082839999999999803e-01
9.300000000000000000e+03 9.138720000000000176e-01
9.400000000000000000e+03 9.044359999999999067e-01
9.500000000000000000e+03 9.205560000000000409e-01
9.600000000000000000e+03 9.105879999999999530e-01
9.700000000000000000e+03 9.240840000000001275e-01
9.800000000000000000e+03 9.287159999999998750e-01
9.900000000000000000e+03 9.336359999999999104e-01
1.000000000000000000e+04 9.321360000000000756e-01
1.010000000000000000e+04 9.332799999999998875e-01
1.020000000000000000e+04 9.439359999999998863e-01
1.030000000000000000e+04 9.274279999999999191e-01
1.040000000000000000e+04 9.237119999999999775e-01
1.050000000000000000e+04 9.332639999999999825e-01
1.060000000000000000e+04 9.347480000000000233e-01
1.070000000000000000e+04 9.364359999999999351e-01
1.080000000000000000e+04 9.370519999999999960e-01
1.090000000000000000e+04 9.351359999999999673e-01
1.100000000000000000e+04 9.318640000000000256e-01
1.110000000000000000e+04 9.387519999999999198e-01
1.120000000000000000e+04 9.481919999999999238e-01
1.130000000000000000e+04 9.506439999999998225e-01
1.140000000000000000e+04 9.507480000000000375e-01
1.150000000000000000e+04 9.495759999999999756e-01
1.160000000000000000e+04 9.580079999999999707e-01
1.170000000000000000e+04 9.459520000000000151e-01
1.180000000000000000e+04 9.546039999999998971e-01
1.190000000000000000e+04 9.586799999999998656e-01
1.200000000000000000e+04 9.540279999999998761e-01
1.210000000000000000e+04 9.494759999999999867e-01
1.220000000000000000e+04 9.571920000000000428e-01
1.230000000000000000e+04 9.608400000000000274e-01
1.240000000000000000e+04 9.592799999999999105e-01
1.250000000000000000e+04 9.618560000000000443e-01
1.260000000000000000e+04 9.656959999999998878e-01
1.270000000000000000e+04 9.677960000000001006e-01
1.280000000000000000e+04 9.699159999999998893e-01
1.290000000000000000e+04 9.648679999999999479e-01
1.300000000000000000e+04 9.618160000000000043e-01
1.310000000000000000e+04 9.629680000000001572e-01
1.320000000000000000e+04 9.620039999999999702e-01
1.330000000000000000e+04 9.699319999999999053e-01
1.340000000000000000e+04 9.703959999999999253e-01
1.350000000000000000e+04 9.777799999999999825e-01
1.360000000000000000e+04 9.755399999999999627e-01
1.370000000000000000e+04 9.655920000000000059e-01
1.380000000000000000e+04 9.695159999999999334e-01
1.390000000000000000e+04 9.706439999999999513e-01
1.400000000000000000e+04 9.796679999999999833e-01
1.410000000000000000e+04 9.765440000000000786e-01
1.420000000000000000e+04 9.766719999999998736e-01
1.430000000000000000e+04 9.800799999999999512e-01
1.440000000000000000e+04 9.719799999999999551e-01
1.450000000000000000e+04 9.776199999999999335e-01
1.460000000000000000e+04 9.748920000000000918e-01
1.470000000000000000e+04 9.776840000000001085e-01
1.480000000000000000e+04 9.766520000000000756e-01
1.490000000000000000e+04 9.781879999999999464e-01
1.500000000000000000e+04 9.744159999999999489e-01
1.510000000000000000e+04 9.754720000000000057e-01
1.520000000000000000e+04 9.755080000000000418e-01
1.530000000000000000e+04 9.791919999999999513e-01
1.540000000000000000e+04 9.806599999999999762e-01
1.550000000000000000e+04 9.795639999999998793e-01
1.560000000000000000e+04 9.789919999999998623e-01
1.570000000000000000e+04 9.861000000000000876e-01
1.580000000000000000e+04 9.784359999999999724e-01
1.590000000000000000e+04 9.819719999999999560e-01
1.600000000000000000e+04 9.831800000000000539e-01
1.610000000000000000e+04 9.845960000000000267e-01
1.620000000000000000e+04 9.836960000000000148e-01
1.630000000000000000e+04 9.759399999999999187e-01
1.640000000000000000e+04 9.803719999999999102e-01
1.650000000000000000e+04 9.798400000000000443e-01
1.660000000000000000e+04 9.771560000000000246e-01
1.670000000000000000e+04 9.757640000000000757e-01
1.680000000000000000e+04 9.812039999999999651e-01
1.690000000000000000e+04 9.844879999999999187e-01
1.700000000000000000e+04 9.750920000000001808e-01
1.710000000000000000e+04 9.829919999999999769e-01
1.720000000000000000e+04 9.801199999999999912e-01
1.730000000000000000e+04 9.814319999999999711e-01
1.740000000000000000e+04 9.853399999999999936e-01
1.750000000000000000e+04 9.833880000000000399e-01
1.760000000000000000e+04 9.855399999999999716e-01
1.770000000000000000e+04 9.815240000000000631e-01
1.780000000000000000e+04 9.778839999999999755e-01
1.790000000000000000e+04 9.832039999999999669e-01
1.800000000000000000e+04 9.850039999999999907e-01
1.810000000000000000e+04 9.794719999999998983e-01
1.820000000000000000e+04 9.814280000000000781e-01
1.830000000000000000e+04 9.819479999999999320e-01
1.840000000000000000e+04 9.878360000000000474e-01
1.850000000000000000e+04 9.814839999999999121e-01
1.860000000000000000e+04 9.839599999999999458e-01
1.870000000000000000e+04 9.815800000000000081e-01
1.880000000000000000e+04 9.852279999999998816e-01
1.890000000000000000e+04 9.784680000000000044e-01
1.900000000000000000e+04 9.847920000000000007e-01
1.910000000000000000e+04 9.850799999999999557e-01
1.920000000000000000e+04 9.803160000000000762e-01
1.930000000000000000e+04 9.833200000000000829e-01
1.940000000000000000e+04 9.826439999999999619e-01
1.950000000000000000e+04 9.833640000000000159e-01
1.960000000000000000e+04 9.859599999999999476e-01
1.970000000000000000e+04 9.784640000000000004e-01
1.980000000000000000e+04 9.848920000000001007e-01
1.990000000000000000e+04 9.842600000000000238e-01
2.000000000000000000e+04 9.858520000000000616e-01
2.010000000000000000e+04 9.811440000000000161e-01
2.020000000000000000e+04 9.855559999999999876e-01
2.030000000000000000e+04 9.887759999999999883e-01
2.040000000000000000e+04 9.843640000000000168e-01
2.050000000000000000e+04 9.848879999999999857e-01
2.060000000000000000e+04 9.816799999999999971e-01
2.070000000000000000e+04 9.845919999999999117e-01
2.080000000000000000e+04 9.874159999999999604e-01
2.090000000000000000e+04 9.860399999999999165e-01
2.100000000000000000e+04 9.826160000000000450e-01
2.110000000000000000e+04 9.855519999999999836e-01
2.120000000000000000e+04 9.904239999999999711e-01
2.130000000000000000e+04 9.812560000000000171e-01
2.140000000000000000e+04 9.877559999999999674e-01
2.150000000000000000e+04 9.858399999999999386e-01
2.160000000000000000e+04 9.806839999999998891e-01
2.170000000000000000e+04 9.821399999999999020e-01
2.180000000000000000e+04 9.869760000000000755e-01
2.190000000000000000e+04 9.793439999999999923e-01
2.200000000000000000e+04 9.852440000000000087e-01
2.210000000000000000e+04 9.854279999999999706e-01
2.220000000000000000e+04 9.893199999999999772e-01
2.230000000000000000e+04 9.856719999999999926e-01
2.240000000000000000e+04 9.827399999999999469e-01
2.250000000000000000e+04 9.823080000000000700e-01
2.260000000000000000e+04 9.829399999999999249e-01
2.270000000000000000e+04 9.882360000000000033e-01
2.280000000000000000e+04 9.855159999999999476e-01
2.290000000000000000e+04 9.869079999999998964e-01
2.300000000000000000e+04 9.817319999999999380e-01
2.310000000000000000e+04 9.847920000000000007e-01
2.320000000000000000e+04 9.843080000000000718e-01
2.330000000000000000e+04 9.858640000000000736e-01
2.340000000000000000e+04 9.791039999999998633e-01
2.350000000000000000e+04 9.852919999999999456e-01
2.360000000000000000e+04 9.845399999999999707e-01
2.370000000000000000e+04 9.822960000000000580e-01
2.380000000000000000e+04 9.840879999999999628e-01
2.390000000000000000e+04 9.901240000000000041e-01
2.400000000000000000e+04 9.855200000000000626e-01
2.410000000000000000e+04 9.813960000000000461e-01
2.420000000000000000e+04 9.841559999999999198e-01
2.430000000000000000e+04 9.864279999999999715e-01
2.440000000000000000e+04 9.821039999999999770e-01
2.450000000000000000e+04 9.841719999999999358e-01
2.460000000000000000e+04 9.822480000000000100e-01
2.470000000000000000e+04 9.841640000000000388e-01
2.480000000000000000e+04 9.862119999999999775e-01
2.490000000000000000e+04 9.841399999999999038e-01
2.500000000000000000e+04 9.863319999999998755e-01
2.510000000000000000e+04 9.838359999999999328e-01
2.520000000000000000e+04 9.903840000000000421e-01
2.530000000000000000e+04 9.830039999999998779e-01
2.540000000000000000e+04 9.886960000000000193e-01
2.550000000000000000e+04 9.880839999999998513e-01
2.560000000000000000e+04 9.854600000000000026e-01
2.570000000000000000e+04 9.854960000000000386e-01
2.580000000000000000e+04 9.819799999999999640e-01
2.590000000000000000e+04 9.825479999999999769e-01
2.600000000000000000e+04 9.813679999999999071e-01
2.610000000000000000e+04 9.850080000000001057e-01
2.620000000000000000e+04 9.861279999999998935e-01
2.630000000000000000e+04 9.803279999999999772e-01
2.640000000000000000e+04 9.802400000000000002e-01
2.650000000000000000e+04 9.828920000000000989e-01
2.660000000000000000e+04 9.854399999999999826e-01
2.670000000000000000e+04 9.843200000000000838e-01
2.680000000000000000e+04 9.866639999999999855e-01
2.690000000000000000e+04 9.870839999999999614e-01
2.700000000000000000e+04 9.844239999999999657e-01
2.710000000000000000e+04 9.877719999999999834e-01
2.720000000000000000e+04 9.878439999999999444e-01
2.730000000000000000e+04 9.861759999999999415e-01
2.740000000000000000e+04 9.869959999999999845e-01
2.750000000000000000e+04 9.881880000000000663e-01
2.760000000000000000e+04 9.843840000000000368e-01
2.770000000000000000e+04 9.904119999999999591e-01
2.780000000000000000e+04 9.832520000000000149e-01
2.790000000000000000e+04 9.875200000000001754e-01
2.800000000000000000e+04 9.807600000000000762e-01
2.810000000000000000e+04 9.888440000000000563e-01
2.820000000000000000e+04 9.852639999999999176e-01
2.830000000000000000e+04 9.826399999999999579e-01
2.840000000000000000e+04 9.857719999999999816e-01
2.850000000000000000e+04 9.848160000000001357e-01
2.860000000000000000e+04 9.861199999999999966e-01
2.870000000000000000e+04 9.821440000000000170e-01
2.880000000000000000e+04 9.833520000000000039e-01
2.890000000000000000e+04 9.858320000000000416e-01
2.900000000000000000e+04 9.830920000000000769e-01
2.910000000000000000e+04 9.797680000000000833e-01
2.920000000000000000e+04 9.837679999999999758e-01
2.930000000000000000e+04 9.881959999999999633e-01
2.940000000000000000e+04 9.831719999999999349e-01
2.950000000000000000e+04 9.879000000000000004e-01
2.960000000000000000e+04 9.844080000000000608e-01
2.970000000000000000e+04 9.914840000000000320e-01
2.980000000000000000e+04 9.881679999999999353e-01
2.990000000000000000e+04 9.829599999999999449e-01
3.000000000000000000e+04 9.829159999999999009e-01
