0.000000000000000000e+00 5.084291254924278025e-01
1.000000000000000000e+02 4.204999461237415304e-01
2.000000000000000000e+02 4.307958644333744758e-01
3.000000000000000000e+02 4.453240786288653608e-01
4.000000000000000000e+02 4.701204538655434639e-01
5.000000000000000000e+02 4.571593172887250534e-01
6.000000000000000000e+02 4.587540687041896104e-01
7.000000000000000000e+02 4.743661645693342810e-01
8.000000000000000000e+02 4.573410142182253169e-01
9.000000000000000000e+02 4.673339409734758032e-01
1.000000000000000000e+03 4.747208614749832134e-01
1.100000000000000000e+03 4.733325514997968053e-01
1.200000000000000000e+03 4.918336814966391413e-01
1.300000000000000000e+03 4.841110867907372217e-01
1.400000000000000000e+03 4.942516135614309358e-01
1.500000000000000000e+03 4.753593989712992518e-01
1.600000000000000000e+03 4.884739557849903102e-01
1.700000000000000000e+03 5.002287873752351288e-01
1.800000000000000000e+03 4.901522554195515968e-01
1.900000000000000000e+03 4.881243842990625748e-01
2.000000000000000000e+03 4.938293486824224532e-01
2.100000000000000000e+03 5.186040538676214284e-01
2.200000000000000000e+03 5.019941526490244721e-01
2.300000000000000000e+03 5.149645151267057130e-01
2.400000000000000000e+03 5.477317635880024627e-01
2.500000000000000000e+03 4.866290960427530621e-01
2.600000000000000000e+03 5.117826883955602923e-01
2.700000000000000000e+03 5.180210441135746358e-01
2.800000000000000000e+03 5.392048743179407300e-01
2.900000000000000000e+03 5.211598219053492631e-01
3.000000000000000000e+03 5.577865162556758793e-01
3.100000000000000000e+03 5.386594735847831661e-01
3.200000000000000000e+03 5.454716223953316456e-01
3.300000000000000000e+03 5.579070055072016254e-01
3.400000000000000000e+03 5.323519787457633434e-01
3.500000000000000000e+03 5.780274357510866157e-01
3.600000000000000000e+03 5.797778541337816893e-01
3.700000000000000000e+03 5.304948166612760696e-01
3.800000000000000000e+03 5.453661024553407843e-01
3.900000000000000000e+03 5.894256304395366630e-01
4.000000000000000000e+03 5.750170329278463388e-01
4.100000000000000000e+03 5.780890318276714623e-01
4.200000000000000000e+03 5.936977873610840284e-01
4.300000000000000000e+03 5.719799416004912596e-01
4.400000000000000000e+03 6.168236602389481904e-01
4.500000000000000000e+03 6.035876396700898816e-01
4.600000000000000000e+03 6.018006449792153711e-01
4.700000000000000000e+03 5.897007965839959898e-01
4.800000000000000000e+03 5.998782404582643224e-01
4.900000000000000000e+03 5.876366337227170167e-01
5.000000000000000000e+03 6.136379739836761438e-01
5.100000000000000000e+03 6.033989725863102560e-01
5.200000000000000000e+03 6.332648463237336989e-01
5.300000000000000000e+03 6.162330251491900945e-01
5.400000000000000000e+03 6.392951770610509898e-01
5.500000000000000000e+03 6.319427362698655237e-01
5.600000000000000000e+03 6.332299765929110258e-01
5.700000000000000000e+03 6.253869810958472275e-01
5.800000000000000000e+03 6.204635720447375657e-01
5.900000000000000000e+03 6.763912781441085986e-01
6.000000000000000000e+03 6.584402741682391369e-01
6.100000000000000000e+03 6.629463770552129764e-01
6.200000000000000000e+03 6.744735827773900017e-01
6.300000000000000000e+03 6.856606768393908036e-01
6.400000000000000000e+03 6.532751609184306307e-01
6.500000000000000000e+03 6.606643547612964795e-01
6.600000000000000000e+03 6.803168149981103641e-01
6.700000000000000000e+03 6.695313596845748894e-01
6.800000000000000000e+03 6.778855175219823392e-01
6.900000000000000000e+03 6.852376827824552263e-01
7.000000000000000000e+03 6.998188620868944776e-01
7.100000000000000000e+03 7.067581094998963698e-01
7.200000000000000000e+03 6.831708663690262417e-01
7.300000000000000000e+03 7.156355517829142698e-01
7.400000000000000000e+03 7.334365479695198475e-01
7.500000000000000000e+03 7.222025195658661190e-01
7.600000000000000000e+03 7.369878490889820721e-01
7.700000000000000000e+03 7.373699900167188792e-01
7.800000000000000000e+03 7.178173866164099248e-01
7.900000000000000000e+03 7.295863584580364325e-01
8.000000000000000000e+03 7.276313840210623107e-01
8.100000000000000000e+03 7.348383377971878794e-01
8.200000000000000000e+03 7.372691802439585995e-01
8.300000000000000000e+03 7.482165608009744284e-01
8.400000000000000000e+03 7.613037392168529038e-01
8.500000000000000000e+03 7.603966224303516652e-01
8.600000000000000000e+03 7.676088993311932507e-01
8.700000000000000000e+03 7.734015291149270999e-01
8.800000000000000000e+03 7.673884645412569760e-01
8.900000000000000000e+03 7.530046154355056753e-01
9.000000000000000000e+03 7.692596221984553395e-01
9.100000000000000000e+03 7.750162442762860149e-01
9.200000000000000000e+03 7.854598101506575780e-01
9.300000000000000000e+03 7.770563518409626669e-01
9.400000000000000000e+03 8.171128362419310953e-01
9.500000000000000000e+03 7.993810074470787397e-01
9.600000000000000000e+03 8.103622981866085428e-01
9.700000000000000000e+03 8.140409035888607203e-01
9.800000000000000000e+03 8.407673747390069785e-01
9.900000000000000000e+03 8.247092240075464264e-01
1.000000000000000000e+04 7.966996170900428886e-01
1.010000000000000000e+04 8.028319487424345757e-01
1.020000000000000000e+04 8.272933617988124100e-01
1.030000000000000000e+04 8.063104208430895703e-01
1.040000000000000000e+04 8.181999044206883509e-01
1.050000000000000000e+04 8.512485377563321354e-01
1.060000000000000000e+04 8.271816590495324473e-01
1.070000000000000000e+04 8.122981667488330393e-01
1.080000000000000000e+04 8.395332992501002289e-01
1.090000000000000000e+04 8.543954296331429665e-01
1.100000000000000000e+04 8.462820587601890265e-01
1.110000000000000000e+04 8.674248958343458993e-01
1.120000000000000000e+04 8.559556679448021566e-01
1.130000000000000000e+04 8.449503220312627461e-01
1.140000000000000000e+04 8.638756271359032679e-01
1.150000000000000000e+04 8.544151185002626381e-01
1.160000000000000000e+04 8.569216006918956019e-01
1.170000000000000000e+04 8.844381031097801049e-01
1.180000000000000000e+04 8.649629198119888063e-01
1.190000000000000000e+04 8.709250495869480524e-01
1.200000000000000000e+04 8.781745789206857333e-01
1.210000000000000000e+04 8.810765670010849426e-01
1.220000000000000000e+04 8.904617392368372464e-01
1.230000000000000000e+04 8.711316150085524068e-01
1.240000000000000000e+04 8.837741447997828903e-01
1.250000000000000000e+04 8.837757444124529904e-01
1.260000000000000000e+04 9.062354184872256635e-01
1.270000000000000000e+04 8.793217184269610520e-01
1.280000000000000000e+04 8.982755469821031014e-01
1.290000000000000000e+04 8.926248277668071829e-01
1.300000000000000000e+04 8.965348007105080619e-01
1.310000000000000000e+04 9.020441094411139060e-01
1.320000000000000000e+04 8.997639522849402161e-01
1.330000000000000000e+04 9.213744566646167033e-01
1.340000000000000000e+04 9.053288157904666456e-01
1.350000000000000000e+04 9.063346743352437285e-01
1.360000000000000000e+04 9.106236021445084372e-01
1.370000000000000000e+04 9.036459367534795950e-01
1.380000000000000000e+04 9.130864996475889228e-01
1.390000000000000000e+04 9.051616106645851145e-01
1.400000000000000000e+04 9.085620097539985895e-01
1.410000000000000000e+04 9.185337600898226817e-01
1.420000000000000000e+04 9.439386786673868990e-01
1.430000000000000000e+04 9.274779317299105541e-01
1.440000000000000000e+04 9.329385406449151041e-01
1.450000000000000000e+04 9.225216281004902097e-01
1.460000000000000000e+04 9.455024033787209348e-01
1.470000000000000000e+04 9.327558675677941613e-01
1.480000000000000000e+04 9.336284736496807124e-01
1.490000000000000000e+04 9.282336223714073853e-01
1.500000000000000000e+04 9.228181502156320715e-01
1.510000000000000000e+04 9.357538672681166014e-01
1.520000000000000000e+04 9.359392597559628157e-01
1.530000000000000000e+04 9.319897339040585926e-01
1.540000000000000000e+04 9.417037596044036674e-01
1.550000000000000000e+04 9.413967208733042824e-01
1.560000000000000000e+04 9.389017692823652395e-01
1.570000000000000000e+04 9.296205890176280073e-01
1.580000000000000000e+04 9.502045667656886518e-01
1.590000000000000000e+04 9.430528270033691207e-01
1.600000000000000000e+04 9.497400043769983480e-01
1.610000000000000000e+04 9.421536347994746707e-01
1.620000000000000000e+04 9.387496738811297314e-01
1.630000000000000000e+04 9.378629371426430161e-01
1.640000000000000000e+04 9.379061967701519675e-01
1.650000000000000000e+04 9.433221202108760250e-01
1.660000000000000000e+04 9.432110213058025883e-01
1.670000000000000000e+04 9.496493259739009485e-01
1.680000000000000000e+04 9.452815551243065606e-01
1.690000000000000000e+04 9.433177072911977934e-01
1.700000000000000000e+04 9.396182016105671941e-01
1.710000000000000000e+04 9.582001462893742216e-01
1.720000000000000000e+04 9.439499916587230643e-01
1.730000000000000000e+04 9.445799454291491370e-01
1.740000000000000000e+04 9.483484396747834388e-01
1.750000000000000000e+04 9.384868620852145904e-01
1.760000000000000000e+04 9.467364696931478418e-01
1.770000000000000000e+04 9.348134971343697863e-01
1.780000000000000000e+04 9.579753383726253846e-01
1.790000000000000000e+04 9.383282756718909212e-01
1.800000000000000000e+04 9.456826570697589585e-01
1.810000000000000000e+04 9.345079812026403365e-01
1.820000000000000000e+04 9.597581216846080565e-01
1.830000000000000000e+04 9.522294547314373858e-01
1.840000000000000000e+04 9.479459276552576474e-01
1.850000000000000000e+04 9.495001928646437106e-01
1.860000000000000000e+04 9.588707242493224037e-01
1.870000000000000000e+04 9.401467282536546399e-01
1.880000000000000000e+04 9.426328448564542661e-01
1.890000000000000000e+04 9.621827044715839383e-01
1.900000000000000000e+04 9.558684792319447343e-01
1.910000000000000000e+04 9.493975847585427452e-01
1.920000000000000000e+04 9.517585882397971986e-01
1.930000000000000000e+04 9.533195433289626264e-01
1.940000000000000000e+04 9.561395058008612668e-01
1.950000000000000000e+04 9.596843167707154176e-01
1.960000000000000000e+04 9.575431214037312122e-01
1.970000000000000000e+04 9.541193676153263414e-01
1.980000000000000000e+04 9.538324150395524059e-01
1.990000000000000000e+04 9.623699061223492945e-01
2.000000000000000000e+04 9.422377945108703079e-01
2.010000000000000000e+04 9.495288401718119387e-01
2.020000000000000000e+04 9.539446428906341868e-01
2.030000000000000000e+04 9.543263575645577479e-01
2.040000000000000000e+04 9.489301526368671968e-01
2.050000000000000000e+04 9.635842068001788663e-01
2.060000000000000000e+04 9.589480399206784522e-01
2.070000000000000000e+04 9.563878112395610698e-01
2.080000000000000000e+04 9.590343433553972785e-01
2.090000000000000000e+04 9.574315098244408073e-01
2.100000000000000000e+04 9.543663950060669032e-01
2.110000000000000000e+04 9.480428605216452143e-01
2.120000000000000000e+04 9.569461316148790697e-01
2.130000000000000000e+04 9.588465543733305507e-01
2.140000000000000000e+04 9.558007223289219922e-01
2.150000000000000000e+04 9.473912815810701105e-01
2.160000000000000000e+04 9.524182856444377565e-01
2.170000000000000000e+04 9.575086356627892092e-01
2.180000000000000000e+04 9.535374237719718149e-01
2.190000000000000000e+04 9.604001741330792097e-01
2.200000000000000000e+04 9.645157349315964801e-01
2.210000000000000000e+04 9.531121456147978455e-01
2.220000000000000000e+04 9.530086381876907708e-01
2.230000000000000000e+04 9.575336655328900992e-01
2.240000000000000000e+04 9.597581749157211295e-01
2.250000000000000000e+04 9.569994913504502598e-01
2.260000000000000000e+04 9.636458022102118992e-01
2.270000000000000000e+04 9.547507117345829242e-01
2.280000000000000000e+04 9.577405682666451092e-01
2.290000000000000000e+04 9.544166466044298192e-01
2.300000000000000000e+04 9.468898341845513045e-01
2.310000000000000000e+04 9.583957899530000102e-01
2.320000000000000000e+04 9.535987603737936524e-01
2.330000000000000000e+04 9.525965270295997378e-01
2.340000000000000000e+04 9.558643558907147231e-01
2.350000000000000000e+04 9.577556486936193991e-01
2.360000000000000000e+04 9.669332673983125348e-01
2.370000000000000000e+04 9.525337489381286993e-01
2.380000000000000000e+04 9.545567181763068287e-01
2.390000000000000000e+04 9.485709967116832120e-01
2.400000000000000000e+04 9.659312373767531268e-01
2.410000000000000000e+04 9.643100734151358600e-01
2.420000000000000000e+04 9.546317159751673831e-01
2.430000000000000000e+04 9.559849440863490422e-01
2.440000000000000000e+04 9.523415356330132697e-01
2.450000000000000000e+04 9.446237853056340672e-01
2.460000000000000000e+04 9.462183421788272764e-01
2.470000000000000000e+04 9.560105224597422735e-01
2.480000000000000000e+04 9.536695252312998861e-01
2.490000000000000000e+04 9.542840675646229176e-01
2.500000000000000000e+04 9.573886527552006864e-01
2.510000000000000000e+04 9.551296125428312411e-01
2.520000000000000000e+04 9.585237287673098461e-01
2.530000000000000000e+04 9.606220238305990256e-01
2.540000000000000000e+04 9.576742354404237378e-01
2.550000000000000000e+04 9.547958009618180419e-01
2.560000000000000000e+04 9.522267710869621871e-01
2.570000000000000000e+04 9.395032915461121181e-01
2.580000000000000000e+04 9.579996709713378689e-01
2.590000000000000000e+04 9.576410364571965594e-01
2.600000000000000000e+04 9.582210384743775622e-01
2.610000000000000000e+04 9.507105981421014596e-01
2.620000000000000000e+04 9.586001624303628343e-01
2.630000000000000000e+04 9.498205425259478307e-01
2.640000000000000000e+04 9.416256590140417160e-01
2.650000000000000000e+04 9.647103637377053564e-01
2.660000000000000000e+04 9.643864891468827416e-01
2.670000000000000000e+04 9.505040509535882531e-01
2.680000000000000000e+04 9.571610620694745997e-01
2.690000000000000000e+04 9.530864288133293893e-01
2.700000000000000000e+04 9.555593524601164734e-01
2.710000000000000000e+04 9.642695598656569889e-01
2.720000000000000000e+04 9.583732698297277031e-01
2.730000000000000000e+04 9.554556792812006760e-01
2.740000000000000000e+04 9.637613992975762045e-01
2.750000000000000000e+04 9.606850364580821200e-01
2.760000000000000000e+04 9.640544850969395840e-01
2.770000000000000000e+04 9.565110517525849954e-01
2.780000000000000000e+04 9.557508132854395377e-01
2.790000000000000000e+04 9.611342099750777024e-01
2.800000000000000000e+04 9.568715783534690322e-01
2.810000000000000000e+04 9.612010691640118232e-01
2.820000000000000000e+04 9.586809053881496512e-01
2.830000000000000000e+04 9.526999930523502025e-01
2.840000000000000000e+04 9.597359881514109237e-01
2.850000000000000000e+04 9.506228634166047353e-01
2.860000000000000000e+04 9.522383119885998726e-01
2.870000000000000000e+04 9.480444678977635320e-01
2.880000000000000000e+04 9.550027236865116231e-01
2.890000000000000000e+04 9.559303061921041733e-01
2.900000000000000000e+04 9.620585376339181316e-01
2.910000000000000000e+04 9.500174542491742757e-01
2.920000000000000000e+04 9.574549285149579481e-01
2.930000000000000000e+04 9.554540298425193701e-01
2.940000000000000000e+04 9.584550587617328699e-01
2.950000000000000000e+04 9.555971672254923721e-01
2.960000000000000000e+04 9.630494906256785725e-01
2.970000000000000000e+04 9.571133463756605897e-01
2.980000000000000000e+04 9.581651444749789137e-01
2.990000000000000000e+04 9.429068891471661384e-01
3.000000000000000000e+04 9.581760254306315172e-01
