0.000000000000000000e+00 5.099879999999999969e-01
1.000000000000000000e+02 3.725160000000000138e-01
2.000000000000000000e+02 4.055719999999999881e-01
3.000000000000000000e+02 4.241000000000000325e-01
4.000000000000000000e+02 4.537800000000000167e-01
5.000000000000000000e+02 4.306959999999999678e-01
6.000000000000000000e+02 4.495360000000000467e-01
7.000000000000000000e+02 4.822760000000000380e-01
8.000000000000000000e+02 4.509199999999999875e-01
9.000000000000000000e+02 4.480480000000000018e-01
1.000000000000000000e+03 4.746719999999999828e-01
1.100000000000000000e+03 4.775159999999999960e-01
1.200000000000000000e+03 5.015439999999999898e-01
1.300000000000000000e+03 4.779400000000000315e-01
1.400000000000000000e+03 4.972480000000000233e-01
1.500000000000000000e+03 4.832319999999999949e-01
1.600000000000000000e+03 4.897399999999999531e-01
1.700000000000000000e+03 5.066680000000000073e-01
1.800000000000000000e+03 5.018400000000000638e-01
1.900000000000000000e+03 4.866840000000000610e-01
2.000000000000000000e+03 5.016959999999999198e-01
2.100000000000000000e+03 5.301580000000000181e-01
2.200000000000000000e+03 5.070959999999999912e-01
2.300000000000000000e+03 5.384240000000000137e-01
2.400000000000000000e+03 5.479199999999999626e-01
2.500000000000000000e+03 4.914159999999999640e-01
2.600000000000000000e+03 5.204959999999999587e-01
2.700000000000000000e+03 5.210479999999999556e-01
2.800000000000000000e+03 5.341400000000000592e-01
2.900000000000000000e+03 5.233599999999999364e-01
3.000000000000000000e+03 5.598760000000000403e-01
3.100000000000000000e+03 5.366199999999999859e-01
3.200000000000000000e+03 5.534299999999999775e-01
3.300000000000000000e+03 5.569720000000000226e-01
3.400000000000000000e+03 5.315759999999999375e-01
3.500000000000000000e+03 5.641599999999999948e-01
3.600000000000000000e+03 5.737180000000000613e-01
3.700000000000000000e+03 5.273520000000000429e-01
3.800000000000000000e+03 5.454440000000000399e-01
3.900000000000000000e+03 5.812359999999999749e-01
4.000000000000000000e+03 5.752799999999999025e-01
4.100000000000000000e+03 5.748040000000000926e-01
4.200000000000000000e+03 5.952159999999999673e-01
4.300000000000000000e+03 5.893680000000000030e-01
4.400000000000000000e+03 6.184600000000000097e-01
4.500000000000000000e+03 5.938919999999999755e-01
4.600000000000000000e+03 6.040079999999999893e-01
4.700000000000000000e+03 5.863039999999999363e-01
4.800000000000000000e+03 6.029199999999999005e-01
4.900000000000000000e+03 6.023840000000000305e-01
5.000000000000000000e+03 6.115639999999999965e-01
5.100000000000000000e+03 6.072359999999999980e-01
5.200000000000000000e+03 6.267439999999999678e-01
5.300000000000000000e+03 6.207559999999999745e-01
5.400000000000000000e+03 6.378000000000000336e-01
5.500000000000000000e+03 6.261560000000000459e-01
5.600000000000000000e+03 6.433000000000000940e-01
5.700000000000000000e+03 6.485599999999999143e-01
5.800000000000000000e+03 6.185239999999999627e-01
5.900000000000000000e+03 6.781399999999999650e-01
6.000000000000000000e+03 6.577040000000000664e-01
6.100000000000000000e+03 6.670279999999999543e-01
6.200000000000000000e+03 6.641039999999999166e-01
6.300000000000000000e+03 6.925999999999999934e-01
6.400000000000000000e+03 6.618479999999998808e-01
6.500000000000000000e+03 6.662299999999998779e-01
6.600000000000000000e+03 6.820159999999999556e-01
6.700000000000000000e+03 6.721120000000000427e-01
6.800000000000000000e+03 6.831319999999999615e-01
6.900000000000000000e+03 6.929000000000000714e-01
7.000000000000000000e+03 7.110999999999999543e-01
7.100000000000000000e+03 7.014559999999999684e-01
7.200000000000000000e+03 6.803000000000001268e-01
7.300000000000000000e+03 7.302920000000000522e-01
7.400000000000000000e+03 7.301640000000000352e-01
7.500000000000000000e+03 7.250800000000000578e-01
7.600000000000000000e+03 7.332159999999999789e-01
7.700000000000000000e+03 7.448799999999999866e-01
7.800000000000000000e+03 7.260480000000000267e-01
7.900000000000000000e+03 7.375880000000001324e-01
8.000000000000000000e+03 7.218479999999999341e-01
8.100000000000000000e+03 7.416519999999999779e-01
8.200000000000000000e+03 7.395760000000001222e-01
8.300000000000000000e+03 7.522639999999998217e-01
8.400000000000000000e+03 7.705440000000000067e-01
8.500000000000000000e+03 7.625359999999999916e-01
8.600000000000000000e+03 7.768719999999998960e-01
8.700000000000000000e+03 7.774959999999999649e-01
8.800000000000000000e+03 7.677599999999999980e-01
8.900000000000000000e+03 7.655600000000000183e-01
9.000000000000000000e+03 7.685119999999998619e-01
9.100000000000000000e+03 7.731359999999999344e-01
9.200000000000000000e+03 7.896079999999999766e-01
9.300000000000000000e+03 7.702879999999998617e-01
9.400000000000000000e+03 8.108279999999998822e-01
9.500000000000000000e+03 7.969600000000000017e-01
9.600000000000000000e+03 8.003120000000000234e-01
9.700000000000000000e+03 8.076959999999999695e-01
9.800000000000000000e+03 8.308440000000000270e-01
9.900000000000000000e+03 8.141119999999999468e-01
1.000000000000000000e+04 7.879800000000000137e-01
1.010000000000000000e+04 7.999640000000000084e-01
1.020000000000000000e+04 8.187440000000000273e-01
1.030000000000000000e+04 8.133839999999999959e-01
1.040000000000000000e+04 8.180520000000000014e-01
1.050000000000000000e+04 8.444479999999999764e-01
1.060000000000000000e+04 8.164000000000000146e-01
1.070000000000000000e+04 8.045359999999999179e-01
1.080000000000000000e+04 8.339959999999999596e-01
1.090000000000000000e+04 8.487359999999999349e-01
1.100000000000000000e+04 8.403480000000000949e-01
1.110000000000000000e+04 8.674839999999999218e-01
1.120000000000000000e+04 8.485679999999999890e-01
1.130000000000000000e+04 8.402319999999998679e-01
1.140000000000000000e+04 8.562199999999999811e-01
1.150000000000000000e+04 8.474119999999999431e-01
1.160000000000000000e+04 8.505599999999999827e-01
1.170000000000000000e+04 8.746920000000000250e-01
1.180000000000000000e+04 8.585480000000000889e-01
1.190000000000000000e+04 8.623959999999999404e-01
1.200000000000000000e+04 8.751199999999998980e-01
1.210000000000000000e+04 8.713999999999999524e-01
1.220000000000000000e+04 8.850080000000000169e-01
1.230000000000000000e+04 8.647920000000000051e-01
1.240000000000000000e+04 8.756720000000000059e-01
1.250000000000000000e+04 8.803119999999999834e-01
1.260000000000000000e+04 9.003480000000000372e-01
1.270000000000000000e+04 8.822200000000000042e-01
1.280000000000000000e+04 8.902320000000000233e-01
1.290000000000000000e+04 8.922320000000001361e-01
1.300000000000000000e+04 8.940600000000000769e-01
1.310000000000000000e+04 8.928559999999999830e-01
1.320000000000000000e+04 8.969439999999999635e-01
1.330000000000000000e+04 9.120599999999998708e-01
1.340000000000000000e+04 8.980719999999999814e-01
1.350000000000000000e+04 8.999640000000000972e-01
1.360000000000000000e+04 9.061000000000001275e-01
1.370000000000000000e+04 8.954919999999999547e-01
1.380000000000000000e+04 9.079479999999999773e-01
1.390000000000000000e+04 9.031199999999999228e-01
1.400000000000000000e+04 9.048680000000000057e-01
1.410000000000000000e+04 9.139479999999998716e-01
1.420000000000000000e+04 9.393000000000000238e-01
1.430000000000000000e+04 9.240599999999999925e-01
1.440000000000000000e+04 9.299800000000000288e-01
1.450000000000000000e+04 9.169760000000000133e-01
1.460000000000000000e+04 9.398560000000000247e-01
1.470000000000000000e+04 9.289239999999998609e-01
1.480000000000000000e+04 9.291319999999998469e-01
1.490000000000000000e+04 9.196440000000000170e-01
1.500000000000000000e+04 9.149999999999999245e-01
1.510000000000000000e+04 9.265920000000000822e-01
1.520000000000000000e+04 9.298879999999999368e-01
1.530000000000000000e+04 9.280639999999998890e-01
1.540000000000000000e+04 9.351720000000001143e-01
1.550000000000000000e+04 9.378239999999998799e-01
1.560000000000000000e+04 9.333399999999999475e-01
1.570000000000000000e+04 9.291639999999999899e-01
1.580000000000000000e+04 9.433640000000000914e-01
1.590000000000000000e+04 9.366159999999998931e-01
1.600000000000000000e+04 9.456879999999998621e-01
1.610000000000000000e+04 9.356959999999999722e-01
1.620000000000000000e+04 9.385959999999999859e-01
1.630000000000000000e+04 9.340680000000001204e-01
1.640000000000000000e+04 9.344439999999999413e-01
1.650000000000000000e+04 9.359600000000000142e-01
1.660000000000000000e+04 9.384279999999998179e-01
1.670000000000000000e+04 9.485920000000001018e-01
1.680000000000000000e+04 9.462319999999999620e-01
1.690000000000000000e+04 9.380319999999999769e-01
1.700000000000000000e+04 9.327519999999999145e-01
1.710000000000000000e+04 9.557479999999999309e-01
1.720000000000000000e+04 9.380799999999999139e-01
1.730000000000000000e+04 9.383080000000000309e-01
1.740000000000000000e+04 9.444519999999999582e-01
1.750000000000000000e+04 9.327320000000000055e-01
1.760000000000000000e+04 9.422560000000000935e-01
1.770000000000000000e+04 9.321359999999999646e-01
1.780000000000000000e+04 9.538840000000000652e-01
1.790000000000000000e+04 9.368239999999999901e-01
1.800000000000000000e+04 9.443440000000000722e-01
1.810000000000000000e+04 9.264239999999999142e-01
1.820000000000000000e+04 9.539640000000000342e-01
1.830000000000000000e+04 9.476839999999999709e-01
1.840000000000000000e+04 9.429359999999999964e-01
1.850000000000000000e+04 9.407879999999999576e-01
1.860000000000000000e+04 9.540079999999998561e-01
1.870000000000000000e+04 9.317479999999999096e-01
1.880000000000000000e+04 9.392080000000001538e-01
1.890000000000000000e+04 9.543080000000000451e-01
1.900000000000000000e+04 9.534759999999998792e-01
1.910000000000000000e+04 9.432920000000000194e-01
1.920000000000000000e+04 9.455839999999999801e-01
1.930000000000000000e+04 9.461519999999998820e-01
1.940000000000000000e+04 9.503880000000000106e-01
1.950000000000000000e+04 9.575159999999999227e-01
1.960000000000000000e+04 9.553359999999999630e-01
1.970000000000000000e+04 9.471599999999998909e-01
1.980000000000000000e+04 9.455519999999999481e-01
1.990000000000000000e+04 9.587279999999999136e-01
2.000000000000000000e+04 9.397719999999998297e-01
2.010000000000000000e+04 9.464520000000000710e-01
2.020000000000000000e+04 9.507039999999998825e-01
2.030000000000000000e+04 9.481600000000000028e-01
2.040000000000000000e+04 9.443560000000000842e-01
2.050000000000000000e+04 9.584520000000000817e-01
2.060000000000000000e+04 9.538159999999999972e-01
2.070000000000000000e+04 9.518640000000000434e-01
2.080000000000000000e+04 9.541240000000000832e-01
2.090000000000000000e+04 9.497360000000000246e-01
2.100000000000000000e+04 9.471160000000000689e-01
2.110000000000000000e+04 9.469359999999999999e-01
2.120000000000000000e+04 9.513599999999999834e-01
2.130000000000000000e+04 9.545519999999998451e-01
2.140000000000000000e+04 9.521159999999999624e-01
2.150000000000000000e+04 9.426520000000001565e-01
2.160000000000000000e+04 9.459279999999999911e-01
2.170000000000000000e+04 9.531280000000000863e-01
2.180000000000000000e+04 9.509119999999998685e-01
2.190000000000000000e+04 9.573120000000000518e-01
2.200000000000000000e+04 9.586599999999999566e-01
2.210000000000000000e+04 9.499360000000000026e-01
2.220000000000000000e+04 9.521919999999999273e-01
2.230000000000000000e+04 9.516999999999999904e-01
2.240000000000000000e+04 9.536719999999999642e-01
2.250000000000000000e+04 9.536319999999999242e-01
2.260000000000000000e+04 9.606280000000000374e-01
2.270000000000000000e+04 9.502800000000000136e-01
2.280000000000000000e+04 9.538759999999999462e-01
2.290000000000000000e+04 9.508199999999999985e-01
2.300000000000000000e+04 9.432359999999999634e-01
2.310000000000000000e+04 9.518279999999998964e-01
2.320000000000000000e+04 9.496200000000000196e-01
2.330000000000000000e+04 9.462439999999999740e-01
2.340000000000000000e+04 9.500799999999999246e-01
2.350000000000000000e+04 9.528800000000000603e-01
2.360000000000000000e+04 9.650000000000000799e-01
2.370000000000000000e+04 9.443599999999998662e-01
2.380000000000000000e+04 9.515799999999998704e-01
2.390000000000000000e+04 9.445440000000000502e-01
2.400000000000000000e+04 9.617480000000001583e-01
2.410000000000000000e+04 9.586879999999999846e-01
2.420000000000000000e+04 9.505360000000000475e-01
2.430000000000000000e+04 9.504640000000000866e-01
2.440000000000000000e+04 9.489639999999999187e-01
2.450000000000000000e+04 9.403719999999999857e-01
2.460000000000000000e+04 9.416279999999999095e-01
2.470000000000000000e+04 9.519320000000000004e-01
2.480000000000000000e+04 9.504920000000000035e-01
2.490000000000000000e+04 9.524799999999999933e-01
2.500000000000000000e+04 9.527360000000000273e-01
2.510000000000000000e+04 9.518760000000000554e-01
2.520000000000000000e+04 9.540999999999999481e-01
2.530000000000000000e+04 9.564080000000000359e-01
2.540000000000000000e+04 9.523120000000000474e-01
2.550000000000000000e+04 9.486559999999999437e-01
2.560000000000000000e+04 9.452080000000000481e-01
2.570000000000000000e+04 9.401720000000000077e-01
2.580000000000000000e+04 9.533999999999999142e-01
2.590000000000000000e+04 9.539640000000000342e-01
2.600000000000000000e+04 9.546479999999999411e-01
2.610000000000000000e+04 9.484040000000000248e-01
2.620000000000000000e+04 9.520559999999999024e-01
2.630000000000000000e+04 9.506999999999999895e-01
2.640000000000000000e+04 9.384279999999998179e-01
2.650000000000000000e+04 9.585960000000000036e-01
2.660000000000000000e+04 9.574679999999999858e-01
2.670000000000000000e+04 9.441480000000000983e-01
2.680000000000000000e+04 9.565000000000000169e-01
2.690000000000000000e+04 9.498520000000000296e-01
2.700000000000000000e+04 9.540119999999998601e-01
2.710000000000000000e+04 9.620000000000000773e-01
2.720000000000000000e+04 9.538520000000001442e-01
2.730000000000000000e+04 9.510399999999999965e-01
2.740000000000000000e+04 9.576880000000000948e-01
2.750000000000000000e+04 9.583360000000000767e-01
2.760000000000000000e+04 9.600519999999999055e-01
2.770000000000000000e+04 9.508360000000000145e-01
2.780000000000000000e+04 9.517599999999999394e-01
2.790000000000000000e+04 9.583479999999999777e-01
2.800000000000000000e+04 9.506760000000000765e-01
2.810000000000000000e+04 9.615559999999999663e-01
2.820000000000000000e+04 9.547560000000000491e-01
2.830000000000000000e+04 9.473679999999999879e-01
2.840000000000000000e+04 9.543239999999999501e-01
2.850000000000000000e+04 9.489600000000000257e-01
2.860000000000000000e+04 9.478440000000001309e-01
2.870000000000000000e+04 9.445719999999999672e-01
2.880000000000000000e+04 9.546279999999999211e-01
2.890000000000000000e+04 9.509080000000000865e-01
2.900000000000000000e+04 9.587759999999999616e-01
2.910000000000000000e+04 9.465639999999999610e-01
2.920000000000000000e+04 9.498359999999999026e-01
2.930000000000000000e+04 9.524439999999998463e-01
2.940000000000000000e+04 9.512800000000000145e-01
2.950000000000000000e+04 9.500119999999999676e-01
2.960000000000000000e+04 9.592839999999999145e-01
2.970000000000000000e+04 9.547600000000000531e-01
2.980000000000000000e+04 9.539679999999999271e-01
2.990000000000000000e+04 9.414759999999999796e-01
3.000000000000000000e+04 9.530559999999999032e-01
