0.000000000000000000e+00 4.942962482926873680e-01
1.000000000000000000e+02 4.157729688921558697e-01
2.000000000000000000e+02 4.611767202627596873e-01
3.000000000000000000e+02 5.017875304659903390e-01
4.000000000000000000e+02 5.155602397612342180e-01
5.000000000000000000e+02 5.901956143469297977e-01
6.000000000000000000e+02 6.456380050198857745e-01
7.000000000000000000e+02 6.470825628316290157e-01
8.000000000000000000e+02 6.907216984942388116e-01
9.000000000000000000e+02 6.789896857585961953e-01
1.000000000000000000e+03 7.199517395345736981e-01
1.100000000000000000e+03 7.117905921040192929e-01
1.200000000000000000e+03 7.325152630306948076e-01
1.300000000000000000e+03 7.354427264680656329e-01
1.400000000000000000e+03 7.273486137635246651e-01
1.500000000000000000e+03 7.317603581042865235e-01
1.600000000000000000e+03 7.723820732915901432e-01
1.700000000000000000e+03 7.981025945596875726e-01
1.800000000000000000e+03 7.945831743350103560e-01
1.900000000000000000e+03 7.695219738618856997e-01
2.000000000000000000e+03 7.837753547072360272e-01
2.100000000000000000e+03 7.756806499843336145e-01
2.200000000000000000e+03 8.002623277690703585e-01
2.300000000000000000e+03 7.808897153510390154e-01
2.400000000000000000e+03 8.008612559351250271e-01
2.500000000000000000e+03 8.146918078721141487e-01
2.600000000000000000e+03 8.113800915858637719e-01
2.700000000000000000e+03 8.218182154864281941e-01
2.800000000000000000e+03 8.463518332684261125e-01
2.900000000000000000e+03 7.952981823218516766e-01
3.000000000000000000e+03 8.101262313523007741e-01
3.100000000000000000e+03 8.496427917384018480e-01
3.200000000000000000e+03 8.153791051185895755e-01
3.300000000000000000e+03 8.314995961367445121e-01
3.400000000000000000e+03 8.533061996821648121e-01
3.500000000000000000e+03 8.532995100146970602e-01
3.600000000000000000e+03 8.433624195902731380e-01
3.700000000000000000e+03 8.481523358879736740e-01
3.800000000000000000e+03 8.481218990563432758e-01
3.900000000000000000e+03 8.429466064303178241e-01
4.000000000000000000e+03 8.340247431890620566e-01
4.100000000000000000e+03 8.554070095091472758e-01
4.200000000000000000e+03 8.610463432212389634e-01
4.300000000000000000e+03 8.625640501249188796e-01
4.400000000000000000e+03 8.589883924378691749e-01
4.500000000000000000e+03 8.562990204074757417e-01
4.600000000000000000e+03 8.609428862177349595e-01
4.700000000000000000e+03 8.735705847402983615e-01
4.800000000000000000e+03 8.601598600368463021e-01
4.900000000000000000e+03 8.780762014189050779e-01
5.000000000000000000e+03 8.717449909009331588e-01
5.100000000000000000e+03 8.872534032544034943e-01
5.200000000000000000e+03 8.989779851957175882e-01
5.300000000000000000e+03 8.927505635306032250e-01
5.400000000000000000e+03 8.834425670176869749e-01
5.500000000000000000e+03 8.965667483835798590e-01
5.600000000000000000e+03 8.937638747724776511e-01
5.700000000000000000e+03 9.060890690133999170e-01
5.800000000000000000e+03 8.987729940046192967e-01
5.900000000000000000e+03 8.962504747188084764e-01
6.000000000000000000e+03 9.027552248685731806e-01
6.100000000000000000e+03 9.163854563086583083e-01
6.200000000000000000e+03 9.159314823684855389e-01
6.300000000000000000e+03 9.053535760092974449e-01
6.400000000000000000e+03 8.935100896428052053e-01
6.500000000000000000e+03 9.210554664688412885e-01
6.600000000000000000e+03 9.028144572082469343e-01
6.700000000000000000e+03 9.084331030533274731e-01
6.800000000000000000e+03 9.166249175693759188e-01
6.900000000000000000e+03 9.100335768560180449e-01
7.000000000000000000e+03 9.310346813044292347e-01
7.100000000000000000e+03 9.152246053168382467e-01
7.200000000000000000e+03 9.339729639349968471e-01
7.300000000000000000e+03 9.201391733511844473e-01
7.400000000000000000e+03 9.187490020709307981e-01
7.500000000000000000e+03 9.199617938091320113e-01
7.600000000000000000e+03 9.157286027174280640e-01
7.700000000000000000e+03 9.115186538904612723e-01
7.800000000000000000e+03 9.290042281088183307e-01
7.900000000000000000e+03 9.227919969858976446e-01
8.000000000000000000e+03 9.322683433277181297e-01
8.100000000000000000e+03 9.278250015883354740e-01
8.200000000000000000e+03 9.293483072318706739e-01
8.300000000000000000e+03 9.252208326552996409e-01
8.400000000000000000e+03 9.147065978164565792e-01
8.500000000000000000e+03 9.117487605860283839e-01
8.600000000000000000e+03 9.456083729527446913e-01
8.700000000000000000e+03 9.249376169626484234e-01
8.800000000000000000e+03 9.356016767925636746e-01
8.900000000000000000e+03 9.378890810157645141e-01
9.000000000000000000e+03 9.254292227753228017e-01
9.100000000000000000e+03 9.310913213593876581e-01
9.200000000000000000e+03 9.445542006669316315e-01
9.300000000000000000e+03 9.373905852136925620e-01
9.400000000000000000e+03 9.201107726053262548e-01
9.500000000000000000e+03 9.387023888816099504e-01
9.600000000000000000e+03 9.322029226168336846e-01
9.700000000000000000e+03 9.458716627693593004e-01
9.800000000000000000e+03 9.347908330379590680e-01
9.900000000000000000e+03 9.287045590757929681e-01
1.000000000000000000e+04 9.389397461435577963e-01
1.010000000000000000e+04 9.341962904795667599e-01
1.020000000000000000e+04 9.372343562507140513e-01
1.030000000000000000e+04 9.357374362057001571e-01
1.040000000000000000e+04 9.357743916466578771e-01
1.050000000000000000e+04 9.373328175864305001e-01
1.060000000000000000e+04 9.392363789812980812e-01
1.070000000000000000e+04 9.338442903103086890e-01
1.080000000000000000e+04 9.447863880420436233e-01
1.090000000000000000e+04 9.411677125984718728e-01
1.100000000000000000e+04 9.320905046604911481e-01
1.110000000000000000e+04 9.506724500871250871e-01
1.120000000000000000e+04 9.222592400626822284e-01
1.130000000000000000e+04 9.443066078266397767e-01
1.140000000000000000e+04 9.361240022866106347e-01
1.150000000000000000e+04 9.374236316364732424e-01
1.160000000000000000e+04 9.359593812770737875e-01
1.170000000000000000e+04 9.443541139054130173e-01
1.180000000000000000e+04 9.364629374983682863e-01
1.190000000000000000e+04 9.448808250606286485e-01
1.200000000000000000e+04 9.353771801640480277e-01
1.210000000000000000e+04 9.463039421799654960e-01
1.220000000000000000e+04 9.434734977067290584e-01
1.230000000000000000e+04 9.409290643384253805e-01
1.240000000000000000e+04 9.441803278896897522e-01
1.250000000000000000e+04 9.302381446570137102e-01
1.260000000000000000e+04 9.418035035266993926e-01
1.270000000000000000e+04 9.441545191721290031e-01
1.280000000000000000e+04 9.416046342049476658e-01
1.290000000000000000e+04 9.446667472478971206e-01
1.300000000000000000e+04 9.478923695234519053e-01
1.310000000000000000e+04 9.485568700669818609e-01
1.320000000000000000e+04 9.461705760547971522e-01
1.330000000000000000e+04 9.437874586624293016e-01
1.340000000000000000e+04 9.377916850759204781e-01
1.350000000000000000e+04 9.464254772900432267e-01
1.360000000000000000e+04 9.345276742933653624e-01
1.370000000000000000e+04 9.423878257298798911e-01
1.380000000000000000e+04 9.562214742775819731e-01
1.390000000000000000e+04 9.308651950845604484e-01
1.400000000000000000e+04 9.461336342877086913e-01
1.410000000000000000e+04 9.481438351114928054e-01
1.420000000000000000e+04 9.419632580928518628e-01
1.430000000000000000e+04 9.464397913638494808e-01
1.440000000000000000e+04 9.488262254393942108e-01
1.450000000000000000e+04 9.414016546002523800e-01
1.460000000000000000e+04 9.443809819544898287e-01
1.470000000000000000e+04 9.586015076850267214e-01
1.480000000000000000e+04 9.499683851797837697e-01
1.490000000000000000e+04 9.364332416221615718e-01
1.500000000000000000e+04 9.491544056664645845e-01
1.510000000000000000e+04 9.332006518676094764e-01
1.520000000000000000e+04 9.487996175063664328e-01
1.530000000000000000e+04 9.381703569599189052e-01
1.540000000000000000e+04 9.416134555626954894e-01
1.550000000000000000e+04 9.389663759560329392e-01
1.560000000000000000e+04 9.475117928053430338e-01
1.570000000000000000e+04 9.458252330735057445e-01
1.580000000000000000e+04 9.418827350175034141e-01
1.590000000000000000e+04 9.443144892303073634e-01
1.600000000000000000e+04 9.551834579022009386e-01
1.610000000000000000e+04 9.489525745110634070e-01
1.620000000000000000e+04 9.508799580866539314e-01
1.630000000000000000e+04 9.444094198114818539e-01
1.640000000000000000e+04 9.549970804783836087e-01
1.650000000000000000e+04 9.541316633747376486e-01
1.660000000000000000e+04 9.445523077097562892e-01
1.670000000000000000e+04 9.423682076325250456e-01
1.680000000000000000e+04 9.452487972260228410e-01
1.690000000000000000e+04 9.397873510622447579e-01
1.700000000000000000e+04 9.386488773804019248e-01
1.710000000000000000e+04 9.453713247617745452e-01
1.720000000000000000e+04 9.519225832284747835e-01
1.730000000000000000e+04 9.423306758806790917e-01
1.740000000000000000e+04 9.424668579762757181e-01
1.750000000000000000e+04 9.351700364973314361e-01
1.760000000000000000e+04 9.329841220147346847e-01
1.770000000000000000e+04 9.466853077846066888e-01
1.780000000000000000e+04 9.333996829708169907e-01
1.790000000000000000e+04 9.461587969242959417e-01
1.800000000000000000e+04 9.541898936067449988e-01
1.810000000000000000e+04 9.421648156434008214e-01
1.820000000000000000e+04 9.525636140090145698e-01
1.830000000000000000e+04 9.506016389829825552e-01
1.840000000000000000e+04 9.401391726982432084e-01
1.850000000000000000e+04 9.519664842015860273e-01
1.860000000000000000e+04 9.505033763414719727e-01
1.870000000000000000e+04 9.399309504430982676e-01
1.880000000000000000e+04 9.635825115025136167e-01
1.890000000000000000e+04 9.495974118250685159e-01
1.900000000000000000e+04 9.422727040238439988e-01
1.910000000000000000e+04 9.481201059768130657e-01
1.920000000000000000e+04 9.488860393738081100e-01
1.930000000000000000e+04 9.544808592554019366e-01
1.940000000000000000e+04 9.548511215168897781e-01
1.950000000000000000e+04 9.392666409629047974e-01
1.960000000000000000e+04 9.503761500763787673e-01
1.970000000000000000e+04 9.469735714755973532e-01
1.980000000000000000e+04 9.460902055909864439e-01
1.990000000000000000e+04 9.490430259703851457e-01
2.000000000000000000e+04 9.519773626246265108e-01
2.010000000000000000e+04 9.514559158354467527e-01
2.020000000000000000e+04 9.514248250017762754e-01
2.030000000000000000e+04 9.467584236142254639e-01
2.040000000000000000e+04 9.538775713020105629e-01
2.050000000000000000e+04 9.574467791259562155e-01
2.060000000000000000e+04 9.556421204413657611e-01
2.070000000000000000e+04 9.340298167789660155e-01
2.080000000000000000e+04 9.451966920728295252e-01
2.090000000000000000e+04 9.550251685286880177e-01
2.100000000000000000e+04 9.473713650849024948e-01
2.110000000000000000e+04 9.468591522270927152e-01
2.120000000000000000e+04 9.533712099635515136e-01
2.130000000000000000e+04 9.529121977694794410e-01
2.140000000000000000e+04 9.525796308014107261e-01
2.150000000000000000e+04 9.508871280866757481e-01
2.160000000000000000e+04 9.516441374362426542e-01
2.170000000000000000e+04 9.554749639530177863e-01
2.180000000000000000e+04 9.471446971060583087e-01
2.190000000000000000e+04 9.475619772702776888e-01
2.200000000000000000e+04 9.454648971108452482e-01
2.210000000000000000e+04 9.511690483353574255e-01
2.220000000000000000e+04 9.500020871229137853e-01
2.230000000000000000e+04 9.387586967714928177e-01
2.240000000000000000e+04 9.471615298731128618e-01
2.250000000000000000e+04 9.455479778953013170e-01
2.260000000000000000e+04 9.412527892128200735e-01
2.270000000000000000e+04 9.399117976752758841e-01
2.280000000000000000e+04 9.446590225355743220e-01
2.290000000000000000e+04 9.471702128424405176e-01
2.300000000000000000e+04 9.462345719732568883e-01
2.310000000000000000e+04 9.502680743403995045e-01
2.320000000000000000e+04 9.443000924450715150e-01
2.330000000000000000e+04 9.369258463729719377e-01
2.340000000000000000e+04 9.526439143605838211e-01
2.350000000000000000e+04 9.349925353947077244e-01
2.360000000000000000e+04 9.608609865806958528e-01
2.370000000000000000e+04 9.441190331563680260e-01
2.380000000000000000e+04 9.506257054957835129e-01
2.390000000000000000e+04 9.478774597816834735e-01
2.400000000000000000e+04 9.550528625567296093e-01
2.410000000000000000e+04 9.468444707084447964e-01
2.420000000000000000e+04 9.506930260499026897e-01
2.430000000000000000e+04 9.557985243632605155e-01
2.440000000000000000e+04 9.551412589243358786e-01
2.450000000000000000e+04 9.591000151586863698e-01
2.460000000000000000e+04 9.588558912783391452e-01
2.470000000000000000e+04 9.476123451543496667e-01
2.480000000000000000e+04 9.559071181593093991e-01
2.490000000000000000e+04 9.341110552157094737e-01
2.500000000000000000e+04 9.571724331100956995e-01
2.510000000000000000e+04 9.539074460505387876e-01
2.520000000000000000e+04 9.543875085736779340e-01
2.530000000000000000e+04 9.616263836025142897e-01
2.540000000000000000e+04 9.487170140727579914e-01
2.550000000000000000e+04 9.400269369282087117e-01
2.560000000000000000e+04 9.486084920603062853e-01
2.570000000000000000e+04 9.467559787113251080e-01
2.580000000000000000e+04 9.461767033678468719e-01
2.590000000000000000e+04 9.555355568019069379e-01
2.600000000000000000e+04 9.441458835220484236e-01
2.610000000000000000e+04 9.526281779185714615e-01
2.620000000000000000e+04 9.520460709090684537e-01
2.630000000000000000e+04 9.545514745206663543e-01
2.640000000000000000e+04 9.608035698122635582e-01
2.650000000000000000e+04 9.401851943192873762e-01
2.660000000000000000e+04 9.452730097808147436e-01
2.670000000000000000e+04 9.484213371329077713e-01
2.680000000000000000e+04 9.549769620721161312e-01
2.690000000000000000e+04 9.479071688176609056e-01
2.700000000000000000e+04 9.576434245976639392e-01
2.710000000000000000e+04 9.499841346300783584e-01
2.720000000000000000e+04 9.636898357661862757e-01
2.730000000000000000e+04 9.560166022374532169e-01
2.740000000000000000e+04 9.403445216520200933e-01
2.750000000000000000e+04 9.515278482509994529e-01
2.760000000000000000e+04 9.501244506271638857e-01
2.770000000000000000e+04 9.426471651886190184e-01
2.780000000000000000e+04 9.547912783562637618e-01
2.790000000000000000e+04 9.572206190455314623e-01
2.800000000000000000e+04 9.525054540378098400e-01
2.810000000000000000e+04 9.506435259621176526e-01
2.820000000000000000e+04 9.409454082678224696e-01
2.830000000000000000e+04 9.484368520814775438e-01
2.840000000000000000e+04 9.449636697329294455e-01
2.850000000000000000e+04 9.581598485856497316e-01
2.860000000000000000e+04 9.503791407218133980e-01
2.870000000000000000e+04 9.575873096064188017e-01
2.880000000000000000e+04 9.618256796338283676e-01
2.890000000000000000e+04 9.513904582434116186e-01
2.900000000000000000e+04 9.444968181692587894e-01
2.910000000000000000e+04 9.672485244483141065e-01
2.920000000000000000e+04 9.519027248156202159e-01
2.930000000000000000e+04 9.532139338437670695e-01
2.940000000000000000e+04 9.500547491775763742e-01
2.950000000000000000e+04 9.512576395728618017e-01
2.960000000000000000e+04 9.558117599890199045e-01
2.970000000000000000e+04 9.439657088778393712e-01
2.980000000000000000e+04 9.465455964209518180e-01
2.990000000000000000e+04 9.647538736458619590e-01
3.000000000000000000e+04 9.480431578728982789e-01
