0.000000000000000000e+00 4.920679999999999499e-01
1.000000000000000000e+02 3.714439999999999964e-01
2.000000000000000000e+02 4.553439999999999710e-01
3.000000000000000000e+02 5.072619999999999907e-01
4.000000000000000000e+02 5.315720000000000445e-01
5.000000000000000000e+02 6.126400000000000734e-01
6.000000000000000000e+02 6.246239999999999570e-01
7.000000000000000000e+02 6.445319999999999938e-01
8.000000000000000000e+02 6.834600000000000675e-01
9.000000000000000000e+02 6.669000000000000483e-01
1.000000000000000000e+03 7.052920000000000300e-01
1.100000000000000000e+03 7.081599999999999007e-01
1.200000000000000000e+03 7.149999999999999689e-01
1.300000000000000000e+03 7.161399999999999988e-01
1.400000000000000000e+03 7.173240000000000727e-01
1.500000000000000000e+03 7.256280000000000507e-01
1.600000000000000000e+03 7.461080000000001045e-01
1.700000000000000000e+03 7.829960000000000253e-01
1.800000000000000000e+03 7.711479999999999446e-01
1.900000000000000000e+03 7.399880000000000901e-01
2.000000000000000000e+03 7.666920000000000401e-01
2.100000000000000000e+03 7.544560000000000155e-01
2.200000000000000000e+03 7.757119999999999571e-01
2.300000000000000000e+03 7.556959999999999233e-01
2.400000000000000000e+03 7.838919999999998112e-01
2.500000000000000000e+03 7.959840000000000249e-01
2.600000000000000000e+03 7.905799999999999494e-01
2.700000000000000000e+03 7.994719999999999605e-01
2.800000000000000000e+03 8.238720000000000487e-01
2.900000000000000000e+03 7.711959999999999926e-01
3.000000000000000000e+03 8.000279999999999614e-01
3.100000000000000000e+03 8.296559999999999491e-01
3.200000000000000000e+03 8.047399999999998998e-01
3.300000000000000000e+03 8.078879999999999395e-01
3.400000000000000000e+03 8.340840000000000476e-01
3.500000000000000000e+03 8.281120000000000703e-01
3.600000000000000000e+03 8.183439999999999603e-01
3.700000000000000000e+03 8.275039999999999063e-01
3.800000000000000000e+03 8.201239999999998531e-01
3.900000000000000000e+03 8.294760000000001021e-01
4.000000000000000000e+03 8.136719999999999509e-01
4.100000000000000000e+03 8.441079999999999695e-01
4.200000000000000000e+03 8.459480000000000333e-01
4.300000000000000000e+03 8.449760000000000604e-01
4.400000000000000000e+03 8.476400000000000601e-01
4.500000000000000000e+03 8.441080000000000805e-01
4.600000000000000000e+03 8.461120000000000863e-01
4.700000000000000000e+03 8.577319999999999389e-01
4.800000000000000000e+03 8.491959999999998399e-01
4.900000000000000000e+03 8.587119999999999198e-01
5.000000000000000000e+03 8.543120000000000713e-01
5.100000000000000000e+03 8.726320000000000743e-01
5.200000000000000000e+03 8.822799999999999532e-01
5.300000000000000000e+03 8.811400000000000343e-01
5.400000000000000000e+03 8.716040000000000454e-01
5.500000000000000000e+03 8.829559999999999631e-01
5.600000000000000000e+03 8.818960000000000132e-01
5.700000000000000000e+03 8.891320000000000334e-01
5.800000000000000000e+03 8.858040000000000358e-01
5.900000000000000000e+03 8.781919999999998616e-01
6.000000000000000000e+03 8.893519999999999204e-01
6.100000000000000000e+03 8.998319999999999652e-01
6.200000000000000000e+03 9.017519999999998870e-01
6.300000000000000000e+03 8.961479999999999446e-01
6.400000000000000000e+03 8.822840000000001792e-01
6.500000000000000000e+03 9.043160000000000087e-01
6.600000000000000000e+03 8.948640000000001038e-01
6.700000000000000000e+03 8.943560000000000398e-01
6.800000000000000000e+03 9.087839999999999252e-01
6.900000000000000000e+03 8.972759999999999625e-01
7.000000000000000000e+03 9.182000000000001272e-01
7.100000000000000000e+03 9.095200000000001062e-01
7.200000000000000000e+03 9.273200000000000331e-01
7.300000000000000000e+03 9.067559999999998954e-01
7.400000000000000000e+03 9.038640000000000008e-01
7.500000000000000000e+03 9.038319999999998577e-01
7.600000000000000000e+03 9.074139999999999429e-01
7.700000000000000000e+03 9.034079999999999888e-01
7.800000000000000000e+03 9.143520000000000536e-01
7.900000000000000000e+03 9.116759999999999309e-01
8.000000000000000000e+03 9.217039999999999678e-01
8.100000000000000000e+03 9.170439999999999703e-01
8.200000000000000000e+03 9.149199999999999555e-01
8.300000000000000000e+03 9.168080000000000673e-01
8.400000000000000000e+03 9.096720000000000361e-01
8.500000000000000000e+03 9.007359999999999811e-01
8.600000000000000000e+03 9.349359999999999893e-01
8.700000000000000000e+03 9.098600000000000021e-01
8.800000000000000000e+03 9.261800000000000033e-01
8.900000000000000000e+03 9.319759999999999156e-01
9.000000000000000000e+03 9.156039999999999734e-01
9.100000000000000000e+03 9.248920000000000474e-01
9.200000000000000000e+03 9.407280000000000086e-01
9.300000000000000000e+03 9.255239999999999023e-01
9.400000000000000000e+03 9.103040000000000020e-01
9.500000000000000000e+03 9.291679999999999939e-01
9.600000000000000000e+03 9.207439999999998959e-01
9.700000000000000000e+03 9.376159999999998940e-01
9.800000000000000000e+03 9.321440000000000836e-01
9.900000000000000000e+03 9.172880000000001033e-01
1.000000000000000000e+04 9.318480000000000096e-01
1.010000000000000000e+04 9.296400000000000219e-01
1.020000000000000000e+04 9.262040000000000273e-01
1.030000000000000000e+04 9.277919999999998391e-01
1.040000000000000000e+04 9.264880000000000893e-01
1.050000000000000000e+04 9.306080000000001018e-01
1.060000000000000000e+04 9.361840000000001272e-01
1.070000000000000000e+04 9.255240000000000133e-01
1.080000000000000000e+04 9.402560000000000917e-01
1.090000000000000000e+04 9.332599999999999785e-01
1.100000000000000000e+04 9.223399999999999377e-01
1.110000000000000000e+04 9.438079999999999803e-01
1.120000000000000000e+04 9.178039999999998422e-01
1.130000000000000000e+04 9.341359999999998553e-01
1.140000000000000000e+04 9.269760000000000222e-01
1.150000000000000000e+04 9.315440000000000387e-01
1.160000000000000000e+04 9.246280000000000054e-01
1.170000000000000000e+04 9.396879999999999677e-01
1.180000000000000000e+04 9.312399999999999567e-01
1.190000000000000000e+04 9.374999999999998890e-01
1.200000000000000000e+04 9.352559999999999762e-01
1.210000000000000000e+04 9.415879999999999805e-01
1.220000000000000000e+04 9.380280000000000840e-01
1.230000000000000000e+04 9.361560000000002102e-01
1.240000000000000000e+04 9.368079999999999741e-01
1.250000000000000000e+04 9.307919999999998417e-01
1.260000000000000000e+04 9.336559999999998194e-01
1.270000000000000000e+04 9.355759999999999632e-01
1.280000000000000000e+04 9.371239999999999570e-01
1.290000000000000000e+04 9.393400000000000638e-01
1.300000000000000000e+04 9.401320000000000787e-01
1.310000000000000000e+04 9.437959999999999683e-01
1.320000000000000000e+04 9.432160000000000544e-01
1.330000000000000000e+04 9.380879999999999219e-01
1.340000000000000000e+04 9.273439999999999461e-01
1.350000000000000000e+04 9.355999999999999872e-01
1.360000000000000000e+04 9.266320000000000112e-01
1.370000000000000000e+04 9.328319999999998835e-01
1.380000000000000000e+04 9.496680000000000677e-01
1.390000000000000000e+04 9.245560000000000445e-01
1.400000000000000000e+04 9.386520000000000419e-01
1.410000000000000000e+04 9.402839999999998977e-01
1.420000000000000000e+04 9.366919999999999691e-01
1.430000000000000000e+04 9.389199999999999768e-01
1.440000000000000000e+04 9.422719999999999985e-01
1.450000000000000000e+04 9.356280000000000152e-01
1.460000000000000000e+04 9.375120000000001230e-01
1.470000000000000000e+04 9.542759999999999021e-01
1.480000000000000000e+04 9.438480000000000203e-01
1.490000000000000000e+04 9.298279999999999879e-01
1.500000000000000000e+04 9.417919999999999625e-01
1.510000000000000000e+04 9.226280000000000037e-01
1.520000000000000000e+04 9.432719999999999994e-01
1.530000000000000000e+04 9.369840000000000391e-01
1.540000000000000000e+04 9.330359999999999765e-01
1.550000000000000000e+04 9.351760000000000073e-01
1.560000000000000000e+04 9.388039999999998608e-01
1.570000000000000000e+04 9.403919999999998947e-01
1.580000000000000000e+04 9.349520000000000053e-01
1.590000000000000000e+04 9.367039999999998701e-01
1.600000000000000000e+04 9.519919999999999494e-01
1.610000000000000000e+04 9.486240000000000228e-01
1.620000000000000000e+04 9.441239999999999633e-01
1.630000000000000000e+04 9.357959999999999612e-01
1.640000000000000000e+04 9.480159999999999698e-01
1.650000000000000000e+04 9.465799999999999770e-01
1.660000000000000000e+04 9.372399999999999620e-01
1.670000000000000000e+04 9.349399999999999933e-01
1.680000000000000000e+04 9.383200000000000429e-01
1.690000000000000000e+04 9.321639999999999926e-01
1.700000000000000000e+04 9.296200000000000019e-01
1.710000000000000000e+04 9.410119999999999596e-01
1.720000000000000000e+04 9.434160000000001434e-01
1.730000000000000000e+04 9.352800000000001113e-01
1.740000000000000000e+04 9.326160000000001116e-01
1.750000000000000000e+04 9.243480000000000585e-01
1.760000000000000000e+04 9.276880000000000681e-01
1.770000000000000000e+04 9.397999999999999687e-01
1.780000000000000000e+04 9.333760000000000945e-01
1.790000000000000000e+04 9.392640000000000988e-01
1.800000000000000000e+04 9.466760000000000730e-01
1.810000000000000000e+04 9.379039999999998489e-01
1.820000000000000000e+04 9.454479999999999551e-01
1.830000000000000000e+04 9.433799999999999963e-01
1.840000000000000000e+04 9.362920000000000131e-01
1.850000000000000000e+04 9.445879999999998722e-01
1.860000000000000000e+04 9.446760000000000712e-01
1.870000000000000000e+04 9.345359999999999223e-01
1.880000000000000000e+04 9.558839999999998449e-01
1.890000000000000000e+04 9.471239999999999659e-01
1.900000000000000000e+04 9.386640000000000539e-01
1.910000000000000000e+04 9.457480000000000331e-01
1.920000000000000000e+04 9.448599999999999222e-01
1.930000000000000000e+04 9.488480000000001358e-01
1.940000000000000000e+04 9.514479999999999604e-01
1.950000000000000000e+04 9.380159999999999609e-01
1.960000000000000000e+04 9.424639999999999684e-01
1.970000000000000000e+04 9.385840000000000849e-01
1.980000000000000000e+04 9.410519999999999996e-01
1.990000000000000000e+04 9.431399999999999784e-01
2.000000000000000000e+04 9.472040000000001569e-01
2.010000000000000000e+04 9.446080000000000032e-01
2.020000000000000000e+04 9.423200000000000465e-01
2.030000000000000000e+04 9.411319999999999686e-01
2.040000000000000000e+04 9.472279999999999589e-01
2.050000000000000000e+04 9.497439999999999216e-01
2.060000000000000000e+04 9.498399999999999066e-01
2.070000000000000000e+04 9.279959999999999321e-01
2.080000000000000000e+04 9.415919999999999845e-01
2.090000000000000000e+04 9.514880000000001115e-01
2.100000000000000000e+04 9.399240000000000927e-01
2.110000000000000000e+04 9.420879999999999255e-01
2.120000000000000000e+04 9.477800000000000669e-01
2.130000000000000000e+04 9.474920000000001119e-01
2.140000000000000000e+04 9.491679999999997897e-01
2.150000000000000000e+04 9.402920000000000167e-01
2.160000000000000000e+04 9.467079999999999940e-01
2.170000000000000000e+04 9.507320000000000215e-01
2.180000000000000000e+04 9.398040000000000838e-01
2.190000000000000000e+04 9.392679999999999918e-01
2.200000000000000000e+04 9.464960000000000040e-01
2.210000000000000000e+04 9.459279999999998800e-01
2.220000000000000000e+04 9.436800000000000743e-01
2.230000000000000000e+04 9.336200000000000054e-01
2.240000000000000000e+04 9.466199999999999060e-01
2.250000000000000000e+04 9.376239999999999020e-01
2.260000000000000000e+04 9.324999999999999956e-01
2.270000000000000000e+04 9.369880000000000431e-01
2.280000000000000000e+04 9.352279999999999482e-01
2.290000000000000000e+04 9.484280000000000488e-01
2.300000000000000000e+04 9.430119999999999614e-01
2.310000000000000000e+04 9.455319999999999281e-01
2.320000000000000000e+04 9.353839999999999932e-01
2.330000000000000000e+04 9.317920000000000647e-01
2.340000000000000000e+04 9.473879999999998969e-01
2.350000000000000000e+04 9.299040000000000639e-01
2.360000000000000000e+04 9.558999999999999719e-01
2.370000000000000000e+04 9.415959999999999885e-01
2.380000000000000000e+04 9.456879999999998621e-01
2.390000000000000000e+04 9.446080000000000032e-01
2.400000000000000000e+04 9.461479999999998780e-01
2.410000000000000000e+04 9.438279999999998893e-01
2.420000000000000000e+04 9.471360000000000889e-01
2.430000000000000000e+04 9.526000000000000023e-01
2.440000000000000000e+04 9.492880000000000207e-01
2.450000000000000000e+04 9.490839999999999277e-01
2.460000000000000000e+04 9.504280000000000506e-01
2.470000000000000000e+04 9.373840000000001060e-01
2.480000000000000000e+04 9.508240000000000025e-01
2.490000000000000000e+04 9.245640000000000525e-01
2.500000000000000000e+04 9.557519999999999349e-01
2.510000000000000000e+04 9.475599999999999579e-01
2.520000000000000000e+04 9.469719999999998139e-01
2.530000000000000000e+04 9.544840000000001101e-01
2.540000000000000000e+04 9.468239999999999990e-01
2.550000000000000000e+04 9.362399999999999611e-01
2.560000000000000000e+04 9.408679999999999266e-01
2.570000000000000000e+04 9.422240000000000615e-01
2.580000000000000000e+04 9.394480000000000608e-01
2.590000000000000000e+04 9.498120000000001006e-01
2.600000000000000000e+04 9.375319999999999210e-01
2.610000000000000000e+04 9.464000000000001300e-01
2.620000000000000000e+04 9.461640000000000050e-01
2.630000000000000000e+04 9.515799999999999814e-01
2.640000000000000000e+04 9.550559999999999050e-01
2.650000000000000000e+04 9.339279999999999804e-01
2.660000000000000000e+04 9.388880000000000559e-01
2.670000000000000000e+04 9.458159999999999901e-01
2.680000000000000000e+04 9.497799999999999576e-01
2.690000000000000000e+04 9.473080000000000389e-01
2.700000000000000000e+04 9.503360000000000696e-01
2.710000000000000000e+04 9.464320000000001620e-01
2.720000000000000000e+04 9.617319999999999203e-01
2.730000000000000000e+04 9.486799999999999677e-01
2.740000000000000000e+04 9.398600000000001398e-01
2.750000000000000000e+04 9.436159999999998993e-01
2.760000000000000000e+04 9.414520000000000666e-01
2.770000000000000000e+04 9.357840000000000602e-01
2.780000000000000000e+04 9.481920000000001458e-01
2.790000000000000000e+04 9.526519999999999433e-01
2.800000000000000000e+04 9.477599999999999358e-01
2.810000000000000000e+04 9.469679999999999209e-01
2.820000000000000000e+04 9.323319999999998275e-01
2.830000000000000000e+04 9.380960000000000409e-01
2.840000000000000000e+04 9.391680000000000028e-01
2.850000000000000000e+04 9.539999999999999591e-01
2.860000000000000000e+04 9.437719999999999443e-01
2.870000000000000000e+04 9.523599999999998733e-01
2.880000000000000000e+04 9.574279999999999458e-01
2.890000000000000000e+04 9.435759999999999703e-01
2.900000000000000000e+04 9.354839999999999822e-01
2.910000000000000000e+04 9.599439999999999085e-01
2.920000000000000000e+04 9.487680000000000557e-01
2.930000000000000000e+04 9.469919999999999449e-01
2.940000000000000000e+04 9.463239999999999430e-01
2.950000000000000000e+04 9.513960000000000194e-01
2.960000000000000000e+04 9.490679999999999117e-01
2.970000000000000000e+04 9.427080000000001014e-01
2.980000000000000000e+04 9.429999999999999494e-01
2.990000000000000000e+04 9.623479999999999812e-01
3.000000000000000000e+04 9.388159999999998728e-01
