0.000000000000000000e+00 5.399249007955350121e-01
1.000000000000000000e+02 3.989026534658738909e-01
2.000000000000000000e+02 4.936868538354993730e-01
3.000000000000000000e+02 5.713627456319062548e-01
4.000000000000000000e+02 6.331298686716695379e-01
5.000000000000000000e+02 6.597221463296052413e-01
6.000000000000000000e+02 7.346202764175790989e-01
7.000000000000000000e+02 7.052207743274363505e-01
8.000000000000000000e+02 7.639316615782206776e-01
9.000000000000000000e+02 7.634192916686658448e-01
1.000000000000000000e+03 8.032137061208211026e-01
1.100000000000000000e+03 7.905663038008345911e-01
1.200000000000000000e+03 8.053670019619489917e-01
1.300000000000000000e+03 7.781820028950647838e-01
1.400000000000000000e+03 8.028484394059220985e-01
1.500000000000000000e+03 8.356361208184583944e-01
1.600000000000000000e+03 8.259779851072850398e-01
1.700000000000000000e+03 8.348057168763001190e-01
1.800000000000000000e+03 8.221121534950035503e-01
1.900000000000000000e+03 8.525696935715092462e-01
2.000000000000000000e+03 8.379362230832673175e-01
2.100000000000000000e+03 8.514992704057730011e-01
2.200000000000000000e+03 8.600712562385146587e-01
2.300000000000000000e+03 8.377419196941776613e-01
2.400000000000000000e+03 8.604973550359865664e-01
2.500000000000000000e+03 8.258109292963693449e-01
2.600000000000000000e+03 8.523870630778539459e-01
2.700000000000000000e+03 8.654037784007740930e-01
2.800000000000000000e+03 8.723672638751260866e-01
2.900000000000000000e+03 8.518044123113797106e-01
3.000000000000000000e+03 8.658155553776830660e-01
3.100000000000000000e+03 8.685045150064434338e-01
3.200000000000000000e+03 8.740632725577995865e-01
3.300000000000000000e+03 8.650813767405177712e-01
3.400000000000000000e+03 8.591177257236687348e-01
3.500000000000000000e+03 8.720148807509113809e-01
3.600000000000000000e+03 8.968168309077709788e-01
3.700000000000000000e+03 8.870647913884843749e-01
3.800000000000000000e+03 8.727897819178183081e-01
3.900000000000000000e+03 8.743322725097455450e-01
4.000000000000000000e+03 8.855382598195862265e-01
4.100000000000000000e+03 8.773957504230964766e-01
4.200000000000000000e+03 8.642695290846358347e-01
4.300000000000000000e+03 8.795556044463056500e-01
4.400000000000000000e+03 8.848798252160490208e-01
4.500000000000000000e+03 8.898270468974118774e-01
4.600000000000000000e+03 8.798818845486182649e-01
4.700000000000000000e+03 8.728477246865553596e-01
4.800000000000000000e+03 8.734136300641577311e-01
4.900000000000000000e+03 8.875232280533857931e-01
5.000000000000000000e+03 8.839518299659094858e-01
5.100000000000000000e+03 8.888652863765985623e-01
5.200000000000000000e+03 8.822419319955965289e-01
5.300000000000000000e+03 8.820500992349886715e-01
5.400000000000000000e+03 8.977728528426924814e-01
5.500000000000000000e+03 8.894990025898121822e-01
5.600000000000000000e+03 9.025483677452792453e-01
5.700000000000000000e+03 8.877147583378158791e-01
5.800000000000000000e+03 9.069735186106906433e-01
5.900000000000000000e+03 8.892870888191823919e-01
6.000000000000000000e+03 8.931736285526736818e-01
6.100000000000000000e+03 8.929933379968412188e-01
6.200000000000000000e+03 8.998629516086179558e-01
6.300000000000000000e+03 8.908600666048600569e-01
6.400000000000000000e+03 8.966251949169300461e-01
6.500000000000000000e+03 9.025449327721862813e-01
6.600000000000000000e+03 9.101442975330471530e-01
6.700000000000000000e+03 9.075532578567498954e-01
6.800000000000000000e+03 8.864586476527811509e-01
6.900000000000000000e+03 9.147844295629752320e-01
7.000000000000000000e+03 9.137122369128320987e-01
7.100000000000000000e+03 9.034397285134342370e-01
7.200000000000000000e+03 8.950499189601422989e-01
7.300000000000000000e+03 8.931281318933963487e-01
7.400000000000000000e+03 9.089611608415690824e-01
7.500000000000000000e+03 8.951496576677380190e-01
7.600000000000000000e+03 9.171606829438850861e-01
7.700000000000000000e+03 9.129718312769067312e-01
7.800000000000000000e+03 9.184142948558242647e-01
7.900000000000000000e+03 9.193281033467316510e-01
8.000000000000000000e+03 9.211528257369345773e-01
8.100000000000000000e+03 9.258082693960065779e-01
8.200000000000000000e+03 9.095532652824198649e-01
8.300000000000000000e+03 9.322939555888852814e-01
8.400000000000000000e+03 9.242746675792020694e-01
8.500000000000000000e+03 9.047440696237467606e-01
8.600000000000000000e+03 9.207713458051403066e-01
8.700000000000000000e+03 9.113890398661756986e-01
8.800000000000000000e+03 9.047686713845561890e-01
8.900000000000000000e+03 9.153437264216531810e-01
9.000000000000000000e+03 9.267956636430321193e-01
9.100000000000000000e+03 9.076054752452420438e-01
9.200000000000000000e+03 9.136540383312118374e-01
9.300000000000000000e+03 9.329422817695931514e-01
9.400000000000000000e+03 9.294028715834149468e-01
9.500000000000000000e+03 9.256236011895293547e-01
9.600000000000000000e+03 9.235762844396679938e-01
9.700000000000000000e+03 9.185438832354981820e-01
9.800000000000000000e+03 9.244851954673706240e-01
9.900000000000000000e+03 9.171115674688403718e-01
1.000000000000000000e+04 9.172749934730074495e-01
1.010000000000000000e+04 9.325119272987884012e-01
1.020000000000000000e+04 9.240212134065320937e-01
1.030000000000000000e+04 9.293112818182039936e-01
1.040000000000000000e+04 9.221842307041706599e-01
1.050000000000000000e+04 9.186149250581330250e-01
1.060000000000000000e+04 9.372921484777959611e-01
1.070000000000000000e+04 9.251175662167067104e-01
1.080000000000000000e+04 9.096127404611039635e-01
1.090000000000000000e+04 9.203950877806565956e-01
1.100000000000000000e+04 9.317323291345066538e-01
1.110000000000000000e+04 9.157177510214193905e-01
1.120000000000000000e+04 9.222149602642611965e-01
1.130000000000000000e+04 9.321828366548976508e-01
1.140000000000000000e+04 9.251620654051728732e-01
1.150000000000000000e+04 9.337184580995446792e-01
1.160000000000000000e+04 9.189624783789163143e-01
1.170000000000000000e+04 9.424361591341672284e-01
1.180000000000000000e+04 9.288070429515542514e-01
1.190000000000000000e+04 9.187222242015571361e-01
1.200000000000000000e+04 9.177798401793958449e-01
1.210000000000000000e+04 9.241112659470385182e-01
1.220000000000000000e+04 9.325664749394652064e-01
1.230000000000000000e+04 9.260702805739537968e-01
1.240000000000000000e+04 9.334610245290132502e-01
1.250000000000000000e+04 9.360348645908265208e-01
1.260000000000000000e+04 9.332883032916401422e-01
1.270000000000000000e+04 9.384310528263882789e-01
1.280000000000000000e+04 9.377510825712577214e-01
1.290000000000000000e+04 9.239053369894216772e-01
1.300000000000000000e+04 9.415137792803347505e-01
1.310000000000000000e+04 9.213913263148849619e-01
1.320000000000000000e+04 9.409074184921447648e-01
1.330000000000000000e+04 9.299757659892174955e-01
1.340000000000000000e+04 9.291499967084629885e-01
1.350000000000000000e+04 9.331043544692757541e-01
1.360000000000000000e+04 9.397673056236802713e-01
1.370000000000000000e+04 9.450522756507824251e-01
1.380000000000000000e+04 9.447201395412079261e-01
1.390000000000000000e+04 9.341672029390319931e-01
1.400000000000000000e+04 9.355116279315809358e-01
1.410000000000000000e+04 9.378996474993817056e-01
1.420000000000000000e+04 9.359386128464388666e-01
1.430000000000000000e+04 9.410755144769619163e-01
1.440000000000000000e+04 9.321544625922989491e-01
1.450000000000000000e+04 9.407262033218171116e-01
1.460000000000000000e+04 9.284258014982912366e-01
1.470000000000000000e+04 9.463668949650690942e-01
1.480000000000000000e+04 9.470608600832691737e-01
1.490000000000000000e+04 9.307746997897169416e-01
1.500000000000000000e+04 9.368293014567184995e-01
1.510000000000000000e+04 9.376824036696768117e-01
1.520000000000000000e+04 9.247922757688086248e-01
1.530000000000000000e+04 9.462620336669617105e-01
1.540000000000000000e+04 9.454840285452642545e-01
1.550000000000000000e+04 9.462617093276058933e-01
1.560000000000000000e+04 9.371954215046580661e-01
1.570000000000000000e+04 9.446886270110190775e-01
1.580000000000000000e+04 9.327931599317926814e-01
1.590000000000000000e+04 9.370773495770479133e-01
1.600000000000000000e+04 9.366904812106433553e-01
1.610000000000000000e+04 9.357109463749542222e-01
1.620000000000000000e+04 9.321686610584148935e-01
1.630000000000000000e+04 9.300315972686679089e-01
1.640000000000000000e+04 9.364920738425486224e-01
1.650000000000000000e+04 9.421599604106939418e-01
1.660000000000000000e+04 9.446935897461696818e-01
1.670000000000000000e+04 9.323692698356904618e-01
1.680000000000000000e+04 9.414727283116883783e-01
1.690000000000000000e+04 9.489694367906905681e-01
1.700000000000000000e+04 9.446559078468080850e-01
1.710000000000000000e+04 9.384672740122715906e-01
1.720000000000000000e+04 9.301770290667599195e-01
1.730000000000000000e+04 9.379026062589665980e-01
1.740000000000000000e+04 9.398449783931688284e-01
1.750000000000000000e+04 9.309520445569809954e-01
1.760000000000000000e+04 9.376257985013335405e-01
1.770000000000000000e+04 9.474691358823901233e-01
1.780000000000000000e+04 9.411847453377462092e-01
1.790000000000000000e+04 9.398379047865357272e-01
1.800000000000000000e+04 9.374631800280990301e-01
1.810000000000000000e+04 9.414572523878244059e-01
1.820000000000000000e+04 9.342677809883556117e-01
1.830000000000000000e+04 9.315928686424083116e-01
1.840000000000000000e+04 9.404573982253880970e-01
1.850000000000000000e+04 9.454107931390036690e-01
1.860000000000000000e+04 9.376612567780117091e-01
1.870000000000000000e+04 9.437697502908034553e-01
1.880000000000000000e+04 9.476678736970508554e-01
1.890000000000000000e+04 9.426997754953989617e-01
1.900000000000000000e+04 9.417721923883519697e-01
1.910000000000000000e+04 9.367431040462997904e-01
1.920000000000000000e+04 9.322806423807554754e-01
1.930000000000000000e+04 9.363351456276387541e-01
1.940000000000000000e+04 9.401173340012609625e-01
1.950000000000000000e+04 9.472906851787494809e-01
1.960000000000000000e+04 9.385620409428816480e-01
1.970000000000000000e+04 9.414759956311331557e-01
1.980000000000000000e+04 9.395226169509844905e-01
1.990000000000000000e+04 9.375807179857003071e-01
2.000000000000000000e+04 9.431585762336605061e-01
2.010000000000000000e+04 9.383942470720021412e-01
2.020000000000000000e+04 9.352643396968202127e-01
2.030000000000000000e+04 9.383013840366868363e-01
2.040000000000000000e+04 9.479656409319373589e-01
2.050000000000000000e+04 9.315198561131140531e-01
2.060000000000000000e+04 9.396822991227922195e-01
2.070000000000000000e+04 9.442284708410151328e-01
2.080000000000000000e+04 9.364097049668581585e-01
2.090000000000000000e+04 9.354475415379260861e-01
2.100000000000000000e+04 9.360953892832984957e-01
2.110000000000000000e+04 9.290520914936944985e-01
2.120000000000000000e+04 9.361123311194605723e-01
2.130000000000000000e+04 9.368236454449201389e-01
2.140000000000000000e+04 9.342056927908151120e-01
2.150000000000000000e+04 9.460452558108269905e-01
2.160000000000000000e+04 9.484400777712346242e-01
2.170000000000000000e+04 9.373510832350655519e-01
2.180000000000000000e+04 9.502389603714486155e-01
2.190000000000000000e+04 9.429034974133898572e-01
2.200000000000000000e+04 9.225886355472110445e-01
2.210000000000000000e+04 9.312195898895370139e-01
2.220000000000000000e+04 9.427934665496804367e-01
2.230000000000000000e+04 9.442142059774681906e-01
2.240000000000000000e+04 9.364546654630191425e-01
2.250000000000000000e+04 9.511959542805797918e-01
2.260000000000000000e+04 9.278069198697715958e-01
2.270000000000000000e+04 9.522350260283145573e-01
2.280000000000000000e+04 9.441539271668483169e-01
2.290000000000000000e+04 9.371811424126761381e-01
2.300000000000000000e+04 9.403129006770374332e-01
2.310000000000000000e+04 9.253337379657735617e-01
2.320000000000000000e+04 9.486363957575810746e-01
2.330000000000000000e+04 9.353918262848119891e-01
2.340000000000000000e+04 9.380006043034414542e-01
2.350000000000000000e+04 9.378491892420258713e-01
2.360000000000000000e+04 9.383275884308999171e-01
2.370000000000000000e+04 9.410326973468484679e-01
2.380000000000000000e+04 9.515471109208988310e-01
2.390000000000000000e+04 9.332905957908999017e-01
2.400000000000000000e+04 9.383257581952718640e-01
2.410000000000000000e+04 9.360789708635143258e-01
2.420000000000000000e+04 9.348384269422800319e-01
2.430000000000000000e+04 9.489606616898643709e-01
2.440000000000000000e+04 9.454433097262369134e-01
2.450000000000000000e+04 9.379811603980086065e-01
2.460000000000000000e+04 9.293761227528164470e-01
2.470000000000000000e+04 9.429549609347560590e-01
2.480000000000000000e+04 9.466800341324730361e-01
2.490000000000000000e+04 9.402854020266147028e-01
2.500000000000000000e+04 9.416394535387826448e-01
2.510000000000000000e+04 9.331054181321933871e-01
2.520000000000000000e+04 9.559413361039343915e-01
2.530000000000000000e+04 9.461934005620431520e-01
2.540000000000000000e+04 9.337480298595997041e-01
2.550000000000000000e+04 9.425212069999894249e-01
2.560000000000000000e+04 9.460409175616923960e-01
2.570000000000000000e+04 9.495235203105637511e-01
2.580000000000000000e+04 9.463603463562911822e-01
2.590000000000000000e+04 9.376894790502380284e-01
2.600000000000000000e+04 9.553239960591483060e-01
2.610000000000000000e+04 9.461652619246279095e-01
2.620000000000000000e+04 9.434119434856538255e-01
2.630000000000000000e+04 9.286044503921995208e-01
2.640000000000000000e+04 9.419573630522047880e-01
2.650000000000000000e+04 9.371359464991257937e-01
2.660000000000000000e+04 9.444616284764140168e-01
2.670000000000000000e+04 9.544618042626028531e-01
2.680000000000000000e+04 9.413639442279141401e-01
2.690000000000000000e+04 9.571227301955779199e-01
2.700000000000000000e+04 9.373723856622165895e-01
2.710000000000000000e+04 9.559682926873447339e-01
2.720000000000000000e+04 9.465329945352815022e-01
2.730000000000000000e+04 9.423681327903550287e-01
2.740000000000000000e+04 9.430997460989182235e-01
2.750000000000000000e+04 9.543061122850404754e-01
2.760000000000000000e+04 9.403263970523565440e-01
2.770000000000000000e+04 9.344017597532986441e-01
2.780000000000000000e+04 9.514250877617388413e-01
2.790000000000000000e+04 9.409921045915436988e-01
2.800000000000000000e+04 9.494072997196990604e-01
2.810000000000000000e+04 9.504008395804866005e-01
2.820000000000000000e+04 9.268795361211906725e-01
2.830000000000000000e+04 9.416334738274652061e-01
2.840000000000000000e+04 9.363045381788224208e-01
2.850000000000000000e+04 9.469533543171269052e-01
2.860000000000000000e+04 9.284832758383871898e-01
2.870000000000000000e+04 9.316913633801665595e-01
2.880000000000000000e+04 9.477063973395569718e-01
2.890000000000000000e+04 9.391294139923828110e-01
2.900000000000000000e+04 9.431931343484668551e-01
2.910000000000000000e+04 9.421187888770451435e-01
2.920000000000000000e+04 9.374649382449513624e-01
2.930000000000000000e+04 9.504113222939341021e-01
2.940000000000000000e+04 9.392370425298289804e-01
2.950000000000000000e+04 9.392650488845255552e-01
2.960000000000000000e+04 9.384355247950642021e-01
2.970000000000000000e+04 9.411161558028352525e-01
2.980000000000000000e+04 9.371162089783930949e-01
2.990000000000000000e+04 9.386774452807852276e-01
3.000000000000000000e+04 9.378616044135297258e-01
