0.000000000000000000e+00 5.227760000000000185e-01
1.000000000000000000e+02 3.638040000000000163e-01
2.000000000000000000e+02 5.154199999999999893e-01
3.000000000000000000e+02 5.858479999999999244e-01
4.000000000000000000e+02 6.537439999999998808e-01
5.000000000000000000e+02 6.755719999999999503e-01
6.000000000000000000e+02 7.357240000000000446e-01
7.000000000000000000e+02 6.959760000000000391e-01
8.000000000000000000e+02 7.459240000000000315e-01
9.000000000000000000e+02 7.447759999999998826e-01
1.000000000000000000e+03 7.762679999999999580e-01
1.100000000000000000e+03 7.536040000000000516e-01
1.200000000000000000e+03 7.758439999999999781e-01
1.300000000000000000e+03 7.447399999999999576e-01
1.400000000000000000e+03 7.713000000000000966e-01
1.500000000000000000e+03 8.075239999999999085e-01
1.600000000000000000e+03 7.983160000000000256e-01
1.700000000000000000e+03 7.994120000000000115e-01
1.800000000000000000e+03 7.914440000000000364e-01
1.900000000000000000e+03 8.182719999999998883e-01
2.000000000000000000e+03 8.016639999999999322e-01
2.100000000000000000e+03 8.287840000000000762e-01
2.200000000000000000e+03 8.354039999999999244e-01
2.300000000000000000e+03 8.025440000000000351e-01
2.400000000000000000e+03 8.313000000000000389e-01
2.500000000000000000e+03 7.909119999999999484e-01
2.600000000000000000e+03 8.197839999999999572e-01
2.700000000000000000e+03 8.453360000000000873e-01
2.800000000000000000e+03 8.348880000000000745e-01
2.900000000000000000e+03 8.217159999999998909e-01
3.000000000000000000e+03 8.472200000000000841e-01
3.100000000000000000e+03 8.330319999999999947e-01
3.200000000000000000e+03 8.531600000000001405e-01
3.300000000000000000e+03 8.324119999999999298e-01
3.400000000000000000e+03 8.264519999999999644e-01
3.500000000000000000e+03 8.464279999999999582e-01
3.600000000000000000e+03 8.653119999999999701e-01
3.700000000000000000e+03 8.584159999999999568e-01
3.800000000000000000e+03 8.436999999999998945e-01
3.900000000000000000e+03 8.421439999999998927e-01
4.000000000000000000e+03 8.606719999999999926e-01
4.100000000000000000e+03 8.478120000000000100e-01
4.200000000000000000e+03 8.441560000000000175e-01
4.300000000000000000e+03 8.516679999999998696e-01
4.400000000000000000e+03 8.559679999999999511e-01
4.500000000000000000e+03 8.597039999999999127e-01
4.600000000000000000e+03 8.516759999999999886e-01
4.700000000000000000e+03 8.462400000000001032e-01
4.800000000000000000e+03 8.466920000000000002e-01
4.900000000000000000e+03 8.614199999999999635e-01
5.000000000000000000e+03 8.570400000000000240e-01
5.100000000000000000e+03 8.657159999999999300e-01
5.200000000000000000e+03 8.554679999999998952e-01
5.300000000000000000e+03 8.628279999999999283e-01
5.400000000000000000e+03 8.736359999999999681e-01
5.500000000000000000e+03 8.672400000000000109e-01
5.600000000000000000e+03 8.768119999999999248e-01
5.700000000000000000e+03 8.676079999999999348e-01
5.800000000000000000e+03 8.806240000000000734e-01
5.900000000000000000e+03 8.663719999999999200e-01
6.000000000000000000e+03 8.725079999999998392e-01
6.100000000000000000e+03 8.702199999999999935e-01
6.200000000000000000e+03 8.750999999999998780e-01
6.300000000000000000e+03 8.566160000000000441e-01
6.400000000000000000e+03 8.758080000000000309e-01
6.500000000000000000e+03 8.784039999999998516e-01
6.600000000000000000e+03 8.848439999999999639e-01
6.700000000000000000e+03 8.832159999999998901e-01
6.800000000000000000e+03 8.653840000000000421e-01
6.900000000000000000e+03 9.039800000000000058e-01
7.000000000000000000e+03 8.922320000000000251e-01
7.100000000000000000e+03 8.824519999999999031e-01
7.200000000000000000e+03 8.753080000000000860e-01
7.300000000000000000e+03 8.723160000000000913e-01
7.400000000000000000e+03 8.840840000000000920e-01
7.500000000000000000e+03 8.760679999999999579e-01
7.600000000000000000e+03 9.026199999999999779e-01
7.700000000000000000e+03 8.922799999999999621e-01
7.800000000000000000e+03 9.008840000000000181e-01
7.900000000000000000e+03 9.002839999999998621e-01
8.000000000000000000e+03 9.024199999999999999e-01
8.100000000000000000e+03 9.103159999999999030e-01
8.200000000000000000e+03 8.945799999999999308e-01
8.300000000000000000e+03 9.192279999999999340e-01
8.400000000000000000e+03 9.086079999999998602e-01
8.500000000000000000e+03 8.868960000000000177e-01
8.600000000000000000e+03 9.068880000000000274e-01
8.700000000000000000e+03 8.934919999999999529e-01
8.800000000000000000e+03 8.825640000000000152e-01
8.900000000000000000e+03 8.954960000000000697e-01
9.000000000000000000e+03 9.118279999999998608e-01
9.100000000000000000e+03 8.895119999999999694e-01
9.200000000000000000e+03 8.958160000000000567e-01
9.300000000000000000e+03 9.194639999999999480e-01
9.400000000000000000e+03 9.147840000000000416e-01
9.500000000000000000e+03 9.117760000000000309e-01
9.600000000000000000e+03 9.066520000000000135e-01
9.700000000000000000e+03 8.947239999999998528e-01
9.800000000000000000e+03 9.094280000000000141e-01
9.900000000000000000e+03 8.933439999999999159e-01
1.000000000000000000e+04 9.017119999999999580e-01
1.010000000000000000e+04 9.196959999999999580e-01
1.020000000000000000e+04 9.080279999999999463e-01
1.030000000000000000e+04 9.093240000000000212e-01
1.040000000000000000e+04 9.073040000000001104e-01
1.050000000000000000e+04 8.981440000000000534e-01
1.060000000000000000e+04 9.205959999999998589e-01
1.070000000000000000e+04 8.997120000000000672e-01
1.080000000000000000e+04 8.922120000000000051e-01
1.090000000000000000e+04 9.050999999999999046e-01
1.100000000000000000e+04 9.145280000000000076e-01
1.110000000000000000e+04 8.974999999999999645e-01
1.120000000000000000e+04 8.996560000000000112e-01
1.130000000000000000e+04 9.171640000000000903e-01
1.140000000000000000e+04 9.121560000000000779e-01
1.150000000000000000e+04 9.224040000000000017e-01
1.160000000000000000e+04 9.031959999999998878e-01
1.170000000000000000e+04 9.289439999999999920e-01
1.180000000000000000e+04 9.104999999999999760e-01
1.190000000000000000e+04 9.052439999999999376e-01
1.200000000000000000e+04 9.003920000000000812e-01
1.210000000000000000e+04 9.095080000000000942e-01
1.220000000000000000e+04 9.141079999999999206e-01
1.230000000000000000e+04 9.103360000000000340e-01
1.240000000000000000e+04 9.202879999999998839e-01
1.250000000000000000e+04 9.208319999999999839e-01
1.260000000000000000e+04 9.183280000000000332e-01
1.270000000000000000e+04 9.208479999999999999e-01
1.280000000000000000e+04 9.324039999999998996e-01
1.290000000000000000e+04 9.045040000000001967e-01
1.300000000000000000e+04 9.301399999999999668e-01
1.310000000000000000e+04 9.064039999999998765e-01
1.320000000000000000e+04 9.245919999999999694e-01
1.330000000000000000e+04 9.145720000000001626e-01
1.340000000000000000e+04 9.075079999999999814e-01
1.350000000000000000e+04 9.164479999999999293e-01
1.360000000000000000e+04 9.246839999999999504e-01
1.370000000000000000e+04 9.382119999999999349e-01
1.380000000000000000e+04 9.291160000000000529e-01
1.390000000000000000e+04 9.172359999999999403e-01
1.400000000000000000e+04 9.228800000000000336e-01
1.410000000000000000e+04 9.217399999999998927e-01
1.420000000000000000e+04 9.225919999999998566e-01
1.430000000000000000e+04 9.233719999999999706e-01
1.440000000000000000e+04 9.184200000000000141e-01
1.450000000000000000e+04 9.246119999999998784e-01
1.460000000000000000e+04 9.137839999999999296e-01
1.470000000000000000e+04 9.382440000000000779e-01
1.480000000000000000e+04 9.337159999999999904e-01
1.490000000000000000e+04 9.116639999999999189e-01
1.500000000000000000e+04 9.155319999999999014e-01
1.510000000000000000e+04 9.276879999999999571e-01
1.520000000000000000e+04 9.084519999999999262e-01
1.530000000000000000e+04 9.331599999999998785e-01
1.540000000000000000e+04 9.316919999999999646e-01
1.550000000000000000e+04 9.355679999999999552e-01
1.560000000000000000e+04 9.233479999999998356e-01
1.570000000000000000e+04 9.329920000000000435e-01
1.580000000000000000e+04 9.182879999999998821e-01
1.590000000000000000e+04 9.231679999999999886e-01
1.600000000000000000e+04 9.206079999999999819e-01
1.610000000000000000e+04 9.185440000000000271e-01
1.620000000000000000e+04 9.182040000000000202e-01
1.630000000000000000e+04 9.133759999999999657e-01
1.640000000000000000e+04 9.201719999999999899e-01
1.650000000000000000e+04 9.266360000000000152e-01
1.660000000000000000e+04 9.306280000000000108e-01
1.670000000000000000e+04 9.193040000000001211e-01
1.680000000000000000e+04 9.253839999999998733e-01
1.690000000000000000e+04 9.295839999999999659e-01
1.700000000000000000e+04 9.289399999999999880e-01
1.710000000000000000e+04 9.224719999999998477e-01
1.720000000000000000e+04 9.123559999999999448e-01
1.730000000000000000e+04 9.216880000000000628e-01
1.740000000000000000e+04 9.244879999999999765e-01
1.750000000000000000e+04 9.172240000000000393e-01
1.760000000000000000e+04 9.223439999999999417e-01
1.770000000000000000e+04 9.364919999999999911e-01
1.780000000000000000e+04 9.243999999999998884e-01
1.790000000000000000e+04 9.228279999999999816e-01
1.800000000000000000e+04 9.233039999999999026e-01
1.810000000000000000e+04 9.218480000000000008e-01
1.820000000000000000e+04 9.214280000000000248e-01
1.830000000000000000e+04 9.178840000000000332e-01
1.840000000000000000e+04 9.287199999999999900e-01
1.850000000000000000e+04 9.319079999999999586e-01
1.860000000000000000e+04 9.185840000000000671e-01
1.870000000000000000e+04 9.276159999999999961e-01
1.880000000000000000e+04 9.346000000000000973e-01
1.890000000000000000e+04 9.290639999999997789e-01
1.900000000000000000e+04 9.225600000000000467e-01
1.910000000000000000e+04 9.132480000000000597e-01
1.920000000000000000e+04 9.168680000000000163e-01
1.930000000000000000e+04 9.183439999999999381e-01
1.940000000000000000e+04 9.251519999999999744e-01
1.950000000000000000e+04 9.328039999999999665e-01
1.960000000000000000e+04 9.282759999999999900e-01
1.970000000000000000e+04 9.274679999999999591e-01
1.980000000000000000e+04 9.278879999999998240e-01
1.990000000000000000e+04 9.221559999999999757e-01
2.000000000000000000e+04 9.297480000000000189e-01
2.010000000000000000e+04 9.240759999999998975e-01
2.020000000000000000e+04 9.219319999999999737e-01
2.030000000000000000e+04 9.208559999999998968e-01
2.040000000000000000e+04 9.372479999999998590e-01
2.050000000000000000e+04 9.148880000000000345e-01
2.060000000000000000e+04 9.253479999999998373e-01
2.070000000000000000e+04 9.303759999999998698e-01
2.080000000000000000e+04 9.230080000000000506e-01
2.090000000000000000e+04 9.156440000000000135e-01
2.100000000000000000e+04 9.138239999999998586e-01
2.110000000000000000e+04 9.065639999999998144e-01
2.120000000000000000e+04 9.283719999999999750e-01
2.130000000000000000e+04 9.181159999999999322e-01
2.140000000000000000e+04 9.253839999999998733e-01
2.150000000000000000e+04 9.330399999999998695e-01
2.160000000000000000e+04 9.341599999999998793e-01
2.170000000000000000e+04 9.255999999999999783e-01
2.180000000000000000e+04 9.372599999999999820e-01
2.190000000000000000e+04 9.302359999999999518e-01
2.200000000000000000e+04 8.996880000000000432e-01
2.210000000000000000e+04 9.095600000000000351e-01
2.220000000000000000e+04 9.272720000000000962e-01
2.230000000000000000e+04 9.333399999999998364e-01
2.240000000000000000e+04 9.174120000000001163e-01
2.250000000000000000e+04 9.389320000000000999e-01
2.260000000000000000e+04 9.146759999999999335e-01
2.270000000000000000e+04 9.424599999999999644e-01
2.280000000000000000e+04 9.294240000000000279e-01
2.290000000000000000e+04 9.273839999999998751e-01
2.300000000000000000e+04 9.273000000000000131e-01
2.310000000000000000e+04 9.134079999999998867e-01
2.320000000000000000e+04 9.370720000000001271e-01
2.330000000000000000e+04 9.149199999999999555e-01
2.340000000000000000e+04 9.189719999999997890e-01
2.350000000000000000e+04 9.210679999999998868e-01
2.360000000000000000e+04 9.196399999999999020e-01
2.370000000000000000e+04 9.237879999999999425e-01
2.380000000000000000e+04 9.383359999999998369e-01
2.390000000000000000e+04 9.179559999999999942e-01
2.400000000000000000e+04 9.252319999999998323e-01
2.410000000000000000e+04 9.199039999999999440e-01
2.420000000000000000e+04 9.174400000000000333e-01
2.430000000000000000e+04 9.324239999999999196e-01
2.440000000000000000e+04 9.323719999999999786e-01
2.450000000000000000e+04 9.203919999999999879e-01
2.460000000000000000e+04 9.114839999999998499e-01
2.470000000000000000e+04 9.256960000000000743e-01
2.480000000000000000e+04 9.377479999999999150e-01
2.490000000000000000e+04 9.191599999999999770e-01
2.500000000000000000e+04 9.221679999999999877e-01
2.510000000000000000e+04 9.218720000000000248e-01
2.520000000000000000e+04 9.473320000000000629e-01
2.530000000000000000e+04 9.357759999999999412e-01
2.540000000000000000e+04 9.166919999999998403e-01
2.550000000000000000e+04 9.245719999999999494e-01
2.560000000000000000e+04 9.308639999999999137e-01
2.570000000000000000e+04 9.367999999999998550e-01
2.580000000000000000e+04 9.407440000000000246e-01
2.590000000000000000e+04 9.190879999999999050e-01
2.600000000000000000e+04 9.430720000000000214e-01
2.610000000000000000e+04 9.314479999999999427e-01
2.620000000000000000e+04 9.286399999999999100e-01
2.630000000000000000e+04 9.092960000000001042e-01
2.640000000000000000e+04 9.210120000000001639e-01
2.650000000000000000e+04 9.220599999999999907e-01
2.660000000000000000e+04 9.265120000000000022e-01
2.670000000000000000e+04 9.424879999999998814e-01
2.680000000000000000e+04 9.245319999999999094e-01
2.690000000000000000e+04 9.456999999999999851e-01
2.700000000000000000e+04 9.166559999999999153e-01
2.710000000000000000e+04 9.429080000000000794e-01
2.720000000000000000e+04 9.368439999999998991e-01
2.730000000000000000e+04 9.223439999999999417e-01
2.740000000000000000e+04 9.238999999999999435e-01
2.750000000000000000e+04 9.428679999999999284e-01
2.760000000000000000e+04 9.231000000000000316e-01
2.770000000000000000e+04 9.149800000000000155e-01
2.780000000000000000e+04 9.383679999999998689e-01
2.790000000000000000e+04 9.262679999999999803e-01
2.800000000000000000e+04 9.307199999999999918e-01
2.810000000000000000e+04 9.413639999999998675e-01
2.820000000000000000e+04 9.133599999999999497e-01
2.830000000000000000e+04 9.248799999999998134e-01
2.840000000000000000e+04 9.221879999999997857e-01
2.850000000000000000e+04 9.344399999999999373e-01
2.860000000000000000e+04 9.130920000000000147e-01
2.870000000000000000e+04 9.144840000000000746e-01
2.880000000000000000e+04 9.313080000000000247e-01
2.890000000000000000e+04 9.205320000000000169e-01
2.900000000000000000e+04 9.336160000000001125e-01
2.910000000000000000e+04 9.237760000000000415e-01
2.920000000000000000e+04 9.200559999999998739e-01
2.930000000000000000e+04 9.341839999999999034e-01
2.940000000000000000e+04 9.234879999999998645e-01
2.950000000000000000e+04 9.194239999999999080e-01
2.960000000000000000e+04 9.256279999999998953e-01
2.970000000000000000e+04 9.217239999999999878e-01
2.980000000000000000e+04 9.196159999999999890e-01
2.990000000000000000e+04 9.249439999999998774e-01
3.000000000000000000e+04 9.160320000000000684e-01
