0
1
2
3
7
8
9
10
11
12
13
14
16
17
18
19
21
24
25
27
28
29
30
32
33
34
35
36
37
38
41
42
43
45
46
47
48
49
50
51
52
53
56
58
59
61
62
63
64
66
67
68
69
71
72
73
74
75
76
77
78
79
80
81
82
83
85
86
87
88
89
90
91
92
94
95
97
98
100
101
103
104
106
107
109
110
111
113
114
117
118
119
120
121
122
123
126
128
129
130
131
132
133
134
135
136
138
140
143
144
145
146
147
148
149
150
151
152
153
155
156
157
158
160
161
162
163
164
165
166
167
168
169
170
171
172
173
174
175
176
177
178
180
181
182
184
185
186
187
188
189
190
191
193
194
195
196
197
198
200
201
202
203
204
205
206
207
208
209
210
211
212
213
214
215
217
218
219
220
221
222
223
225
226
227
228
229
230
231
232
233
234
235
236
238
239
240
241
242
243
244
245
246
247
248
249
250
251
253
254
255
259
263
264
265
266
267
268
269
270
272
273
274
275
276
277
279
281
282
283
284
285
287
290
292
293
294
296
298
299
300
301
302
306
309
310
311
312
315
316
317
318
319
320
321
322
323
325
327
328
330
331
332
333
334
335
336
337
338
339
340
341
342
343
344
345
346
348
349
350
351
352
353
354
355
356
357
358
359
360
361
362
364
365
366
367
368
369
370
371
372
373
374
375
376
377
378
380
382
383
384
385
389
392
395
396
399
404
409
411
422
423
427
428
430
431
432
434
435
436
437
444
447
449
451
453
459
462
464
465
472
475
479
481
483
484
485
486
491
492
494
495
497
498
499
503
504
508
509
510
511
512
514
516
519
527
528
533
534
535
539
544
547
548
550
551
552
554
559
560
566
568
569
573
575
577
580
581
589
593
594
595
598
599
602
605
609
612
613
617
618
619
621
622
623
627
628
630
631
632
636
646
649
652
653
659
661
664
668
670
672
673
674
678
680
681
682
694
695
696
697
700
711
712
713
718
719
720
721
722
723
726
727
728
736
737
739
744
745
748
755
757
761
763
768
769
770
771
773
774
775
776
777
778
779
780
782
783
786
790
791
793
806
807
808
815
819
824
825
827
829
830
832
833
835
836
838
839
840
843
844
845
846
847
848
853
856
861
867
868
869
872
878
879
881
883
884
888
890
892
893
894
895
896
903
904
906
907
908
909
910
911
913
914
915
918
922
923
925
926
927
928
929
931
932
933
936
937
939
941
945
948
952
953
955
960
961
974
976
977
978
979
981
984
985
986
988
990
991
993
995
996
997
999
1000
1001
1003
1005
1006
1008
1009
1012
1013
1016
1018
1019
1020
1021
1025
1027
1029
1030
1031
1032
1033
1035
1036
1037
1038
1039
1040
1041
1042
1043
1045
1046
1049
1050
1053
1056
1057
1058
1059
1065
1067
1068
1069
1070
1071
1072
1074
1075
1076
1077
1079
1080
1081
1083
1084
1085
1086
1088
1089
1091
1092
1093
1094
1095
1096
1097
1099
1100
1101
1102
1103
1104
1106
1107
1109
1110
1111
1113
1114
1115
1116
1117
1118
1120
1123
1124
1125
1126
1130
1131
1134
1136
1138
1140
1141
1143
1144
1147
1149
1150
1153
1155
1157
1158
1159
1160
1161
1164
1165
1173
1174
1175
1176
1177
1189
1194
1195
1196
1197
1198
1200
1201
1202
1203
1205
1206
1207
1209
1210
1213
1215
1217
1220
1221
1226
1227
1229
1230
1232
1243
1245
1252
1257
1259
1262
1263
1266
1267
1273
1275
1277
1278
1279
1282
1284
1285
1286
1288
1290
1291
1292
1293
1294
1296
1299
1300
1303
1306
1310
1311
1312
1313
1314
1315
1317
1318
1319
1322
1323
1325
1335
1345
1346
1348
1350
1351
1352
1353
1359
1362
1363
1364
1365
1366
1367
1368
1372
1373
1374
1376
1377
1378
1379
1381
1387
1391
1393
1396
1398
1399
1401
1402
1403
1406
1409
1411
1412
1414
1424
1425
1430
1432
1441
1442
1443
1445
1446
1447
1451
1452
1453
1454
1456
1464
1466
1467
1470
1471
1472
1477
1480
1483
1484
1487
1489
1490
1491
1493
1494
1495
1498
1499
1503
1504
1510
1514
1517
1518
1520
1527
1528
1529
1533
1534
1535
1536
1537
1541
1542
1544
1545
1546
1548
1549
1553
1556
1557
1558
1559
1560
1561
1562
1563
1564
1565
1566
1569
1570
1571
1572
1573
1578
1579
1580
1581
1582
1584
1586
1591
1592
1593
1594
1595
1596
1598
1599
1600
1601
1602
1606
1607
1608
1609
1610
1611
1612
1613
1615
1616
1617
1619
1620
1622
1623
1624
1625
1626
1629
1630
1631
1633
1635
1636
1637
1638
1639
1643
1645
1647
1648
1650
1651
1652
1653
1654
1655
1656
1659
1661
1662
1663
1665
1667
1669
1671
1673
1674
1678
1679
1683
1685
1686
1688
1689
1690
1693
1695
1697
1698
1699
1700
1702
1703
1705
1707
1708
1709
1711
1713
1714
1715
1716
1717
1718
1720
1721
1722
1723
1724
1725
1730
1731
1736
1739
1741
1745
1747
1751
1755
1757
1761
1762
1765
1766
1768
1772
1773
1774
1775
1776
1777
1778
1779
1781
1782
1783
1785
1786
1787
1788
1789
1790
1791
1793
1794
1795
1796
1797
1798
1799
1800
1801
1802
1803
1807
1810
1811
1812
1813
1814
1815
1816
1817
1818
1819
1821
1822
1823
1826
1830
1831
1833
1834
1835
1836
1838
1840
1842
1845
1847
1851
1852
1855
1859
1860
1861
1862
1865
1866
1867
1868
1869
1870
1872
1876
1878
1879
1880
1884
1885
1891
1894
1895
1898
1899
1900
1901
1902
1906
1907
1909
1910
1912
1913
1915
1919
1920
1921
1922
1923
1924
1935
1940
1941
1944
1949
1953
1954
1959
1960
1962
1963
1964
1969
1971
1972
1973
1974
1975
1978
1979
1980
1981
1982
1983
1988
1989
1990
1992
1993
1995
1997
1998
2001
2002
2003
2006
2009
2010
2013
2014
2016
2018
2022
2023
2028
2029
2030
2032
2034
2035
2038
2039
2041
2042
2043
2044
2047
2048
2050
2052
2053
2054
2058
2060
2062
2063
2064
2065
2066
2067
2070
2072
2073
2076
2079
2080
2086
2087
2088
2089
2090
2100
2103
2104
2107
2110
2115
2118
2121
2122
2123
2129
2131
2132
2140
2143
2144
2149
2152
2153
2158
2166
2173
2175
2177
2185
2192
2194
2195
2198
2199
2201
2203
2205
2209
2214
2215
2221
2224
2225
2226
2231
2235
2240
2241
2242
2243
2244
2245
2247
2249
2252
2253
2255
2258
2263
2264
2266
2267
2268
2270
2273
2274
2275
2276
2277
2278
2279
2280
2281
2283
2284
2285
2287
2288
2289
2290
2292
2293
2296
2297
2299
2301
2303
2304
2305
2306
2311
2312
2313
2314
2315
2316
2317
2318
2319
2321
2322
2324
2325
2327
2328
2330
2334
2335
2336
2338
2339
2342
2350
2351
2352
2356
2357
2359
2360
2362
2363
2368
2369
2373
2374
2375
2376
2377
2380
2383
2384
2387
2388
2389
2390
2391
2395
2396
2397
2398
2402
2403
2404
2405
2406
2407
2408
2410
2411
2413
2417
2418
2419
2422
2426
2427
2428
2429
2430
2431
2433
2434
2436
2438
2441
2442
2445
2450
2451
2452
2453
2454
2456
2458
2461
2462
2463
2465
2466
2467
2468
2469
2471
2474
2475
2478
2480
2481
2482
2484
2486
2489
2495
2497
2498
2499
2503
2504
2505
2507
2516
2517
2518
2520
2521
2522
2524
2525
2526
2529
2531
2534
2535
2537
2538
2541
2543
2547
2550
2551
2553
2554
2555
2558
2562
2563
2564
2566
2567
2577
2585
2589
2590
2591
2592
2593
2594
2595
2596
2597
2598
2599
2606
2609
2611
2613
2617
2619
2620
2621
2626
2627
2628
2630
2632
2633
2635
2636
2637
2638
2640
2641
2644
2646
2647
2648
2657
2661
2662
2663
2664
2666
2668
2669
2670
2671
2676
2677
2678
2679
2680
2681
2682
2683
2684
2687
2689
2690
2691
2693
2694
2698
2699
2701
2702
2703
2704
2705
2707
2708
2709
2712
2715
2716
2717
2718
2720
2721
2722
2723
2724
2726
2727
2728
2729
2730
2731
2732
2734
2735
2736
2738
2739
2740
2742
2746
2747
2748
2749
2750
2751
2752
2753
2755
2756
2758
2759
2760
2761
2762
2763
2764
2765
2767
2769
2771
2775
2778
2782
2783
2784
2785
2788
2790
2791
2792
2793
2796
2797
2798
2799
2801
2802
2803
2804
2806
2810
2811
2816
2821
2822
2825
2827
2828
2829
2830
2831
2832
2835
2836
2837
2839
2840
2841
2842
2844
2845
2846
2847
2848
2851
2853
2855
2856
2857
2858
2860
2869
2870
2874
2875
2876
2877
2878
2879
2881
2884
2886
2887
2889
2890
2891
2894
2896
2898
2900
2901
2902
2903
2906
2907
2908
2909
2910
2912
2914
2916
2917
2918
2919
2920
2922
2926
2928
2929
2930
2932
2934
2935
2936
2938
2940
2942
2945
2946
2948
2950
2952
2953
2954
2955
2956
2957
2959
2960
2962
2963
2964
2965
2967
2968
2969
2975
2976
2979
2981
2982
2983
2984
2985
2986
2990
2992
2993
2997
2998
2999
3001
3002
3007
3009
3016
3020
3022
3023
3027
3030
3031
3033
3037
3039
3040
3042
3043
3044
3045
3046
3047
3050
3051
3054
3056
3057
3059
3060
3061
3063
3064
3068
3069
3071
3072
3073
3074
3075
3079
3080
3081
3082
3084
3085
3086
3087
3088
3089
3090
3092
3093
3094
3095
3096
3097
3098
3100
3103
3106
3107
3109
3113
3115
3116
3117
3118
3122
3130
3131
3132
3134
3138
3140
3142
3143
3144
3145
3146
3148
3149
3150
3151
3152
3153
3154
3156
3158
3159
3160
3162
3167
3168
3169
3170
3171
3172
3175
3176
3177
3178
3181
3182
3183
3184
3185
3186
3191
3196
3198
3199
3201
3202
3203
3204
3205
3206
3207
3208
3209
3210
3212
3214
3215
3217
3218
3219
3221
3223
3224
3225
3232
3233
3234
3235
3236
3237
3238
3239
3241
3242
3244
3245
3247
3249
3250
3251
3252
3255
3257
3260
3262
3264
3265
3267
3270
3272
3273
3274
3275
3276
3279
3280
3281
3283
3284
3285
3286
3287
3289
3290
3291
3292
3296
3298
3299
3300
3301
3302
3303
3304
3306
3307
3308
3309
3310
3317
3318
3320
3322
3327
3328
3329
3330
3331
3336
3337
3338
3343
3345
3346
3347
3350
3351
3355
3357
3358
3359
3360
3362
3363
3364
3365
3367
3371
3373
3375
3376
3385
3387
3388
3395
3397
3399
3401
3402
3403
3407
3408
3409
3410
3416
3417
3418
3419
3420
3422
3423
3424
3426
3427
3432
3436
3437
3439
3440
3441
3442
3445
3446
3447
3449
3452
3454
3464
3467
3468
3472
3473
3474
3475
3476
3477
3478
3479
3481
3482
3484
3485
3487
3489
3491
3492
3494
3495
3496
3500
3503
3504
3506
3507
3508
3509
3512
3513
3514
3515
3516
3518
3519
3520
3521
3522
3525
3527
3528
3529
3530
3531
3532
3533
3534
3535
3536
3537
3538
3540
3541
3542
3543
3545
3546
3547
3548
3549
3552
3553
3555
3556
3558
3560
3562
3563
3564
3565
3567
3569
3570
3571
3572
3573
3574
3575
3576
3577
3579
3580
3584
3588
3589
3590
3591
3592
3593
3597
3598
3600
3602
3604
3605
3607
3608
3611
3612
3615
3623
3628
3629
3630
3631
3632
3634
3636
3638
3639
3640
3641
3642
3643
3644
3645
3647
3651
3652
3653
3654
3657
3660
3662
3663
3664
3667
3669
3670
3671
3672
3673
3674
3675
3677
3678
3681
3682
3684
3685
3687
3688
3689
3690
3692
3693
3694
3695
3696
3697
3698
3700
3701
3705
3708
3710
3712
3714
3715
3719
3722
3723
3724
3727
3728
3730
3732
3734
3735
3736
3740
3742
3743
3745
3746
3747
3748
3749
3750
3755
3756
3758
3759
3761
3762
3763
3764
3768
3770
3771
3772
3776
3777
3778
3779
3782
3783
3784
3787
3789
3790
3791
3792
3793
3796
3797
3798
3799
3800
3801
3803
3807
3809
3810
3811
3812
3814
3815
3817
3818
3819
3820
3821
3822
3823
3824
3825
3826
3827
3828
3829
3832
3833
3834
3835
3836
3837
3838
3842
3843
3846
3847
3848
3849
3850
3852
3858
3859
3860
3862
3863
3867
3871
3874
3875
3876
3877
3879
3886
3887
3890
3892
3893
3895
3896
3897
3900
3901
3903
3908
3909
3911
3916
3918
3919
3926
3929
3930
3945
3948
3955
3957
3960
3966
3967
3972
3973
3979
3981
3982
3984
3985
3986
3987
3988
3990
3993
3999
4000
4001
4004
4005
4006
4009
4012
4013
4020
4022
4026
4027
4028
4030
4031
4032
4035
4039
4041
4042
4043
4044
4048
4049
4050
4051
4054
4056
4057
4061
4065
4066
4068
4071
4072
4076
4079
4080
4081
4085
4087
4090
4091
4093
4094
4096
4099
4101
4103
4104
4105
4106
4110
4111
4116
4119
4120
4121
4122
4123
4124
4126
4127
4128
4133
4135
4136
4137
4138
4140
4141
4142
4144
4146
4148
4151
4152
4153
4154
4156
4161
4162
4163
4164
4165
4166
4167
4168
4169
4172
4173
4174
4175
4176
4177
4181
4182
4183
4184
4185
4186
4187
4188
4189
4190
4191
4192
4193
4195
4197
4198
4199
4200
4201
4204
4206
4207
4208
4209
4210
4211
4213
4214
4217
4218
4219
4220
4222
4224
4225
4227
4228
4229
4231
4234
4235
4236
4237
4238
4239
4242
4250
4251
4252
4258
4259
4260
4261
4269
4270
4271
4272
4273
4277
4289
4290
4291
4292
4297
4300
4301
4302
4303
4305
4309
4310
4311
4313
4315
4317
4320
4321
4324
4325
4327
4329
4331
4333
4334
4337
4338
4345
4346
4347
4350
4352
4354
4355
4358
4360
4361
4362
4363
4364
4366
4369
4371
4372
4373
4375
4378
4379
4381
4382
4384
4386
4388
4394
4399
4401
4402
4404
4405
4407
4408
4414
4416
4417
4421
4423
4428
4429
4432
4433
4438
4439
4440
4441
4442
4443
4447
4448
4449
4450
4451
4452
4453
4456
4461
4462
4464
4465
4473
4476
4477
4480
4481
4482
4483
4484
4485
4486
4487
4488
4489
4490
4491
4492
4494
4495
4496
4497
4498
4499
4502
4503
4504
4505
4506
4507
4508
4509
4510
4512
4513
4514
4515
4516
4517
4519
4520
4522
4523
4524
4526
4527
4528
4529
4530
4532
4536
4540
4541
4542
4544
4545
4546
4549
4550
4552
4554
4555
4556
4558
4559
4560
4561
4562
4563
4565
4566
4567
4568
4569
4570
4571
4572
4573
4574
4575
4577
4579
4580
4581
4582
4583
4586
4587
4590
4591
4594
4595
4596
4597
4598
4599
4600
4603
4604
4605
4606
4610
4611
4612
4614
4615
4616
4619
4622
4623
4624
4625
4626
4629
4631
4632
4633
4634
4637
4638
4639
4641
4642
4643
4644
4649
4654
4655
4656
4659
4661
4663
4664
4667
4672
4675
4677
4679
4680
4683
4684
4687
4688
4695
4697
4701
4703
4709
4715
4717
4718
4722
4723
4725
4726
4728
4729
4730
4731
4732
4736
4740
4744
4745
4749
4753
4755
4756
4757
4758
4761
4774
4775
4776
4778
4779
4781
4783
4784
4786
4787
4788
4790
4793
4795
4796
4800
4801
4802
4803
4804
4805
4806
4808
4813
4821
4822
4823
4827
4830
4831
4832
4834
4835
4839
4840
4841
4842
4843
4845
4848
4851
4854
4855
4856
4857
4864
4866
4867
4870
4873
4874
4875
4876
4877
4878
4880
4882
4888
4891
4893
4900
4901
4907
4908
4912
4914
4917
4919
4920
4925
4926
4928
4929
4930
4931
4937
4938
4939
4940
4941
4942
4945
4948
4950
4951
4954
4955
4956
4957
4959
4960
4961
4962
4967
4968
4969
4971
4973
4974
4976
4977
4978
4979
4980
4981
4982
4983
4984
4985
4987
4988
4990
4991
4992
4993
4995
4996
4997
5001
5005
5006
5007
5013
5017
5018
5019
5022
5024
5027
5028
5030
5032
5036
5037
5038
5039
5040
5042
5043
5046
5050
5051
5056
5057
5058
5059
5061
5063
5067
5069
5071
5072
5073
5074
5078
5080
5082
5085
5087
5090
5091
5092
5093
5094
5096
5098
5100
5102
5103
5106
5108
5109
5110
5111
5113
5115
5116
5121
5123
5124
5127
5128
5130
5132
5135
5137
5138
5140
5141
5143
5144
5146
5148
5149
5151
5155
5156
5158
5159
5160
5161
5163
5164
5165
5166
5167
5168
5170
5172
5173
5175
5177
5180
5184
5185
5186
5190
5192
5193
5200
5202
5203
5205
5207
5208
5211
5212
5216
5219
5221
5222
5223
5225
5226
5228
5232
5233
5235
5237
5239
5240
5241
5242
5243
5244
5246
5247
5248
5249
5250
5251
5253
5254
5255
5256
5258
5259
5262
5263
5264
5266
5267
5268
5269
5270
5271
5272
5273
5274
5275
5276
5280
5286
5287
5289
5290
5291
5292
5295
5296
5298
5300
5301
5302
5303
5305
5307
5308
5310
5312
5313
5314
5317
5318
5319
5320
5321
5322
5324
5325
5326
5327
5328
5331
5333
5335
5336
5338
5339
5340
5344
5347
5349
5350
5351
5354
5355
5356
5357
5358
5360
5362
5363
5369
5371
5372
5374
5375
5376
5377
5379
5381
5384
5385
5386
5387
5388
5389
5390
5391
5392
5393
5394
5395
5396
5397
5398
5399
5400
5401
5403
5404
5406
5407
5408
5411
5412
5413
5414
5415
5416
5417
5418
5419
5420
5421
5422
5423
5424
5425
5426
5428
5429
5430
5431
5433
5435
5436
5437
5438
5444
5445
5447
5448
5449
5450
5451
5453
5455
5456
5458
5459
5460
5462
5466
5467
5469
5470
5471
5472
5474
5475
5476
5477
5478
5479
5484
5485
5486
5487
5488
5490
5491
5492
5493
5494
5495
5496
5499
5500
5502
5503
5504
5507
5508
5510
5511
5512
5513
5515
5516
5517
5518
5520
5521
5522
5523
5525
5526
5527
5528
5532
5533
5536
5538
5539
5540
5541
5543
5544
5545
5548
5550
5551
5554
5557
5558
5559
5565
5566
5571
5573
5576
5577
5579
5580
5581
5582
5585
5586
5587
5590
5591
5592
5593
5594
5595
5596
5597
5598
5602
5603
5604
5606
5607
5608
5609
5610
5611
5615
5616
5618
5619
5620
5621
5625
5626
5627
5628
5629
5630
5631
5633
5634
5635
5636
5638
5640
5642
5643
5647
5648
5649
5650
5653
5655
5657
5658
5659
5662
5665
5666
5667
5668
5670
5671
5672
5675
5676
5678
5679
5682
5686
5687
5688
5689
5690
5692
5695
5696
5697
5698
5702
5705
5709
5711
5713
5714
5715
5716
5717
5718
5719
5720
5721
5723
5724
5728
5729
5730
5732
5733
5738
5741
5742
5743
5745
5746
5748
5752
5753
5754
5755
5756
5757
5759
5761
5762
5763
5765
5766
5767
5768
5769
5770
5772
5774
5775
5776
5777
5778
5780
5781
5782
5783
5784
5785
5786
5788
5789
5790
5791
5792
5793
5795
5796
5797
5798
5799
5800
5801
5802
5803
5805
5806
5810
5811
5812
5813
5814
5815
5816
5817
5818
5819
5820
5821
5822
5823
5825
5826
5828
5829
5832
5834
5835
5837
5839
5841
5842
5843
5844
5846
5847
5848
5852
5854
5855
5856
5857
5858
5859
5860
5861
5862
5863
5864
5866
5867
5869
5870
5871
5872
5873
5875
5876
5877
5878
5880
5881
5882
5883
5885
5887
5888
5892
5893
5894
5896
5898
5899
5900
5901
5902
5903
5904
5907
5908
5909
5911
5914
5915
5916
5919
5920
5921
5923
5925
5926
5927
5929
5934
5935
5936
5938
5940
5941
5942
5943
5944
5945
5947
5948
5949
5953
5954
5955
5957
5958
5960
5962
5963
5965
5966
5967
5970
5971
5972
5974
5976
5977
5978
5979
5980
5981
5982
5983
5984
5986
5987
5989
5990
5991
5992
5993
5994
5995
5996
5997
5998
6000
6002
6003
6004
6005
6006
6007
6008
6009
6010
6012
6013
6014
6018
6022
6025
6027
6029
6030
6031
6032
6033
6034
6035
6038
6039
6041
6042
6045
6046
6047
6048
6052
6053
6055
6056
6059
6060
6063
6064
6066
6068
6071
6072
6073
6074
6075
6076
6077
6078
6079
6081
6083
6085
6086
6093
6094
6096
6098
6100
6103
6105
6106
6108
6109
6110
6113
6114
6115
6116
6117
6118
6120
6122
6123
6124
6126
6127
6128
6130
6131
6134
6135
6138
6139
6140
6141
6142
6143
6144
6145
6146
6147
6148
6149
6150
6153
6154
6156
6157
6158
6159
6161
6162
6163
6167
6168
6170
6171
6172
6173
6174
6175
6176
6177
6178
6180
6181
6182
6183
6184
6185
6186
6190
6191
6192
6194
6195
6196
6197
6198
6200
6203
6204
6205
6206
6207
6208
6209
6210
6212
6215
6217
6218
6219
6220
6222
6224
6226
6227
6228
6229
6230
6231
6232
6233
6234
6235
6236
6237
6238
6239
6241
6242
6243
6244
6245
6246
6247
6250
6251
6252
6253
6255
6256
6257
6258
6261
6263
6264
6266
6267
6268
6269
6271
6272
6273
6275
6278
6279
6281
6283
6284
6286
6287
6288
6290
6292
6297
6300
6301
6302
6303
6304
6305
6306
6307
6308
6310
6311
6313
6314
6316
6317
6318
6319
6320
6321
6322
6323
6324
6325
6326
6328
6329
6330
6331
6332
6333
6334
6335
6337
6339
6340
6341
6342
6343
6344
6345
6347
6350
6351
6354
6357
6358
6360
6361
6363
6364
6366
6368
6369
6371
6372
6373
6374
6376
6379
6381
6382
6383
6384
6386
6387
6390
6391
6392
6393
6394
6395
6396
6400
6401
6402
6403
6408
6409
6410
6414
6415
6416
6417
6418
6419
6420
6421
6422
6423
6424
6426
6429
6430
6431
6432
6433
6436
6440
6441
6445
6447
6448
6449
6450
6451
6452
6453
6454
6455
6456
6458
6459
6460
6463
6464
6465
6467
6468
6469
6470
6471
6473
6475
6476
6478
6479
6480
6481
6482
6483
6484
6486
6487
6488
6494
6495
6497
6501
6502
6504
6505
6507
6509
6511
6512
6513
6514
6516
6517
6518
6519
6521
6522
6523
6524
6525
6526
6529
6530
6531
6532
6533
6536
6539
6540
6543
6544
6545
6547
6548
6549
6551
6552
6555
6556
6557
6558
6561
6562
6563
6565
6566
6567
6571
6573
6576
6578
6579
6581
6583
6584
6589
6590
6591
6592
6595
6597
6598
6599
6600
6602
6603
6605
6606
6607
6608
6610
6611
6612
6615
6616
6617
6619
6621
6622
6623
6624
6627
6628
6631
6632
6634
6635
6639
6640
6641
6642
6643
6645
6646
6647
6648
6651
6652
6653
6654
6655
6656
6658
6659
6661
6662
6663
6668
6669
6670
6671
6672
6675
6676
6678
6679
6681
6682
6683
6684
6685
6686
6688
6689
6690
6693
6694
6695
6698
6699
6700
6701
6702
6703
6704
6705
6706
6708
6709
6710
6711
6712
6713
6714
6715
6716
6717
6718
6719
6720
6721
6722
6723
6724
6725
6726
6729
6731
6732
6734
6735
6736
6737
6738
6739
6741
6742
6744
6747
6750
6751
6752
6754
6756
6759
6765
6767
6770
6771
6772
6773
6774
6775
6777
6778
6779
6780
6781
6782
6783
6784
6785
6786
6788
6789
6790
6791
6792
6794
6795
6796
6797
6798
6799
6800
6801
6803
6805
6806
6807
6808
6809
6810
6811
6812
6813
6814
6815
6816
6817
6818
6819
6820
6822
6823
6825
6827
6828
6829
6830
6831
6833
6834
6835
6836
6838
6839
6840
6841
6842
6843
6844
6845
6848
6849
6851
6855
6856
6859
6860
6861
6862
6863
6864
6865
6866
6867
6869
6870
6871
6872
6873
6875
6877
6878
6879
6882
6883
6884
6885
6886
6889
6890
6891
6893
6896
6898
6900
6901
6902
6903
6904
6905
6911
6912
6913
6914
6919
6922
6923
6924
6925
6927
6928
6929
6931
6932
6933
6935
6936
6938
6939
6940
6941
6942
6944
6945
6946
6947
6949
6951
6952
6953
6954
6955
6956
6957
6958
6959
6961
6962
6963
6964
6966
6968
6970
6972
6973
6974
6975
6976
6977
6978
6979
6981
6982
6983
6984
6985
6986
6987
6990
6992
6996
6997
6998
7000
7001
7003
7004
7005
7007
7008
7009
7010
7012
7013
7014
7015
7016
7018
7020
7021
7023
7024
7025
7027
7029
7030
7032
7033
7034
7037
7038
7039
7040
7041
7042
7044
7045
7047
7049
7050
7052
7053
7054
7058
7059
7060
7061
7062
7063
7064
7065
7066
7067
7069
7070
7071
7072
7075
7077
7078
7083
7086
7088
7091
7092
7093
7094
7096
7098
7100
7101
7105
7107
7108
7109
7110
7111
7112
7115
7116
7117
7118
7119
7120
7121
7122
7123
7125
7126
7127
7129
7130
7131
7132
7136
7137
7138
7141
7143
7144
7145
7147
7148
7150
7153
7156
7157
7158
7160
7161
7162
7163
7164
7165
7166
7167
7168
7169
7170
7171
7172
7173
7175
7177
7178
7179
7182
7183
7184
7186
7187
7189
7191
7192
7193
7194
7195
7196
7197
7198
7199
7200
7202
7203
7205
7206
7209
7210
7211
7212
7215
7217
7218
7219
7223
7225
7226
7227
7228
7230
7231
7235
7236
7237
7238
7241
7242
7243
7244
7246
7247
7248
7249
7250
7251
7256
7257
7258
7259
7260
7261
7262
7264
7266
7267
7268
7269
7272
7275
7278
7279
7280
7283
7284
7287
7289
7290
7291
7292
7293
7296
7297
7298
7300
7304
7306
7307
7308
7309
7310
7311
7313
7314
7315
7316
7317
7318
7320
7321
7323
7324
7325
7326
7327
7328
7329
7332
7334
7339
7340
7341
7342
7343
7344
7345
7347
7348
7349
7350
7352
7353
7354
7355
7356
7357
7358
7359
7360
7362
7363
7364
7365
7367
7368
7372
7375
7376
7377
7378
7379
7380
7381
7386
7387
7388
7389
7390
7391
7392
7394
7396
7397
7398
7399
7400
7401
7402
7406
7407
7408
7409
7410
7414
7415
7416
7417
7418
7419
7420
7421
7423
7424
7428
7430
7431
7432
7433
7434
7435
7436
7440
7443
7444
7446
7447
7448
7450
7451
7453
7454
7455
7456
7457
7458
7462
7465
7466
7468
7469
7471
7472
7473
7475
7476
7478
7479
7480
7482
7483
7484
7485
7486
7487
7488
7489
7490
7491
7492
7493
7494
7498
7499
7500
7501
7502
7503
7504
7505
7506
7507
7508
7509
7510
7512
7513
7514
7515
7516
7517
7519
7522
7524
7525
7526
7527
7528
7529
7531
7532
7533
7536
7538
7539
7541
7542
7543
7544
7545
7546
7547
7548
7549
7550
7551
7552
7553
7554
7555
7556
7557
7558
7559
7562
7563
7564
7565
7566
7567
7568
7570
7571
7572
7573
7574
7575
7576
7577
7578
7579
7581
7582
7583
7584
7586
7587
7589
7590
7592
7594
7595
7596
7597
7598
7600
7602
7603
7604
7605
7606
7608
7609
7610
7611
7612
7613
7614
7616
7617
7619
7620
7622
7623
7624
7625
7626
7627
7628
7630
7631
7632
7633
7634
7635
7637
7639
7646
7647
7649
7650
7651
7652
7653
7655
7656
7657
7658
7659
7660
7661
7662
7664
7665
7666
7667
7668
7669
7670
7672
7673
7674
7675
7676
7677
7679
7683
7684
7685
7686
7688
7690
7691
7693
7695
7696
7697
7698
7700
7701
7702
7704
7705
7707
7708
7709
7710
7711
7712
7713
7714
7715
7716
7717
7720
7721
7723
7724
7725
7726
7727
7728
7729
7730
7731
7733
7735
7736
7737
7738
7739
7740
7741
7742
7743
7744
7745
7746
7748
7749
7751
7755
7756
7758
7760
7761
7762
7763
7764
7766
7767
7768
7769
7770
7771
7772
7775
7776
7777
7778
7779
7780
7781
7782
7783
7784
7785
7786
7787
7788
7789
7790
7791
7792
7793
7794
7795
7796
7797
7798
7799
7800
7803
7805
7806
7807
7809
7811
7812
7813
7816
7817
7819
7820
7821
7823
7824
7827
7828
7829
7830
7832
7833
7834
7835
7839
7841
7844
7845
7849
7850
7851
7852
7853
7854
7855
7856
7858
7859
7860
7863
7864
7865
7867
7868
7869
7871
7872
7873
7875
7877
7878
7880
7882
7883
7884
7885
7886
7889
7890
7895
7896
7898
7900
7901
7903
7904
7905
7907
7908
7910
7911
7912
7913
7914
7916
7918
7919
7920
7921
7922
7923
7924
7925
7927
7929
7930
7931
7933
7934
7935
7936
7937
7938
7943
7944
7945
7946
7947
7948
7949
7950
7951
7954
7955
7956
7957
7959
7960
7962
7964
7967
7968
7970
7974
7975
7976
7977
7978
7979
7981
7982
7983
7984
7986
7987
7988
7989
7991
7992
7994
7995
7996
7997
7998
7999
8000
8001
8002
8004
8005
8006
8007
8008
8010
8011
8012
8013
8015
8016
8017
8018
8020
8021
8022
8023
8024
8025
8027
8028
8029
8031
8032
8033
8034
8038
8039
8040
8041
8042
8043
8044
8045
8046
8047
8050
8051
8052
8053
8054
8055
8056
8057
8059
8060
8061
8062
8063
8064
8065
8066
8067
8068
8070
8072
8073
8074
8075
8076
8077
8078
8079
8080
8082
8083
8084
8085
8086
8087
8089
8090
8091
8093
8094
8095
8097
8098
8099
8101
8102
8104
8105
8106
8107
8108
8109
8110
8113
8114
8115
8116
8117
8118
8119
8120
8123
8124
8125
8126
8127
8128
8129
8130
8131
8133
8134
8135
8136
8138
8139
8140
8141
8144
8145
8146
8148
8150
8152
8153
8154
8155
8156
8157
8158
8159
8160
8161
8162
8163
8164
8166
8167
8168
8171
8172
8173
8174
8175
8177
8178
8179
8180
8182
8183
8184
8186
8187
8190
8193
8194
8196
8197
8198
8199
8201
8202
8203
8205
8206
8207
8208
8211
8212
8215
8217
8218
8220
8222
8224
8225
8226
8227
8228
8229
8231
8232
8233
8234
8235
8236
8237
8238
8239
8240
8241
8243
8244
8245
8246
8248
8251
8252
8253
8255
8256
8257
8258
8259
8260
8262
8264
8265
8266
8267
8268
8269
8270
8271
8273
8274
8275
8277
8278
8279
8280
8284
8285
8286
8287
8288
8289
8290
8291
8292
8293
8294
8295
8296
8297
8298
8300
8301
8302
8303
8304
8305
8306
8307
8309
8311
8312
8313
8315
8316
8317
8318
8319
8320
8321
8322
8325
8326
8327
8330
8332
8333
8334
8335
8337
8338
8339
8340
8341
8342
8343
8344
8345
8346
8347
8348
8349
8350
8351
8352
8353
8354
8355
8357
8358
8359
8360
8363
8364
8365
8366
8367
8369
8371
8372
8373
8374
8375
8376
8377
8378
8379
8380
8381
8383
8384
8385
8386
8387
8388
8389
8390
8392
8395
8396
8399
8401
8402
8403
8404
8407
8408
8414
8415
8417
8418
8420
8421
8424
