0
1
2
3
4
5
7
8
9
10
11
12
14
15
16
18
19
20
23
24
26
29
30
31
32
33
34
35
36
37
38
39
40
41
42
43
44
46
47
48
49
50
51
52
53
55
56
57
59
60
61
62
63
64
65
66
67
68
69
72
73
74
75
76
79
82
83
85
86
87
88
89
90
91
92
93
94
95
96
97
98
99
100
101
102
104
105
106
107
108
109
110
112
113
114
115
116
117
119
120
121
122
123
125
126
127
128
129
131
132
133
134
135
136
139
143
145
146
147
149
150
152
153
154
156
157
158
159
160
162
163
164
165
166
168
169
170
171
172
173
174
176
177
178
179
180
181
185
186
187
188
189
190
191
192
193
195
196
197
198
200
201
202
203
204
205
206
208
209
210
211
213
216
218
219
220
221
222
223
224
225
226
227
228
229
230
231
232
234
235
236
237
238
240
242
243
244
245
246
247
248
249
250
251
253
254
255
256
257
260
261
262
263
265
266
267
268
270
271
272
273
274
275
276
277
278
279
280
281
282
283
284
286
287
289
290
291
292
294
295
296
297
298
299
300
301
302
303
304
305
306
307
309
310
311
312
313
314
315
316
317
318
319
320
321
322
324
326
327
328
329
330
331
332
333
334
335
336
337
338
339
340
342
343
344
345
346
348
349
351
352
353
354
356
359
360
361
363
364
365
367
370
371
373
375
376
377
378
379
380
381
382
383
384
386
388
389
390
391
392
393
394
395
396
397
398
399
400
401
402
403
404
406
407
408
409
410
411
412
413
415
416
417
418
419
420
421
423
424
426
427
428
429
430
431
432
433
435
436
437
438
439
441
442
443
444
445
446
447
450
451
452
455
456
457
458
459
460
461
462
465
466
467
469
470
471
472
473
475
476
477
478
479
481
482
483
484
485
486
487
488
490
493
495
496
497
499
500
502
503
504
505
506
507
508
510
511
512
514
516
517
519
521
522
523
524
525
529
532
533
535
536
541
544
545
548
549
551
552
553
554
556
558
559
560
561
562
563
564
565
570
574
576
578
579
580
581
582
583
584
585
586
587
588
589
590
591
593
594
595
597
598
599
602
605
606
609
611
613
615
617
619
620
621
623
624
625
626
627
632
633
635
636
637
638
639
640
641
643
645
647
648
649
652
654
656
658
659
660
661
664
666
667
669
672
673
674
676
677
678
679
680
687
688
689
690
693
695
697
698
699
701
703
704
705
706
708
709
710
712
713
715
718
726
729
730
731
732
733
734
735
739
742
746
748
749
751
752
753
754
757
759
760
764
768
770
771
772
773
775
776
777
778
779
780
782
784
787
788
789
790
791
792
793
795
796
797
798
799
802
806
809
811
812
814
815
816
819
821
822
823
824
825
826
827
828
829
830
836
837
840
841
842
844
846
847
849
850
852
853
855
856
857
864
865
866
867
868
870
871
873
875
876
877
881
884
887
888
889
890
891
893
894
895
897
899
900
901
903
904
905
907
908
909
910
912
913
914
915
917
919
920
921
922
923
924
925
926
927
928
929
931
932
933
936
937
938
939
940
941
942
944
945
949
952
953
954
955
956
957
958
960
961
962
963
965
967
970
972
973
974
976
978
981
984
985
986
988
991
992
994
1000
1001
1002
1003
1004
1005
1006
1007
1008
1009
1011
1015
1017
1018
1025
1029
1030
1031
1032
1033
1039
1041
1044
1045
1046
1047
1048
1049
1052
1053
1054
1055
1056
1057
1058
1059
1060
1061
1062
1063
1064
1068
1070
1072
1074
1076
1078
1079
1082
1085
1087
1088
1090
1093
1094
1095
1096
1097
1099
1100
1103
1107
1108
1109
1114
1117
1119
1123
1126
1127
1128
1129
1130
1131
1132
1134
1135
1137
1139
1140
1141
1145
1146
1147
1148
1149
1150
1151
1152
1153
1154
1155
1156
1157
1160
1161
1162
1163
1164
1166
1167
1168
1169
1170
1171
1172
1173
1176
1177
1178
1180
1181
1183
1184
1185
1186
1187
1188
1191
1192
1193
1196
1197
1198
1199
1200
1202
1206
1208
1209
1210
1211
1212
1213
1216
1219
1223
1226
1227
1228
1229
1230
1231
1232
1233
1235
1236
1237
1238
1239
1240
1241
1242
1243
1244
1245
1247
1248
1250
1251
1252
1254
1255
1256
1257
1258
1259
1260
1262
1264
1265
1266
1267
1268
1269
1271
1272
1273
1274
1275
1276
1277
1278
1279
1280
1281
1282
1283
1285
1286
1287
1289
1290
1291
1292
1293
1294
1295
1296
1297
1298
1299
1300
1301
1302
1304
1305
1306
1308
1310
1311
1314
1315
1316
1317
1318
1319
1320
1321
1322
1323
1324
1325
1326
1332
1335
1336
1337
1338
1339
1340
1341
1342
1343
1344
1345
1346
1347
1348
1349
1350
1352
1354
1355
1356
1357
1359
1360
1361
1362
1363
1364
1365
1366
1367
1368
1369
1370
1371
1372
1373
1374
1375
1377
1378
1379
1382
1383
1384
1385
1389
1390
1391
1392
1393
1394
1395
1396
1397
1398
1399
1402
1404
1405
1409
1411
1412
1415
1417
1418
1419
1420
1421
1422
1425
1428
1430
1432
1436
1437
1439
1440
1442
1443
1445
1446
1447
1449
1450
1451
1452
1453
1454
1455
1456
1457
1458
1459
1460
1461
1463
1466
1467
1469
1470
1472
1473
1475
1479
1480
1483
1484
1485
1487
1488
1491
1492
1498
1499
1500
1501
1502
1503
1505
1506
1508
1509
1510
1511
1513
1514
1515
1516
1517
1519
1520
1524
1525
1526
1528
1529
1531
1537
1538
1548
1549
1550
1552
1553
1555
1556
1559
1560
1561
1562
1564
1565
1566
1567
1568
1569
1570
1571
1573
1574
1575
1577
1578
1579
1580
1581
1586
1587
1592
1593
1594
1597
1598
1600
1602
1603
1605
1606
1607
1608
1609
1611
1612
1613
1614
1615
1616
1618
1620
1621
1622
1623
1625
1626
1629
1632
1636
1641
1642
1643
1644
1645
1646
1647
1650
1651
1653
1657
1659
1660
1661
1662
1663
1665
1666
1670
1673
1674
1675
1677
1678
1679
1680
1681
1682
1684
1686
1687
1689
1692
1694
1695
1698
1699
1701
1702
1703
1711
1713
1716
1717
1718
1719
1720
1722
1723
1725
1726
1727
1730
1732
1736
1739
1741
1742
1744
1745
1748
1749
1750
1751
1753
1757
1758
1760
1761
1763
1764
1765
1766
1768
1770
1771
1773
1775
1778
1781
1782
1783
1787
1790
1792
1793
1794
1795
1798
1799
1800
1801
1805
1806
1807
1811
1812
1813
1814
1816
1817
1818
1819
1820
1822
1824
1825
1826
1827
1829
1830
1833
1834
1835
1836
1839
1842
1843
1845
1847
1848
1849
1850
1851
1857
1858
1859
1860
1861
1864
1865
1866
1867
1869
1870
1872
1874
1875
1876
1877
1878
1879
1880
1881
1882
1883
1886
1887
1888
1889
1890
1891
1892
1893
1896
1897
1898
1899
1900
1901
1903
1904
1905
1906
1907
1908
1910
1911
1913
1914
1915
1916
1917
1919
1921
1923
1924
1925
1926
1927
1928
1929
1930
1933
1935
1937
1938
1939
1940
1941
1942
1943
1944
1946
1950
1952
1953
1954
1955
1956
1957
1958
1959
1960
1961
1962
1963
1964
1965
1966
1967
1968
1969
1971
1972
1973
1975
1976
1977
1978
1981
1982
1983
1984
1985
1986
1987
1988
1989
1990
1991
1992
1994
1996
1997
1998
1999
2000
2001
2002
2003
2004
2005
2006
2007
2008
2009
2010
2011
2012
2013
2015
2016
2017
2019
2020
2022
2024
2025
2026
2027
2028
2029
2031
2033
2034
2035
2036
2037
2038
2039
2040
2041
2042
2043
2045
2046
2047
2048
2049
2050
2052
2053
2054
2055
2056
2057
2058
2059
2062
2064
2065
2066
2067
2068
2069
2070
2071
2072
2073
2074
2075
2076
2077
2078
2080
2081
2082
2084
2085
2086
2087
2092
2093
2094
2095
2096
2097
2098
2099
2100
2103
2104
2105
2106
2107
2108
2109
2110
2112
2113
2114
2115
2116
2117
2119
2120
2123
2124
2126
2127
2129
2130
2131
2132
2133
2134
2136
2138
2140
2141
2142
2143
2144
2145
2146
2147
2150
2152
2153
2154
2155
2156
2157
2159
2160
2161
2162
2163
2164
2165
2166
2167
2168
2169
2170
2171
2172
2173
2174
2177
2180
2182
2184
2185
2189
2190
2191
2193
2194
2195
2197
2200
2202
2204
2206
2207
2208
2209
2210
2211
2212
2213
2214
2218
2219
2222
2227
2228
2229
2230
2231
2233
2234
2235
2238
2239
2240
2242
2244
2245
2246
2249
2250
2251
2252
2253
2256
2258
2259
2260
2261
2262
2263
2265
2268
2269
2270
2271
2272
2273
2274
2275
2276
2277
2278
2279
2281
2285
2286
2287
2288
2289
2291
2292
2293
2295
2296
2297
2299
2300
2301
2302
2303
2305
2307
2310
2311
2312
2313
2315
2316
2319
2322
2323
2324
2325
2326
2327
2328
2329
2330
2331
2333
2334
2336
2337
2338
2339
2340
2341
2342
2343
2344
2345
2349
2350
2351
2352
2354
2355
2359
2360
2362
2363
2364
2365
2366
2367
2369
2371
2372
2373
2374
2375
2377
2378
2381
2382
2384
2386
2387
2389
2391
2392
2393
2396
2397
2398
2399
2400
2401
2403
2404
2406
2407
2409
2410
2412
2413
2414
2415
2416
2417
2419
2420
2421
2424
2425
2427
2429
2432
2433
2435
2436
2437
2438
2439
2441
2442
2443
2444
2445
2447
2448
2449
2450
2452
2454
2456
2458
2459
2460
2461
2462
2463
2465
2467
2468
2470
2471
2472
2473
2474
2481
2483
2488
2489
2491
2492
2493
2494
2496
2498
2499
2500
2502
2503
2504
2505
2506
2507
2508
2509
2510
2511
2512
2514
2515
2516
2518
2519
2520
2522
2523
2524
2525
2532
2533
2534
2536
2537
2540
2541
2543
2544
2545
2546
2547
2548
2549
2550
2551
2552
2553
2555
2556
2558
2559
2560
2565
2566
2567
2574
2578
2580
2581
2582
2583
2584
2586
2587
2588
2589
2590
2591
2592
2593
2596
2597
2598
2599
2600
2601
2602
2603
2604
2605
2606
2607
2608
2609
2610
2611
2612
2613
2614
2615
2618
2622
2625
2631
2632
2633
2634
2635
2636
2639
2640
2641
2642
2646
2647
2650
2651
2652
2653
2654
2656
2657
2658
2659
2660
2663
2667
2670
2671
2676
2677
2682
2687
2690
2691
2692
2694
2695
2696
2698
2700
2701
2702
2704
2705
2706
2708
2709
2710
2711
2712
2713
2715
2716
2717
2719
2720
2722
2723
2724
2725
2729
2731
2732
2734
2735
2736
2737
2740
2741
2743
2744
2746
2747
2750
2751
2753
2757
2759
2760
2761
2764
2765
2766
2769
2770
2771
2772
2776
2778
2779
2780
2785
2786
2788
2789
2790
2791
2792
2794
2795
2797
2801
2802
2805
2807
2811
2813
2816
2821
2822
2824
2825
2829
2830
2831
2834
2835
2836
2837
2838
2839
2840
2843
2846
2847
2849
2850
2851
2852
2853
2854
2855
2856
2857
2858
2859
2864
2865
2866
2869
2871
2875
2876
2877
2878
2879
2880
2881
2883
2885
2886
2887
2890
2891
2892
2893
2894
2896
2899
2900
2901
2902
2903
2905
2906
2908
2909
2913
2915
2916
2919
2921
2922
2924
2925
2926
2928
2929
2933
2935
2939
2941
2942
2945
2946
2948
2949
2950
2951
2953
2954
2957
2958
2959
2960
2961
2962
2963
2964
2966
2967
2971
2974
2975
2976
2977
2978
2979
2981
2982
2983
2984
2985
2987
2991
2995
2996
2998
2999
3000
3001
3002
3003
3004
3005
3007
3008
3009
3010
3011
3012
3013
3017
3020
3021
3023
3025
3026
3027
3028
3029
3031
3035
3037
3038
3041
3042
3043
3044
3045
3046
3047
3053
3055
3056
3058
3063
3064
3067
3068
3070
3076
3077
3080
3083
3086
3087
3088
3089
3091
3092
3095
3096
3097
3099
3100
3101
3102
3103
3105
3106
3109
3110
3111
3112
3115
3116
3117
3118
3119
3120
3122
3125
3126
3128
3129
3130
3132
3133
3135
3136
3138
3139
3142
3144
3145
3146
3148
3151
3152
3155
3156
3159
3160
3161
3163
3164
3165
3167
3169
3170
3171
3174
3175
3177
3179
3181
3182
3183
3184
3185
3188
3189
3191
3192
3193
3194
3196
3197
3198
3200
3201
3202
3203
3204
3206
3207
3211
3213
3214
3215
3220
3221
3222
3223
3224
3229
3232
3233
3235
3238
3239
3240
3241
3243
3244
3245
3246
3247
3248
3251
3253
3254
3255
3256
3257
3258
3259
3260
3261
3264
3265
3268
3269
3270
3271
3273
3276
3277
3279
3280
3281
3282
3283
3286
3291
3292
3293
3295
3296
3298
3299
3300
3301
3302
3303
3304
3305
3306
3307
3308
3309
3310
3311
3312
3313
3314
3315
3317
3318
3319
3320
3321
3322
3323
3324
3328
3329
3332
3333
3334
3335
3337
3339
3340
3342
3343
3344
3346
3348
3350
3351
3352
3353
3354
3356
3359
3360
3361
3363
3364
3368
3369
3370
3371
3380
3381
3382
3383
3384
3385
3386
3387
3389
3390
3391
3393
3394
3395
3396
3397
3398
3399
3400
3401
3402
3403
3404
3405
3406
3407
3408
3410
3412
3413
3414
3415
3416
3417
3418
3419
3421
3422
3423
3426
3428
3430
3432
3434
3435
3436
3438
3439
3440
3441
3446
3447
3449
3450
3451
3452
3453
3454
3455
3457
3458
3459
3460
3465
3466
3467
3468
3470
3471
3472
3473
3474
3475
3476
3477
3478
3479
3482
3483
3484
3485
3486
3488
3489
3491
3492
3493
3494
3495
3497
3498
3500
3501
3503
3504
3506
3508
3509
3510
3511
3513
3514
3515
3516
3517
3519
3520
3521
3522
3523
3524
3525
3527
3529
3530
3531
3533
3539
3542
3543
3545
3546
3547
3548
3549
3550
3553
3555
3557
3558
3559
3560
3561
3562
3563
3565
3566
3567
3568
3569
3570
3571
3572
3573
3574
3576
3577
3578
3584
3586
3587
3588
3589
3590
3591
3592
3593
3595
3598
3600
3602
3603
3606
3607
3609
3610
3611
3613
3614
3615
3616
3617
3618
3620
3621
3622
3626
3627
3630
3632
3633
3635
3636
3637
3638
3639
3640
3642
3643
3645
3646
3648
3649
3650
3651
3652
3653
3654
3655
3656
3657
3658
3660
3661
3662
3663
3665
3666
3671
3672
3674
3675
3681
3683
3684
3685
3687
3689
3691
3692
3693
3697
3698
3700
3701
3703
3706
3707
3708
3709
3710
3711
3713
3714
3715
3717
3719
3720
3721
3722
3723
3724
3726
3727
3728
3729
3731
3732
3734
3735
3736
3737
3738
3739
3740
3741
3742
3743
3744
3747
3748
3751
3752
3753
3754
3755
3758
3760
3763
3767
3769
3771
3772
3773
3776
3777
3781
3783
3784
3785
3786
3787
3788
3789
3790
3791
3792
3794
3798
3799
3800
3801
3802
3805
3806
3808
3809
3814
3815
3816
3817
3818
3819
3821
3822
3824
3826
3827
3828
3829
3830
3832
3833
3835
3836
3837
3838
3839
3840
3846
3847
3851
3852
3853
3854
3855
3857
3858
3859
3864
3865
3866
3867
3869
3870
3871
3872
3873
3877
3879
3884
3885
3886
3888
3890
3891
3892
3893
3894
3896
3897
3898
3901
3905
3907
3908
3909
3910
3912
3914
3917
3920
3921
3922
3925
3927
3928
3933
3937
3938
3939
3940
3941
3942
3943
3944
3946
3947
3950
3951
3952
3954
3955
3956
3957
3959
3960
3961
3962
3963
3964
3965
3967
3968
3969
3970
3971
3972
3974
3975
3978
3980
3981
3982
3983
3984
3986
3987
3989
3990
3991
3992
3993
3995
3996
3997
3998
3999
4000
4001
4002
4004
4005
4006
4007
4008
4009
4010
4011
4012
4013
4014
4015
4016
4017
4019
4020
4023
4024
4025
4027
4028
4029
4030
4031
4035
4036
4038
4039
4040
4044
4045
4046
4047
4048
4049
4050
4051
4052
4054
4055
4057
4058
4059
4060
4061
4063
4064
4065
4066
4067
4068
4069
4071
4072
4073
4074
4075
4076
4079
4082
4083
4084
4085
4086
4087
4089
4090
4091
4094
4096
4097
4099
4100
4101
4104
4105
4109
4111
4112
4113
4114
4115
4118
4119
4120
4122
4123
4124
4125
4126
4127
4133
4136
4137
4138
4139
4140
4142
4143
4146
4147
4148
4149
4151
4152
4153
4154
4156
4157
4158
4159
4162
4164
4165
4166
4168
4171
4172
4173
4174
4175
4176
4177
4181
4182
4183
4186
4187
4188
4190
4192
4193
4195
4196
4197
4200
4201
4204
4205
4206
4207
4209
4210
4211
4212
4213
4214
4215
4218
4222
4223
4225
4226
4227
4229
4232
4233
4234
4235
4236
4237
4238
4240
4241
4242
4244
4245
4246
4248
4249
4250
4251
4252
4255
4257
4258
4259
4261
4262
4263
4270
4271
4273
4274
4275
4276
4277
4280
4282
4284
4285
4288
4290
4294
4296
4297
4298
4300
4301
4302
4303
4304
4305
4307
4308
4314
4315
4317
4318
4319
4320
4321
4322
4323
4324
4327
4329
4331
4332
4338
4339
4340
4342
4344
4345
4346
4347
4348
4349
4350
4351
4352
4354
4355
4356
4357
4358
4359
4360
4362
4363
4364
4365
4366
4369
4370
4371
4374
4377
4378
4379
4380
4381
4382
4383
4385
4387
4388
4389
4390
4391
4398
4399
4400
4401
4404
4405
4406
4409
4410
4411
4412
4413
4414
4415
4419
4422
4423
4424
4427
4428
4432
4438
4439
4440
4443
4445
4446
4448
4449
4453
4454
4457
4458
4459
4461
4463
4464
4465
4466
4467
4468
4469
4470
4471
4472
4473
4474
4475
4476
4477
4478
4479
4480
4481
4482
4484
4485
4486
4488
4489
4490
4491
4492
4493
4494
4495
4496
4497
4498
4499
4500
4502
4504
4506
4508
4510
4511
4513
4514
4515
4516
4517
4518
4519
4521
4522
4523
4524
4525
4526
4527
4529
4530
4532
4533
4534
4535
4536
4537
4538
4539
4542
4543
4546
4547
4548
4549
4554
4558
4559
4562
4563
4564
4565
4566
4567
4569
4571
4572
4574
4575
4576
4577
4579
4581
4582
4583
4586
4591
4592
4593
4594
4598
4599
4600
4601
4602
4603
4604
4605
4606
4608
4609
4610
4611
4612
4613
4616
4617
4619
4620
4621
4622
4623
4624
4626
4627
4628
4632
4633
4634
4635
4637
4639
4640
4641
4642
4643
4644
4645
4646
4647
4648
4649
4650
4653
4654
4655
4656
4657
4658
4660
4661
4662
4663
4664
4665
4666
4667
4668
4670
4671
4672
4674
4675
4676
4678
4680
4681
4682
4683
4687
4688
4689
4690
4691
4692
4695
4696
4697
4699
4700
4701
4703
4704
4705
4706
4707
4708
4709
4710
4711
4712
4714
4715
4716
4718
4719
4720
4721
4722
4723
4724
4726
4727
4728
4729
4730
4731
4732
4733
4734
4735
4736
4738
4739
4740
4741
4742
4743
4746
4747
4748
4749
4750
4751
4752
4753
4754
4755
4756
4758
4759
4761
4764
4765
4766
4767
4768
4769
4770
4771
4772
4775
4776
4777
4778
4779
4780
4781
4782
4783
4784
4787
4788
4789
4790
4791
4792
4793
4794
4795
4798
4799
4800
4804
4809
4810
4811
4812
4814
4815
4818
4819
4821
4823
4826
4827
4828
4829
4832
4833
4834
4836
4837
4838
4839
4840
4842
4843
4844
4845
4848
4849
4850
4851
4852
4853
4858
4859
4860
4862
4863
4864
4865
4866
4869
4870
4871
4872
4873
4875
4877
4878
4879
4882
4883
4885
4886
4888
4890
4891
4892
4894
4897
4900
4903
4904
4905
4906
4907
4909
4910
4911
4912
4914
4915
4916
4917
4918
4919
4920
4921
4922
4923
4924
4926
4927
4930
4931
4932
4934
4935
4937
4939
4941
4947
4948
4949
4950
4951
4952
4953
4954
4961
4970
4971
4974
4977
4978
4980
4982
4983
4984
4986
4987
4989
4990
4993
4994
4996
4997
4998
5000
5002
5003
5007
5008
5009
5010
5013
5016
5017
5018
5020
5021
5024
5027
5028
5029
5030
5031
5033
5036
5037
5038
5042
5043
5044
5045
5046
5047
5049
5052
5053
5054
5055
5057
5059
5060
5061
5062
5066
5067
5068
5069
5070
5072
5073
5076
5077
5078
5079
5080
5081
5083
5084
5085
5086
5088
5089
5092
5093
5094
5095
5096
5097
5098
5099
5102
5103
5105
5106
5107
5108
5109
5110
5111
5115
5119
5121
5122
5123
5127
5129
5130
5131
5132
5134
5135
5136
5137
5139
5143
5144
5148
5149
5152
5155
5156
5159
5161
5163
5164
5166
5168
5169
5170
5171
5173
5174
5175
5176
5178
5180
5181
5182
5183
5184
5186
5187
5189
5191
5192
5194
5195
5196
5197
5198
5199
5200
5201
5202
5204
5205
5206
5207
5209
5210
5212
5213
5214
5215
5216
5217
5219
5220
5221
5222
5223
5226
5227
5228
5229
5232
5234
5235
5236
5237
5240
5241
5242
5243
5244
5245
5246
5247
5248
5249
5250
5252
5253
5254
5255
5257
5259
5260
5261
5262
5264
5265
5266
5267
5268
5270
5271
5272
5273
5275
5276
5277
5279
5281
5282
5283
5284
5285
5286
5287
5289
5290
5291
5292
5293
5294
5295
5296
5297
5298
5299
5300
5301
5302
5303
5305
5306
5308
5309
5310
5311
5312
5314
5315
5316
5317
5318
5319
5322
5324
5326
5328
5329
5330
5331
5332
5333
5334
5336
5338
5339
5340
5342
5343
5344
5346
5348
5349
5351
5353
5354
5355
5356
5360
5361
5362
5364
5371
5373
5374
5377
5378
5379
5380
5381
5386
5387
5388
5389
5390
5391
5393
5395
5396
5398
5399
5400
5401
5402
5405
5407
5409
5410
5412
5413
5414
5415
5416
5417
5419
5420
5422
5423
5424
5427
5430
5431
5432
5433
5434
5436
5438
5439
5440
5441
5443
5445
5447
5449
5450
5451
5457
5458
5459
5460
5462
5463
5466
5467
5471
5473
5474
5476
5477
5478
5479
5483
5484
5485
5486
5487
5488
5489
5490
5493
5495
5496
5497
5498
5499
5501
5502
5504
5506
5508
5510
5511
5512
5513
5514
5515
5516
5519
5521
5524
5525
5526
5527
5528
5529
5530
5531
5533
5534
5538
5539
5543
5544
5545
5548
5549
5553
5554
5555
5559
5561
5562
5565
5567
5568
5569
5570
5571
5572
5573
5574
5575
5576
5577
5578
5581
5582
5583
5584
5585
5589
5591
5592
5593
5594
5595
5596
5598
5599
5600
5602
5604
5605
5606
5607
5610
5611
5612
5615
5616
5617
5618
5619
5620
5621
5622
5623
5624
5625
5626
5627
5629
5630
5635
5637
5638
5639
5640
5641
5642
5643
5644
5645
5646
5647
5648
5649
5652
5653
5655
5656
5657
5658
5660
5662
5663
5664
5665
5666
5667
5668
5669
5670
5671
5673
5674
5675
5676
5679
5680
5681
5682
5685
5686
5687
5689
5692
5693
5694
5696
5697
5698
5699
5700
5702
5703
5704
5706
5709
5710
5711
5713
5715
5716
5717
5718
5719
5720
5721
5722
5723
5725
5726
5727
5728
5729
5730
5731
5732
5733
5734
5736
5737
5740
5741
5742
5743
5745
5749
5750
5751
5753
5755
5758
5759
5760
5761
5762
5763
5764
5765
5766
5767
5768
5769
5770
5772
5774
5775
5776
5782
5783
5784
5785
5786
5787
5788
5789
5791
5794
5795
5799
5800
5802
5804
5805
5806
5807
5808
5809
5810
5811
5812
5813
5814
5815
5816
5818
5819
5820
5822
5823
5824
5828
5829
5830
5831
5832
5833
5834
5836
5838
5839
5840
5842
5843
5844
5845
5846
5848
5849
5851
5852
5853
5856
5857
5859
5861
5862
5863
5865
5866
5867
5868
5869
5870
5871
5872
5873
5874
5875
5876
5877
5878
5879
5882
5883
5886
5888
5889
5891
5893
5894
5895
5896
5897
5899
5900
5901
5903
5904
5906
5907
5908
5910
5911
5912
5914
5915
5916
5918
5919
5920
5921
5922
5924
5926
5927
5928
5931
5932
5933
5935
5936
5937
5938
5939
5941
5945
5946
5947
5948
5949
5950
5951
5952
5954
5955
5956
5961
5962
5963
5965
5966
5967
5968
5971
5972
5973
5975
5976
5977
5979
5980
5982
5984
5985
5986
5989
5990
5991
5993
5994
5999
6002
6004
6005
6006
6009
6010
6013
6014
6015
6017
6018
6021
6024
6028
6034
6036
6037
6043
6046
6047
6048
6050
6051
6052
6054
6057
6060
6063
6065
6066
6068
6070
6072
6074
6075
6077
6078
6079
6080
6081
6083
6084
6085
6086
6089
6090
6092
6098
6099
6100
6101
6102
6103
6104
6105
6106
6108
6109
6110
6111
6113
6114
6115
6116
6120
6123
6124
6125
6127
6128
6129
6130
6131
6132
6133
6136
6139
6140
6141
6142
6144
6146
6147
6149
6151
6155
6157
6158
6160
6163
6164
6165
6166
6167
6168
6169
6170
6171
6172
6173
6174
6178
6180
6181
6182
6183
6184
6185
6187
6188
6190
6191
6192
6197
6199
6201
6202
6204
6205
6207
6208
6209
6210
6211
6213
6215
6218
6219
6221
6222
6223
6224
6225
6227
6228
6229
6230
6231
6232
6233
6235
6237
6239
6241
6245
6246
6247
6249
6251
6254
6255
6258
6259
6260
6261
6263
6265
6267
6269
6270
6271
6273
6274
6275
6277
6278
6279
6280
6282
6283
6284
6285
6287
6288
6292
6294
6295
6296
6297
6298
6299
6303
6304
6305
6306
6308
6309
6310
6311
6312
6313
6314
6315
6316
6317
6318
6320
6321
6322
6323
6327
6329
6330
6332
6333
6334
6335
6336
6338
6339
6340
6341
6343
6344
6352
6353
6354
6356
6357
6360
6361
6363
6364
6365
6366
6367
6368
6369
6370
6371
6372
6373
6374
6375
6376
6380
6381
6382
6383
6384
6385
6386
6387
6389
6390
6391
6392
6393
6394
6395
6399
6400
6401
6402
6403
6404
6405
6406
6407
6408
6409
6413
6415
6416
6417
6418
6419
6420
6421
6422
6423
6425
6427
6428
6429
6430
6431
6433
6434
6435
6437
6440
6441
6443
6446
6448
6449
6450
6452
6453
6454
6455
6456
6457
6458
6459
6462
6463
6464
6465
6468
6470
6471
6472
6477
6478
6485
6486
6489
6494
6495
6496
6499
6500
6501
6502
6505
6506
6507
6509
6511
6512
6513
6514
6516
6518
6519
6521
6522
6524
6527
6528
6529
6530
6531
6534
6535
6537
6538
6541
6542
6547
6549
6550
6551
6556
6559
6561
6562
6563
6566
6567
6568
6569
6571
6572
6574
6575
6576
6578
6579
6581
6582
6583
6584
6585
6587
6588
6590
6592
6593
6594
6595
6597
6598
6600
6602
6607
6609
6610
6611
6614
6615
6617
6618
6619
6620
6621
6623
6626
6629
6630
6631
6632
6638
6640
6641
6643
6648
6649
6650
6651
6652
6653
6655
6659
6660
6663
6664
6665
6667
6668
6671
6672
6673
6674
6675
6676
6677
6678
6679
6680
6681
6682
6683
6684
6688
6691
6692
6693
6694
6696
6698
6699
6700
6701
6702
6704
6705
6707
6708
6709
6710
6711
6712
6714
6715
6716
6717
6718
6719
6720
6721
6722
6723
6724
6725
6726
6727
6729
6730
6731
6732
6733
6735
6736
6737
6738
6739
6740
6742
6743
6744
6748
6752
6753
6754
6755
6757
6758
6759
6761
6762
6764
6765
6766
6767
6769
6770
6771
6772
6773
6774
6775
6777
6778
6780
6781
6782
6783
6784
6785
6787
6790
6791
6792
6793
6794
6795
6796
6797
6798
6799
6801
6802
6803
6806
6809
6810
6811
6812
6813
6815
6817
6818
6819
6821
6822
6824
6825
6827
6828
6830
6832
6836
6837
6840
6841
6842
6843
6844
6845
6846
6848
6849
6851
6853
6854
6857
6858
6859
6860
6861
6862
6863
6865
6867
6868
6869
6870
6871
6872
6873
6875
6876
6880
6882
6883
6887
6889
6891
6893
6895
6896
6897
6898
6899
6900
6902
6903
6904
6906
6908
6909
6910
6912
6913
6914
6915
6917
6919
6920
6922
6926
6927
6928
6929
6931
6932
6935
6937
6938
6940
6941
6942
6943
6944
6945
6947
6948
6950
6951
6952
6953
6955
6956
6957
6958
6959
6960
6962
6965
6966
6967
6968
6969
6970
6971
6972
6975
6976
6977
6978
6980
6981
6982
6983
6985
6986
6987
6988
6989
6990
6991
6992
6993
6994
6995
6996
6997
6998
6999
7000
7001
7002
7003
7004
7005
7006
7007
7008
7011
7012
7013
7014
7017
7018
7020
7021
7022
7023
7024
7026
7028
7029
7030
7031
7032
7033
7034
7037
7038
7039
7041
7042
7043
7044
7045
7046
7047
7048
7049
7050
7051
7052
7055
7056
7058
7060
7062
7063
7064
7065
7066
7067
7068
7069
7071
7073
7074
7075
7076
7077
7078
7083
7084
7086
7088
7090
7092
7093
7094
7095
7096
7098
7100
7101
7102
7103
7104
7105
7106
7108
7109
7110
7111
7113
7114
7115
7116
7117
7119
7121
7123
7124
7125
7126
7128
7130
7131
7132
7133
7134
7135
7136
7138
7139
7142
7143
7144
7146
7147
7148
7149
7151
7153
7154
7155
7156
7158
7160
7161
7162
7164
7165
7169
7170
7172
7174
7176
7177
7178
7181
7183
7188
7189
7190
7192
7193
7194
7197
7198
7200
7201
7204
7205
7207
7208
7209
7210
7211
7213
7214
7215
7216
7218
7219
7220
7223
7224
7225
7226
7227
7231
7232
7233
7234
7235
7236
7237
7238
7239
7240
7241
7242
7243
7244
7245
7246
7247
7248
7250
7253
7254
7255
7256
7258
7260
7261
7262
7264
7266
7267
7268
7269
7270
7271
7272
7274
7276
7277
7278
7279
7281
7283
7284
7285
7286
7287
7288
7289
7290
7291
7292
7293
7297
7299
7300
7302
7306
7307
7309
7312
7313
7314
7315
7316
7317
7318
7319
7320
7321
7322
7323
7324
7326
7327
7328
7329
7330
7332
7333
7334
7335
7336
7337
7339
7341
7342
7343
7345
7349
7351
7352
7353
7354
7357
7358
7359
7360
7363
7364
7365
7368
7369
7370
7375
7376
7377
7379
7380
7381
7382
7383
7384
7385
7386
7387
7388
7389
7391
7392
7393
7394
7395
7397
7398
7399
7400
7401
7402
7403
7404
7405
7407
7408
7409
7410
7411
7412
7413
7414
7415
7416
7417
7418
7419
7420
7422
7424
7427
7429
7430
7431
7432
7435
7436
7437
7438
7439
7440
7442
7443
7444
7445
7447
7448
7449
7451
7452
7453
7454
7455
7456
7458
7459
7460
7461
7462
7463
7464
7465
7467
7468
7470
7471
7472
7474
7475
7476
7478
7479
7480
7481
7482
7483
7484
7485
7486
7488
7489
7490
7492
7493
7494
7496
7497
7498
7500
7501
7503
7504
7506
7507
7508
7509
7510
7511
7512
7513
7514
7515
7517
7518
7520
7522
7523
7524
7525
7526
7529
7530
7531
7532
7533
7534
7537
7538
7539
7540
7541
7542
7543
7544
7545
7547
7548
7550
7551
7553
7554
7555
7557
7559
7560
7561
7562
7563
7564
7565
7566
7567
7568
7569
7571
7572
7573
7574
7575
7576
7577
7578
7579
7581
7582
7584
7585
7586
7587
7588
7590
7591
7592
7593
7596
7599
7601
7602
7603
7604
7605
7606
7607
7610
7612
7614
7615
7616
7617
7618
7620
7621
7622
7623
7624
7627
7628
7629
7630
7631
7633
7635
7636
7637
7638
7639
7640
7641
7642
7644
7645
7648
7650
7651
7652
7654
7656
7657
7658
7659
7660
7661
7662
7664
7665
7666
7667
7668
7669
7670
7671
7674
7675
7677
7679
7680
7681
7682
7683
7684
7685
7686
7687
7688
7689
7690
7691
7692
7693
7695
7696
7697
7698
7699
7700
7701
7702
7704
7705
7706
7707
7708
7709
7710
7712
7713
7715
7716
7717
7718
7719
7720
7721
7722
7723
7725
7729
7732
7734
7737
7738
7739
7741
7742
7743
7744
7746
7748
7749
7752
7753
7754
7755
7758
7760
7761
7763
7765
7766
7767
7768
7769
7770
7771
7773
7775
7777
7778
7779
7780
7781
7782
7783
7784
7785
7786
7787
7789
7790
7792
7793
7794
7795
7796
7797
7798
7799
7801
7802
7803
7804
7805
7807
7808
7809
7810
7812
7814
7816
7817
7819
7821
7822
7823
7824
7827
7828
7831
7832
7833
7834
7836
7837
7838
7839
7840
7841
7842
7843
7844
7845
7846
7850
7852
7853
7854
7857
7859
7860
7861
7862
7863
7864
7865
7866
7867
7868
7869
7870
7871
7872
7873
7874
7875
7878
7879
7880
7881
7882
7884
7886
7887
7890
7891
7892
7893
7894
7895
7896
7898
7899
7902
7905
7906
7907
7909
7910
7911
7912
7913
7914
7915
7916
7917
7918
7919
7920
7921
7923
7924
7925
7927
7930
7931
7932
7933
7934
7936
7937
7938
7939
7940
7941
7942
7943
7944
7945
7946
7947
7948
7950
7951
7952
7955
7956
7957
7958
7959
7963
7964
7965
7966
7967
7969
7970
7974
7975
7978
7979
7980
7981
7982
7983
7984
7985
7986
7987
7988
7989
7990
7991
7992
7994
7995
7996
7997
7998
8000
8001
8003
8005
8007
8008
8011
8012
8013
8014
8015
8017
8018
8019
8020
8022
8025
8026
8027
8029
8030
8031
8032
8033
8034
8036
8037
8038
8040
8041
8042
8043
8044
8045
8046
8047
8049
8050
8052
8053
8054
8057
8058
8060
8061
8062
8063
8064
8066
8067
8069
8071
8072
8075
8076
8078
8079
8085
8088
8089
8090
8091
8092
8093
8096
8098
8100
8101
8102
8103
8104
8106
8107
8109
8111
8113
8115
8117
8119
8120
8121
8122
8123
8124
8125
8126
8129
8131
8133
8135
8137
8138
8140
8141
8142
8143
8144
8145
8146
8147
8151
8152
8153
8154
8156
8157
8158
8160
8161
8162
8163
8164
8165
8166
8167
8169
8170
8172
8173
8176
8177
8178
8179
8182
8184
8186
8187
8188
8189
8190
8191
8192
8193
8194
8197
8198
8199
8200
8202
8204
8208
8210
8211
8212
8213
8215
8216
8219
8220
8221
8222
8224
8225
8226
8227
8229
8232
8234
8235
8236
8237
8238
8240
8242
8243
8245
8246
8247
8248
8249
8251
8252
8253
8256
8259
8260
8261
8262
8263
8264
8265
8266
8267
8268
8271
8272
8273
8274
8278
8280
8281
8282
8283
8284
8286
8287
8288
8289
8290
8291
8292
8293
8294
8296
8297
8298
8299
8300
8301
8302
8303
8304
8307
8308
8309
8310
8311
8312
8313
8314
8315
8316
8317
8319
8321
8322
8323
8325
8327
8328
8329
8330
8331
8332
8334
8335
8336
8337
8343
8345
8346
8347
8348
8349
8353
8354
8355
8356
8357
8358
8359
8360
8361
8362
8363
8364
8366
8367
8368
8370
8371
8372
8373
8374
8375
8376
8377
8378
8379
8380
8381
8383
8384
8385
8386
8388
8389
8391
8393
8394
8395
8396
8397
8398
8399
8400
8401
8402
8403
8404
8406
8407
8408
8409
8410
8413
8414
8415
8416
8417
8418
8419
8420
8421
8424
8425
8427
8428
8430
8431
8432
8433
8435
8436
8438
8439
8440
8442
8443
8444
8445
8446
8448
8449
8450
8452
8453
8454
8456
8457
8459
8460
8461
8465
8467
8468
8469
8471
8474
8476
8477
8478
8479
8481
8482
8483
8484
8487
8488
8490
8491
8492
8494
8495
8496
8498
8499
8500
8501
8502
8503
8504
8505
8507
8510
8511
8512
8513
8515
8517
8519
8520
8521
8522
8524
8525
8526
8529
8530
8531
8532
8534
8535
8537
8538
8539
8540
8541
8544
8545
8546
8547
8548
8549
8550
8552
8554
8555
8557
8558
8559
8560
8561
8562
8564
8566
8567
8568
8569
8570
8573
8574
8576
8577
8579
8581
8582
8583
8584
8585
8586
8588
8589
8590
8592
8593
8594
8597
8598
8599
8600
8601
8603
8604
8605
8606
8607
8608
8609
8610
8611
8612
8613
8614
8615
8616
8617
8620
8621
8624
8625
8628
8629
8631
8632
8633
8635
8637
8638
8639
8640
8641
8644
8645
8646
8647
8650
8651
8652
8653
8654
8656
8657
8661
8662
8664
8665
8668
8669
8671
8673
8674
8675
8677
8678
8679
8680
8681
8682
8683
8684
8685
8689
8690
8692
8693
8695
8696
8698
8699
8701
8703
8705
8706
8707
8708
8709
8713
8714
8716
8717
8718
8719
8720
8721
8722
8723
8724
8725
8728
8729
8730
8732
8733
8735
8736
8737
8738
8739
8741
8742
8745
8746
8747
8748
8749
8750
8751
8752
8754
8755
8758
8761
8762
8763
8764
8765
8766
8767
8768
8769
8770
8772
8773
8774
8775
8778
8779
8780
8781
8784
8785
8787
8790
8791
8792
8793
8794
8795
8796
8797
8798
8799
8800
8801
8802
8803
8805
8806
8807
8808
8809
8810
8811
8813
8814
8815
8816
8817
8818
8819
8820
8821
8822
8823
8824
8825
8826
8828
8829
8830
8831
8832
8833
8834
8835
8836
8837
8839
8841
8842
8843
8844
8845
8846
8847
8848
8850
8851
8852
8853
8854
8855
8856
8857
8858
8859
8861
8862
8864
8865
8866
8868
8869
8872
8873
8874
8876
8877
8878
8880
8881
8882
8883
8884
8885
8886
8887
8889
8890
8891
8892
8893
8894
8896
8898
8899
8901
8902
8903
8904
8905
8906
8907
8908
8909
8910
8911
8912
8914
8915
8916
8917
8918
8919
8920
8921
8924
8925
8926
8927
8928
8929
8930
8932
8933
8934
8935
8936
8937
8941
8942
8943
8944
8946
8947
8948
8949
8950
8951
8952
8954
8957
8958
8959
8962
8963
8964
8965
8967
8968
8969
8970
8971
8972
8973
8974
8975
8976
8977
8979
8980
8982
8983
8984
8985
8987
8988
8989
8990
8991
8992
8993
8994
8995
8996
8997
8999
9001
9002
9003
9004
9005
9006
9008
9013
9014
9015
9017
9019
9021
9023
9024
9025
9026
9027
9028
9029
9030
9031
9033
9035
9036
9037
9038
9039
9040
9041
9042
9043
9044
9045
9046
9047
9048
9049
9050
9052
9053
9056
9057
9058
9060
9063
9064
9065
9066
9067
9068
9069
9071
9072
9073
9074
9075
9076
9078
9079
9085
9086
9087
9088
9092
9093
9094
9095
9097
9098
9102
9103
9104
9105
9113
9114
9116
9117
9120
9121
9122
9123
9124
9125
9126
9127
9128
9129
9130
9131
9132
9133
9134
9135
9136
9137
9139
9140
9141
9142
9143
9145
9146
9147
9148
9149
9154
9155
9156
9157
9158
9159
9161
9162
9163
9164
9165
9166
9167
9168
9169
9170
9171
9172
9173
9175
9176
9179
9182
9183
9184
9185
9186
9187
9188
9189
9190
9192
9194
9195
9196
9197
9198
9200
9201
9202
9203
9204
9205
9207
9208
9209
9210
9211
9212
9214
9215
9217
9218
9219
9220
9221
9222
9223
9225
9226
9228
9229
9230
9233
9234
9235
9236
9238
9239
9241
9242
9243
9244
9245
9247
9248
9249
9250
9251
9252
9253
9254
9255
9256
9257
9258
9259
9260
9261
9262
9264
9265
9266
9267
9270
9271
9272
9273
9274
9275
9276
9277
9279
9280
9281
9282
9283
9284
9285
9287
9288
9289
9291
9294
9295
9296
9297
9298
9299
9300
9301
9302
9303
9304
9305
9306
9307
9308
9309
9310
9311
9312
9313
9314
9315
9316
9317
9319
9320
9321
9322
9323
9324
9327
9328
9329
9332
9333
9334
9335
9336
9337
9338
9339
9340
9342
9344
9345
9346
9347
9348
9349
9350
9351
9355
9356
9357
9358
9359
9360
9361
9362
9363
9364
9365
9366
9369
9371
9372
9374
9375
9376
9377
9378
9379
9381
9382
9383
9385
9386
9387
9388
9389
9390
9391
9392
9395
9396
9397
9398
9400
9402
9403
9404
9405
9407
9408
9410
9411
9412
9413
9414
9415
9416
9417
9419
9424
9425
9426
9427
9428
9431
9432
9436
9437
9438
9439
9440
9443
9445
9446
9447
9449
9450
9455
9457
9458
9459
9460
9461
9462
9463
9464
9467
9468
9469
9470
9471
9472
9473
9474
9475
9476
9477
9478
9479
9480
9481
9482
9483
9484
9485
9486
9488
9490
9491
9493
9495
9496
9497
9498
9499
9500
9501
9502
9503
9504
9506
9508
9509
9510
9511
9515
9518
9520
9521
9522
9523
9524
9525
9527
9529
9532
9533
9534
9535
9536
9537
9538
9540
9543
9544
9545
9546
9547
9548
9550
9551
9552
9554
9555
9556
9557
9559
9560
9561
9562
9563
9565
9567
9569
9573
9574
9575
9578
9580
9581
9583
9584
9586
9588
9589
9590
9592
9594
9598
9599
9600
9602
9603
9604
9606
9607
9608
9610
9611
9612
9613
9614
9616
9617
9618
9619
9620
9621
9622
9623
9624
9625
9626
9628
9629
9630
9632
9633
9634
9637
9638
9639
9640
9642
9643
9644
9645
9649
9650
9652
9653
9654
9656
9658
9659
9662
9663
9664
9665
9666
9667
9668
9670
9671
9673
9674
9675
9676
9677
9678
9680
9681
9682
9683
9684
9685
9686
9687
9688
9689
9690
9691
9693
9694
9695
9696
9697
9698
9699
9700
9701
9702
9703
9704
9706
9707
9708
9709
9710
9712
9713
9714
9715
9716
9717
9718
9719
9720
9722
9723
9724
9725
9727
9728
9729
9730
9732
9733
9734
9735
9736
9737
9738
9739
9742
9744
9746
9747
9748
9750
9751
9754
9755
9756
9757
9759
9760
9761
9762
9763
9765
9766
9769
9771
9772
9773
9774
9775
9777
9778
9779
9780
9781
9782
9783
9785
9787
9788
9789
9790
9792
9793
9794
9795
9797
9798
9799
9800
9801
9802
9803
9804
9805
9807
9808
9809
9810
9811
9812
9813
9814
9818
9819
9820
9821
9823
9824
9825
9826
9827
9829
9830
9831
9833
9834
9836
9837
9838
9839
9840
9841
9842
9843
9846
9847
9848
9850
9851
9853
9855
9856
9857
9859
9860
9862
9863
9865
9867
9869
9873
9875
9876
9877
9878
9879
9880
9881
9886
9887
9889
9891
9893
9894
9895
9896
9897
9898
9899
9900
9901
9902
9903
9904
9905
9906
9907
9909
9911
9912
9913
9914
9915
9916
9918
9921
9922
9923
9924
9925
9928
9929
9930
9931
9932
9933
9934
9935
9937
9939
9940
9941
9942
9943
9944
9945
9946
9947
9948
9949
9950
9951
9953
9954
9956
9957
9961
9962
9963
9964
9965
9967
9968
9969
9970
9971
9972
9973
9975
9976
9978
9979
9981
9982
9984
9988
9989
9991
9992
9994
9995
9997
10000
10001
10002
10003
10005
10006
10007
10008
10009
10010
10011
10012
10013
10014
10015
10018
10019
10020
10021
10022
10024
10025
10026
10027
10028
10031
10032
10033
10034
10035
10036
10037
10038
10039
10040
10042
10043
10044
10045
10046
10047
10050
10052
10053
10054
10055
10056
10057
10058
10059
10060
10061
10062
10063
10064
10065
10066
10067
10068
10069
10071
10072
10073
10074
10075
10076
10077
10078
10079
10080
10081
10083
10084
10085
10086
10087
10088
10089
10090
10091
10092
10093
10094
10095
10096
10097
10098
10099
10100
10101
10102
10103
10104
10106
10108
10110
10113
10114
10115
10116
10117
10118
10119
10121
10122
10123
10124
10125
10126
10129
10131
10132
10134
10135
10136
10137
10140
10142
10143
10144
10145
10147
10148
10149
10150
10151
10152
10153
10154
10155
10156
10157
10158
10159
10160
10161
10162
10163
10164
10165
10166
10167
10168
10169
10170
10171
10173
10174
10175
10176
10177
10178
10180
10181
10182
10185
10187
10188
10191
10192
10193
10194
10195
10197
10198
10199
10202
10203
10205
10206
10207
10208
10209
10210
10211
10212
10213
10214
10215
10216
10218
10219
10220
10221
10222
10223
10224
10225
10226
10227
10228
10229
10230
10231
10232
10235
10236
10237
10238
10241
10242
10244
10246
10249
10250
10252
10253
10254
10256
10258
10259
10261
10262
10263
10265
10266
10267
10268
10269
10270
10272
10273
10275
10276
10279
10280
10281
10282
10283
10285
10287
10289
10290
10291
10295
10296
10297
10298
10299
10300
10301
10302
10304
10305
10307
10308
10309
10310
10311
10312
10314
10315
10316
10317
10318
10319
10320
10321
10322
10323
10324
10325
10326
10328
10329
10330
10331
10332
10334
10335
10339
10341
10343
10344
10346
10347
10348
10349
10350
10351
10352
10353
10354
10355
10356
10357
10358
10359
10360
10361
10362
10364
10365
10366
10367
10368
10369
10373
10374
10376
10377
10378
10381
10382
10384
10386
10387
10393
10396
10397
10398
10399
10401
10402
10403
10404
10405
10408
10409
10410
10411
10412
10413
10414
10415
10416
10417
10418
10419
10421
10422
10423
10424
10425
10426
10427
10429
10430
10431
10432
10433
10434
10435
10436
10438
10440
10441
10442
10443
10444
10445
10446
10447
10448
10449
10451
10452
10453
10454
10455
10456
10458
10459
10461
10463
10464
10465
10466
10467
10468
10470
10471
10473
10474
10475
10476
10477
10478
10479
10480
10481
10482
10483
10485
10486
10487
10488
10490
10491
10492
10493
10494
10495
10496
10498
10499
10500
10501
10503
10504
10505
10506
10507
10508
10509
10510
10511
10512
10513
10515
10517
10518
10519
10521
10522
10523
10525
10526
10529
10531
10532
10533
10534
10535
10538
10540
10541
10542
10544
10545
10546
10547
10548
10549
10550
10551
10552
10553
10554
10555
10556
10558
10559
10560
10561
10562
10563
10564
10565
10568
10569
10570
10571
10572
10573
10574
10575
10576
10577
10578
10579
10580
10581
10582
10584
10585
10586
10587
10588
10589
10591
10592
10594
10595
10596
10597
10598
10599
10600
10601
10602
10603
10605
10606
10607
10608
10609
10610
10611
10612
10613
10614
10616
10617
10618
10619
10620
10622
10623
10624
10625
10627
10628
10629
10630
10631
10633
10634
10635
10637
10638
10640
10643
10644
10645
10646
10647
10648
10649
10651
10652
10653
10654
10655
10656
10659
10660
10662
10667
10668
10669
10670
10671
10673
10674
10675
10676
10677
10678
10681
10682
10683
10684
10688
10689
10693
10694
10696
10698
10699
10700
10702
10703
10704
10705
10706
10708
10709
10710
10711
10713
10714
10717
10718
10719
10720
10721
10722
10726
10727
10728
10729
10730
10731
10732
10733
10734
10736
10737
10738
10739
10740
10742
10745
10746
10748
10749
10750
10751
10752
10753
10754
10755
10757
10758
10759
10761
10762
10763
10765
10766
10767
10768
10770
10771
10772
10773
10775
10776
10777
10778
10779
10780
10781
10782
10783
10784
10785
10788
10789
10790
10791
10792
10793
10794
10796
10797
10798
10799
10800
10801
10802
10803
10804
10805
10806
10807
10808
10809
10810
10811
10812
10813
10815
10816
10817
10819
10820
10821
10822
10823
10824
10826
10827
10828
10829
10831
10832
10834
10835
10836
10838
10839
10840
10841
10842
10843
10844
10845
10847
10848
10849
10850
10851
10853
10854
10855
10856
10857
10859
10860
10862
10866
10867
10868
10869
10871
10872
10873
10874
10875
10876
10877
10878
10880
10881
10883
10884
10885
10886
10888
10889
10890
10891
10892
10893
10894
10895
10896
10897
10898
10899
10902
10903
10904
10905
10906
10907
10909
10910
10913
10914
10915
10916
10917
10919
10920
10921
10922
10923
10924
10925
10926
10928
10930
10931
10932
10933
10934
10935
10936
10938
10939
10940
10941
10942
10943
10944
10945
10946
10947
10948
10949
10950
10951
10952
10953
10954
10955
10956
10957
10958
10959
10960
10961
10962
10963
10964
10965
10967
10968
10971
10972
10973
10974
10975
10977
10980
10985
10986
10987
10989
10990
10991
10992
10993
10994
10995
10996
10998
10999
11000
11001
11002
11003
11005
11006
11007
11008
11009
11011
11013
11014
11015
11016
11017
11019
11020
11021
11022
11023
11024
11025
11028
11030
11032
11033
11034
11036
11037
11038
11039
11040
11041
11043
11046
11049
11050
11051
11052
11053
11057
11058
11060
11061
11064
11066
11067
11069
11070
11072
11073
11074
11075
11076
11078
11079
11081
11082
11083
11084
11085
11086
11087
11088
11089
11090
11091
11092
11093
11094
11097
11098
11100
11101
11103
11104
11105
11106
11107
11111
11113
11114
11115
11117
11118
11119
11120
11121
11124
11126
11129
11130
11131
11132
11133
11134
11136
11137
11138
11141
11142
11143
11144
11145
11146
11147
11149
11150
11152
11153
11154
11155
11156
11157
11158
11159
11160
11161
11162
11163
11165
11166
11167
11168
11169
11170
11171
11172
11173
11174
11175
11176
11177
11178
11179
11181
11185
11186
11187
11188
11191
11192
11193
11194
11195
11196
11197
11198
11199
11200
11201
11202
11203
11204
11205
11206
11207
11209
11210
11211
11212
11213
11214
11215
11217
11218
11219
11220
11221
11222
11223
11224
11225
11226
11227
11228
11229
11230
11231
11232
11233
11234
11236
11238
11240
11241
11242
11243
11244
11245
11246
11247
11248
11249
11250
11251
11252
11253
11254
11255
11256
11257
11258
11259
11260
11261
11262
11263
11264
11265
11266
11267
11268
11269
11272
11273
11276
11277
11278
11279
11280
11284
11285
11287
11288
11289
11290
11291
11293
11294
11296
11297
11298
11299
11300
11301
11302
11303
11304
11305
11306
11307
11308
11309
11310
11311
11312
11313
11314
11315
11316
11317
11318
11319
11320
11321
11322
11323
11324
11325
11326
11327
11328
11329
11330
11331
11332
11333
11334
11335
11336
11337
11338
11339
11340
11341
11342
11343
11344
11345
11346
11348
11349
11350
11352
11353
11354
11355
11356
11357
11358
11359
11360
11361
11362
11363
11364
11365
11366
11368
11369
11371
11372
11373
11374
11375
11376
11377
11378
11379
11381
11383
11384
11385
11386
11387
11390
11391
11392
11394
11395
11397
11398
11401
11402
11403
11405
11407
11409
11411
11412
11415
11417
11418
11420
11421
11422
11423
11424
11425
11427
11429
11430
11431
11432
11433
11437
11438
11439
11440
11444
11445
11446
