0.000000000000000000e+00 4.913270798120342731e-01
1.000000000000000000e+02 4.258125618429238202e-01
2.000000000000000000e+02 5.029909850224052459e-01
3.000000000000000000e+02 6.384377099191400617e-01
4.000000000000000000e+02 6.895389168049571582e-01
5.000000000000000000e+02 7.623854495277863075e-01
6.000000000000000000e+02 7.875932052212673007e-01
7.000000000000000000e+02 7.788981928604610250e-01
8.000000000000000000e+02 8.042809630709144564e-01
9.000000000000000000e+02 8.274196543089485933e-01
1.000000000000000000e+03 8.344325017404459199e-01
1.100000000000000000e+03 8.366324573037269285e-01
1.200000000000000000e+03 8.296376012639961051e-01
1.300000000000000000e+03 8.424447355670292570e-01
1.400000000000000000e+03 8.494569376828878804e-01
1.500000000000000000e+03 8.593587250864306304e-01
1.600000000000000000e+03 8.471485570794426989e-01
1.700000000000000000e+03 8.760475294512026778e-01
1.800000000000000000e+03 8.738652489343150531e-01
1.900000000000000000e+03 8.561882626677312924e-01
2.000000000000000000e+03 8.762993548105766362e-01
2.100000000000000000e+03 8.863103923146113949e-01
2.200000000000000000e+03 8.730942336162895723e-01
2.300000000000000000e+03 8.828604013528305039e-01
2.400000000000000000e+03 8.834000288450607474e-01
2.500000000000000000e+03 8.814006534599772014e-01
2.600000000000000000e+03 8.964058870767590559e-01
2.700000000000000000e+03 9.011330570952755803e-01
2.800000000000000000e+03 8.988427041859676780e-01
2.900000000000000000e+03 8.871595901594142575e-01
3.000000000000000000e+03 8.776507053206522579e-01
3.100000000000000000e+03 9.026833486956058472e-01
3.200000000000000000e+03 9.145559804988072639e-01
3.300000000000000000e+03 8.940566450976354940e-01
3.400000000000000000e+03 9.010334538121794745e-01
3.500000000000000000e+03 8.976362765192389404e-01
3.600000000000000000e+03 9.059204476653612836e-01
3.700000000000000000e+03 8.975914159155418126e-01
3.800000000000000000e+03 8.978602977621434889e-01
3.900000000000000000e+03 9.242129459927569402e-01
4.000000000000000000e+03 8.961328866632050083e-01
4.100000000000000000e+03 8.972391283464735690e-01
4.200000000000000000e+03 9.005021790969823803e-01
4.300000000000000000e+03 9.135684115911325565e-01
4.400000000000000000e+03 9.090294085088328480e-01
4.500000000000000000e+03 8.946998001966930403e-01
4.600000000000000000e+03 9.024976031058278281e-01
4.700000000000000000e+03 8.945446231394527103e-01
4.800000000000000000e+03 9.119194013593894255e-01
4.900000000000000000e+03 8.974265736961226647e-01
5.000000000000000000e+03 8.997051762853710555e-01
5.100000000000000000e+03 9.250719886259595182e-01
5.200000000000000000e+03 9.120984991748612991e-01
5.300000000000000000e+03 9.046182079515272534e-01
5.400000000000000000e+03 8.994433932277590138e-01
5.500000000000000000e+03 9.149947424748746672e-01
5.600000000000000000e+03 9.088564203826168253e-01
5.700000000000000000e+03 9.167686515999940999e-01
5.800000000000000000e+03 9.130249634040374929e-01
5.900000000000000000e+03 9.055090535486491898e-01
6.000000000000000000e+03 9.075008871670884325e-01
6.100000000000000000e+03 9.135771745758740625e-01
6.200000000000000000e+03 9.132299491896277432e-01
6.300000000000000000e+03 8.996422506876708969e-01
6.400000000000000000e+03 9.117045203780100859e-01
6.500000000000000000e+03 9.040506239572920766e-01
6.600000000000000000e+03 9.011071758435815759e-01
6.700000000000000000e+03 9.167259006072679961e-01
6.800000000000000000e+03 9.090488968264974767e-01
6.900000000000000000e+03 9.199106350383517983e-01
7.000000000000000000e+03 9.092906383844228113e-01
7.100000000000000000e+03 9.032856394201247419e-01
7.200000000000000000e+03 9.134896789304842724e-01
7.300000000000000000e+03 9.194680556744507793e-01
7.400000000000000000e+03 9.127496731393094365e-01
7.500000000000000000e+03 9.094642892178240734e-01
7.600000000000000000e+03 9.090572802347705039e-01
7.700000000000000000e+03 9.184421736269849923e-01
7.800000000000000000e+03 9.104976472160695167e-01
7.900000000000000000e+03 9.080738813563978828e-01
8.000000000000000000e+03 9.062075970632494926e-01
8.100000000000000000e+03 9.023797053341715557e-01
8.200000000000000000e+03 9.116222603489811949e-01
8.300000000000000000e+03 9.184105421880716102e-01
8.400000000000000000e+03 9.129609609499712564e-01
8.500000000000000000e+03 9.148847617891864292e-01
8.600000000000000000e+03 9.169637387921178995e-01
8.700000000000000000e+03 9.205243720693274678e-01
8.800000000000000000e+03 9.226624164651567872e-01
8.900000000000000000e+03 9.241047348913892234e-01
9.000000000000000000e+03 9.118091796036128516e-01
9.100000000000000000e+03 9.100599017936485957e-01
9.200000000000000000e+03 9.077912479821670377e-01
9.300000000000000000e+03 9.192882409752671791e-01
9.400000000000000000e+03 9.146953825384287473e-01
9.500000000000000000e+03 9.181763208968010126e-01
9.600000000000000000e+03 9.319308028334853944e-01
9.700000000000000000e+03 9.023830266645110898e-01
9.800000000000000000e+03 9.194839807944341636e-01
9.900000000000000000e+03 9.075293358856261206e-01
1.000000000000000000e+04 9.158973280470251721e-01
1.010000000000000000e+04 9.065992887103453413e-01
1.020000000000000000e+04 9.194177077804509546e-01
1.030000000000000000e+04 9.257784132030831836e-01
1.040000000000000000e+04 9.088363307219333720e-01
1.050000000000000000e+04 9.260157215221440641e-01
1.060000000000000000e+04 9.130382224312711958e-01
1.070000000000000000e+04 9.138588196899919414e-01
1.080000000000000000e+04 9.168949947167638337e-01
1.090000000000000000e+04 9.244699587032494392e-01
1.100000000000000000e+04 9.106333995431914463e-01
1.110000000000000000e+04 9.036265047297294961e-01
1.120000000000000000e+04 9.166434140621111393e-01
1.130000000000000000e+04 9.141020639021075755e-01
1.140000000000000000e+04 9.111546840974371619e-01
1.150000000000000000e+04 9.239503653528506888e-01
1.160000000000000000e+04 9.251041603062619689e-01
1.170000000000000000e+04 9.091780232377522086e-01
1.180000000000000000e+04 8.991477418380059428e-01
1.190000000000000000e+04 8.977769197140781365e-01
1.200000000000000000e+04 9.185911498456112989e-01
1.210000000000000000e+04 9.269517862514424777e-01
1.220000000000000000e+04 9.057424455360185700e-01
1.230000000000000000e+04 9.156092453536706088e-01
1.240000000000000000e+04 9.312720146320618841e-01
1.250000000000000000e+04 9.203002613164955603e-01
1.260000000000000000e+04 8.937094014111850449e-01
1.270000000000000000e+04 9.155881288429286169e-01
1.280000000000000000e+04 9.174612145889532444e-01
1.290000000000000000e+04 9.235874303896446369e-01
1.300000000000000000e+04 9.142277920356551846e-01
1.310000000000000000e+04 8.927271211178144927e-01
1.320000000000000000e+04 9.098891070466572639e-01
1.330000000000000000e+04 9.211832173142583402e-01
1.340000000000000000e+04 9.120192057507545691e-01
1.350000000000000000e+04 9.145737803447369085e-01
1.360000000000000000e+04 9.094641591303396222e-01
1.370000000000000000e+04 9.077785557134004923e-01
1.380000000000000000e+04 9.238019677656050810e-01
1.390000000000000000e+04 9.140528310283988489e-01
1.400000000000000000e+04 9.059997312393234248e-01
1.410000000000000000e+04 9.146732616107944303e-01
1.420000000000000000e+04 9.251460968191456136e-01
1.430000000000000000e+04 9.207910302992476925e-01
1.440000000000000000e+04 9.000135358806539143e-01
1.450000000000000000e+04 9.047411904588622544e-01
1.460000000000000000e+04 9.108255549150550134e-01
1.470000000000000000e+04 9.123464025198244620e-01
1.480000000000000000e+04 9.070079995957222030e-01
1.490000000000000000e+04 8.947313704942810864e-01
1.500000000000000000e+04 9.076733420039250211e-01
1.510000000000000000e+04 9.254405216380491295e-01
1.520000000000000000e+04 9.240167349134948971e-01
1.530000000000000000e+04 9.204211756712554759e-01
1.540000000000000000e+04 9.119506063408083785e-01
1.550000000000000000e+04 9.077251386709452863e-01
1.560000000000000000e+04 9.156955340639270080e-01
1.570000000000000000e+04 9.210782069790010018e-01
1.580000000000000000e+04 9.057374683049010944e-01
1.590000000000000000e+04 9.150101136073743868e-01
1.600000000000000000e+04 9.221837624240821762e-01
1.610000000000000000e+04 9.149735873773170436e-01
1.620000000000000000e+04 9.147841334631621191e-01
1.630000000000000000e+04 9.157431414172506612e-01
1.640000000000000000e+04 9.129121863831464179e-01
1.650000000000000000e+04 9.154083355564370805e-01
1.660000000000000000e+04 9.181160812118687176e-01
1.670000000000000000e+04 9.095407218767843638e-01
1.680000000000000000e+04 9.076960998628631483e-01
1.690000000000000000e+04 9.112379869151902012e-01
1.700000000000000000e+04 9.097995435960091193e-01
1.710000000000000000e+04 9.186197124277132309e-01
1.720000000000000000e+04 9.127642373910218598e-01
1.730000000000000000e+04 9.146054652206436764e-01
1.740000000000000000e+04 9.219822176794991719e-01
1.750000000000000000e+04 8.984395765772876796e-01
1.760000000000000000e+04 9.110084713046088245e-01
1.770000000000000000e+04 9.114700739054693024e-01
1.780000000000000000e+04 9.088425861540816442e-01
1.790000000000000000e+04 8.951921227695964767e-01
1.800000000000000000e+04 9.178754386885827898e-01
1.810000000000000000e+04 9.026944320931216126e-01
1.820000000000000000e+04 9.123107795724297864e-01
1.830000000000000000e+04 9.048432898726577189e-01
1.840000000000000000e+04 9.141737498621711477e-01
1.850000000000000000e+04 9.210881693146130145e-01
1.860000000000000000e+04 9.145206472290792199e-01
1.870000000000000000e+04 9.195435479770048826e-01
1.880000000000000000e+04 9.145568210947350174e-01
1.890000000000000000e+04 9.134751636232756322e-01
1.900000000000000000e+04 9.187212041750676406e-01
1.910000000000000000e+04 8.929516028123902771e-01
1.920000000000000000e+04 9.151432688390872539e-01
1.930000000000000000e+04 9.155733483616269597e-01
1.940000000000000000e+04 9.128349535733365494e-01
1.950000000000000000e+04 8.934521151978462861e-01
1.960000000000000000e+04 9.246618942251728646e-01
1.970000000000000000e+04 9.065316748023267701e-01
1.980000000000000000e+04 9.207637760765625679e-01
1.990000000000000000e+04 9.053887751904394765e-01
2.000000000000000000e+04 9.141813674584300387e-01
2.010000000000000000e+04 9.246843565792111086e-01
2.020000000000000000e+04 8.938223437511237934e-01
2.030000000000000000e+04 9.040989680970168418e-01
2.040000000000000000e+04 9.107814060280903234e-01
2.050000000000000000e+04 9.170849063986254990e-01
2.060000000000000000e+04 8.957787361179121444e-01
2.070000000000000000e+04 9.102818708304734052e-01
2.080000000000000000e+04 9.046243191653879911e-01
2.090000000000000000e+04 9.250568236579067571e-01
2.100000000000000000e+04 9.009562911636523896e-01
2.110000000000000000e+04 9.077981268426702499e-01
2.120000000000000000e+04 9.072281193897133722e-01
2.130000000000000000e+04 8.983276953955540156e-01
2.140000000000000000e+04 9.182223836996662447e-01
2.150000000000000000e+04 9.047798802234856552e-01
2.160000000000000000e+04 9.100071696683154077e-01
2.170000000000000000e+04 9.175016480266423580e-01
2.180000000000000000e+04 9.231483559525991422e-01
2.190000000000000000e+04 9.152974014491678245e-01
2.200000000000000000e+04 9.165944405982509036e-01
2.210000000000000000e+04 9.041979478807248283e-01
2.220000000000000000e+04 9.240702193997853975e-01
2.230000000000000000e+04 9.141653081649633306e-01
2.240000000000000000e+04 9.110830316414471053e-01
2.250000000000000000e+04 9.080751578091463827e-01
2.260000000000000000e+04 9.232308842263990956e-01
2.270000000000000000e+04 9.095561758363130966e-01
2.280000000000000000e+04 9.106683184575041778e-01
2.290000000000000000e+04 9.089994671856650443e-01
2.300000000000000000e+04 9.208053991946351102e-01
2.310000000000000000e+04 9.278247697153585438e-01
2.320000000000000000e+04 9.101400781885323754e-01
2.330000000000000000e+04 9.192522714204744982e-01
2.340000000000000000e+04 9.087434556477129721e-01
2.350000000000000000e+04 9.014261058276700211e-01
2.360000000000000000e+04 9.102427009522406909e-01
2.370000000000000000e+04 9.199960999184888522e-01
2.380000000000000000e+04 9.110991425999734883e-01
2.390000000000000000e+04 9.216448390460852957e-01
2.400000000000000000e+04 9.033153604810330028e-01
2.410000000000000000e+04 9.115709124982364076e-01
2.420000000000000000e+04 9.222907718506143659e-01
2.430000000000000000e+04 9.104664579129773117e-01
2.440000000000000000e+04 9.184123842500349078e-01
2.450000000000000000e+04 9.022954363810276046e-01
2.460000000000000000e+04 9.197715638690512341e-01
2.470000000000000000e+04 9.179312429908843551e-01
2.480000000000000000e+04 9.173929054351155354e-01
2.490000000000000000e+04 9.063382775798177748e-01
2.500000000000000000e+04 9.021321051354169729e-01
2.510000000000000000e+04 9.131203323445429287e-01
2.520000000000000000e+04 9.147622497388174789e-01
2.530000000000000000e+04 9.199256619575426619e-01
2.540000000000000000e+04 9.087751558320683598e-01
2.550000000000000000e+04 9.215121630309466294e-01
2.560000000000000000e+04 9.167099434817049808e-01
2.570000000000000000e+04 9.044368931266724143e-01
2.580000000000000000e+04 8.994804834486878065e-01
2.590000000000000000e+04 9.250913859243152793e-01
2.600000000000000000e+04 9.168668396687360556e-01
2.610000000000000000e+04 9.143638683581849502e-01
2.620000000000000000e+04 9.072303840672382158e-01
2.630000000000000000e+04 9.173426718453873141e-01
2.640000000000000000e+04 9.109071657477972872e-01
2.650000000000000000e+04 9.062407688672875494e-01
2.660000000000000000e+04 9.039706655364999621e-01
2.670000000000000000e+04 9.125965324172446991e-01
2.680000000000000000e+04 9.041204151664683497e-01
2.690000000000000000e+04 9.139114219997647171e-01
2.700000000000000000e+04 9.206990985046602516e-01
2.710000000000000000e+04 9.111489779513319842e-01
2.720000000000000000e+04 9.193855226614406906e-01
2.730000000000000000e+04 9.173982094999021397e-01
2.740000000000000000e+04 9.176431549700614365e-01
2.750000000000000000e+04 9.149590333498521799e-01
2.760000000000000000e+04 9.156463343702754276e-01
2.770000000000000000e+04 9.199208220006829251e-01
2.780000000000000000e+04 9.218476747497887924e-01
2.790000000000000000e+04 9.122465769753421716e-01
2.800000000000000000e+04 9.181488671382866951e-01
2.810000000000000000e+04 9.076810972210312967e-01
2.820000000000000000e+04 9.205504251784213388e-01
2.830000000000000000e+04 9.151858401129627785e-01
2.840000000000000000e+04 9.137986547289891348e-01
2.850000000000000000e+04 9.221031052418926510e-01
2.860000000000000000e+04 9.167804247861062183e-01
2.870000000000000000e+04 9.151740164327966109e-01
2.880000000000000000e+04 8.877771545067358883e-01
2.890000000000000000e+04 9.076805494217878856e-01
2.900000000000000000e+04 9.186707698757522467e-01
2.910000000000000000e+04 9.088545401321661554e-01
2.920000000000000000e+04 9.132755558410261543e-01
2.930000000000000000e+04 9.205521419297708619e-01
2.940000000000000000e+04 9.073304991646211626e-01
2.950000000000000000e+04 9.146236572546165844e-01
2.960000000000000000e+04 9.085115295677720360e-01
2.970000000000000000e+04 9.051321436079594607e-01
2.980000000000000000e+04 9.190674378297585267e-01
2.990000000000000000e+04 9.104285515612247082e-01
3.000000000000000000e+04 9.231646285212102843e-01
