0.000000000000000000e+00 4.806359999999999522e-01
1.000000000000000000e+02 4.138079999999999536e-01
2.000000000000000000e+02 5.241479999999999473e-01
3.000000000000000000e+02 6.307359999999999634e-01
4.000000000000000000e+02 6.848879999999999413e-01
5.000000000000000000e+02 7.369319999999999204e-01
6.000000000000000000e+02 7.490920000000000911e-01
7.000000000000000000e+02 7.406479999999999730e-01
8.000000000000000000e+02 7.606640000000000068e-01
9.000000000000000000e+02 7.828439999999999843e-01
1.000000000000000000e+03 7.982799999999999896e-01
1.100000000000000000e+03 7.955039999999999889e-01
1.200000000000000000e+03 7.883279999999999177e-01
1.300000000000000000e+03 8.121599999999999930e-01
1.400000000000000000e+03 8.149479999999998947e-01
1.500000000000000000e+03 8.232319999999999638e-01
1.600000000000000000e+03 8.124599999999999600e-01
1.700000000000000000e+03 8.396279999999999299e-01
1.800000000000000000e+03 8.479520000000000390e-01
1.900000000000000000e+03 8.206439999999999291e-01
2.000000000000000000e+03 8.445799999999999974e-01
2.100000000000000000e+03 8.578239999999999199e-01
2.200000000000000000e+03 8.453880000000000283e-01
2.300000000000000000e+03 8.510399999999999077e-01
2.400000000000000000e+03 8.564879999999999161e-01
2.500000000000000000e+03 8.556519999999999682e-01
2.600000000000000000e+03 8.686040000000001537e-01
2.700000000000000000e+03 8.766559999999999908e-01
2.800000000000000000e+03 8.789279999999999315e-01
2.900000000000000000e+03 8.574080000000000590e-01
3.000000000000000000e+03 8.456000000000001293e-01
3.100000000000000000e+03 8.808160000000000434e-01
3.200000000000000000e+03 8.940919999999998868e-01
3.300000000000000000e+03 8.722199999999998843e-01
3.400000000000000000e+03 8.777880000000000127e-01
3.500000000000000000e+03 8.706800000000000095e-01
3.600000000000000000e+03 8.874159999999999826e-01
3.700000000000000000e+03 8.727159999999999362e-01
3.800000000000000000e+03 8.772560000000000358e-01
3.900000000000000000e+03 9.084119999999998862e-01
4.000000000000000000e+03 8.722999999999999643e-01
4.100000000000000000e+03 8.650120000000000031e-01
4.200000000000000000e+03 8.762879999999999558e-01
4.300000000000000000e+03 8.932080000000000020e-01
4.400000000000000000e+03 8.849400000000000599e-01
4.500000000000000000e+03 8.705079999999999485e-01
4.600000000000000000e+03 8.819519999999999582e-01
4.700000000000000000e+03 8.725839999999999153e-01
4.800000000000000000e+03 8.954159999999999897e-01
4.900000000000000000e+03 8.745720000000001271e-01
5.000000000000000000e+03 8.792479999999999185e-01
5.100000000000000000e+03 8.993400000000000283e-01
5.200000000000000000e+03 8.990960000000000063e-01
5.300000000000000000e+03 8.829679999999999751e-01
5.400000000000000000e+03 8.739160000000000261e-01
5.500000000000000000e+03 8.933639999999999359e-01
5.600000000000000000e+03 8.876760000000001316e-01
5.700000000000000000e+03 8.958240000000000647e-01
5.800000000000000000e+03 8.936120000000000729e-01
5.900000000000000000e+03 8.842079999999998829e-01
6.000000000000000000e+03 8.896079999999999544e-01
6.100000000000000000e+03 8.916440000000001032e-01
6.200000000000000000e+03 8.903839999999999533e-01
6.300000000000000000e+03 8.788920000000000066e-01
6.400000000000000000e+03 8.897400000000000864e-01
6.500000000000000000e+03 8.838560000000000860e-01
6.600000000000000000e+03 8.755360000000000920e-01
6.700000000000000000e+03 8.929319999999999480e-01
6.800000000000000000e+03 8.888519999999998644e-01
6.900000000000000000e+03 9.013679999999999470e-01
7.000000000000000000e+03 8.873760000000000536e-01
7.100000000000000000e+03 8.833280000000000021e-01
7.200000000000000000e+03 8.921919999999998740e-01
7.300000000000000000e+03 8.996919999999999362e-01
7.400000000000000000e+03 8.958879999999999066e-01
7.500000000000000000e+03 8.870240000000000347e-01
7.600000000000000000e+03 8.893999999999999684e-01
7.700000000000000000e+03 8.993240000000000123e-01
7.800000000000000000e+03 8.887479999999998714e-01
7.900000000000000000e+03 8.872879999999999656e-01
8.000000000000000000e+03 8.853880000000000638e-01
8.100000000000000000e+03 8.829279999999999351e-01
8.200000000000000000e+03 8.917520000000001001e-01
8.300000000000000000e+03 8.963160000000000016e-01
8.400000000000000000e+03 8.914599999999999191e-01
8.500000000000000000e+03 8.964599999999999236e-01
8.600000000000000000e+03 8.969080000000000386e-01
8.700000000000000000e+03 9.011599999999999611e-01
8.800000000000000000e+03 9.038839999999999097e-01
8.900000000000000000e+03 9.086039999999999672e-01
9.000000000000000000e+03 8.950280000000000458e-01
9.100000000000000000e+03 8.927079999999999460e-01
9.200000000000000000e+03 8.909799999999999942e-01
9.300000000000000000e+03 9.034159999999999968e-01
9.400000000000000000e+03 8.949079999999999258e-01
9.500000000000000000e+03 8.953879999999999617e-01
9.600000000000000000e+03 9.134800000000000697e-01
9.700000000000000000e+03 8.781999999999999806e-01
9.800000000000000000e+03 8.963959999999999706e-01
9.900000000000000000e+03 8.802520000000000344e-01
1.000000000000000000e+04 8.969519999999999715e-01
1.010000000000000000e+04 8.853000000000000869e-01
1.020000000000000000e+04 9.004280000000001172e-01
1.030000000000000000e+04 9.073879999999998613e-01
1.040000000000000000e+04 8.818340000000000067e-01
1.050000000000000000e+04 9.072599999999999554e-01
1.060000000000000000e+04 8.945560000000000178e-01
1.070000000000000000e+04 8.960999999999998966e-01
1.080000000000000000e+04 8.989320000000000643e-01
1.090000000000000000e+04 9.070920000000000094e-01
1.100000000000000000e+04 8.869799999999999907e-01
1.110000000000000000e+04 8.821999999999999842e-01
1.120000000000000000e+04 8.982040000000000024e-01
1.130000000000000000e+04 8.934759999999999369e-01
1.140000000000000000e+04 8.913919999999999622e-01
1.150000000000000000e+04 9.065680000000000405e-01
1.160000000000000000e+04 9.100840000000000041e-01
1.170000000000000000e+04 8.846800000000000219e-01
1.180000000000000000e+04 8.757919999999999039e-01
1.190000000000000000e+04 8.763720000000000399e-01
1.200000000000000000e+04 8.961239999999998096e-01
1.210000000000000000e+04 9.106759999999999300e-01
1.220000000000000000e+04 8.870240000000000347e-01
1.230000000000000000e+04 9.016080000000001871e-01
1.240000000000000000e+04 9.132599999999999607e-01
1.250000000000000000e+04 9.041679999999999717e-01
1.260000000000000000e+04 8.634240000000000803e-01
1.270000000000000000e+04 8.950639999999999707e-01
1.280000000000000000e+04 8.984560000000001434e-01
1.290000000000000000e+04 9.065640000000000365e-01
1.300000000000000000e+04 8.928480000000000860e-01
1.310000000000000000e+04 8.652879999999998351e-01
1.320000000000000000e+04 8.887639999999999985e-01
1.330000000000000000e+04 9.072759999999999714e-01
1.340000000000000000e+04 8.904000000000000803e-01
1.350000000000000000e+04 8.949239999999999418e-01
1.360000000000000000e+04 8.876599999999998936e-01
1.370000000000000000e+04 8.859280000000000488e-01
1.380000000000000000e+04 9.031080000000000219e-01
1.390000000000000000e+04 8.913279999999998982e-01
1.400000000000000000e+04 8.823999999999999622e-01
1.410000000000000000e+04 8.950400000000000578e-01
1.420000000000000000e+04 9.037519999999999998e-01
1.430000000000000000e+04 9.092000000000000082e-01
1.440000000000000000e+04 8.817159999999999442e-01
1.450000000000000000e+04 8.811239999999999073e-01
1.460000000000000000e+04 8.884600000000000275e-01
1.470000000000000000e+04 8.904239999999999933e-01
1.480000000000000000e+04 8.894800000000000484e-01
1.490000000000000000e+04 8.726320000000000743e-01
1.500000000000000000e+04 8.853199999999999958e-01
1.510000000000000000e+04 9.014240000000000030e-01
1.520000000000000000e+04 9.024000000000000909e-01
1.530000000000000000e+04 8.982320000000000304e-01
1.540000000000000000e+04 8.898399999999999643e-01
1.550000000000000000e+04 8.873839999999999506e-01
1.560000000000000000e+04 8.969439999999999635e-01
1.570000000000000000e+04 9.027439999999999909e-01
1.580000000000000000e+04 8.826159999999999561e-01
1.590000000000000000e+04 8.913159999999999972e-01
1.600000000000000000e+04 9.012799999999998590e-01
1.610000000000000000e+04 8.872159999999998936e-01
1.620000000000000000e+04 8.928800000000000070e-01
1.630000000000000000e+04 8.966520000000000046e-01
1.640000000000000000e+04 8.940039999999999099e-01
1.650000000000000000e+04 8.928279999999999550e-01
1.660000000000000000e+04 8.980119999999999214e-01
1.670000000000000000e+04 8.903280000000000083e-01
1.680000000000000000e+04 8.867319999999998537e-01
1.690000000000000000e+04 8.884840000000000515e-01
1.700000000000000000e+04 8.829799999999998761e-01
1.710000000000000000e+04 8.995519999999999072e-01
1.720000000000000000e+04 8.937920000000000309e-01
1.730000000000000000e+04 8.938919999999999089e-01
1.740000000000000000e+04 9.055879999999999486e-01
1.750000000000000000e+04 8.757839999999998959e-01
1.760000000000000000e+04 8.886680000000000135e-01
1.770000000000000000e+04 8.913159999999998861e-01
1.780000000000000000e+04 8.860679999999999668e-01
1.790000000000000000e+04 8.701520000000000366e-01
1.800000000000000000e+04 8.974079999999999835e-01
1.810000000000000000e+04 8.825159999999999672e-01
1.820000000000000000e+04 8.926800000000000290e-01
1.830000000000000000e+04 8.794319999999999915e-01
1.840000000000000000e+04 8.930080000000001350e-01
1.850000000000000000e+04 9.045479999999999077e-01
1.860000000000000000e+04 8.907360000000000833e-01
1.870000000000000000e+04 8.974079999999999835e-01
1.880000000000000000e+04 8.937040000000000539e-01
1.890000000000000000e+04 8.938920000000000199e-01
1.900000000000000000e+04 8.977280000000000815e-01
1.910000000000000000e+04 8.670639999999999459e-01
1.920000000000000000e+04 8.908559999999998702e-01
1.930000000000000000e+04 8.986000000000000654e-01
1.940000000000000000e+04 8.925119999999999720e-01
1.950000000000000000e+04 8.738519999999999621e-01
1.960000000000000000e+04 9.061399999999999455e-01
1.970000000000000000e+04 8.806120000000000614e-01
1.980000000000000000e+04 9.029840000000000089e-01
1.990000000000000000e+04 8.864760000000000417e-01
2.000000000000000000e+04 8.890399999999998304e-01
2.010000000000000000e+04 9.106719999999999260e-01
2.020000000000000000e+04 8.772959999999999647e-01
2.030000000000000000e+04 8.831320000000000281e-01
2.040000000000000000e+04 8.862119999999998887e-01
2.050000000000000000e+04 8.933079999999998799e-01
2.060000000000000000e+04 8.730600000000001693e-01
2.070000000000000000e+04 8.895560000000000134e-01
2.080000000000000000e+04 8.787160000000000526e-01
2.090000000000000000e+04 9.068439999999999834e-01
2.100000000000000000e+04 8.790519999999999445e-01
2.110000000000000000e+04 8.849240000000000439e-01
2.120000000000000000e+04 8.854519999999999058e-01
2.130000000000000000e+04 8.699439999999999396e-01
2.140000000000000000e+04 8.986480000000000024e-01
2.150000000000000000e+04 8.782479999999999176e-01
2.160000000000000000e+04 8.869319999999998316e-01
2.170000000000000000e+04 9.037719999999999088e-01
2.180000000000000000e+04 9.034320000000000128e-01
2.190000000000000000e+04 8.959200000000000497e-01
2.200000000000000000e+04 8.967479999999998785e-01
2.210000000000000000e+04 8.801520000000000454e-01
2.220000000000000000e+04 9.059479999999999755e-01
2.230000000000000000e+04 8.906480000000001063e-01
2.240000000000000000e+04 8.900320000000001563e-01
2.250000000000000000e+04 8.826400000000000912e-01
2.260000000000000000e+04 9.031719999999999748e-01
2.270000000000000000e+04 8.894120000000000914e-01
2.280000000000000000e+04 8.949199999999999378e-01
2.290000000000000000e+04 8.862999999999998657e-01
2.300000000000000000e+04 9.002239999999999132e-01
2.310000000000000000e+04 9.092080000000000162e-01
2.320000000000000000e+04 8.844600000000000239e-01
2.330000000000000000e+04 8.986959999999999393e-01
2.340000000000000000e+04 8.846239999999999659e-01
2.350000000000000000e+04 8.764039999999999608e-01
2.360000000000000000e+04 8.899159999999999293e-01
2.370000000000000000e+04 9.019920000000000160e-01
2.380000000000000000e+04 8.894199999999998774e-01
2.390000000000000000e+04 9.024959999999999649e-01
2.400000000000000000e+04 8.771239999999999037e-01
2.410000000000000000e+04 8.897519999999998763e-01
2.420000000000000000e+04 9.027719999999999079e-01
2.430000000000000000e+04 8.880080000000000195e-01
2.440000000000000000e+04 8.966799999999999216e-01
2.450000000000000000e+04 8.754600000000001270e-01
2.460000000000000000e+04 9.039120000000000488e-01
2.470000000000000000e+04 8.991560000000000663e-01
2.480000000000000000e+04 8.956599999999999007e-01
2.490000000000000000e+04 8.767359999999999598e-01
2.500000000000000000e+04 8.760879999999999779e-01
2.510000000000000000e+04 8.968359999999999665e-01
2.520000000000000000e+04 8.941240000000001409e-01
2.530000000000000000e+04 9.030439999999999579e-01
2.540000000000000000e+04 8.879000000000000226e-01
2.550000000000000000e+04 9.052400000000000446e-01
2.560000000000000000e+04 9.013560000000000461e-01
2.570000000000000000e+04 8.821679999999998412e-01
2.580000000000000000e+04 8.737080000000000402e-01
2.590000000000000000e+04 9.032800000000000828e-01
2.600000000000000000e+04 8.904279999999999973e-01
2.610000000000000000e+04 8.958080000000001597e-01
2.620000000000000000e+04 8.839719999999999800e-01
2.630000000000000000e+04 8.966480000000000006e-01
2.640000000000000000e+04 8.875159999999999716e-01
2.650000000000000000e+04 8.841960000000002040e-01
2.660000000000000000e+04 8.799200000000000355e-01
2.670000000000000000e+04 8.909719999999998752e-01
2.680000000000000000e+04 8.768279999999999408e-01
2.690000000000000000e+04 8.901040000000000063e-01
2.700000000000000000e+04 9.024600000000000399e-01
2.710000000000000000e+04 8.892400000000000304e-01
2.720000000000000000e+04 8.980839999999998824e-01
2.730000000000000000e+04 8.948199999999999488e-01
2.740000000000000000e+04 8.939080000000000359e-01
2.750000000000000000e+04 8.916279999999999761e-01
2.760000000000000000e+04 8.980719999999999814e-01
2.770000000000000000e+04 8.989759999999999973e-01
2.780000000000000000e+04 9.023079999999998879e-01
2.790000000000000000e+04 8.892399999999999194e-01
2.800000000000000000e+04 8.938479999999999759e-01
2.810000000000000000e+04 8.867760000000000087e-01
2.820000000000000000e+04 8.993080000000001073e-01
2.830000000000000000e+04 8.932719999999999549e-01
2.840000000000000000e+04 8.880360000000000475e-01
2.850000000000000000e+04 9.022000000000001130e-01
2.860000000000000000e+04 8.944280000000000008e-01
2.870000000000000000e+04 8.930960000000001120e-01
2.880000000000000000e+04 8.571839999999999460e-01
2.890000000000000000e+04 8.842520000000000380e-01
2.900000000000000000e+04 8.939999999999999059e-01
2.910000000000000000e+04 8.836039999999999450e-01
2.920000000000000000e+04 8.908120000000000482e-01
2.930000000000000000e+04 9.037719999999997977e-01
2.940000000000000000e+04 8.808879999999998933e-01
2.950000000000000000e+04 8.900959999999999983e-01
2.960000000000000000e+04 8.867960000000000287e-01
2.970000000000000000e+04 8.799560000000000715e-01
2.980000000000000000e+04 8.960119999999999196e-01
2.990000000000000000e+04 8.855720000000000258e-01
3.000000000000000000e+04 9.035679999999999268e-01
