0.000000000000000000e+00 5.389441644552617205e-01
1.000000000000000000e+02 4.229651475802475580e-01
2.000000000000000000e+02 5.464116510492507128e-01
3.000000000000000000e+02 6.510883385004020418e-01
4.000000000000000000e+02 6.765566911529747873e-01
5.000000000000000000e+02 6.627101621427745615e-01
6.000000000000000000e+02 7.098004380845858163e-01
7.000000000000000000e+02 7.250051895663636170e-01
8.000000000000000000e+02 7.342356898924581321e-01
9.000000000000000000e+02 7.447230227028842631e-01
1.000000000000000000e+03 7.540482044275054196e-01
1.100000000000000000e+03 7.505638021434836160e-01
1.200000000000000000e+03 7.790691005568535221e-01
1.300000000000000000e+03 7.812945562114229636e-01
1.400000000000000000e+03 7.948283939440285994e-01
1.500000000000000000e+03 7.729833080269079559e-01
1.600000000000000000e+03 7.871187883929785523e-01
1.700000000000000000e+03 8.106993237645409023e-01
1.800000000000000000e+03 8.388427633279771367e-01
1.900000000000000000e+03 8.141214684671775892e-01
2.000000000000000000e+03 8.156102403888685348e-01
2.100000000000000000e+03 8.415880578328256423e-01
2.200000000000000000e+03 8.462788454481489087e-01
2.300000000000000000e+03 8.407326638731241752e-01
2.400000000000000000e+03 8.426005260373836681e-01
2.500000000000000000e+03 8.394105984332019821e-01
2.600000000000000000e+03 8.490254386382308782e-01
2.700000000000000000e+03 8.690640338435876577e-01
2.800000000000000000e+03 8.596673958283217454e-01
2.900000000000000000e+03 8.522272903001121280e-01
3.000000000000000000e+03 8.662026308790503615e-01
3.100000000000000000e+03 8.773769215426370227e-01
3.200000000000000000e+03 8.730942894290019129e-01
3.300000000000000000e+03 8.980813597243492152e-01
3.400000000000000000e+03 8.886700942203099585e-01
3.500000000000000000e+03 8.870246549161849847e-01
3.600000000000000000e+03 9.001219812928651365e-01
3.700000000000000000e+03 9.074957769934280938e-01
3.800000000000000000e+03 9.094830730598867374e-01
3.900000000000000000e+03 8.806395684995153017e-01
4.000000000000000000e+03 8.896685692978424376e-01
4.100000000000000000e+03 9.038597687941232195e-01
4.200000000000000000e+03 9.104666105182616098e-01
4.300000000000000000e+03 9.097789640387971000e-01
4.400000000000000000e+03 9.042429617521030583e-01
4.500000000000000000e+03 9.108653945741737035e-01
4.600000000000000000e+03 9.123263197698374682e-01
4.700000000000000000e+03 9.198259161777505577e-01
4.800000000000000000e+03 9.245864795541365311e-01
4.900000000000000000e+03 9.215248302164049665e-01
5.000000000000000000e+03 9.256474135711796336e-01
5.100000000000000000e+03 9.261613213809569700e-01
5.200000000000000000e+03 9.198690879042903390e-01
5.300000000000000000e+03 9.282630131615322577e-01
5.400000000000000000e+03 9.253984896088761625e-01
5.500000000000000000e+03 9.305648299166416892e-01
5.600000000000000000e+03 9.117061359436686718e-01
5.700000000000000000e+03 9.382447892258665156e-01
5.800000000000000000e+03 9.262447918791683055e-01
5.900000000000000000e+03 9.339407387877254330e-01
6.000000000000000000e+03 9.254461812829789524e-01
6.100000000000000000e+03 9.264850720468233991e-01
6.200000000000000000e+03 9.341880471168673150e-01
6.300000000000000000e+03 9.391599696552169751e-01
6.400000000000000000e+03 9.305291551106137371e-01
6.500000000000000000e+03 9.397677315652104291e-01
6.600000000000000000e+03 9.308645669616119056e-01
6.700000000000000000e+03 9.468546081958129079e-01
6.800000000000000000e+03 9.377872693317652608e-01
6.900000000000000000e+03 9.336380204095549029e-01
7.000000000000000000e+03 9.363684573459094551e-01
7.100000000000000000e+03 9.363499218343671604e-01
7.200000000000000000e+03 9.444320854280175981e-01
7.300000000000000000e+03 9.247258967773870353e-01
7.400000000000000000e+03 9.370750019728566471e-01
7.500000000000000000e+03 9.414320539275298216e-01
7.600000000000000000e+03 9.389240567620478206e-01
7.700000000000000000e+03 9.368379820737152697e-01
7.800000000000000000e+03 9.450753081040603742e-01
7.900000000000000000e+03 9.420065692798550439e-01
8.000000000000000000e+03 9.407641459422482200e-01
8.100000000000000000e+03 9.425597587548547596e-01
8.200000000000000000e+03 9.540333689345245061e-01
8.300000000000000000e+03 9.354883804008721215e-01
8.400000000000000000e+03 9.405988152195178253e-01
8.500000000000000000e+03 9.450343409788908300e-01
8.600000000000000000e+03 9.505478912869296249e-01
8.700000000000000000e+03 9.450732784869018133e-01
8.800000000000000000e+03 9.470654568297101061e-01
8.900000000000000000e+03 9.398776047707726455e-01
9.000000000000000000e+03 9.571232133374866224e-01
9.100000000000000000e+03 9.370428675846276256e-01
9.200000000000000000e+03 9.478539934752476803e-01
9.300000000000000000e+03 9.385332160940893509e-01
9.400000000000000000e+03 9.456056341062971660e-01
9.500000000000000000e+03 9.449453324253873632e-01
9.600000000000000000e+03 9.508629967459352184e-01
9.700000000000000000e+03 9.399266529752422494e-01
9.800000000000000000e+03 9.337638173140023756e-01
9.900000000000000000e+03 9.492788532136376967e-01
1.000000000000000000e+04 9.460977586811335494e-01
1.010000000000000000e+04 9.495067421187477485e-01
1.020000000000000000e+04 9.487579211202277207e-01
1.030000000000000000e+04 9.423408186350952231e-01
1.040000000000000000e+04 9.428981651299901401e-01
1.050000000000000000e+04 9.446252522585537603e-01
1.060000000000000000e+04 9.505502451224590033e-01
1.070000000000000000e+04 9.473535594211721644e-01
1.080000000000000000e+04 9.563036924695620389e-01
1.090000000000000000e+04 9.407562153129511717e-01
1.100000000000000000e+04 9.417544132493462783e-01
1.110000000000000000e+04 9.463959755433833942e-01
1.120000000000000000e+04 9.401181543517392880e-01
1.130000000000000000e+04 9.421024964290444226e-01
1.140000000000000000e+04 9.541046247194989727e-01
1.150000000000000000e+04 9.439312520843190502e-01
1.160000000000000000e+04 9.458385851963688751e-01
1.170000000000000000e+04 9.503484241292396995e-01
1.180000000000000000e+04 9.521643830156722998e-01
1.190000000000000000e+04 9.504095076197863756e-01
1.200000000000000000e+04 9.424421004242011790e-01
1.210000000000000000e+04 9.470919581528689513e-01
1.220000000000000000e+04 9.467187435513535476e-01
1.230000000000000000e+04 9.563900100225833922e-01
1.240000000000000000e+04 9.411152305249359529e-01
1.250000000000000000e+04 9.328283759062860891e-01
1.260000000000000000e+04 9.493172553321531648e-01
1.270000000000000000e+04 9.394463482551780320e-01
1.280000000000000000e+04 9.439060007566104638e-01
1.290000000000000000e+04 9.584072865344920311e-01
1.300000000000000000e+04 9.510830629904376554e-01
1.310000000000000000e+04 9.538457724249046477e-01
1.320000000000000000e+04 9.489009376138886065e-01
1.330000000000000000e+04 9.510426110936193167e-01
1.340000000000000000e+04 9.499472966328166290e-01
1.350000000000000000e+04 9.394553546545135747e-01
1.360000000000000000e+04 9.482447510233281696e-01
1.370000000000000000e+04 9.403829810440463843e-01
1.380000000000000000e+04 9.429663947153729131e-01
1.390000000000000000e+04 9.388327722326230695e-01
1.400000000000000000e+04 9.496358586296713700e-01
1.410000000000000000e+04 9.454559852718229518e-01
1.420000000000000000e+04 9.467368559896469637e-01
1.430000000000000000e+04 9.559416397431151902e-01
1.440000000000000000e+04 9.417228063243325842e-01
1.450000000000000000e+04 9.371201200608063608e-01
1.460000000000000000e+04 9.485139903253910765e-01
1.470000000000000000e+04 9.497766224325057127e-01
1.480000000000000000e+04 9.464565606212785864e-01
1.490000000000000000e+04 9.453039718686685466e-01
1.500000000000000000e+04 9.522725668587656012e-01
1.510000000000000000e+04 9.468097525614631582e-01
1.520000000000000000e+04 9.383588698668381411e-01
1.530000000000000000e+04 9.520343203317920278e-01
1.540000000000000000e+04 9.460150325192585585e-01
1.550000000000000000e+04 9.570263386702859698e-01
1.560000000000000000e+04 9.492524014554204470e-01
1.570000000000000000e+04 9.552220499884788163e-01
1.580000000000000000e+04 9.548531191926111772e-01
1.590000000000000000e+04 9.390736422816468032e-01
1.600000000000000000e+04 9.462025798654842834e-01
1.610000000000000000e+04 9.558153716081411178e-01
1.620000000000000000e+04 9.473185410438901277e-01
1.630000000000000000e+04 9.443256532705890383e-01
1.640000000000000000e+04 9.528702307109381264e-01
1.650000000000000000e+04 9.551599379207965645e-01
1.660000000000000000e+04 9.421550654056981555e-01
1.670000000000000000e+04 9.482701951584867617e-01
1.680000000000000000e+04 9.487238505978409231e-01
1.690000000000000000e+04 9.430336457990817767e-01
1.700000000000000000e+04 9.502815010277551044e-01
1.710000000000000000e+04 9.462509440451228881e-01
1.720000000000000000e+04 9.472191645891341327e-01
1.730000000000000000e+04 9.413820912610191272e-01
1.740000000000000000e+04 9.525303869105898880e-01
1.750000000000000000e+04 9.533667392643827565e-01
1.760000000000000000e+04 9.516515978924358077e-01
1.770000000000000000e+04 9.421200517659269469e-01
1.780000000000000000e+04 9.527635184485907516e-01
1.790000000000000000e+04 9.535475267950782596e-01
1.800000000000000000e+04 9.489420425235491896e-01
1.810000000000000000e+04 9.372599073980445450e-01
1.820000000000000000e+04 9.508706644414994802e-01
1.830000000000000000e+04 9.400906665329176182e-01
1.840000000000000000e+04 9.429013607681502318e-01
1.850000000000000000e+04 9.452319775974148408e-01
1.860000000000000000e+04 9.336862306954928359e-01
1.870000000000000000e+04 9.382238043404043104e-01
1.880000000000000000e+04 9.493839763533653553e-01
1.890000000000000000e+04 9.577348812847171766e-01
1.900000000000000000e+04 9.520971512760818545e-01
1.910000000000000000e+04 9.494486230481797850e-01
1.920000000000000000e+04 9.479251020291773466e-01
1.930000000000000000e+04 9.440057540770713240e-01
1.940000000000000000e+04 9.443261449845337108e-01
1.950000000000000000e+04 9.522333945987319082e-01
1.960000000000000000e+04 9.446858534342721381e-01
1.970000000000000000e+04 9.521267555603663002e-01
1.980000000000000000e+04 9.556093197986907928e-01
1.990000000000000000e+04 9.443169106953295255e-01
2.000000000000000000e+04 9.472664642306519722e-01
2.010000000000000000e+04 9.416609896085417208e-01
2.020000000000000000e+04 9.471876314089393567e-01
2.030000000000000000e+04 9.473721731264160839e-01
2.040000000000000000e+04 9.452823129216275655e-01
2.050000000000000000e+04 9.548027772889229325e-01
2.060000000000000000e+04 9.381974696640432709e-01
2.070000000000000000e+04 9.380669159880966612e-01
2.080000000000000000e+04 9.338779267221385405e-01
2.090000000000000000e+04 9.459369924549692055e-01
2.100000000000000000e+04 9.419739488476056577e-01
2.110000000000000000e+04 9.416352700667202091e-01
2.120000000000000000e+04 9.485642795834596797e-01
2.130000000000000000e+04 9.577029218547223888e-01
2.140000000000000000e+04 9.484298737617358199e-01
2.150000000000000000e+04 9.471212408803565408e-01
2.160000000000000000e+04 9.384265886466971462e-01
2.170000000000000000e+04 9.488125563593020617e-01
2.180000000000000000e+04 9.486689791938291982e-01
2.190000000000000000e+04 9.310502000119844634e-01
2.200000000000000000e+04 9.481734124844914957e-01
2.210000000000000000e+04 9.436764152520884519e-01
2.220000000000000000e+04 9.499481172388656303e-01
2.230000000000000000e+04 9.394654323005744434e-01
2.240000000000000000e+04 9.298201289513321477e-01
2.250000000000000000e+04 9.402299430368941113e-01
2.260000000000000000e+04 9.518827373073346365e-01
2.270000000000000000e+04 9.457572611421867226e-01
2.280000000000000000e+04 9.461621970493013789e-01
2.290000000000000000e+04 9.329490230839931897e-01
2.300000000000000000e+04 9.487377914705169557e-01
2.310000000000000000e+04 9.400294952429668616e-01
2.320000000000000000e+04 9.510262095368876567e-01
2.330000000000000000e+04 9.523092734049912744e-01
2.340000000000000000e+04 9.480051695524118749e-01
2.350000000000000000e+04 9.471331775206714987e-01
2.360000000000000000e+04 9.544911599429160010e-01
2.370000000000000000e+04 9.420408473734243060e-01
2.380000000000000000e+04 9.402390336819955730e-01
2.390000000000000000e+04 9.401214476832253641e-01
2.400000000000000000e+04 9.408995853761779049e-01
2.410000000000000000e+04 9.454791646831190999e-01
2.420000000000000000e+04 9.477309227393593272e-01
2.430000000000000000e+04 9.377920110844837343e-01
2.440000000000000000e+04 9.529741022238189530e-01
2.450000000000000000e+04 9.455934525692579751e-01
2.460000000000000000e+04 9.431660808695445652e-01
2.470000000000000000e+04 9.347314380849381932e-01
2.480000000000000000e+04 9.438598108712483725e-01
2.490000000000000000e+04 9.511782395975326709e-01
2.500000000000000000e+04 9.443218038515432955e-01
2.510000000000000000e+04 9.333132575781604157e-01
2.520000000000000000e+04 9.368726793452588630e-01
2.530000000000000000e+04 9.512254160559345806e-01
2.540000000000000000e+04 9.457705753179954655e-01
2.550000000000000000e+04 9.325828939403014717e-01
2.560000000000000000e+04 9.365729514522200816e-01
2.570000000000000000e+04 9.449580317093890791e-01
2.580000000000000000e+04 9.568006061586852296e-01
2.590000000000000000e+04 9.419839927736937124e-01
2.600000000000000000e+04 9.499682130552153936e-01
2.610000000000000000e+04 9.391131567035305716e-01
2.620000000000000000e+04 9.423746144578244444e-01
2.630000000000000000e+04 9.468415434776124018e-01
2.640000000000000000e+04 9.510633629374994902e-01
2.650000000000000000e+04 9.524140773678362315e-01
2.660000000000000000e+04 9.363473061748165405e-01
2.670000000000000000e+04 9.372861311136806428e-01
2.680000000000000000e+04 9.550132418559567071e-01
2.690000000000000000e+04 9.448097076324543098e-01
2.700000000000000000e+04 9.439185782179104756e-01
2.710000000000000000e+04 9.481805973591432846e-01
2.720000000000000000e+04 9.447933221281517024e-01
2.730000000000000000e+04 9.388851537866231833e-01
2.740000000000000000e+04 9.529003652623435627e-01
2.750000000000000000e+04 9.556453246132565749e-01
2.760000000000000000e+04 9.505407478787607500e-01
2.770000000000000000e+04 9.381847953481354807e-01
2.780000000000000000e+04 9.441013498868926490e-01
2.790000000000000000e+04 9.478161787178940312e-01
2.800000000000000000e+04 9.377890155632935265e-01
2.810000000000000000e+04 9.450671391714244862e-01
2.820000000000000000e+04 9.432193839432010396e-01
2.830000000000000000e+04 9.455643627252283689e-01
2.840000000000000000e+04 9.386118456052927606e-01
2.850000000000000000e+04 9.413482112903784893e-01
2.860000000000000000e+04 9.532323796030518492e-01
2.870000000000000000e+04 9.336296189497119702e-01
2.880000000000000000e+04 9.450694405529236342e-01
2.890000000000000000e+04 9.453184748469202203e-01
2.900000000000000000e+04 9.376678056690740393e-01
2.910000000000000000e+04 9.418736204881579255e-01
2.920000000000000000e+04 9.389078502644022661e-01
2.930000000000000000e+04 9.364866807443473773e-01
2.940000000000000000e+04 9.384844839962868113e-01
2.950000000000000000e+04 9.389881233435390939e-01
2.960000000000000000e+04 9.419892871331676520e-01
2.970000000000000000e+04 9.459522378097650064e-01
2.980000000000000000e+04 9.476345230937303077e-01
2.990000000000000000e+04 9.512295749360477615e-01
3.000000000000000000e+04 9.399000127132095539e-01
