0.000000000000000000e+00 5.510720000000000063e-01
1.000000000000000000e+02 3.877360000000000251e-01
2.000000000000000000e+02 5.394779999999999021e-01
3.000000000000000000e+02 6.143640000000000212e-01
4.000000000000000000e+02 6.495480000000000143e-01
5.000000000000000000e+02 6.356799999999999118e-01
6.000000000000000000e+02 6.899280000000000967e-01
7.000000000000000000e+02 7.017840000000000744e-01
8.000000000000000000e+02 6.988440000000000207e-01
9.000000000000000000e+02 7.134400000000000741e-01
1.000000000000000000e+03 7.245759999999999978e-01
1.100000000000000000e+03 7.211879999999999402e-01
1.200000000000000000e+03 7.484979999999999967e-01
1.300000000000000000e+03 7.520319999999999228e-01
1.400000000000000000e+03 7.656960000000001543e-01
1.500000000000000000e+03 7.419080000000000119e-01
1.600000000000000000e+03 7.636560000000001125e-01
1.700000000000000000e+03 7.926959999999999562e-01
1.800000000000000000e+03 8.138360000000000039e-01
1.900000000000000000e+03 7.882400000000000517e-01
2.000000000000000000e+03 7.971600000000000907e-01
2.100000000000000000e+03 8.146979999999999222e-01
2.200000000000000000e+03 8.233479999999999688e-01
2.300000000000000000e+03 8.161359999999999726e-01
2.400000000000000000e+03 8.186200000000001253e-01
2.500000000000000000e+03 8.053539999999999033e-01
2.600000000000000000e+03 8.239239999999998787e-01
2.700000000000000000e+03 8.458560000000000523e-01
2.800000000000000000e+03 8.401159999999999739e-01
2.900000000000000000e+03 8.291880000000000361e-01
3.000000000000000000e+03 8.447519999999999474e-01
3.100000000000000000e+03 8.552440000000000042e-01
3.200000000000000000e+03 8.501840000000000508e-01
3.300000000000000000e+03 8.749560000000000670e-01
3.400000000000000000e+03 8.713919999999999444e-01
3.500000000000000000e+03 8.730679999999999552e-01
3.600000000000000000e+03 8.844080000000000830e-01
3.700000000000000000e+03 8.906080000000000663e-01
3.800000000000000000e+03 8.994880000000000653e-01
3.900000000000000000e+03 8.586320000000000618e-01
4.000000000000000000e+03 8.738760000000000971e-01
4.100000000000000000e+03 8.903400000000000203e-01
4.200000000000000000e+03 8.966279999999999806e-01
4.300000000000000000e+03 8.885880000000000445e-01
4.400000000000000000e+03 8.885440000000001115e-01
4.500000000000000000e+03 8.950839999999999907e-01
4.600000000000000000e+03 8.989320000000000643e-01
4.700000000000000000e+03 9.078200000000000713e-01
4.800000000000000000e+03 9.056680000000000286e-01
4.900000000000000000e+03 9.078559999999999963e-01
5.000000000000000000e+03 9.121999999999998998e-01
5.100000000000000000e+03 9.158040000000000624e-01
5.200000000000000000e+03 9.083520000000000483e-01
5.300000000000000000e+03 9.130279999999999507e-01
5.400000000000000000e+03 9.092000000000000082e-01
5.500000000000000000e+03 9.159039999999999404e-01
5.600000000000000000e+03 8.970599999999999685e-01
5.700000000000000000e+03 9.257239999999999913e-01
5.800000000000000000e+03 9.123559999999999448e-01
5.900000000000000000e+03 9.205879999999998509e-01
6.000000000000000000e+03 9.090119999999999312e-01
6.100000000000000000e+03 9.145199999999999996e-01
6.200000000000000000e+03 9.193199999999999150e-01
6.300000000000000000e+03 9.253439999999999444e-01
6.400000000000000000e+03 9.149000000000000465e-01
6.500000000000000000e+03 9.319839999999999236e-01
6.600000000000000000e+03 9.137439999999998896e-01
6.700000000000000000e+03 9.413560000000000816e-01
6.800000000000000000e+03 9.259160000000000723e-01
6.900000000000000000e+03 9.182040000000000202e-01
7.000000000000000000e+03 9.220800000000000107e-01
7.100000000000000000e+03 9.239640000000000075e-01
7.200000000000000000e+03 9.317199999999999926e-01
7.300000000000000000e+03 9.148560000000000025e-01
7.400000000000000000e+03 9.240960000000000285e-01
7.500000000000000000e+03 9.301639999999999908e-01
7.600000000000000000e+03 9.298999999999999488e-01
7.700000000000000000e+03 9.273039999999999061e-01
7.800000000000000000e+03 9.331799999999998985e-01
7.900000000000000000e+03 9.302880000000000038e-01
8.000000000000000000e+03 9.298640000000000239e-01
8.100000000000000000e+03 9.346840000000000703e-01
8.200000000000000000e+03 9.459679999999999200e-01
8.300000000000000000e+03 9.275520000000000431e-01
8.400000000000000000e+03 9.312359999999998417e-01
8.500000000000000000e+03 9.392080000000000428e-01
8.600000000000000000e+03 9.413959999999998995e-01
8.700000000000000000e+03 9.365440000000000431e-01
8.800000000000000000e+03 9.357600000000000362e-01
8.900000000000000000e+03 9.295519999999999339e-01
9.000000000000000000e+03 9.482720000000000038e-01
9.100000000000000000e+03 9.246320000000001205e-01
9.200000000000000000e+03 9.409999999999999476e-01
9.300000000000000000e+03 9.259159999999999613e-01
9.400000000000000000e+03 9.367639999999999301e-01
9.500000000000000000e+03 9.376400000000000290e-01
9.600000000000000000e+03 9.394519999999999538e-01
9.700000000000000000e+03 9.307199999999998807e-01
9.800000000000000000e+03 9.240599999999999925e-01
9.900000000000000000e+03 9.377880000000000660e-01
1.000000000000000000e+04 9.396120000000000028e-01
1.010000000000000000e+04 9.400680000000000147e-01
1.020000000000000000e+04 9.387039999999999829e-01
1.030000000000000000e+04 9.331000000000001515e-01
1.040000000000000000e+04 9.356359999999999122e-01
1.050000000000000000e+04 9.350319999999998632e-01
1.060000000000000000e+04 9.409880000000001576e-01
1.070000000000000000e+04 9.365359999999999241e-01
1.080000000000000000e+04 9.465639999999999610e-01
1.090000000000000000e+04 9.271719999999999962e-01
1.100000000000000000e+04 9.327679999999999305e-01
1.110000000000000000e+04 9.366639999999999411e-01
1.120000000000000000e+04 9.312319999999999487e-01
1.130000000000000000e+04 9.330160000000000675e-01
1.140000000000000000e+04 9.431039999999999424e-01
1.150000000000000000e+04 9.329279999999999795e-01
1.160000000000000000e+04 9.385920000000000929e-01
1.170000000000000000e+04 9.421960000000000335e-01
1.180000000000000000e+04 9.426679999999999504e-01
1.190000000000000000e+04 9.416039999999999965e-01
1.200000000000000000e+04 9.311519999999999797e-01
1.210000000000000000e+04 9.389680000000000248e-01
1.220000000000000000e+04 9.392359999999999598e-01
1.230000000000000000e+04 9.499840000000000506e-01
1.240000000000000000e+04 9.311239999999998407e-01
1.250000000000000000e+04 9.206680000000000419e-01
1.260000000000000000e+04 9.382359999999998479e-01
1.270000000000000000e+04 9.272080000000000322e-01
1.280000000000000000e+04 9.303640000000001908e-01
1.290000000000000000e+04 9.526959999999999873e-01
1.300000000000000000e+04 9.432839999999999003e-01
1.310000000000000000e+04 9.467040000000001010e-01
1.320000000000000000e+04 9.400920000000000387e-01
1.330000000000000000e+04 9.439520000000001243e-01
1.340000000000000000e+04 9.404800000000000937e-01
1.350000000000000000e+04 9.307679999999999287e-01
1.360000000000000000e+04 9.398839999999999417e-01
1.370000000000000000e+04 9.286999999999999700e-01
1.380000000000000000e+04 9.298560000000000159e-01
1.390000000000000000e+04 9.295919999999999739e-01
1.400000000000000000e+04 9.408080000000000886e-01
1.410000000000000000e+04 9.361880000000000202e-01
1.420000000000000000e+04 9.373639999999999750e-01
1.430000000000000000e+04 9.480719999999999148e-01
1.440000000000000000e+04 9.340719999999999024e-01
1.450000000000000000e+04 9.229800000000000226e-01
1.460000000000000000e+04 9.370120000000000671e-01
1.470000000000000000e+04 9.411120000000001706e-01
1.480000000000000000e+04 9.389719999999999178e-01
1.490000000000000000e+04 9.352359999999999562e-01
1.500000000000000000e+04 9.418919999999999515e-01
1.510000000000000000e+04 9.378680000000000350e-01
1.520000000000000000e+04 9.258960000000000523e-01
1.530000000000000000e+04 9.423839999999998884e-01
1.540000000000000000e+04 9.382199999999999429e-01
1.550000000000000000e+04 9.495959999999998846e-01
1.560000000000000000e+04 9.405839999999998646e-01
1.570000000000000000e+04 9.476160000000000139e-01
1.580000000000000000e+04 9.447240000000000082e-01
1.590000000000000000e+04 9.261599999999999833e-01
1.600000000000000000e+04 9.381639999999999979e-01
1.610000000000000000e+04 9.486760000000000748e-01
1.620000000000000000e+04 9.399159999999999737e-01
1.630000000000000000e+04 9.360279999999999712e-01
1.640000000000000000e+04 9.475120000000000209e-01
1.650000000000000000e+04 9.468199999999999950e-01
1.660000000000000000e+04 9.369199999999999751e-01
1.670000000000000000e+04 9.362639999999999851e-01
1.680000000000000000e+04 9.416919999999999735e-01
1.690000000000000000e+04 9.308119999999999727e-01
1.700000000000000000e+04 9.411559999999999926e-01
1.710000000000000000e+04 9.370840000000000281e-01
1.720000000000000000e+04 9.346399999999999153e-01
1.730000000000000000e+04 9.308279999999999887e-01
1.740000000000000000e+04 9.410880000000000356e-01
1.750000000000000000e+04 9.440960000000000463e-01
1.760000000000000000e+04 9.401280000000000747e-01
1.770000000000000000e+04 9.301119999999999388e-01
1.780000000000000000e+04 9.434279999999999333e-01
1.790000000000000000e+04 9.467039999999999900e-01
1.800000000000000000e+04 9.371720000000000050e-01
1.810000000000000000e+04 9.295799999999998509e-01
1.820000000000000000e+04 9.444040000000001323e-01
1.830000000000000000e+04 9.333600000000000785e-01
1.840000000000000000e+04 9.352439999999999642e-01
1.850000000000000000e+04 9.330039999999999445e-01
1.860000000000000000e+04 9.162280000000001534e-01
1.870000000000000000e+04 9.241120000000000445e-01
1.880000000000000000e+04 9.380440000000001000e-01
1.890000000000000000e+04 9.489159999999999817e-01
1.900000000000000000e+04 9.424360000000000515e-01
1.910000000000000000e+04 9.416879999999999695e-01
1.920000000000000000e+04 9.356440000000000312e-01
1.930000000000000000e+04 9.331119999999999415e-01
1.940000000000000000e+04 9.332000000000001405e-01
1.950000000000000000e+04 9.403200000000000447e-01
1.960000000000000000e+04 9.332999999999999075e-01
1.970000000000000000e+04 9.437400000000000233e-01
1.980000000000000000e+04 9.492640000000001077e-01
1.990000000000000000e+04 9.364199999999999191e-01
2.000000000000000000e+04 9.367600000000000371e-01
2.010000000000000000e+04 9.294559999999999489e-01
2.020000000000000000e+04 9.362280000000000602e-01
2.030000000000000000e+04 9.386159999999998949e-01
2.040000000000000000e+04 9.364520000000000621e-01
2.050000000000000000e+04 9.457120000000001081e-01
2.060000000000000000e+04 9.246639999999999304e-01
2.070000000000000000e+04 9.278840000000000421e-01
2.080000000000000000e+04 9.234080000000001176e-01
2.090000000000000000e+04 9.350320000000000853e-01
2.100000000000000000e+04 9.318639999999998036e-01
2.110000000000000000e+04 9.309439999999999937e-01
2.120000000000000000e+04 9.418600000000000305e-01
2.130000000000000000e+04 9.516600000000000614e-01
2.140000000000000000e+04 9.375400000000000400e-01
2.150000000000000000e+04 9.383079999999999199e-01
2.160000000000000000e+04 9.247639999999999194e-01
2.170000000000000000e+04 9.368520000000000181e-01
2.180000000000000000e+04 9.361479999999999801e-01
2.190000000000000000e+04 9.158960000000000434e-01
2.200000000000000000e+04 9.381039999999998269e-01
2.210000000000000000e+04 9.325879999999999725e-01
2.220000000000000000e+04 9.410439999999998806e-01
2.230000000000000000e+04 9.303399999999999448e-01
2.240000000000000000e+04 9.200319999999999609e-01
2.250000000000000000e+04 9.276280000000000081e-01
2.260000000000000000e+04 9.420240000000000835e-01
2.270000000000000000e+04 9.350640000000000063e-01
2.280000000000000000e+04 9.330480000000000995e-01
2.290000000000000000e+04 9.218200000000000838e-01
2.300000000000000000e+04 9.358079999999999732e-01
2.310000000000000000e+04 9.298999999999999488e-01
2.320000000000000000e+04 9.401280000000000747e-01
2.330000000000000000e+04 9.440199999999999703e-01
2.340000000000000000e+04 9.362639999999999851e-01
2.350000000000000000e+04 9.358400000000001162e-01
2.360000000000000000e+04 9.441999999999999282e-01
2.370000000000000000e+04 9.317320000000000046e-01
2.380000000000000000e+04 9.277320000000000011e-01
2.390000000000000000e+04 9.313079999999999137e-01
2.400000000000000000e+04 9.271040000000000392e-01
2.410000000000000000e+04 9.362960000000000171e-01
2.420000000000000000e+04 9.353679999999999772e-01
2.430000000000000000e+04 9.274320000000000341e-01
2.440000000000000000e+04 9.430960000000001564e-01
2.450000000000000000e+04 9.374720000000000830e-01
2.460000000000000000e+04 9.328640000000000265e-01
2.470000000000000000e+04 9.232960000000001166e-01
2.480000000000000000e+04 9.324360000000000426e-01
2.490000000000000000e+04 9.404520000000000657e-01
2.500000000000000000e+04 9.321839999999999016e-01
2.510000000000000000e+04 9.191120000000000401e-01
2.520000000000000000e+04 9.231880000000000086e-01
2.530000000000000000e+04 9.404120000000000257e-01
2.540000000000000000e+04 9.324759999999998605e-01
2.550000000000000000e+04 9.238319999999999865e-01
2.560000000000000000e+04 9.291280000000000650e-01
2.570000000000000000e+04 9.331599999999999895e-01
2.580000000000000000e+04 9.456199999999999051e-01
2.590000000000000000e+04 9.302559999999999718e-01
2.600000000000000000e+04 9.424400000000000555e-01
2.610000000000000000e+04 9.275800000000000711e-01
2.620000000000000000e+04 9.335839999999998584e-01
2.630000000000000000e+04 9.382080000000000419e-01
2.640000000000000000e+04 9.425119999999999054e-01
2.650000000000000000e+04 9.471479999999999899e-01
2.660000000000000000e+04 9.260399999999999743e-01
2.670000000000000000e+04 9.251280000000000614e-01
2.680000000000000000e+04 9.462399999999999700e-01
2.690000000000000000e+04 9.351320000000000743e-01
2.700000000000000000e+04 9.331879999999999065e-01
2.710000000000000000e+04 9.384040000000000159e-01
2.720000000000000000e+04 9.343519999999999603e-01
2.730000000000000000e+04 9.303799999999999848e-01
2.740000000000000000e+04 9.450199999999999712e-01
2.750000000000000000e+04 9.460960000000000480e-01
2.760000000000000000e+04 9.398519999999999097e-01
2.770000000000000000e+04 9.274120000000001252e-01
2.780000000000000000e+04 9.335879999999998624e-01
2.790000000000000000e+04 9.381279999999998509e-01
2.800000000000000000e+04 9.274199999999999111e-01
2.810000000000000000e+04 9.342159999999999354e-01
2.820000000000000000e+04 9.338239999999999874e-01
2.830000000000000000e+04 9.335920000000000885e-01
2.840000000000000000e+04 9.276360000000001271e-01
2.850000000000000000e+04 9.308000000000000718e-01
2.860000000000000000e+04 9.442119999999999402e-01
2.870000000000000000e+04 9.224759999999999627e-01
2.880000000000000000e+04 9.338880000000000514e-01
2.890000000000000000e+04 9.353839999999999932e-01
2.900000000000000000e+04 9.261719999999998842e-01
2.910000000000000000e+04 9.310159999999999547e-01
2.920000000000000000e+04 9.273360000000000491e-01
2.930000000000000000e+04 9.250439999999998664e-01
2.940000000000000000e+04 9.274160000000000181e-01
2.950000000000000000e+04 9.273439999999999461e-01
2.960000000000000000e+04 9.312679999999998737e-01
2.970000000000000000e+04 9.380919999999999259e-01
2.980000000000000000e+04 9.370719999999999050e-01
2.990000000000000000e+04 9.420680000000000165e-01
3.000000000000000000e+04 9.319200000000000816e-01
