0
1
2
6
11
13
18
19
20
21
22
24
25
26
31
32
33
35
37
38
39
43
45
46
47
51
52
57
59
60
62
63
64
65
66
69
75
76
78
81
85
87
91
93
94
96
98
107
111
112
115
117
118
119
120
121
125
126
128
129
130
131
132
137
138
139
140
141
143
146
147
149
152
153
155
156
157
159
160
167
168
174
178
179
180
183
184
190
194
195
196
203
204
205
208
209
210
211
212
213
214
215
217
218
221
224
230
231
236
238
240
241
244
245
247
250
251
252
253
254
256
257
262
263
265
266
267
270
271
272
273
279
282
283
285
286
288
290
292
294
295
297
298
299
301
302
305
307
311
313
314
322
323
327
329
331
332
333
335
336
337
338
341
342
344
348
349
354
355
356
357
359
360
362
363
365
366
369
373
374
375
376
380
381
382
385
386
391
393
397
401
402
403
405
406
408
410
411
412
413
414
415
418
419
420
423
424
425
426
427
428
429
430
432
433
434
436
437
440
445
446
447
449
452
455
456
457
459
460
463
466
467
469
472
473
474
475
476
477
478
480
482
483
484
488
491
492
493
494
495
497
500
501
502
504
505
506
507
508
509
510
511
513
514
515
516
517
518
519
521
522
523
524
525
526
527
528
529
530
531
532
533
534
535
536
537
538
539
542
543
544
545
546
547
548
549
550
551
552
553
554
555
556
557
558
560
561
562
563
564
565
566
568
569
570
571
572
573
575
576
577
578
581
582
584
585
586
587
588
589
590
592
593
594
595
598
599
601
602
603
604
605
606
607
608
610
612
613
614
616
618
619
620
621
622
623
624
625
627
628
629
630
631
632
633
634
635
636
637
638
639
640
641
642
643
644
645
646
647
648
651
652
654
655
656
657
658
659
661
662
665
667
668
669
670
671
672
673
675
677
678
679
680
682
683
685
686
687
688
689
690
692
693
694
695
696
697
698
699
700
701
702
704
705
706
707
708
710
711
712
713
714
716
717
718
719
720
721
722
723
724
725
727
729
730
731
732
733
734
735
736
738
739
741
742
744
745
746
748
749
750
751
754
755
756
757
758
759
760
761
763
764
765
766
768
770
771
772
773
774
775
776
778
779
780
781
782
783
784
785
786
787
788
790
791
792
794
795
796
797
798
799
800
801
802
803
804
806
807
808
810
811
812
814
815
816
818
819
820
821
822
823
824
825
826
827
828
829
830
831
832
833
834
835
836
837
838
839
840
841
842
843
844
845
848
849
850
852
853
854
855
856
857
858
859
860
861
862
863
864
865
866
867
868
869
870
871
872
873
874
875
876
877
878
879
880
881
882
883
884
886
888
889
890
892
893
894
895
896
898
899
900
901
902
903
904
905
906
907
908
909
910
911
913
914
915
916
917
918
919
920
921
923
924
925
926
927
928
929
930
931
932
933
934
935
936
937
938
939
940
941
942
943
944
945
946
947
948
949
950
951
952
953
955
956
957
958
959
960
961
962
963
964
965
966
967
968
969
970
971
972
973
974
975
976
977
978
980
981
983
984
985
986
987
988
990
991
992
993
994
995
996
997
999
1000
1001
1003
1004
1005
1006
1007
1008
1009
1010
1011
1012
1013
1014
1015
1016
1017
1018
1019
1020
1021
1022
1023
1024
1025
1026
1027
1028
1029
1030
1031
1032
1033
1034
1035
1036
1037
1038
1039
1040
1041
1042
1043
1044
1045
1046
1047
1048
1049
1050
1051
1052
1053
1054
1055
1056
1057
1058
1060
1061
1062
1063
1064
1065
1066
1067
1068
1069
1070
1071
1072
1073
1074
1075
1076
1078
1079
1080
1081
1083
1085
1086
1088
1089
1091
1093
1094
1095
1096
1097
1098
1099
1100
1101
1102
1103
1104
1105
1106
1107
1108
1109
1110
1111
1112
1113
1115
1116
1117
1118
1119
1120
1121
1122
1123
1124
1125
1126
1127
1128
1129
1130
1131
1132
1133
1134
1135
1137
1138
1139
1140
1141
1142
1143
1144
1145
1146
1147
1148
1149
1150
1151
1152
1153
1154
1155
1156
1157
1158
1159
1160
1161
1162
1163
1164
1165
1166
1167
1168
1169
1170
1171
1172
1173
1174
1175
1176
1177
1178
1179
1180
1181
1182
1183
1184
1185
1186
1187
1188
1189
1190
1191
1192
1193
1194
1195
1196
1197
1198
1199
1200
1201
1202
1203
1204
1205
1206
1207
1208
1209
1210
1211
1212
1213
1214
1215
1216
1217
1218
1219
1220
1221
1222
1224
1225
1226
1227
1229
1230
1231
1232
1233
1234
1235
1236
1237
1238
1239
1240
1241
1242
1243
1244
1245
1246
1247
1250
1251
1252
1253
1254
1256
1257
1258
1259
1261
1262
1263
1264
1265
1266
1267
1268
1269
1271
1272
1273
1274
1275
1276
1277
1278
1279
1280
1281
1282
1283
1284
1285
1286
1287
1288
1289
1291
1292
1293
1294
1295
1296
1297
1298
1299
1300
1301
1302
1303
1304
1305
1306
1307
1308
1309
1311
1312
1313
1314
1315
1316
1317
1318
1319
1320
1321
1322
1323
1324
1325
1326
1327
1328
1330
1331
1333
1335
1336
1337
1338
1339
1340
1341
1342
1343
1344
1345
1346
1347
1348
1349
1350
1351
1352
1353
1354
1355
1356
1357
1358
1359
1360
1361
1362
1363
1364
1365
1366
1367
1368
1369
1370
1371
1372
1373
1374
1375
1376
1377
1378
1379
1380
1381
1382
1383
1384
1385
1386
1387
1388
1389
1390
1391
1392
1393
1394
1395
1396
1397
1398
1399
1400
1401
1402
1403
1404
1405
1406
1407
1408
1409
1410
1411
1412
1413
1415
1416
1417
1418
1419
1420
1421
1422
1423
1424
1425
1426
1427
1428
1429
1430
1431
1432
1433
1434
1435
1436
1437
1438
1439
1440
1441
1442
1443
1444
1445
1446
1447
1448
1449
1450
1451
1452
1453
1454
1455
1456
1457
1458
1459
1460
1461
1462
1463
1464
1465
1466
1467
1468
1469
1470
1471
1472
1473
1474
1475
1476
1477
1478
1479
1480
1481
1482
1483
1484
1485
1486
1487
1488
1489
1490
1491
1492
1493
1494
1495
1496
1497
1498
1499
1500
1501
1502
1503
1504
1505
1506
1507
1508
1509
1510
1511
1512
1513
1514
1515
1516
1517
1518
1519
1520
1521
1522
1523
1524
1525
1526
1527
1528
1529
1530
1531
1532
1533
1534
1535
1536
1537
1538
1539
1540
1541
1542
1543
1544
1545
1547
1548
1549
1550
1551
1552
1553
1554
1555
1556
1557
1558
1559
1560
1561
1562
1563
1564
1565
1567
1569
1570
1571
1572
1573
1574
1575
1576
1577
1578
1579
1580
1581
1582
1583
1584
1585
1586
1587
1588
1589
1590
1591
1592
1593
1594
1595
1596
1597
1598
1600
1601
1602
1603
1604
1605
1606
1607
1608
1609
1610
1611
1612
1613
1614
1615
1616
1617
1618
1619
1620
1622
1623
1624
1625
1627
1628
1629
1630
1631
1633
1634
1635
1636
1637
1639
1640
1642
1643
1644
1645
1646
1647
1648
1649
1650
1651
1652
1653
1654
1655
1656
1657
1659
1660
1661
1662
1663
1664
1665
1666
1667
1668
1669
1670
1671
1672
1673
1674
1675
1676
1677
1678
1679
1680
1682
1684
1685
1686
1687
1688
1689
1690
1691
1692
1693
1694
1695
1696
1697
1699
1701
1702
1703
1704
1706
1707
1708
1709
1710
1711
1712
1714
1715
1716
1717
1718
1719
1720
1721
1722
1723
1724
1725
1726
1727
1728
1729
1730
1732
1733
1734
1735
1736
1737
1738
1739
1740
1741
1743
1744
1745
1746
1747
1748
1749
1750
1752
1753
1754
1755
1756
1757
1758
1759
1760
1761
1762
1763
1764
1765
1766
1768
1769
1770
1771
1772
1773
1774
1775
1776
1777
1778
1779
1780
1781
1782
1783
1784
1785
1786
1787
1788
1789
1790
1792
1793
1794
1795
1796
1797
1798
1799
1800
1801
1802
1803
1804
1805
1806
1807
1808
1809
1810
1811
1812
1813
1814
1815
1816
1817
1818
1819
1820
1822
1823
1824
1825
1826
1827
1828
1829
1830
1831
1832
1833
1835
1837
1838
1839
1840
1841
1842
1843
1844
1845
1846
1847
1848
1849
1850
1851
1852
1853
1854
1855
1856
1857
1858
1859
1860
1861
1862
1863
1864
1865
1866
1868
1869
1870
1871
1872
1873
1874
1875
1876
1877
1878
1879
1880
1881
1882
1883
1884
1885
1886
1887
1888
1889
1890
1892
1893
1894
1895
1896
1897
1898
1899
1900
1901
1902
1903
1904
1905
1906
1907
1908
1909
1910
1911
1912
1913
1914
1915
1916
1917
1918
1919
1920
1921
1922
1923
1924
1925
1926
1927
1928
1929
1930
1931
1932
1933
1934
1935
1936
1937
1938
1939
1940
1941
1942
1943
1944
1945
1946
1947
1948
1949
1950
1951
1952
1954
1955
1956
1957
1958
1959
1960
1961
1962
1963
1964
1965
1966
1967
1968
1969
1970
1971
1972
1973
1974
1975
1976
1977
1978
1979
1980
1981
1982
1983
1984
1985
1986
1987
1988
1989
1990
1991
1992
1993
1994
1995
1996
1997
1998
1999
2000
2001
2002
2003
2004
2005
2006
2007
2008
2009
2010
2011
2012
2013
2014
2015
2016
2017
2018
2019
2020
2021
2022
2023
2024
2025
2026
2027
2028
2029
2030
2031
2032
2033
2034
2035
2036
2037
2038
2039
2040
2041
2042
2043
2044
2045
2046
2047
2048
2049
2050
2051
2053
2054
2055
2056
2057
2058
2059
2060
2061
2062
2063
2064
2066
2067
2069
2070
2071
2072
2073
2074
2075
2076
2077
2079
2080
2081
2082
2083
2084
2085
2086
2087
2089
2090
2091
2092
2093
2094
2095
2096
2097
2098
2099
2100
2101
2102
2104
2105
2106
2107
2108
2109
2110
2111
2112
2113
2114
2115
2116
2117
2118
2119
2120
2121
2122
2123
2124
2125
2126
2127
2128
2130
2131
2132
2134
2135
2136
2137
2138
2140
2141
2142
2144
2145
2146
2147
2148
2149
2150
2151
2152
2153
2154
2156
2157
2158
2161
2162
2163
2164
2165
2166
2167
2168
2169
2171
2172
2173
2174
2175
2176
2177
2178
2179
2181
2183
2184
2185
2186
2187
2188
2189
2190
2191
2192
2193
2194
2195
2196
2197
2199
2200
2201
2202
2203
2204
2205
2206
2207
2208
2209
2210
2211
2212
2213
2214
2215
2216
2217
2219
2220
2221
2222
2223
2224
2225
2226
2227
2228
2229
2230
2231
2232
2233
2234
2235
2236
2237
2238
2239
2240
2241
2242
2243
2244
2245
2246
2247
2248
2249
2250
2251
2252
2253
2254
2255
2256
2257
2258
2259
2262
2263
2264
2265
2266
2268
2269
2270
2271
2272
2273
2274
2275
2276
2277
2278
2279
2280
2281
2282
2283
2285
2286
2287
2288
2289
2290
2291
2292
2293
2294
2299
2301
2302
2303
2304
2305
2306
2307
2308
2309
2310
2311
2312
2313
2314
2315
2316
2317
2318
2319
2321
2322
2323
2324
2325
2326
2327
2328
2329
2330
2331
2332
2333
2334
2335
2336
2338
2339
2340
2341
2342
2343
2344
2345
2346
2347
2348
2349
2350
2351
2352
2353
2354
2355
2356
2357
2358
2359
2360
2361
2363
2364
2365
2366
2367
2368
2369
2370
2371
2372
2373
2374
2377
2378
2379
2380
2381
2382
2383
2384
2385
2386
2387
2389
2390
2391
2392
2393
2394
2395
2396
2397
2398
2399
2400
2401
2402
2403
2404
2405
2406
2407
2408
2409
2410
2411
2412
2413
2414
2415
2416
2417
2418
2419
2420
2421
2422
2423
2424
2425
2426
2427
2428
2429
2430
2431
2432
2433
2434
2435
2436
2437
2438
2439
2440
2441
2442
2443
2444
2445
2446
2447
2448
2449
2450
2451
2452
2453
2454
2455
2456
2457
2458
2459
2460
2461
2462
2463
2464
2465
2466
2467
2468
2470
2471
2472
2473
2474
2475
2476
2477
2478
2479
2480
2481
2482
2483
2485
2486
2487
2488
2489
2491
2492
2493
2494
2495
2496
2497
2498
2500
2501
2502
2503
2505
2506
2507
2508
2509
2510
2511
2512
2513
2514
2515
2516
2517
2518
2519
2520
2521
2522
2523
2524
2525
2527
2528
2529
2530
2531
2532
2533
2534
2535
2536
2537
2538
2539
2540
2542
2543
2545
2547
2548
2549
2550
2551
2552
2553
2555
2556
2557
2558
2560
2561
2562
2564
2565
2566
2567
2568
2569
2570
2571
2572
2573
2574
2575
2576
2577
2578
2579
2580
2582
2583
2584
2586
2587
2588
2589
2590
2593
2594
2596
2597
2598
2599
2600
2601
2603
2604
2605
2606
2607
2608
2609
2610
2611
2612
2613
2614
2616
2617
2618
2619
2620
2621
2622
2623
2624
2625
2626
2627
2628
2629
2630
2631
2632
2633
2634
2635
2636
2637
2638
2639
2641
2642
2643
2644
2645
2646
2647
2648
2650
2651
2652
2653
2654
2655
2656
2657
2658
2659
2660
2661
2662
2664
2666
2667
2668
2669
2670
2671
2674
2677
2678
2679
2680
2681
2682
2683
2684
2685
2686
2687
2688
2689
2690
2691
2692
2693
2694
2695
2696
2697
2698
2699
2700
2701
2702
2703
2704
2706
2707
2708
2709
2710
2711
2712
2713
2714
2715
2716
2717
2718
2719
2720
2721
2722
2724
2725
2726
2727
2728
2729
2730
2731
2732
2734
2736
2737
2738
2739
2740
2741
2742
2744
2745
2746
2747
2748
2749
2750
2751
2752
2753
2754
2755
2756
2757
2758
2759
2760
2761
2762
2763
2764
2765
2766
2767
2768
2769
2770
2771
2772
2773
2774
2775
2776
2777
2778
2779
2780
2781
2782
2783
2785
2786
2787
2788
2789
2790
2791
2792
2793
2794
2795
2796
2797
2798
2799
2800
2801
2802
2803
2804
2805
2806
2807
2808
2809
2810
2811
2812
2813
2814
2815
2816
2818
2819
2820
2821
2822
2824
2825
2826
2827
2828
2829
2830
2831
2832
2833
2834
2835
2836
2837
2838
2839
2840
2841
2842
2843
2844
2845
2846
2847
2848
2850
2851
2853
2854
2855
2856
2857
2858
2860
2862
2863
2864
2865
2866
2867
2868
2869
2870
2872
2873
2874
2875
2876
2877
2878
2879
2880
2881
2882
2883
2885
2886
2887
2888
2889
2890
2891
2892
2893
2894
2895
2896
2897
2898
2899
2900
2901
2902
2903
2904
2905
2906
2907
2908
2909
2910
2911
2912
2913
2914
2915
2916
2917
2918
2919
2920
2921
2922
2924
2925
2926
2927
2928
2929
2931
2932
2933
2934
2935
2936
2937
2938
2939
2940
2941
2942
2943
2944
2945
2946
2947
2948
2949
2950
2951
2952
2953
2954
2955
2956
2957
2958
2959
2960
2961
2962
2963
2964
2965
2967
2968
2969
2971
2973
2974
2975
2978
2979
2981
2982
2983
2984
2985
2986
2987
2988
2989
2990
2991
2992
2993
2994
2995
2996
3000
3004
3005
3007
3010
3012
3013
3017
3018
3021
3022
3023
3026
3027
3032
3036
3038
3039
3040
3041
3042
3047
3048
3050
3052
3053
3055
3057
3058
3059
3063
3064
3065
3067
3069
3072
3074
3077
3079
3080
3082
3085
3086
3087
3088
3089
3091
3092
3094
3096
3097
3098
3100
3102
3103
3105
3107
3108
3109
3110
3112
3113
3114
3115
3117
3120
3123
3125
3128
3129
3133
3142
3143
3145
3146
3152
3157
3158
3161
3162
3163
3164
3165
3167
3168
3169
3170
3171
3172
3173
3174
3175
3177
3180
3181
3182
3186
3188
3189
3190
3192
3193
3198
3199
3202
3205
3209
3210
3211
3212
3213
3215
3216
3217
3222
3224
3227
3230
3232
3233
3234
3236
3237
3241
3244
3246
3252
3253
3254
3259
3261
3263
3266
3268
3269
3270
3271
3272
3273
3274
3275
3279
3280
3282
3284
3285
3286
3288
3290
3293
3294
3302
3309
3310
3315
3316
3317
3324
3327
3332
3339
3340
3343
3344
3345
3349
3352
3354
3362
3363
3366
3369
3370
3371
3372
3374
3375
3377
3378
3380
3382
3383
3384
3386
3389
3391
3393
3396
3397
3398
3399
3400
3401
3402
3403
3405
3410
3413
3414
3415
3423
3424
3426
3427
3429
3430
3431
3433
3435
3439
3440
3443
3446
3447
3449
3450
3451
3452
3454
3459
3460
3461
3462
3463
3464
3466
3471
3473
3475
3476
3477
3479
3480
3482
3483
3486
3488
3489
3495
3496
3498
3499
3502
3503
3505
3509
3511
3515
3516
3518
3519
3522
3523
3524
3526
3527
3531
3532
3534
3541
3544
3545
3547
3549
3554
3556
3557
3560
3563
3564
3566
3568
3569
3570
3571
3573
3576
3579
3582
3584
3586
3588
3590
3591
3592
3593
3594
3595
3597
3598
3599
3600
3603
3607
3608
3613
3614
3617
3618
3620
3621
3622
3624
3626
3627
3629
3630
3634
3637
3639
3646
3647
3648
3650
3651
3652
3653
3654
3657
3658
3659
3661
3662
3664
3665
3668
3669
3671
3672
3673
3674
3676
3677
3678
3679
3682
3683
3685
3687
3688
3695
3696
3698
3699
3700
3701
3705
3707
3709
3714
3715
3716
3717
3718
3719
3720
3721
3722
3723
3725
3726
3729
3731
3732
3733
3734
3736
3737
3738
3739
3741
3743
3744
3745
3747
3749
3753
3754
3755
3756
3757
3758
3759
3763
3766
3769
3771
3772
3773
3774
3778
3783
3785
3786
3788
3790
3791
3792
3793
3795
3796
3797
3798
3799
3801
3802
3803
3805
3806
3811
3814
3818
3820
3823
3824
3825
3826
3830
3831
3832
3836
3837
3840
3842
3843
3844
3848
3850
3853
3854
3855
3858
3860
3862
3863
3864
3866
3871
3873
3874
3878
3880
3881
3884
3885
3886
3887
3888
3890
3891
3892
3893
3894
3895
3896
3897
3899
3900
3901
3903
3904
3906
3909
3913
3915
3916
3917
3921
3925
3927
3931
3932
3938
3939
3940
3943
3944
3946
3950
3952
3954
3955
3956
3957
3959
3961
3963
3964
3965
3966
3967
3968
3972
3974
3975
3976
3977
3978
3979
3981
3982
3983
3987
3988
3990
3992
3998
4000
4001
4004
4007
4008
4009
4011
4012
4013
4014
4016
4018
4019
4020
4021
4023
4025
4026
4029
4031
4032
4033
4035
4041
4043
4044
4045
4046
4048
4050
4056
4057
4058
4059
4061
4067
4070
4071
4073
4076
4077
4078
4081
4082
4083
4084
4088
4093
4094
4095
4096
4099
4100
4101
4102
4103
4105
4106
4109
4110
4111
4112
4113
4115
4117
4118
4119
4120
4122
4128
4129
4131
4135
4136
4138
4139
4143
4146
4148
4152
4155
4158
4159
4160
4164
4166
4168
4169
4170
4178
4179
4180
4182
4184
4186
4187
4189
4190
4193
4196
4197
4200
4201
4202
4203
4204
4205
4207
4208
4213
4214
4217
4218
4220
4223
4224
4225
4226
4231
4232
4234
4237
4239
4241
4242
4243
4246
4248
4252
4253
4255
4256
4257
4259
4261
4262
4264
4265
4268
4269
4270
4272
4274
4275
4276
4279
4284
4285
4286
4287
4288
4289
4293
4296
4298
4299
4300
4302
4303
4304
4305
4306
4308
4311
4313
4317
4319
4321
4322
4329
4332
4333
4335
4336
4338
4340
4341
4342
4343
4344
4345
4346
4347
4348
4349
4350
4351
4352
4353
4354
4355
4358
4359
4360
4363
4367
4368
4369
4371
4372
4374
4376
4383
4385
4386
4387
4389
4390
4392
4394
4397
4398
4399
4401
4402
4403
4404
4405
4406
4407
4408
4409
4410
4411
4413
4414
4415
4417
4422
4423
4424
4425
4426
4427
4428
4429
4430
4431
4432
4433
4434
4436
4438
4440
4441
4443
4444
4445
4446
4449
4450
4451
4452
4454
4455
4460
4461
4462
4465
4466
4467
4468
4470
4471
4472
4473
4475
4476
4479
4482
4483
4485
4487
4488
4489
4491
4492
4494
4498
4499
4502
4503
4504
4508
4510
4512
4513
4515
4516
4517
4518
4521
4524
4525
4527
4528
4530
4532
4533
4534
4535
4536
4537
4541
4542
4543
4550
4551
4552
4555
4556
4558
4559
4560
4561
4563
4564
4565
4566
4568
4569
4570
4571
4573
4574
4575
4576
4577
4578
4579
4581
4582
4585
4587
4590
4592
4593
4596
4597
4598
4600
4601
4602
4604
4605
4608
4613
4614
4615
4618
4619
4620
4621
4622
4623
4624
4627
4628
4634
4635
4636
4638
4639
4641
4645
4649
4650
4651
4652
4657
4659
4660
4661
4663
4665
4666
4667
4668
4669
4673
4675
4676
4677
4679
4681
4688
4690
4691
4692
4693
4695
4697
4698
4699
4700
4701
4702
4703
4704
4706
4712
4713
4714
4715
4716
4718
4719
4721
4722
4724
4725
4726
4727
4728
4729
4731
4733
4734
4735
4736
4737
4739
4740
4741
4742
4745
4747
4749
4750
4754
4756
4758
4761
4762
4763
4764
4765
4766
4767
4768
4772
4774
4776
4778
4782
4784
4786
4787
4788
4790
4791
4792
4793
4794
4795
4796
4797
4799
4800
4801
4803
4804
4805
4806
4807
4810
4811
4814
4815
4816
4818
4820
4821
4824
4826
4829
4832
4833
4834
4835
4840
4841
4843
4844
4846
4847
4849
4851
4853
4855
4856
4857
4858
4860
4865
4866
4869
4870
4871
4872
4873
4874
4875
4876
4878
4880
4882
4883
4884
4885
4887
4889
4890
4891
4892
4893
4894
4897
4899
4900
4901
4903
4904
4905
4906
4907
4909
4910
4911
4913
4914
4917
4918
4920
4921
4922
4923
4925
4926
4929
4930
4931
4933
4934
4937
4938
4939
4940
4941
4942
4944
4945
4946
4947
4948
4949
4950
4952
4955
4957
4959
4960
4963
4966
4967
4968
4969
4970
4973
4976
4977
4978
4979
4980
4982
4983
4985
4986
4988
4990
4992
4993
4996
4997
4999
5000
5001
5002
5004
5005
5006
5007
5008
5010
5011
5012
5013
5014
5016
5019
5020
5021
5025
5028
5029
5030
5031
5032
5033
5034
5035
5036
5037
5039
5040
5041
5042
5044
5046
5047
5048
5049
5050
5051
5052
5053
5054
5057
5058
5059
5060
5061
5063
5064
5065
5067
5068
5070
5071
5072
5073
5074
5077
5078
5080
5081
5082
5084
5085
5086
5088
5090
5092
5093
5095
5096
5097
5098
5099
5100
5101
5102
5103
5105
5106
5107
5110
5112
5113
5115
5116
5117
5118
5119
5120
5121
5122
5123
5124
5125
5126
5127
5128
5129
5130
5131
5132
5133
5136
5138
5140
5141
5143
5144
5147
5149
5150
5151
5152
5153
5155
5156
5157
5158
5159
5160
5161
5165
5167
5168
5170
5171
5172
5173
5174
5175
5178
5179
5180
5182
5185
5187
5188
5189
5192
5193
5196
5197
5199
5200
5201
5203
5204
5205
5206
5208
5209
5211
5212
5215
5218
5220
5221
5225
5226
5227
5228
5231
5232
5233
5236
5237
5238
5239
5240
5241
5242
5243
5244
5246
5247
5249
5250
5251
5254
5256
5257
5258
5259
5261
5262
5263
5266
5267
5268
5275
5276
5277
5279
5280
5281
5283
5284
5286
5291
5292
5295
5297
5299
5300
5301
5302
5303
5304
5305
5307
5308
5310
5311
5312
5313
5314
5315
5316
5317
5318
5322
5323
5324
5325
5327
5328
5329
5331
5334
5336
5338
5339
5340
5341
5342
5343
5347
5348
5349
5350
5351
5352
5353
5354
5355
5356
5359
5362
5365
5366
5368
5369
5373
5374
5376
5378
5379
5380
5382
5383
5384
5385
5388
5390
5391
5392
5393
5394
5395
5396
5399
5400
5401
5402
5403
5404
5405
5406
5407
5408
5409
5410
5411
5412
5414
5415
5417
5418
5419
5420
5421
5422
5423
5425
5426
5433
5434
5435
5437
5438
5439
5441
5443
5445
5448
5449
5451
5452
5453
5455
5456
5457
5460
5461
5464
5465
5467
5469
5470
5471
5473
5474
5475
5477
5478
5479
5480
5481
5482
5484
5487
5489
5490
5492
5493
5494
5495
5496
5503
5506
5507
5508
5509
5510
5513
5514
5515
5516
5517
5519
5520
5521
5522
5523
5526
5527
5529
5531
5533
5534
5535
5537
5538
5539
5541
5542
5543
5545
5546
5549
5550
5552
5553
5554
5555
5557
5558
5559
5560
5561
5562
5563
5564
5565
5568
5569
5570
5571
5574
5575
5577
5579
5580
5581
5582
5584
5585
5586
5587
5588
5589
5592
5593
5594
5595
5596
5599
5600
5601
5602
5604
5605
5611
5612
5614
5616
5619
5621
5623
5624
5626
5628
5629
5630
5631
5634
5635
5636
5639
5640
5642
5644
5645
5646
5647
5648
5649
5652
5653
5654
5656
5657
5658
5659
5661
5662
5663
5664
5665
5666
5667
5668
5669
5670
5671
5672
5676
5677
5678
5679
5680
5681
5682
5683
5684
5686
5687
5688
5691
5695
5696
5697
5698
5699
5701
5706
5707
5708
5709
5712
5716
5718
5719
5722
5723
5725
5726
5727
5728
5731
5732
5736
5737
5738
5739
5740
5743
5745
5747
5748
5749
5751
5752
5754
5756
5757
5759
5760
5762
5763
5764
5765
5767
5768
5770
5771
5772
5774
5775
5776
5777
5779
5780
5782
5783
5784
5785
5786
5787
5788
5790
5793
5794
5796
5797
5798
5800
5801
5803
5804
5805
5807
5809
5810
5811
5812
5813
5814
5815
5816
5819
5820
5821
5823
5824
5825
5826
5827
5828
5829
5830
5833
5835
5836
5837
5839
5840
5842
5843
5844
5848
5849
5850
5851
5852
5853
5854
5855
5856
5857
5858
5859
