0
1
2
3
5
6
7
8
9
10
11
12
14
15
16
17
18
20
22
23
25
28
29
31
34
35
36
37
38
39
41
48
49
50
51
53
56
57
60
61
62
63
64
65
66
68
69
74
84
87
91
95
98
101
102
104
107
108
111
114
115
117
118
119
123
124
126
132
135
136
137
140
143
145
149
152
153
154
156
157
158
160
161
162
163
164
165
167
168
169
170
172
174
175
176
179
180
181
182
184
188
189
192
195
197
199
201
205
209
212
214
215
217
219
221
222
223
226
227
228
230
231
235
236
237
238
239
240
242
244
245
250
251
254
255
257
260
263
264
267
268
269
271
272
274
275
277
280
282
283
284
286
287
290
293
294
295
297
298
299
301
302
303
305
306
307
310
311
314
315
318
319
320
321
326
327
328
329
330
332
333
334
336
337
338
340
342
343
344
346
350
351
356
361
362
363
365
367
368
369
372
373
374
375
377
378
380
382
383
384
385
386
387
388
389
390
391
392
393
394
395
396
397
399
400
401
405
406
409
411
413
414
415
416
417
418
420
422
423
424
425
426
427
428
429
430
431
432
433
434
436
437
438
439
440
441
442
444
445
447
448
449
450
451
452
453
454
455
456
465
466
469
473
475
477
478
480
485
492
498
500
501
503
504
505
506
507
509
510
511
512
513
514
515
516
517
518
519
520
521
522
523
527
533
534
539
541
543
551
553
554
560
562
563
564
565
566
567
568
570
573
575
576
577
578
588
591
592
593
596
600
601
602
606
609
612
614
615
616
618
620
621
624
626
627
628
631
632
633
634
636
640
647
649
652
654
656
657
659
663
664
667
668
669
673
675
676
681
682
686
687
693
695
696
697
698
699
700
702
703
704
705
708
710
711
712
714
715
717
720
721
722
724
725
726
730
731
734
735
737
741
745
747
749
750
753
754
755
759
760
761
763
766
767
768
771
772
774
777
779
780
781
787
789
792
793
794
796
801
803
804
806
809
810
811
812
815
817
820
823
824
825
828
832
833
834
839
840
843
844
845
847
848
849
850
851
852
853
855
857
859
860
862
863
864
865
867
871
872
873
876
877
878
879
880
881
884
885
892
896
897
898
900
902
906
907
909
910
911
912
914
915
916
917
918
919
920
921
922
925
929
930
931
933
934
935
936
939
941
942
943
944
945
948
949
950
951
954
955
956
963
965
970
971
972
973
974
975
977
979
981
982
984
989
993
994
995
997
998
1001
1004
1005
1006
1007
1010
1011
1014
1016
1017
1020
1021
1022
1027
1028
1029
1030
1032
1033
1035
1037
1038
1039
1042
1045
1046
1048
1049
1050
1053
1054
1055
1057
1058
1062
1064
1065
1066
1068
1069
1070
1071
1072
1073
1075
1076
1078
1079
1080
1083
1084
1085
1090
1092
1094
1095
1096
1097
1098
1101
1102
1103
1104
1105
1106
1108
1111
1113
1118
1120
1122
1123
1124
1125
1131
1132
1133
1135
1136
1139
1141
1147
1153
1155
1157
1158
1159
1162
1164
1165
1169
1174
1175
1177
1178
1180
1182
1183
1185
1186
1188
1191
1192
1193
1195
1197
1200
1204
1205
1206
1213
1214
1219
1223
1224
1225
1227
1230
1231
1233
1235
1237
1238
1240
1242
1245
1247
1249
1250
1251
1254
1259
1261
1263
1265
1266
1268
1269
1271
1273
1274
1275
1278
1281
1282
1283
1284
1290
1291
1293
1295
1296
1298
1299
1300
1301
1303
1307
1309
1311
1312
1313
1316
1318
1319
1322
1325
1327
1328
1329
1330
1334
1336
1337
1338
1339
1340
1344
1347
1348
1350
1351
1352
1356
1357
1358
1360
1361
1362
1363
1364
1366
1367
1368
1371
1372
1374
1375
1376
1379
1380
1382
1385
1387
1392
1394
1396
1397
1400
1403
1404
1408
1409
1410
1411
1412
1414
1415
1418
1419
1420
1421
1422
1423
1425
1427
1432
1433
1434
1436
1437
1438
1439
1440
1441
1442
1444
1452
1454
1455
1458
1459
1460
1462
1463
1465
1466
1468
1469
1470
1471
1472
1474
1475
1476
1480
1481
1483
1486
1488
1490
1493
1496
1498
1500
1501
1502
1503
1505
1506
1508
1514
1516
1517
1519
1520
1521
1522
1524
1525
1527
1528
1529
1530
1533
1534
1536
1538
1539
1540
1541
1543
1544
1545
1546
1547
1548
1550
1552
1557
1558
1560
1562
1563
1566
1568
1571
1572
1573
1576
1577
1578
1579
1580
1581
1582
1585
1587
1588
1590
1591
1592
1593
1598
1600
1601
1602
1603
1604
1605
1606
1607
1608
1609
1610
1613
1614
1617
1618
1619
1621
1623
1624
1625
1626
1630
1632
1635
1636
1637
1638
1639
1640
1641
1643
1645
1646
1647
1648
1649
1651
1653
1654
1655
1656
1659
1660
1664
1666
1668
1670
1671
1672
1673
1674
1675
1677
1678
1679
1684
1685
1688
1690
1693
1695
1697
1698
1700
1701
1702
1703
1704
1706
1708
1711
1712
1713
1714
1717
1719
1720
1722
1724
1725
1726
1727
1728
1729
1730
1731
1732
1733
1736
1740
1741
1742
1744
1746
1748
1753
1755
1756
1757
1758
1759
1761
1763
1767
1768
1769
1770
1771
1772
1773
1774
1776
1777
1778
1780
1781
1782
1786
1788
1790
1793
1797
1798
1799
1800
1804
1805
1806
1807
1810
1815
1816
1817
1819
1821
1824
1829
1830
1831
1832
1833
1834
1835
1838
1839
1841
1842
1845
1846
1849
1850
1851
1853
1854
1855
1858
1859
1860
1861
1862
1863
1864
1865
1866
1867
1868
1870
1871
1872
1873
1874
1876
1877
1879
1880
1882
1883
1885
1887
1889
1890
1891
1893
1894
1895
1897
1898
1899
1900
1901
1904
1905
1906
1910
1911
1912
1914
1916
1917
1920
1923
1924
1926
1927
1929
1930
1931
1932
1933
1934
1936
1937
1938
1939
1941
1942
1943
1944
1945
1947
1949
1950
1951
1953
1955
1957
1959
1960
1961
1962
1963
1964
1965
1967
1969
1970
1971
1972
1975
1976
1977
1978
1979
1980
1981
1982
1984
1985
1987
1988
1989
1990
1991
1992
1993
1994
1995
1996
1997
1998
1999
2000
2001
2003
2006
2008
2009
2010
2011
2014
2015
2017
2018
2020
2021
2022
2025
2026
2027
2028
2030
2033
2034
2035
2036
2037
2038
2041
2042
2043
2044
2045
2046
2047
2048
2049
2051
2052
2053
2054
2055
2056
2057
2058
2059
2060
2061
2062
2064
2066
2070
2072
2074
2076
2077
2078
2080
2081
2082
2083
2086
2088
2089
2090
2093
2095
2096
2097
2098
2102
2105
2106
2107
2108
2109
2110
2114
2116
2117
2118
2119
2123
2124
2125
2128
2129
2130
2131
2132
2133
2134
2135
2136
2139
2140
2142
2144
2145
2146
2147
2148
2149
2150
2152
2153
2154
2157
2158
2160
2161
2162
2164
2167
2168
2170
2171
2173
2175
2176
2177
2178
2179
2180
2181
2182
2183
2185
2186
2187
2188
2189
2190
2191
2192
2193
2194
2195
2196
2197
2199
2201
2202
2203
2205
2206
2209
2211
2212
2213
2215
2216
2217
2218
2219
2221
2222
2223
2224
2225
2226
2227
2228
2231
2233
2234
2236
2237
2239
2240
2241
2242
2246
2248
2250
2251
2252
2253
2254
2255
2256
2257
2259
2260
2264
2265
2267
2268
2269
2270
2271
2275
2276
2279
2281
2283
2284
2285
2286
2287
2288
2289
2290
2292
2293
2295
2297
2299
2300
2301
2303
2304
2306
2307
2308
2309
2310
2311
2312
2313
2314
2315
2319
2320
2322
2323
2324
2325
2326
2327
2328
2329
2331
2336
2337
2338
2339
2341
2342
2343
2344
2346
2348
2349
2351
2352
2353
2354
2355
2356
2357
2362
2363
2365
2367
2368
2369
2371
2372
2373
2375
2376
2377
2378
2379
2380
2381
2382
2383
2384
2385
2386
2387
2388
2389
2390
2391
2393
2394
2395
2397
2398
2399
2400
2401
2402
2403
2405
2409
2410
2411
2412
2416
2417
2422
2423
2424
2425
2426
2428
2429
2431
2432
2433
2434
2435
2436
2437
2440
2441
2442
2443
2444
2445
2447
2448
2450
2451
2452
2453
2454
2456
2457
2459
2460
2461
2462
2464
2465
2466
2469
2472
2473
2474
2475
2476
2477
2478
2479
2480
2482
2483
2485
2486
2487
2488
2489
2490
2491
2495
2496
2497
2499
2500
2501
2502
2503
2504
2505
2506
2508
2509
2512
2513
2515
2516
2517
2518
2519
2520
2521
2525
2526
2527
2529
2530
2531
2532
2533
2534
2535
2540
2541
2543
2544
2545
2546
2547
2548
2549
2550
2556
2557
2558
2559
2560
2561
2565
2566
2567
2569
2570
2571
2573
2574
2576
2581
2582
2583
2584
2585
2586
2587
2590
2591
2592
2594
2595
2596
2597
2599
2600
2601
2602
2603
2604
2605
2606
2607
2608
2611
2612
2613
2614
2615
2616
2617
2618
2619
2620
2621
2622
2626
2627
2628
2629
2630
2631
2632
2633
2634
2635
2636
2637
2638
2639
2641
2646
2647
2649
2650
2651
2652
2653
2654
2655
2656
2659
2661
2662
2663
2664
2666
2667
2670
2674
2675
2676
2677
2679
2680
2681
2684
2687
2688
2689
2690
2692
2693
2694
2695
2696
2697
2698
2699
2702
2706
2707
2708
2709
2710
2714
2715
2717
2718
2719
2721
2722
2723
2724
2727
2728
2729
2731
2733
2735
2737
2738
2741
2742
2744
2745
2746
2747
2749
2750
2752
2753
2754
2755
2757
2758
2759
2761
2762
2763
2767
2768
2769
2771
2772
2773
2776
2777
2780
2781
2784
2785
2786
2788
2789
2790
2791
2793
2795
2796
2797
2799
2801
2802
2803
2805
2806
2807
2808
2812
2814
2815
2816
2820
2821
2822
2825
2826
2827
2828
2829
2833
2834
2835
2836
2838
2839
2840
2841
2842
2843
2844
2847
2849
2850
2852
2855
2856
2857
2858
2859
2864
2866
2868
2869
2870
2871
2872
2873
2874
2876
2877
2879
2881
2883
2884
2885
2891
2892
2893
2894
2895
2896
2898
2899
2900
2901
2902
2903
2904
2905
2906
2907
2908
2909
2911
2913
2914
2915
2916
2917
2918
2919
2921
2922
2923
2924
2926
2929
2930
2931
2932
2935
2936
2937
2939
2940
2943
2944
2946
2947
2948
2949
2950
2952
2953
2954
2956
2957
2958
2959
2960
2961
2962
2964
2967
2971
2972
2974
2975
2977
2978
2979
2980
2981
2982
2985
2986
2987
2988
2989
2990
2991
2992
2993
2994
2995
2996
2997
2998
3000
3001
3002
3004
3006
3007
3008
3010
3011
3012
3014
3015
3016
3019
3020
3022
3023
3024
3025
3026
3027
3028
3030
3031
3032
3033
3034
3036
3037
3038
3039
3040
3041
3042
3043
3044
3045
3046
3047
3048
3049
3050
3051
3052
3055
3056
3060
3061
3067
3068
3069
3070
3071
3074
3075
3076
3077
3079
3080
3081
3082
3085
3086
3087
3088
3091
3092
3093
3094
3096
3097
3098
3099
3100
3101
3102
3103
3104
3105
3106
3107
3108
3112
3114
3115
3116
3118
3119
3120
3121
3122
3123
3124
3125
3126
3127
3128
3129
3130
3131
3132
3133
3134
3135
3136
3137
3138
3139
3140
3141
3142
3143
3144
3146
3147
3148
3149
3151
3152
3153
3154
3155
3156
3157
3158
3159
3160
3161
3162
3166
3168
3169
3170
3171
3172
3173
3175
3176
3177
3178
3179
3180
3181
3182
3183
3185
3189
3190
3191
3192
3193
3194
3195
3196
3197
3198
3199
3200
3201
3202
3203
3205
3206
3207
3208
3209
3210
3211
3212
3214
3215
3216
3217
3218
3219
3222
3226
3227
3228
3229
3230
3232
3233
3237
3239
3240
3241
3242
3243
3244
3245
3246
3247
3248
3249
3252
3254
3255
3257
3258
3259
3261
3264
3265
3266
3267
3268
3270
3271
3272
3273
3274
3276
3278
3279
3281
3282
3283
3285
3287
3291
3292
3293
3294
3295
3296
3297
3298
3299
3300
3301
3303
3304
3305
3308
3310
3312
3313
3314
3316
3317
3318
3319
3320
3321
3322
3323
3324
3325
3326
3327
3328
3329
3330
3331
3332
3333
3334
3335
3336
3337
3338
3339
3341
3344
3345
3346
3347
3348
3349
3351
3352
3353
3355
3356
3357
3358
3359
3360
3361
3362
3363
3364
3365
3367
3370
3371
3373
3375
3376
3377
3378
3379
3381
3382
3383
3384
3386
3387
3388
3390
3391
3393
3394
3395
3396
3397
3398
3399
3401
3403
3404
3405
3406
3407
3408
3409
3410
3411
3412
3413
3414
3415
3416
3417
3418
3420
3421
3424
3425
3426
3427
3428
3430
3431
3432
3433
3434
3435
3436
3437
3438
3439
3440
3441
3443
3444
3446
3448
3450
3452
3453
3455
3456
3457
3458
3459
3460
3461
3462
3463
3465
3466
3467
3468
3469
3470
3472
3474
3475
3476
3477
3478
3479
3481
3482
3483
3484
3485
3486
3487
3488
3489
3490
3491
3492
3493
3494
3495
3496
3498
3499
3500
3501
3502
3503
3504
3505
3506
3508
3509
3513
3515
3516
3517
3519
3522
3523
3527
3530
3531
3533
3534
3535
3536
3537
3538
3540
3541
3542
3546
3547
3548
3550
3551
3552
3553
3554
3556
3557
3559
3561
3562
3564
3565
3569
3570
3571
3572
3573
3574
3578
3579
3580
3581
3582
3583
3584
3586
3589
3590
3591
3592
3593
3594
3597
3598
3599
3600
3601
3602
3603
3604
3608
3609
3610
3611
3612
3613
3614
3615
3616
3617
3618
3620
3621
3623
3625
3626
3628
3629
3630
3631
3633
3636
3637
3638
3639
3641
3643
3645
3646
3647
3648
3649
3651
3652
3654
3655
3656
3657
3658
3661
3662
3664
3665
3667
3669
3670
3671
3672
3673
3674
3675
3676
3678
3679
3680
3681
3682
3683
3684
3685
3686
3687
3688
3689
3692
3693
3694
3695
3696
3697
3698
3699
3700
3702
3703
3704
3705
3706
3707
3709
3710
3711
3712
3713
3714
3715
3716
3717
3718
3719
3721
3722
3723
3725
3726
3727
3728
3729
3730
3732
3733
3734
3735
3736
3738
3739
3740
3741
3743
3745
3746
3747
3748
3749
3750
3751
3752
3754
3755
3756
3757
3758
3760
3762
3763
3765
3766
3768
3769
3771
3772
3774
3775
3776
3777
3778
3779
3780
3781
3782
3783
3785
3787
3788
3789
3790
3793
3794
3795
3796
3797
3798
3799
3800
3801
3802
3805
3808
3809
3810
3811
3812
3817
3818
3819
3820
3821
3822
3823
3825
3827
3829
3830
3832
3833
3834
3835
3837
3838
3840
3842
3843
3847
3849
3850
3851
3852
3853
3854
3855
3856
3857
3858
3859
3861
3864
3866
3868
3869
3871
3874
3875
3877
3878
3880
3881
3882
3883
3884
3885
3887
3888
3890
3891
3892
3894
3895
3896
3897
3899
3900
3902
3903
3904
3905
3908
3909
3910
3911
3914
3915
3916
3917
3918
3920
3922
3923
3924
3925
3927
3928
3929
3931
3932
3933
3935
3936
3939
3940
3941
3942
3944
3947
3948
3950
3951
3952
3953
3954
3955
3956
3957
3961
3963
3964
3965
3966
3969
3970
3971
3972
3974
3975
3976
3978
3979
3983
3984
3985
3986
3987
3989
3991
3992
3993
3994
3995
3996
3997
3998
3999
4001
4003
4004
4005
4006
4009
4010
4011
4012
4014
4015
4016
4017
4018
4019
4020
4021
4022
4023
4024
4025
4026
4027
4028
4030
4031
4032
4033
4034
4035
4036
4037
4038
4039
4040
4041
4042
4043
4044
4045
4046
4047
4048
4049
4050
4051
4052
4053
4054
4055
4056
4057
4058
4059
4060
4061
4064
4065
4066
4067
4068
4069
4070
4071
4072
4073
4074
4076
4077
4078
4079
4081
4085
4087
4088
4089
4091
4092
4093
4094
4095
4096
4097
4098
4099
4100
4101
4102
4103
4104
4105
4106
4107
4108
4109
4110
4111
4112
4114
4116
4118
4119
4120
4121
4122
4123
4124
4125
4127
4128
4129
4130
4131
4132
4133
4134
4136
4137
4138
4139
4140
4142
4144
4145
4146
4147
4148
4149
4150
4152
4153
4154
4155
4157
4158
4160
4161
4162
4163
4164
4165
4167
4168
4170
4171
4172
4173
4174
4175
4177
4178
4180
4181
4183
4184
4185
4186
4187
4188
4189
4191
4193
4197
4198
4200
4201
4202
4203
4204
4205
4206
4207
4208
4209
4210
4211
4212
4213
4214
4215
4216
4217
4218
4219
4220
4221
4222
4223
4224
4226
4227
4228
4230
4231
4233
4234
4235
4236
4237
4238
4239
4240
4242
4245
4246
4247
4248
4250
4252
4253
4255
4256
4257
4259
4260
4261
4262
4264
4267
4269
4270
4271
4272
4273
4274
4275
4276
4277
4279
4280
4281
4282
4283
4284
4285
4286
4288
4289
4290
4292
4295
4297
4298
4299
4300
4301
4302
4303
4306
4308
4309
4310
4311
4312
4313
4314
4315
4316
4317
4320
4321
4322
4323
4325
4326
4327
4329
4331
4332
4333
4334
4335
4336
4337
4338
4339
4340
4341
4342
4343
4344
4345
4346
4348
4349
4350
4352
4354
4356
4357
4358
4359
4360
4361
4364
4365
4366
4367
4368
4370
4372
4373
4374
4375
4377
4378
4380
4382
4383
4384
4386
4387
4388
4389
4390
4393
4395
4396
4398
4399
4400
4401
4402
4403
4404
4405
4406
4407
4411
4412
4413
4414
4415
4416
4417
4418
4419
4420
4421
4422
4423
4424
4426
4428
4430
4431
4432
4433
4434
4435
4436
4438
4439
4440
4441
4442
4443
4444
4445
4446
4447
4448
4451
4452
4453
4454
4455
4456
4457
4459
4460
4461
4462
4465
4466
4467
4468
4469
4470
4471
4472
4473
4474
4475
4476
4477
4478
4479
4481
4482
4483
4484
4485
4486
4487
4488
4489
4490
4491
4493
4494
4495
4496
4497
4498
4499
4500
4501
4502
4503
4504
4505
4506
4507
4508
4509
4510
4511
4512
4514
4516
4517
4518
4519
4520
4521
4522
4523
4524
4525
4526
4527
4528
4529
4531
4533
4535
4537
4540
4541
4542
4543
4544
4546
4549
4550
4551
4552
4554
4556
4557
4558
4560
4561
4565
4567
4571
4572
4573
4575
4577
4578
4579
4581
4582
4583
4584
4585
4586
4587
4588
4589
4590
4591
4592
4593
4595
4596
4598
4600
4601
4603
4604
4605
4607
4608
4610
4611
4614
4615
4616
4618
4619
4620
4621
4623
4624
4625
4626
4627
4628
4630
4631
4633
4634
4635
4636
4637
4638
4639
4641
4642
4643
4644
4645
4646
4647
4648
4649
4651
4652
4653
4654
4655
4657
4658
4660
4662
4663
4664
4665
4666
4667
4668
4669
4670
4671
4672
4673
4674
4675
4676
4677
4678
4679
4680
4681
4683
4684
4686
4687
4689
4690
4691
4692
4696
4697
4698
4699
4701
4702
4703
4704
4705
4706
4708
4709
4710
4711
4712
4713
4714
4715
4716
4717
4718
4719
4720
4721
4722
4723
4725
4726
4727
4728
4729
4730
4731
4732
4733
4734
4735
4736
4737
4738
4739
4741
4742
4743
4744
4745
4746
4748
4749
4750
4751
4753
4754
4755
4756
4757
4758
4759
4760
4761
4762
4763
4764
4765
4766
4767
4768
4769
4770
4771
4772
4773
4774
4775
4777
4778
4779
4780
4781
4782
4783
4785
4786
4787
4788
4789
4790
4792
4793
4794
4795
4796
4797
4798
4799
4800
4801
4804
4805
4806
4808
4810
4811
4812
4813
4814
4817
4819
4820
4821
4822
4823
4825
4827
4828
4829
4830
4831
4833
4835
4836
4837
4838
4839
4840
4841
4842
4843
4844
4845
4848
4849
4850
4851
4854
4855
4856
4857
4858
4859
4860
4861
4862
4863
4864
4865
4867
4869
4870
4871
4872
4873
4874
4875
4876
4877
4878
4879
4881
4883
4884
4885
4886
4887
4888
4889
4891
4892
4893
4894
4895
4898
4899
4900
4901
4902
4904
4905
4906
4908
4909
4910
4912
4913
4914
4915
4916
4918
4919
4920
4921
4922
4923
4924
4925
4926
4927
4928
4929
4930
4931
4933
4934
4936
4937
4938
4939
4940
4941
4942
4943
4944
4945
4946
4947
4949
4950
4951
4952
4953
4954
4955
4958
4959
4960
4963
4964
4965
4966
4967
4968
4969
4970
4971
4972
4973
4974
4975
4976
4977
4980
4981
4982
4983
4984
4986
4987
4988
4990
4991
4992
4993
4995
4996
4998
4999
5000
5001
5002
5003
5004
5005
5006
5008
5010
5011
5013
5015
5016
5017
5018
5020
5022
5023
5024
5025
5026
5028
5029
5030
5031
5032
5033
5034
5035
5036
5037
5038
5039
5040
5041
5042
5043
5044
5045
5046
5047
5048
5049
5050
5051
5052
5053
5054
5055
5056
5057
5058
5060
5063
5064
5065
5067
5068
5069
5070
5071
5072
5073
5074
5075
5076
5077
5078
5080
5081
5082
5083
5084
5085
5086
5087
5089
5090
5091
5092
5093
5095
5096
5097
5098
5099
5100
5101
5102
5103
5107
5108
5109
5110
5111
5112
5113
5114
5115
5116
5117
5119
5120
5121
5122
5123
5124
5126
