0
1
1
1
0
0
2
2
1
3
3
1
1
2
2
2
2
2
2
2
2
2
2
2
0
0
1
1
2
1
1
1
1
3
2
1
1
1
1
1
2
0
1
0
0
0
0
0
0
1
0
1
1
2
1
1
1
0
1
2
2
1
1
0
1
1
0
1
1
1
1
1
1
1
1
2
2
1
1
1
1
1
1
1
1
3
3
1
1
1
1
0
1
1
1
1
0
1
1
1
0
1
1
1
1
0
1
1
1
2
2
2
1
1
1
1
1
1
1
1
1
1
1
1
1
1
1
1
1
0
1
2
1
1
1
1
1
1
0
1
1
1
1
0
1
1
1
1
1
2
1
1
1
1
0
1
1
2
1
0
2
1
2
2
0
1
1
1
1
0
0
0
2
1
0
1
0
0
0
0
1
2
2
0
1
1
1
1
1
1
1
1
1
1
0
1
0
1
1
1
1
1
1
0
2
1
1
1
1
0
1
1
1
1
1
1
1
1
1
1
1
1
1
1
1
0
2
0
1
1
1
1
1
1
1
1
1
1
1
1
1
1
1
1
1
1
1
1
1
1
1
2
1
1
1
1
1
3
1
1
1
2
1
1
1
3
0
1
1
1
1
1
0
1
2
2
0
1
2
3
2
2
0
1
0
1
3
1
0
0
1
0
0
1
1
0
1
1
1
1
1
1
1
1
1
1
1
1
1
1
0
0
0
1
1
1
1
1
1
2
1
1
1
1
1
1
1
1
0
1
1
1
0
0
3
1
0
0
0
0
0
0
0
0
0
1
1
1
1
1
0
1
1
3
1
1
1
1
1
1
1
0
0
0
0
1
0
2
0
1
1
1
3
1
0
0
0
3
0
0
0
3
3
3
0
0
3
0
0
3
3
3
3
3
3
3
3
3
3
3
3
3
3
3
3
3
3
3
3
3
3
3
3
3
3
3
3
3
3
3
3
3
3
3
3
3
3
3
3
3
3
3
3
3
3
3
3
3
3
3
3
3
3
3
3
3
3
3
3
3
3
3
3
3
3
3
3
3
3
3
3
3
3
3
3
3
3
3
3
3
3
3
3
3
3
3
3
3
3
3
3
3
3
0
0
3
3
3
3
3
3
3
3
1
3
3
3
3
3
3
3
3
3
3
3
3
3
2
2
3
3
0
3
3
3
3
3
3
3
3
2
3
3
3
3
3
3
3
3
3
3
3
3
0
0
3
3
3
3
3
3
0
3
3
3
3
3
0
3
3
3
3
3
0
3
3
0
2
0
3
3
3
3
3
3
3
0
3
1
1
3
1
1
1
1
1
1
1
0
3
3
3
3
3
0
3
0
3
3
2
3
3
3
3
3
0
3
3
3
3
3
3
3
3
0
3
3
3
3
3
3
0
3
0
3
3
3
3
3
3
2
2
2
2
2
2
2
2
2
2
2
2
2
2
3
3
3
0
3
3
3
2
0
3
3
0
3
3
3
3
3
3
3
1
3
0
0
0
3
0
3
3
3
3
0
3
3
3
3
3
3
3
0
3
3
0
2
3
3
3
0
0
0
3
3
3
3
3
3
0
3
3
0
0
0
2
0
3
0
0
3
3
2
3
0
3
3
0
3
3
3
3
3
3
3
3
3
0
0
3
3
3
0
3
3
3
3
3
3
3
0
3
0
0
3
3
2
3
3
3
3
3
3
3
3
2
3
3
3
3
3
2
3
2
3
3
3
3
0
0
3
0
0
3
3
0
3
3
0
3
3
3
3
3
3
3
3
3
3
3
3
0
0
3
0
0
0
0
3
3
0
3
0
0
3
0
0
3
3
0
3
3
3
3
3
3
3
3
3
3
3
0
3
3
3
0
3
3
3
3
3
3
3
3
3
3
0
0
3
3
3
3
3
3
3
2
0
3
3
3
3
3
3
3
3
3
3
3
3
3
0
0
3
3
0
0
3
3
3
3
3
3
3
0
2
3
3
3
2
2
3
0
3
3
3
3
3
3
3
3
3
3
3
3
3
3
3
0
3
3
3
3
3
3
3
3
3
3
3
3
3
0
3
3
3
3
3
3
3
3
3
3
3
3
3
3
3
3
3
3
3
3
0
0
3
0
3
3
3
3
3
3
3
3
3
3
3
3
3
3
3
3
3
3
3
3
3
3
3
3
3
3
3
3
3
3
3
3
3
0
3
0
0
3
3
3
0
3
3
3
3
3
0
0
0
0
3
0
0
3
3
3
3
3
3
3
3
3
3
3
3
3
3
3
3
3
3
3
3
3
0
3
0
3
3
0
3
3
3
3
3
3
3
0
3
0
3
3
3
0
3
0
0
3
3
3
3
3
0
0
3
3
0
3
3
3
3
0
3
3
3
3
0
3
3
3
3
3
3
0
0
2
0
2
2
2
2
2
0
0
3
3
3
3
3
3
3
3
3
3
0
3
3
3
3
1
4
4
5
6
6
5
7
6
7
7
7
7
7
7
7
7
7
7
7
7
7
7
8
7
7
7
7
7
7
7
7
7
7
7
7
7
7
7
7
7
7
7
7
7
7
9
9
9
9
9
9
9
9
9
9
9
9
9
9
9
9
9
9
9
9
9
9
9
9
9
9
9
9
9
9
9
9
9
9
9
9
9
10
11
12
13
13
165
5
5
5
5
14
5
12
15
16
114
12
12
17
13
13
13
18
18
7
7
7
7
7
7
7
7
7
7
7
5
5
5
5
8
5
18
19
18
18
18
19
19
102
20
20
21
21
21
21
21
21
21
21
21
21
21
21
22
81
12
12
23
24
25
18
18
26
26
27
26
18
18
28
21
21
21
21
21
21
29
26
18
18
30
39
8
30
30
9
9
9
9
9
9
9
9
9
9
9
9
9
9
9
9
9
9
9
9
9
9
9
9
9
9
5
5
5
5
5
18
18
31
14
24
18
24
22
32
12
8
5
5
15
12
211
12
12
33
18
18
18
494
18
18
12
12
34
35
35
12
12
12
18
35
35
36
18
27
78
27
33
37
34
34
34
34
34
34
18
8
34
38
34
18
18
39
40
18
34
34
34
34
34
19
42
19
34
34
34
34
34
34
34
34
34
20
41
27
30
30
30
42
30
42
18
18
39
43
43
35
35
35
24
44
27
42
27
42
30
30
30
30
39
30
27
45
40
40
40
14
46
47
48
39
20
49
35
35
35
35
39
24
42
8
39
39
39
24
24
24
27
27
30
24
24
12
35
50
35
35
44
35
35
35
44
42
44
18
22
22
44
44
18
44
35
35
44
12
12
35
18
18
35
35
14
12
14
60
14
9
14
9
9
9
9
9
9
9
9
9
9
9
42
51
9
9
9
9
9
9
9
9
9
9
9
9
9
9
9
9
9
9
9
44
44
41
41
41
41
52
625
44
53
42
42
42
42
18
27
18
27
27
34
42
42
42
42
42
42
42
54
18
18
24
24
24
45
24
24
24
55
55
55
12
8
18
56
491
35
12
20
35
35
35
41
44
41
57
44
34
34
34
39
50
35
18
18
18
45
18
41
58
59
59
18
12
12
60
60
44
44
61
9
9
9
9
9
9
9
18
44
18
9
9
9
9
9
9
9
9
9
9
9
9
9
11
42
20
20
20
20
18
18
20
20
45
18
34
35
18
18
12
18
12
12
45
20
20
41
41
41
20
20
20
20
20
53
53
62
62
62
62
62
62
62
62
62
62
62
62
45
18
9
18
18
18
18
18
18
45
14
18
18
61
61
90
8
53
40
8
34
41
41
18
53
15
63
34
38
41
34
41
40
41
18
18
64
44
45
45
18
34
8
12
12
12
18
24
24
24
24
65
66
40
18
27
1180
27
39
27
67
67
18
18
67
67
67
67
67
67
67
67
11
27
115
67
67
67
67
67
67
67
67
67
67
27
123
68
491
34
34
18
18
42
18
18
18
45
69
18
44
42
42
12
41
41
12
18
18
62
62
62
62
62
62
62
62
62
62
62
62
62
62
62
62
62
62
62
62
62
62
62
62
62
62
18
18
9
9
42
9
9
9
9
9
9
9
9
9
9
9
9
9
9
9
9
9
50
11
9
9
9
9
9
9
18
15
18
70
34
34
34
34
34
71
90
18
72
18
18
18
18
18
8
48
74
38
38
38
38
38
38
38
41
63
42
18
38
38
48
38
38
38
45
73
42
18
18
18
18
15
42
42
42
15
15
18
75
75
75
75
75
75
75
75
75
76
76
491
77
77
77
77
50
78
78
78
78
78
78
78
78
78
78
78
78
78
78
78
78
78
78
78
78
78
78
78
78
78
78
78
78
78
78
78
78
78
78
78
78
78
18
18
18
78
78
78
78
78
78
79
79
80
80
80
18
42
42
9
9
9
9
9
9
9
9
9
9
9
9
9
9
9
9
9
9
9
9
9
9
9
9
9
9
9
9
9
9
18
26
62
40
18
34
18
34
34
34
34
34
34
34
44
15
150
27
82
27
123
27
81
9
42
59
59
15
29
81
15
81
18
14
14
18
42
42
42
18
18
81
81
81
81
18
18
18
39
11
18
18
82
82
82
82
82
82
82
82
82
82
82
27
82
82
39
34
34
34
34
18
18
42
41
83
83
83
83
83
83
83
83
22
134
84
42
42
42
42
84
18
44
85
85
15
86
85
87
87
87
45
18
88
81
88
89
622
90
38
91
18
18
18
18
81
81
42
42
18
18
18
18
67
34
34
34
18
62
62
62
42
42
44
42
42
42
42
91
1956
7
35
8
42
18
35
22
18
9
92
15
15
150
91
42
93
42
84
94
91
95
491
90
95
42
42
18
58
18
34
34
34
42
42
42
42
42
42
42
44
42
42
18
18
95
18
45
45
45
45
45
45
18
27
27
27
27
19
27
27
96
134
19
18
95
23
44
44
44
44
44
18
41
30
51
42
97
216
97
216
42
41
41
11
51
81
23
51
98
44
27
18
18
44
44
30
30
30
99
99
99
99
99
44
44
99
51
18
42
41
42
42
41
41
494
41
41
100
44
44
39
18
62
39
39
62
39
39
18
62
62
18
45
7
7
42
42
7
7
7
7
45
101
101
101
7
7
44
27
102
27
55
55
27
27
27
27
102
103
51
51
18
18
19
18
18
18
104
18
41
90
105
8
8
41
41
41
106
19
45
18
19
19
62
19
836
9
105
41
41
41
107
107
18
107
108
90
88
107
107
107
30
107
18
107
107
237
102
23
102
105
203
18
41
41
41
107
107
107
18
107
18
107
107
18
107
107
107
107
107
107
109
107
18
107
18
18
18
18
45
45
45
102
110
111
111
110
18
112
90
113
114
90
90
67
118
67
67
494
67
18
18
18
18
115
115
216
115
115
115
115
115
115
115
115
45
45
115
115
45
131
115
115
102
115
115
115
23
115
115
115
115
115
115
115
115
115
115
115
115
15
115
115
115
15
494
15
116
102
62
62
44
44
62
62
62
117
44
117
44
42
115
117
117
117
131
62
62
62
118
30
30
30
102
30
44
32
44
55
55
55
18
18
18
18
9
9
9
9
9
9
9
9
9
9
9
9
9
9
9
9
9
9
9
9
9
9
9
9
9
9
9
45
45
45
45
45
27
119
27
1134
27
107
27
216
27
48
91
120
120
120
491
120
491
100
65
119
119
119
41
41
41
15
15
121
122
130
23
9
9
9
9
9
9
9
9
9
9
9
9
9
9
9
9
9
9
9
9
9
9
9
9
9
9
9
9
9
9
9
9
9
9
9
9
90
23
115
15
81
9
93
18
18
18
18
18
18
18
18
18
18
18
124
124
216
9
124
39
27
14
14
11
125
125
7
119
126
131
126
126
126
126
126
126
126
126
126
8
32
8
8
91
117
94
7
55
55
55
55
55
55
55
45
81
81
3010
45
45
45
45
81
127
127
126
32
128
128
128
128
128
128
128
23
129
81
81
81
81
130
130
41
41
59
59
30
42
7
7
7
7
7
44
44
44
7
189
131
131
131
40
23
23
18
18
81
8
8
81
8
27
27
117
117
8
117
117
7
7
117
7
45
9
9
38
9
9
9
9
38
9
9
9
38
9
9
9
9
9
38
48
38
38
48
38
429
38
48
38
429
38
1180
38
836
27
27
45
23
14
15
132
133
135
135
135
38
48
18
18
18
38
136
136
136
136
136
136
137
88
117
38
38
38
1180
138
38
203
38
38
38
38
38
115
115
115
115
115
45
45
45
45
45
45
27
62
27
131
15
15
15
15
139
1180
98
139
62
139
15
15
15
15
15
15
15
15
15
15
45
45
45
140
41
41
141
39
14
14
14
142
142
23
143
1134
143
9
27
11
11
117
38
38
38
38
38
7
7
7
7
131
131
131
131
131
144
145
32
32
81
81
146
9
9
9
81
15
115
115
48
23
147
23
26
147
147
30
131
148
1835
45
45
45
45
45
45
134
90
90
45
45
45
9
9
9
9
9
9
9
9
45
149
9
23
9
14
109
45
27
130
150
150
88
150
150
15
15
15
15
15
18
18
18
18
18
18
18
151
18
18
18
18
34
81
152
81
81
81
27
27
153
153
153
153
153
18
27
53
40
154
154
131
131
27
131
45
131
131
131
53
42
23
23
99
99
51
207
51
60
51
51
62
51
187
51
187
268
51
187
51
62
51
187
51
187
7
51
51
60
51
60
51
62
51
187
8
51
62
51
62
51
62
51
8
27
27
27
27
27
131
51
62
51
62
51
62
51
62
48
157
51
62
51
62
51
62
51
62
51
51
93
1835
155
156
157
44
22
60
60
60
60
134
60
9
9
9
9
9
9
9
9
9
158
9
9
9
9
9
9
9
9
9
9
9
18
27
42
42
42
42
27
18
159
133
160
18
39
161
115
15
15
15
15
15
15
42
18
42
42
44
15
15
45
162
87
87
87
18
44
44
163
44
11
45
11
109
115
115
23
44
62
81
81
81
81
81
134
81
39
163
39
163
119
40
40
44
164
107
107
107
107
107
107
107
107
107
107
107
77
115
23
131
131
23
165
166
39
18
18
165
165
167
165
165
165
165
165
165
60
60
60
41
41
48
115
115
48
115
27
27
18
27
27
27
27
115
23
51
27
27
27
27
27
18
18
27
115
27
27
27
168
27
62
62
62
62
62
62
62
62
62
62
62
62
44
62
169
109
109
42
150
150
150
150
90
60
90
18
8
18
18
18
18
18
18
18
18
18
109
109
18
18
51
62
51
469
51
62
51
62
51
62
51
62
51
62
51
62
51
62
51
62
51
62
51
62
51
62
51
62
51
62
51
1180
51
1180
51
1180
170
27
115
27
88
15
15
171
51
51
51
235
51
187
51
187
44
51
51
187
51
145
145
51
51
150
45
51
51
30
494
102
81
81
172
172
109
109
81
81
39
18
18
18
18
27
30
18
18
18
18
18
18
18
18
18
27
18
18
18
18
18
18
18
18
18
18
18
18
18
18
18
18
18
18
18
18
18
18
18
18
18
18
18
18
18
18
150
150
149
149
9
9
9
9
9
9
9
9
9
9
62
9
90
173
173
216
62
62
62
9
30
42
40
27
115
115
115
115
115
115
115
115
115
115
115
115
115
115
115
115
429
115
115
115
115
115
115
115
115
115
115
115
115
115
115
115
115
115
115
115
115
115
115
115
115
115
115
495
115
9
115
115
216
115
115
115
115
115
115
115
216
115
115
115
115
115
115
115
115
45
115
102
115
115
115
115
115
44
115
115
115
115
115
115
115
115
115
115
9
115
115
115
115
115
115
115
115
115
115
115
115
115
115
115
115
115
115
115
115
115
115
115
115
115
115
115
115
115
115
115
115
115
115
115
115
115
115
115
115
174
175
176
107
107
81
27
42
81
81
107
107
81
117
8
150
86
42
131
34
9
9
9
9
9
121
177
45
30
178
51
51
51
51
51
51
51
51
51
51
42
45
51
51
51
23
15
51
51
51
51
51
51
51
51
51
51
51
51
2315
81
81
81
39
87
102
39
39
39
39
39
39
45
7
119
42
44
87
87
87
44
119
27
45
45
134
23
7
7
51
45
51
7
7
51
51
51
51
51
51
51
51
51
51
51
51
51
51
45
42
45
45
45
45
179
115
18
18
18
23
115
115
115
8
115
115
115
115
115
115
115
81
179
81
81
115
115
115
115
115
115
115
115
115
115
115
115
115
115
115
115
115
115
115
115
60
180
90
90
41
9
9
115
115
90
9
9
9
115
115
115
115
115
115
115
115
115
115
115
115
27
1194
115
115
115
115
115
115
115
115
115
115
11
115
115
115
115
115
115
81
115
115
115
115
115
115
115
115
115
115
115
115
115
115
115
115
115
115
115
115
115
115
115
115
115
115
115
115
115
115
115
115
115
115
115
42
42
115
62
178
150
150
115
3317
115
115
115
115
3317
115
115
115
614
81
131
81
115
115
81
115
23
149
115
115
115
115
115
115
115
115
131
131
115
115
131
150
45
27
149
88
15
15
45
146
181
42
45
45
45
45
27
2720
81
182
182
62
62
62
62
62
62
62
62
62
62
62
62
62
62
62
62
42
62
62
62
62
62
62
62
62
62
62
62
62
62
62
62
62
62
62
62
62
62
62
62
62
62
62
42
42
62
62
62
42
7
7
27
27
7
40
131
23
179
183
183
183
18
18
18
18
64
64
18
18
158
39
42
23
424
23
23
41
39
81
115
115
115
115
115
115
115
115
115
115
115
115
115
115
115
115
115
115
180
115
115
115
115
115
115
115
115
115
115
27
149
9
9
9
9
9
9
9
9
9
9
44
62
62
62
62
62
62
62
62
23
115
23
115
115
23
23
45
44
44
23
23
44
38
38
23
23
158
45
45
38
38
38
38
23
23
15
81
90
45
45
81
45
119
42
158
119
119
119
119
119
119
119
34
119
34
180
180
180
180
2995
180
180
45
45
45
152
45
45
45
45
184
125
18
51
149
185
51
23
18
55
55
55
55
55
55
55
55
186
158
158
15
15
131
42
81
81
18
18
18
115
115
18
115
18
115
23
23
23
180
38
39
180
180
180
38
187
188
203
90
188
188
188
188
188
188
149
149
149
149
149
81
149
149
149
149
149
81
182
149
149
149
149
149
149
149
149
149
149
158
158
18
38
38
158
38
149
149
149
149
149
149
149
149
149
149
149
149
149
149
149
149
149
19
149
149
149
149
149
149
149
149
149
149
149
149
149
149
149
149
149
149
149
149
149
149
149
149
26
15
163
18
18
131
88
64
189
23
23
115
131
158
155
190
39
44
115
23
191
192
193
90
194
150
180
180
23
51
51
51
23
64
23
180
180
182
216
180
23
23
146
195
115
115
115
115
115
115
115
115
115
115
115
115
115
115
115
115
115
115
115
115
115
115
115
115
115
115
115
115
115
115
115
115
189
42
115
131
115
115
115
146
196
165
19
90
42
197
115
23
23
23
45
45
45
45
196
18
18
18
115
45
45
45
45
45
45
45
45
45
198
198
62
62
62
62
84
62
62
62
62
62
62
62
63
138
27
44
23
44
42
40
199
199
216
149
149
149
199
149
90
30
41
62
30
41
216
149
149
149
149
149
149
149
149
149
149
149
149
149
149
149
149
149
189
9
9
9
9
9
9
9
9
9
9
9
9
9
9
9
9
9
9
9
9
9
9
9
90
23
23
23
9
15
154
200
42
15
15
42
15
15
15
15
15
23
40
15
15
15
15
15
23
15
23
39
115
23
23
23
23
201
187
201
62
201
202
42
62
62
62
62
62
62
62
62
62
62
62
62
62
62
62
62
203
203
203
203
14
14
14
14
204
115
115
115
115
205
115
115
115
115
115
187
187
187
187
187
187
115
115
115
115
115
115
115
115
115
115
67
115
115
115
115
115
115
115
23
115
115
115
115
115
115
23
23
23
23
23
206
18
115
23
23
23
23
115
23
115
115
115
115
115
115
115
115
115
115
207
207
42
23
23
23
67
138
23
44
23
23
23
207
44
44
75
2322
81
208
75
2322
15
127
62
62
62
115
115
115
189
127
127
115
189
149
149
266
127
23
127
127
64
127
127
18
18
18
18
81
18
18
18
67
138
201
150
23
23
115
207
39
209
210
9
9
9
9
9
9
9
9
9
9
9
9
9
9
15
15
23
23
15
15
15
23
23
23
23
23
15
15
15
15
15
189
189
189
211
9
9
9
9
9
9
40
44
44
44
18
18
18
18
18
18
18
39
39
212
81
131
81
213
214
215
204
39
133
44
136
23
136
136
44
44
44
3020
115
138
23
23
23
44
23
23
44
23
23
23
23
23
23
23
23
207
207
23
23
206
206
207
207
207
207
207
207
216
216
45
18
45
45
81
217
18
18
44
84
207
23
44
207
207
207
207
207
207
44
44
44
178
207
207
207
207
81
81
207
218
218
81
42
201
115
90
90
90
90
146
115
109
219
15
15
15
15
15
18
18
15
15
149
44
102
207
207
207
207
216
220
42
44
44
62
62
62
62
62
44
62
62
216
221
221
216
67
67
30
30
216
216
67
67
67
41
62
41
41
62
41
3010
35
41
41
131
35
41
215
216
41
216
62
67
67
15
62
86
62
62
62
62
206
9
9
9
9
9
9
9
9
9
9
9
9
9
9
9
9
9
9
9
9
9
9
222
223
149
158
224
23
41
170
62
62
62
62
62
62
41
225
196
27
102
23
226
166
219
227
3091
228
19
19
19
19
39
39
19
19
19
19
19
19
19
19
19
41
41
41
19
42
19
19
19
19
19
19
216
19
27
9
19
19
44
19
90
19
3108
229
188
188
188
491
30
230
231
232
38
38
38
38
233
38
38
38
38
38
9
9
9
38
9
9
38
9
38
9
9
9
38
38
9
9
9
9
9
9
9
9
9
9
9
9
9
9
9
9
9
187
187
187
187
187
187
187
187
187
187
187
187
187
187
234
9
9
90
233
234
211
42
187
187
187
187
187
187
187
187
38
236
233
238
90
239
240
18
183
183
183
183
102
55
55
55
55
60
241
45
242
242
243
244
90
90
90
245
15
152
9
152
9
9
9
9
9
9
9
9
9
9
9
9
9
9
9
102
246
90
247
41
15
41
115
247
41
45
115
115
115
115
115
115
115
115
38
11
11
35
248
35
38
11
38
249
249
39
23
250
189
189
15
90
90
90
90
90
115
11
115
39
115
39
39
115
123
123
123
123
18
102
9
9
9
9
9
9
9
9
9
9
9
9
9
9
9
9
9
9
9
9
9
9
15
15
15
15
15
102
35
30
55
55
55
55
55
55
55
55
55
55
55
55
55
55
55
55
55
55
55
55
55
55
251
55
55
152
152
152
152
152
86
152
86
252
154
253
253
154
154
254
9
255
247
256
257
29
29
29
29
41
41
258
18
18
18
18
18
18
18
18
102
39
205
150
109
109
135
135
135
9
189
259
260
19
38
38
34
261
102
9
9
9
9
9
9
9
9
9
9
9
9
9
41
41
9
9
9
41
9
9
9
9
9
42
42
42
42
42
42
42
42
42
42
42
42
42
42
42
42
42
42
42
9
42
19
30
262
262
262
29
48
263
38
38
38
189
189
15
63
44
63
250
158
264
144
265
166
166
166
166
166
166
166
166
166
166
166
166
166
166
163
163
163
163
166
163
163
15
163
163
225
48
39
163
15
15
15
38
38
38
38
109
109
18
15
152
62
62
62
62
62
62
62
62
62
62
62
62
62
62
62
62
62
62
62
62
62
62
62
62
62
62
62
62
62
62
62
62
62
62
62
62
62
62
62
152
41
40
9
9
9
9
9
9
9
9
9
9
9
9
9
9
9
9
9
40
32
32
258
266
123
197
266
266
266
267
39
27
62
268
269
469
15
270
15
90
271
272
273
274
274
275
276
276
276
277
273
273
273
273
274
278
278
279
280
281
282
283
284
285
285
286
287
288
289
290
291
291
292
293
293
293
294
288
292
292
293
293
295
287
296
296
296
296
297
283
283
298
299
300
301
302
303
304
304
304
304
305
305
306
306
306
307
308
308
309
310
311
312
313
314
315
283
316
317
308
318
319
320
272
321
321
273
301
322
292
292
323
321
321
324
325
326
292
278
293
327
328
329
330
331
332
307
283
283
333
334
335
335
278
283
296
296
336
337
337
337
338
338
338
339
346
340
341
342
343
296
1064
1064
2609
344
278
345
346
347
1213
348
353
296
1064
340
349
350
351
352
310
354
355
283
356
283
357
358
359
360
293
361
362
363
364
365
366
358
367
348
368
369
369
358
370
371
310
345
358
364
335
335
302
2952
367
308
296
1151
372
373
374
347
310
310
374
374
293
293
293
375
376
376
376
377
378
379
380
381
382
383
384
296
385
385
293
293
386
387
388
299
272
360
360
360
304
389
360
360
360
360
390
304
304
347
391
392
392
345
393
394
302
310
391
395
345
396
397
398
399
400
401
400
401
402
431
401
401
403
404
405
405
405
401
404
404
404
406
406
407
408
400
400
400
400
409
401
406
410
752
752
752
411
412
412
404
412
413
402
402
402
414
415
416
417
417
401
417
418
419
417
90
417
417
417
420
417
90
417
421
417
296
348
417
422
296
423
3419
424
425
426
427
428
428
428
491
491
533
533
688
688
688
688
749
749
854
1029
1237
1300
1300
1804
1804
2078
2108
2694
429
430
48
90
431
431
432
433
434
435
436
437
438
438
439
440
441
442
443
428
428
450
459
459
459
491
540
542
542
688
688
749
831
846
846
846
1002
1237
1248
1271
1300
1300
1427
1438
1804
2078
2271
428
428
428
428
450
459
459
491
542
542
846
846
846
1237
1248
1271
1300
1300
1318
1318
1427
1438
2078
2183
2195
2271
428
450
459
459
459
570
846
846
846
846
1002
1237
1248
1318
1438
1804
1854
2078
3136
444
445
446
447
448
449
78
451
452
453
454
455
456
457
458
454
459
460
165
461
462
463
464
465
465
466
466
467
468
469
470
426
81
419
90
471
60
472
473
474
475
476
477
478
479
480
481
471
482
483
484
485
486
487
488
489
490
491
492
170
165
216
216
27
348
348
348
493
493
572
579
2951
494
495
428
496
491
497
497
498
499
500
501
502
503
503
502
503
64
438
438
504
504
502
505
505
506
506
507
508
509
510
511
512
512
513
509
514
489
515
705
516
511
506
517
491
518
519
491
488
520
521
522
491
523
524
525
526
296
417
412
527
528
488
529
417
417
530
530
531
532
532
438
533
534
533
535
534
534
533
534
432
533
536
537
538
216
118
474
539
745
541
488
543
544
491
165
538
489
545
705
216
207
216
544
488
546
438
544
547
216
547
489
548
505
505
549
550
505
401
551
551
402
402
402
165
552
553
549
554
478
555
556
557
558
559
560
561
515
562
528
563
563
421
90
417
417
412
421
564
565
419
216
165
505
566
567
571
568
569
571
572
216
573
574
575
511
576
577
488
578
491
412
412
412
412
412
412
412
580
581
582
522
583
583
583
583
58
1338
216
491
584
585
586
587
588
589
590
591
216
439
491
592
593
594
595
596
491
597
598
599
600
599
90
600
601
590
602
492
526
603
216
601
604
605
90
488
606
607
608
609
491
491
90
401
421
610
611
611
611
216
612
613
573
614
419
615
616
617
305
578
618
619
401
401
401
492
620
621
502
622
623
515
421
624
211
625
421
421
626
421
627
502
601
496
628
421
421
421
421
421
421
421
421
421
421
421
421
421
421
629
594
594
594
630
526
631
526
15
526
526
90
531
632
633
634
216
635
526
526
526
636
597
597
417
597
597
637
114
638
526
634
502
166
492
474
417
639
639
640
641
102
642
636
216
216
643
644
645
646
647
647
216
648
216
649
650
488
651
464
652
653
1548
654
654
649
655
656
657
658
656
656
659
651
651
651
660
661
662
661
661
662
165
663
664
665
666
667
668
669
670
671
461
478
672
461
667
673
651
651
671
674
458
655
458
658
666
435
657
643
646
657
666
656
670
434
675
676
677
488
484
636
678
488
488
488
679
680
681
421
681
136
60
502
682
683
684
490
1322
664
685
686
686
165
413
687
442
48
467
495
676
689
690
691
443
692
442
693
491
694
435
695
257
696
697
165
584
41
584
584
698
604
699
700
435
412
412
701
702
412
703
165
704
489
705
635
490
571
588
706
707
708
527
709
710
711
712
713
714
2915
715
716
717
718
719
39
412
412
412
720
721
722
464
216
723
483
711
724
725
726
216
727
728
729
1219
730
401
746
706
731
732
733
728
734
735
174
736
737
419
738
1442
739
740
741
495
216
706
494
494
478
547
42
742
743
744
451
454
729
1219
604
605
463
463
745
746
747
748
412
412
412
412
412
412
706
437
750
751
405
405
405
405
405
408
752
752
752
752
496
434
753
216
754
24
604
643
755
491
756
527
757
643
758
759
760
561
462
733
761
762
216
720
591
557
216
491
107
519
763
764
765
766
767
768
727
412
769
472
770
771
772
39
773
774
775
776
472
777
518
676
676
778
488
2850
488
779
633
780
781
531
782
406
406
731
514
569
488
783
515
784
785
287
786
412
787
788
789
412
790
748
791
792
601
287
652
676
531
676
676
598
676
676
531
676
531
745
793
794
795
796
797
798
750
287
799
566
1415
798
752
752
752
752
752
752
752
419
296
1219
409
800
409
801
802
791
791
803
802
802
802
802
802
804
805
412
409
401
798
600
806
412
419
412
807
2236
409
808
809
419
810
419
811
474
614
812
752
752
752
752
287
750
611
476
745
590
590
813
90
607
814
815
23
816
508
573
488
676
463
1045
597
488
216
817
614
818
423
595
819
820
447
848
821
497
543
489
528
705
497
822
823
496
496
18
824
635
677
824
825
826
827
531
635
828
829
830
496
496
401
685
832
833
469
834
23
835
211
836
216
837
568
838
491
839
469
840
840
590
590
841
401
842
596
48
419
633
843
544
657
844
544
544
544
544
845
846
847
419
215
848
849
850
851
852
531
853
531
676
305
855
77
652
119
78
62
752
752
752
752
786
814
856
857
502
688
502
196
469
60
858
859
529
860
601
502
287
861
862
699
502
502
502
640
481
704
704
863
864
704
704
611
865
491
866
491
90
867
502
868
611
434
869
502
488
502
584
870
871
872
419
871
736
491
216
494
592
832
413
413
413
474
873
874
875
831
876
745
547
877
429
48
48
48
48
216
533
90
90
634
676
601
437
782
782
878
464
704
489
865
879
880
881
515
623
882
883
884
885
886
887
888
491
196
889
890
604
891
189
207
165
892
625
165
634
48
893
490
1321
894
601
587
895
811
896
743
436
436
488
483
897
401
898
899
309
900
687
563
689
901
215
216
902
903
844
902
904
905
906
419
564
90
591
604
590
39
907
908
909
910
910
911
912
913
458
914
914
891
915
916
635
497
419
917
918
919
918
920
905
825
921
922
923
114
439
924
1883
923
925
782
926
782
488
90
927
928
929
930
492
720
633
720
142
531
490
660
605
216
931
932
933
536
692
934
935
936
745
936
937
598
820
685
685
604
745
576
938
584
490
1310
490
490
1320
491
939
745
863
940
941
119
942
943
1382
944
745
945
946
894
894
484
859
454
947
897
488
948
949
859
442
949
950
568
939
949
951
952
434
434
468
953
720
954
955
491
956
492
957
491
461
491
412
491
797
958
538
412
645
959
488
960
961
962
401
963
964
965
538
966
591
605
964
964
967
964
968
492
969
966
964
964
940
970
743
971
972
973
974
604
975
720
419
516
880
881
574
516
816
558
447
844
820
401
611
976
832
977
594
643
978
979
419
696
980
484
419
981
981
820
571
165
711
60
693
419
419
419
982
216
982
491
983
891
782
488
984
488
985
986
987
677
538
988
989
990
743
782
991
842
590
704
704
644
992
993
994
324
402
590
590
644
590
402
995
704
996
997
704
997
216
998
677
704
999
1000
660
842
590
914
914
914
914
914
1001
666
1002
814
1003
844
844
1314
844
844
983
844
844
844
1004
1005
1006
491
1007
844
401
844
844
842
419
419
1008
216
419
48
419
419
419
48
842
842
429
1009
1010
645
1011
1012
842
437
1013
2532
578
1014
496
782
413
496
305
447
2402
496
561
488
2592
488
1862
575
590
1015
561
782
1016
1017
60
491
802
442
1018
1018
1018
1018
1018
1018
1018
216
1019
1020
1012
1021
1022
491
1023
1024
983
745
437
1025
495
401
1026
1027
15
1028
1030
461
527
48
544
491
905
905
419
704
704
704
1031
489
489
704
1032
704
491
704
704
704
704
704
510
705
1033
1034
1034
989
1035
278
633
863
1036
690
690
401
802
1037
939
419
548
1038
1039
766
1017
1040
477
477
1041
814
572
1026
492
983
814
745
1042
1043
1044
486
743
1045
442
1046
963
1047
573
1048
704
573
1049
491
1050
997
1051
997
1052
911
1017
1053
1054
574
1006
732
733
891
216
1055
824
824
90
90
1056
216
216
1057
1058
914
914
914
914
757
18
1059
903
437
645
1060
412
412
400
90
90
1061
412
412
412
412
437
997
997
1062
1062
491
491
527
745
491
604
491
491
1063
639
426
704
1065
400
547
963
1066
846
846
846
846
846
846
890
846
846
829
1067
827
562
574
436
745
1068
1069
324
1070
704
836
1071
1072
409
1073
1073
1074
401
1075
634
494
216
604
216
736
488
1076
955
491
491
419
419
419
1077
1078
1079
1080
1081
1082
419
1083
1013
1631
305
305
207
1084
693
484
491
48
491
1085
745
211
165
1086
436
519
492
753
419
216
216
216
411
1087
492
1088
736
1089
782
782
1090
741
612
1066
953
898
753
1091
923
1092
717
1093
911
852
1094
492
977
409
409
300
1095
842
842
842
842
1015
1096
1097
1098
745
1086
1099
419
1100
1101
1102
442
763
401
401
401
401
401
401
431
808
1103
515
1038
1104
820
827
1105
492
491
437
491
1106
1070
1107
1278
657
657
1108
1109
541
1110
165
492
746
1021
704
704
745
1111
1112
216
456
216
90
90
1112
693
1113
927
1114
902
522
605
1115
863
704
1116
419
844
844
442
605
1043
491
531
587
496
496
1117
1118
1119
496
808
842
1120
90
928
216
448
496
782
417
496
496
496
496
782
881
1067
1121
2087
782
842
1080
496
522
419
419
811
1122
455
496
1123
1133
1026
608
752
752
1124
1125
492
971
782
1126
1127
782
782
782
661
1079
1079
772
1128
360
1079
429
483
1129
1130
1131
1132
1133
1133
1134
1134
678
1135
591
678
1136
1137
914
914
914
914
914
914
914
914
914
914
745
678
550
772
914
914
914
914
914
914
914
914
914
914
1138
914
914
914
1139
1140
704
1141
1142
1142
1142
1142
1142
1142
1142
1142
1142
1142
1143
175
704
1017
685
752
400
491
1144
1038
1142
1145
90
90
491
491
491
877
491
491
491
1038
533
216
726
427
706
1146
873
842
992
792
1147
1142
704
704
1125
1148
1148
491
956
956
495
724
474
870
745
745
681
1149
1149
677
1021
648
494
463
648
476
561
1150
1151
464
1152
1153
590
501
501
1154
1155
90
1156
1115
1157
1158
735
660
1159
1037
647
1160
437
1161
1162
927
814
590
1163
1164
1165
1166
216
216
216
216
216
1167
643
1168
305
1169
1170
1170
1170
1170
492
1080
1171
491
647
747
1102
491
1107
1172
486
154
693
1173
1173
1174
1175
1176
1177
647
1178
1219
1336
401
401
840
840
840
840
840
840
840
840
814
1179
1180
727
814
417
1181
1181
1181
1181
1181
1181
491
1182
1183
491
1184
1185
566
207
1186
1187
1188
1189
590
1190
633
800
514
554
559
559
559
1151
1478
1546
1604
2904
2923
2962
1191
1192
1193
1194
1137
814
1195
216
216
1196
1197
1196
1198
1196
1199
465
131
1200
820
657
657
1201
1219
417
810
605
1202
1202
1203
486
1202
1202
605
1396
963
1204
1205
1206
1207
1208
1209
512
1208
1210
1142
605
733
1080
1211
1212
745
890
1214
598
1211
782
1215
1211
18
348
745
1216
1217
1218
704
1095
1219
60
1220
745
1134
1221
1222
1223
491
1224
1545
419
735
800
873
491
491
491
491
1225
491
614
614
1226
531
591
800
474
745
300
1227
300
455
923
923
491
491
15
455
1228
455
1229
750
1230
1230
1231
1230
660
746
1232
709
39
741
920
412
138
39
1233
1234
1235
979
48
1236
453
590
995
745
492
952
590
590
1238
590
1239
646
429
745
48
48
48
39
492
1104
1240
1241
704
704
745
1076
488
979
979
981
1088
1021
519
1242
752
1243
1244
1244
1244
1219
492
619
1219
1219
580
1245
99
608
816
1246
492
216
1247
745
608
2870
574
491
854
431
1249
1250
216
1251
1252
1253
1253
1253
1254
1253
1253
207
400
166
693
35
9
1194
1194
1255
1256
442
979
1257
1258
23
865
1259
1260
1261
494
1262
1183
1263
1264
1222
1265
1266
1266
1266
1266
1266
1267
1268
693
1193
979
979
1269
1195
1270
673
1270
1270
677
1272
1273
1274
677
1103
39
1202
1202
752
752
752
752
704
704
491
704
704
1275
1276
406
1277
1277
1277
1277
1277
1277
496
1073
412
412
412
412
412
412
412
412
521
1278
1279
1280
442
48
48
675
1281
1281
1281
1281
1282
1281
1281
419
1283
419
1284
90
296
90
1285
995
1286
90
1287
216
395
1377
417
492
488
3200
940
475
300
710
1288
475
475
475
475
475
475
1281
1289
1290
844
844
1281
491
491
1241
516
1291
114
1281
1292
491
34
442
1291
987
488
2883
1293
1219
1219
492
1294
1295
60
491
48
491
48
1296
491
491
491
491
491
1297
1193
1298
419
419
491
818
1299
1058
1169
1015
492
1301
442
18
752
752
752
752
1302
488
2727
1303
1304
752
752
401
745
745
571
18
35
1305
1306
1307
643
1307
1308
491
1309
590
1463
705
1317
491
48
1263
494
1310
1193
1311
1312
442
1313
216
216
1314
639
1315
1315
1315
1315
491
1315
1315
1316
1317
527
1318
504
1319
820
940
453
733
1317
446
643
752
752
752
752
752
752
752
752
752
114
1323
1324
1325
1080
928
814
1326
704
1327
34
1255
1084
1328
1329
679
757
757
811
1330
1656
1026
1213
1159
911
911
419
840
745
491
1331
1332
216
675
2092
298
801
757
1219
1333
745
483
102
731
1334
675
1335
1219
1336
494
1337
39
1101
704
704
1339
1202
1340
138
1341
419
741
1342
1343
1344
1343
992
272
216
1134
745
55
429
429
1302
429
429
619
48
48
48
538
619
1345
48
944
1061
90
619
1346
1000
1243
885
90
44
491
491
1347
1348
1349
733
782
216
1350
1351
577
733
588
588
588
588
588
704
919
454
919
42
1352
704
522
848
1350
491
1353
604
1354
522
419
768
1355
1356
1356
1356
2642
3336
1357
1357
1357
1358
1358
1358
940
491
1359
30
1359
531
166
23
1360
491
90
42
1361
65
1121
1362
90
820
1363
1343
1364
1221
745
1221
1365
1366
1367
745
1368
614
802
48
522
1369
309
1369
990
704
1370
110
614
1026
813
216
745
745
979
731
1371
114
495
114
1372
1373
1374
607
1375
1376
870
296
1219
745
413
469
216
660
885
1378
1379
1380
880
516
1351
114
928
897
1134
1134
1134
1134
1134
1134
216
39
946
1370
1381
1382
1151
1115
1383
690
1219
955
756
757
1219
1384
757
1019
1822
1121
1219
1219
1219
1219
1219
1385
38
494
1386
1386
1386
1219
1219
1387
1616
1219
1219
1219
1219
1219
1219
1219
1258
1217
743
1388
494
1389
908
1390
704
704
704
704
474
1073
484
1345
745
90
745
1391
1391
619
1392
90
516
1393
1394
401
1395
1396
1269
1188
1188
704
704
494
1397
1398
419
401
1399
1399
563
563
1400
563
563
216
494
639
90
90
1401
940
1402
1081
1403
1404
1254
801
75
75
1405
1193
216
60
419
494
494
453
800
114
491
940
940
1134
1134
798
39
39
1406
1104
1407
558
510
510
509
512
1408
1409
507
1410
1104
446
138
1411
512
1412
508
1219
1413
216
1414
1414
246
491
1415
1415
1180
1219
1416
90
35
60
491
90
1417
645
1418
1193
1415
1419
604
1420
563
1421
643
715
1419
704
401
1254
752
752
752
516
531
1422
757
522
1423
873
1423
1424
1423
1063
1425
1426
810
405
1396
1424
1364
1364
15
216
165
1099
1266
635
1427
1428
1429
1430
1192
1192
1430
1430
1431
1099
1347
246
1432
1087
1393
811
733
1433
566
165
1434
494
1435
1436
110
216
166
491
23
1437
873
1439
1440
1441
1442
1443
614
1304
902
484
1444
522
687
1445
1446
1447
1219
1448
1219
1219
1449
1219
1219
1219
1219
1219
1219
1219
1219
1450
1219
1219
1219
1219
1219
1219
1219
1219
23
1219
752
1219
1336
1219
1219
1219
1219
1219
1219
1219
1219
1219
1219
1219
1219
1219
1219
1219
1219
1219
1219
1219
1219
90
491
90
1254
873
1437
1451
1452
952
952
510
705
1033
491
1453
1071
491
1454
885
1455
1456
216
90
1457
757
1378
745
757
953
405
405
873
745
110
469
44
1375
730
730
440
1458
604
1459
1460
1088
1461
246
724
757
484
419
166
757
1378
757
484
1315
644
1270
745
1462
1281
478
478
1281
90
1463
486
1464
1465
798
1466
1467
1468
757
660
1469
1378
1470
216
216
216
639
1315
491
7
491
491
1471
48
1472
1473
639
429
639
60
1474
216
216
1315
1099
448
549
1315
1315
1442
1315
1260
625
1031
419
870
18
1315
1475
743
419
1476
216
216
401
60
1477
35
216
690
1357
494
449
449
873
522
1479
216
138
757
607
1180
971
417
873
1480
1357
417
1481
417
1482
995
494
494
494
494
494
494
1483
1484
1043
1485
871
1486
401
491
801
727
757
417
757
757
715
1487
1202
165
743
1488
1489
1095
1490
1491
987
1492
471
471
1015
1493
1494
1495
1496
1497
478
419
1498
478
1074
216
1499
216
1291
413
743
1500
1501
1502
605
801
1193
743
522
1442
1503
580
580
580
743
1504
1987
491
1505
735
1506
1350
1507
1442
947
1496
1202
981
1508
605
2663
848
696
419
419
419
419
1180
1508
18
1508
60
1509
743
584
717
1510
2601
1412
1511
1512
1513
1442
1514
531
531
1515
1516
1489
419
1493
1495
478
1517
1517
1518
1519
1520
920
1521
491
1522
798
798
1523
1442
1524
923
798
1524
923
1525
1526
737
1221
1091
1527
1528
1524
419
1019
716
757
1529
1409
531
1495
1495
1495
475
704
696
1530
1210
967
1531
802
757
757
757
757
1532
453
491
484
491
1533
605
575
23
207
1203
1221
1277
516
514
491
744
419
1534
114
1535
261
490
1536
1537
966
401
203
516
515
1038
1538
497
7
605
1539
1540
625
1541
640
892
1542
1543
1318
1544
401
1545
852
939
645
700
710
1547
1184
348
491
409
1061
477
745
752
752
752
752
1548
636
60
1378
39
491
23
643
594
594
594
1549
484
1277
1550
1551
967
660
1534
90
1552
1553
1554
1555
1556
978
1288
645
216
1557
1555
1555
484
1966
801
401
18
1134
491
1558
1559
1560
1561
494
1558
1562
1563
757
757
757
494
1273
605
491
856
402
478
478
1066
478
491
478
476
752
752
752
1297
1564
1074
619
1565
491
604
1188
1566
216
90
30
1567
1568
1549
741
1117
1569
48
730
463
1569
1151
1570
90
1571
1079
840
538
1572
1573
645
1150
604
482
1574
813
491
1565
491
1366
1575
745
1576
568
491
1362
1006
1006
114
511
1667
1458
757
757
997
997
216
472
639
472
990
1577
1973
997
1578
863
614
1038
997
1017
1579
489
1580
1067
515
1581
766
1582
997
1128
1128
489
1583
911
1584
1581
1581
704
704
1585
1082
1017
1586
447
997
1587
1049
531
531
1039
911
1039
1017
1588
527
1016
704
704
1016
1270
1270
1270
1270
431
923
1589
816
887
1590
1590
1591
413
1592
1593
713
635
1003
757
633
1594
1595
1277
1112
60
1596
704
704
1597
1598
1598
1541
639
1599
1600
1076
1601
1602
1603
216
1604
107
1605
216
644
1606
216
1607
1608
1574
531
804
1609
666
1610
640
604
1611
1498
717
717
717
717
863
644
613
64
216
1612
1612
713
537
512
1613
1613
635
635
543
512
512
1031
497
497
1614
902
944
724
1615
401
1616
491
1151
1617
401
1618
1618
1045
491
789
909
997
413
1619
1620
1621
566
216
604
1473
744
1463
2160
401
419
1219
1293
1622
1217
1495
1495
454
1623
1040
752
752
752
752
752
752
1624
1625
571
926
1626
477
477
1627
989
989
136
1628
90
48
675
747
801
1134
216
1466
491
727
1347
1193
1219
1629
64
64
64
64
64
64
64
64
64
419
64
401
107
38
39
45
48
107
1630
1632
491
1633
1634
1635
1202
1221
1636
1636
136
110
1637
1638
1540
1337
1639
1221
1221
1640
1221
1365
1202
538
1641
90
90
90
1102
1642
1094
437
1488
401
1488
1643
1643
419
1644
840
491
1645
1103
1582
1106
1113
1054
515
604
419
216
640
437
419
419
419
419
419
491
401
421
419
1646
801
801
727
1534
848
1219
1647
1647
1648
419
1649
983
907
983
907
926
413
90
1183
398
619
1480
1650
1651
983
619
983
60
1548
605
675
1652
1653
1469
1654
1655
1656
1657
1657
1658
216
538
494
419
1154
1014
1529
1529
1088
928
1088
1226
1659
594
1226
974
801
1508
840
439
421
956
211
138
1361
538
1336
211
211
974
1660
646
538
742
1661
419
1662
890
1663
1458
548
1664
604
90
1665
1666
1667
704
431
1668
1669
1038
1038
1038
704
704
704
704
704
1038
1670
1671
90
711
747
747
538
1672
1673
802
865
1674
447
1675
1676
1677
1481
1678
1051
1273
1679
1079
1079
1680
704
489
489
1424
801
802
1578
1681
1682
1683
1682
1684
802
1685
1686
1293
482
704
1038
704
491
1687
420
90
99
928
1688
1689
928
90
203
1534
1690
911
1691
704
420
789
1692
1693
1336
1021
908
1694
126
538
1695
1224
420
605
39
536
1696
657
419
1697
711
1006
527
604
39
802
429
1698
864
1657
1699
512
1032
742
609
557
574
1700
908
1080
669
677
735
752
752
648
1232
1095
1701
1699
1480
1702
1703
1704
1097
527
424
1021
1705
1706
956
1289
1707
704
752
1656
1499
1707
745
604
1707
1593
1314
1707
1708
1079
216
406
1709
1709
1709
1710
90
90
1110
1692
216
1706
1686
1711
419
419
867
75
1712
75
86
75
1643
1643
1713
1643
1643
1707
949
949
949
216
401
1202
1714
713
694
1134
1134
1134
1134
1134
1134
1134
1134
1134
1134
1134
1134
18
216
1097
923
1224
8
745
1616
1616
419
401
401
928
756
1202
677
1715
1202
1169
997
1039
997
881
1103
1038
1706
677
1352
677
879
604
997
574
1016
677
756
604
804
1716
494
1582
747
1473
1717
1717
494
55
216
196
745
1604
1154
216
39
469
1134
216
216
216
591
102
42
952
1718
1719
216
612
1720
90
491
1721
1722
491
421
614
614
1723
918
78
491
614
1724
1194
1725
1726
1727
1366
211
1728
1188
401
928
928
928
216
431
1224
1396
60
1079
983
419
1079
41
1729
1079
1079
1079
1079
1079
90
1730
1731
1731
885
743
1625
1189
1680
1680
494
463
1732
730
401
1733
401
401
401
431
491
747
902
1734
1485
1735
1736
644
494
926
1737
211
743
1139
1139
131
142
1738
413
923
743
758
1014
923
1739
142
1139
531
1740
437
1488
911
704
704
704
704
704
704
704
704
704
704
704
704
911
911
911
911
704
704
704
1741
704
1742
1743
966
1744
924
1883
1088
495
584
949
90
567
605
1902
1533
761
1663
761
531
1631
1088
614
614
1745
1363
1746
922
1221
978
211
419
1747
1221
1259
1748
907
584
584
584
1202
1495
1528
531
491
531
1749
531
531
531
836
23
531
531
419
531
531
1750
1751
1754
1751
1754
1206
1752
1662
669
741
1753
1755
1711
733
1202
1095
966
1751
1754
1199
1756
1193
1981
490
1467
1757
983
18
698
1751
1754
1221
1350
1755
1755
1755
743
735
1228
1758
1759
494
1066
1139
1552
1014
482
1760
1552
491
1761
1762
1701
1763
39
1014
640
1764
42
1228
1765
90
261
1337
1365
23
1180
55
494
1202
808
1221
491
1221
761
531
761
1221
77
1337
605
1637
1202
1205
757
758
1365
490
1527
1766
1365
1767
421
491
412
704
605
613
1107
605
605
605
863
491
1768
845
1330
704
704
1769
1316
1770
1771
745
465
644
465
246
484
42
465
1772
743
421
577
1773
1014
1495
1774
34
711
1775
1776
966
1777
1778
1779
1780
1781
1782
1781
1772
1014
1014
1014
1476
643
644
1692
419
1783
1642
491
491
421
1774
283
1241
1501
1501
1784
216
1019
1189
1785
1786
1787
421
675
2876
605
983
533
1289
491
491
491
704
704
704
704
704
1489
1500
1788
1788
1789
1790
1139
39
463
527
527
1713
1791
1601
1792
1793
1791
1794
491
519
816
44
1795
1794
401
677
1796
419
419
419
419
419
1797
419
419
419
847
949
1798
1139
863
1139
1139
1799
1038
1577
949
949
484
978
419
949
1502
601
1800
938
1801
1743
1802
645
494
1014
614
1803
938
644
1014
1800
836
1781
189
1011
952
207
1014
1805
1806
1112
216
801
840
820
747
745
412
419
1289
1548
1115
1807
1343
1289
802
584
732
90
90
1808
1809
1810
494
1811
494
1491
1812
1812
1813
1814
1815
1067
1067
1816
879
880
513
1241
604
1779
461
704
1817
782
203
90
1578
1818
1819
23
677
489
677
677
911
494
469
527
38
1229
1820
419
1650
635
1104
1699
511
704
648
211
42
149
1685
196
1821
690
1822
1823
1824
690
575
1685
1685
409
90
419
594
1722
469
1746
1389
489
690
211
1727
1825
7
1826
409
1659
1228
211
189
211
495
625
961
1480
511
1613
507
604
211
1827
1828
23
928
802
118
44
802
1829
511
704
412
412
1830
412
412
412
1086
1086
484
189
90
90
1831
7
211
1832
494
1686
1831
211
733
494
605
494
1511
1833
211
211
483
23
23
23
23
23
494
1834
1835
483
189
494
419
1836
491
483
469
1723
211
131
211
481
18
494
494
44
494
23
23
211
419
1837
1838
189
1110
1835
136
1839
494
110
494
216
419
1110
494
494
189
1840
1686
1841
90
469
55
625
494
494
863
196
494
1811
196
23
165
15
494
165
494
90
102
18
42
23
483
483
730
1374
1374
730
804
1842
1453
1451
1843
1038
1093
1844
911
494
1631
902
494
1084
1768
514
514
1845
1845
516
1846
1846
1846
1112
574
574
1846
1847
448
528
449
1848
1678
1847
744
1849
1672
419
1850
494
812
1851
1852
1853
1800
494
494
494
494
494
566
494
1014
409
1829
1855
677
722
645
926
926
926
1856
619
1857
880
1858
1846
879
1859
1846
1846
1613
512
515
704
879
879
515
1846
1846
449
449
575
511
704
551
421
421
1548
419
497
1846
1846
506
513
574
449
1613
1409
744
511
704
1860
1971
1861
516
556
1104
1846
879
497
744
216
216
1862
1100
419
419
419
419
1188
494
551
848
1488
1863
1863
1336
419
730
938
1864
1001
1863
1865
1865
1024
1866
733
409
1079
1867
1868
743
1869
1519
1862
1507
491
19
613
1485
1017
1017
1870
922
409
1489
1862
1871
1656
1222
1112
1865
1865
1865
511
548
790
913
2445
2445
419
1032
548
1148
1872
1336
1336
1531
1873
997
997
489
704
704
515
704
704
704
114
1874
1875
1874
429
1631
1254
216
494
216
1876
1038
114
1877
216
1254
1878
1879
1880
1414
494
494
494
494
494
494
494
494
494
1881
605
1882
424
18
639
1586
1884
511
510
1884
1885
1463
608
731
1775
475
1886
18
1887
3263
216
608
747
675
1188
748
1888
1889
1188
1314
1314
744
745
636
1194
1890
409
1891
1886
1892
614
1222
1222
1222
1222
1222
1222
619
1222
1222
987
1222
1222
1893
1894
491
640
745
820
412
401
1127
1895
401
864
483
483
1642
536
944
483
1130
1896
419
419
419
419
739
484
739
1222
1222
733
1897
983
614
11
216
23
23
1898
1792
1041
1314
1159
1898
1898
491
419
419
679
1899
429
1900
1900
745
1901
1902
60
494
1408
48
1903
454
1904
1692
722
793
90
216
1278
90
90
90
90
1222
18
1278
1692
454
814
1534
42
38
165
32
1442
1442
90
1194
90
840
840
90
469
431
814
1905
1906
983
1907
32
1908
465
465
1669
1909
412
119
42
402
1278
690
1196
1910
1911
1121
1402
1278
614
1278
1278
90
477
1912
90
419
1485
465
1913
1914
1915
690
1885
917
1916
1914
1222
90
1914
1914
1886
90
1156
216
491
401
1917
1917
1918
60
1180
465
1919
1917
1920
419
419
1739
90
1597
1921
1922
766
997
792
614
752
752
752
752
752
752
752
752
1071
1415
752
752
752
752
752
752
1209
1578
1408
1903
477
1019
1903
627
1488
1488
114
110
110
110
39
216
1903
90
1923
1014
591
477
491
1542
720
216
39
401
1014
1842
396
1499
1698
613
908
60
908
1530
1079
216
419
491
203
1924
1021
216
1925
908
1926
246
1927
730
131
1928
1929
604
216
1614
1930
296
1932
1289
99
1286
58
1723
997
997
90
413
1931
90
1289
997
997
90
1933
1934
1605
1935
482
1936
466
1040
466
1937
1530
15
1938
1939
1940
1940
657
670
730
491
660
1133
1133
1133
8
1133
591
1133
1133
1156
660
1914
747
927
216
1941
34
1942
1772
1133
1943
704
1039
1021
1953
2122
483
1614
1944
1945
215
1946
1373
1156
462
1947
628
1947
1850
604
1381
1948
1949
216
1350
216
1037
654
997
1561
1561
1950
1950
1951
1532
1156
1202
481
856
1363
1952
1467
1510
1953
1954
2967
216
1955
801
531
531
1956
90
746
216
1222
865
746
746
1957
746
1958
1958
1908
1908
1959
1960
1278
801
1485
1487
2317
419
419
419
86
1961
1962
1963
478
419
419
625
1222
863
478
1964
1965
474
478
908
1966
903
484
983
419
1910
1967
983
1968
1968
604
482
944
216
474
216
475
900
216
453
1969
704
1970
1968
1156
1021
1021
449
1156
1156
745
727
1350
745
625
491
495
495
491
491
1772
216
478
491
1972
720
1971
207
1971
1221
1973
1473
1218
475
1974
752
1883
1189
216
1088
1772
604
9
1045
1014
1975
1193
908
1779
1863
1800
1424
1014
1014
1800
1524
510
447
489
705
944
813
1021
657
657
657
657
657
657
657
1976
814
216
1863
1977
1978
1979
928
928
928
928
928
928
465
491
531
1217
1980
491
1219
1293
651
1980
1314
1851
1863
1800
1800
1982
1851
1800
1851
1851
491
412
1851
1851
604
465
1851
401
846
846
846
512
1851
419
419
1983
941
1984
1985
805
1986
1988
1051
880
1202
1945
1989
1990
1026
1991
1992
1991
419
1112
1846
447
1407
1993
1994
1846
1859
574
509
512
511
704
1995
1995
1407
1994
575
1996
419
1188
870
1997
1997
789
1998
1999
211
692
514
447
997
1273
1241
879
562
2000
1800
1863
938
1800
406
406
2001
727
1103
2002
2003
575
1273
2003
635
575
575
419
799
1746
574
574
1156
1156
1156
1156
1156
1156
938
1156
1156
1863
1800
216
1800
2004
1914
1800
1914
2005
2006
497
497
2007
1021
1134
203
216
203
745
478
798
1036
478
1156
216
807
2008
824
1746
869
478
614
1336
1800
1669
1156
465
696
491
99
1156
747
1057
203
2009
2010
1193
1981
591
923
2011
1286
110
923
2012
1940
2013
2014
2015
2016
1788
575
1923
854
2017
2018
419
730
1374
41
220
478
484
2019
928
2020
2021
2022
1078
2023
491
2024
636
1498
419
149
469
419
2025
2026
216
216
419
29
1877
1842
1088
1940
2027
1188
478
2017
2028
497
1104
507
1254
481
2029
2030
2031
1756
2032
798
411
411
411
411
411
411
411
411
411
952
411
411
745
745
411
125
1426
2033
928
677
1128
2034
2035
2036
2037
1765
2038
2200
1254
2039
1254
2040
2041
956
2042
2043
442
2044
938
605
938
1867
483
483
644
605
1448
1163
2045
419
2046
1336
1202
2047
2048
820
463
491
203
455
2049
48
2050
476
476
1000
481
1244
693
693
2024
1481
2051
1507
419
1018
1222
1358
804
743
2052
2053
216
639
2054
679
15
2055
2056
203
1698
1038
1038
1094
478
478
2057
413
1480
466
2058
419
2059
1228
1389
1228
1188
591
2044
635
743
478
2060
1228
747
733
1245
696
696
2061
2062
591
2063
2064
1003
478
2065
478
1218
1104
1665
646
1688
1768
491
1079
865
1349
491
1199
575
575
575
1021
484
2066
2067
2122
2068
90
678
1511
983
2069
2070
1591
2071
1088
2072
491
1080
216
216
203
2073
1088
1774
660
836
2074
2075
2076
761
1349
2069
2077
924
1659
1601
1594
1601
110
1088
491
1134
481
939
90
1778
619
1219
2078
2079
1222
619
2080
2081
2082
2083
983
1955
820
2084
2085
1534
401
491
484
2024
2086
570
619
1219
1293
1201
1219
1293
1134
478
2088
2089
2815
1222
2090
215
1458
491
110
203
824
1888
2091
1350
1350
1843
2021
908
745
704
704
704
704
704
704
401
840
840
840
840
2093
60
1318
2094
1745
1464
928
928
264
2095
401
913
2096
2097
843
901
1349
902
2098
1222
863
1551
1697
997
1417
18
1350
1666
2062
1665
2099
2100
766
1585
997
1071
447
2402
211
1918
2044
2069
1261
805
7
469
1936
2069
614
2101
58
776
2102
90
494
636
636
605
987
2103
540
457
2104
1663
1663
608
1222
2105
2106
1545
1219
2107
110
1563
455
491
455
2109
3359
2110
1698
1074
2111
752
752
752
752
752
752
752
1150
2112
805
2113
2114
1519
591
455
646
643
1086
1086
731
1955
2017
3318
619
862
1062
1294
2115
2116
2117
494
494
2069
731
75
75
2118
2119
796
820
743
923
2120
1414
1990
2121
1990
908
2122
608
2123
419
419
1021
1095
2122
8
1884
420
1132
2124
2125
967
757
580
2126
2127
604
580
942
2128
1006
64
1158
992
902
2129
1604
2130
419
604
38
802
1304
455
431
1835
455
1999
1999
455
2118
455
711
455
2131
614
1906
540
466
928
2132
614
2133
1087
216
2134
469
2135
419
639
2069
745
1947
745
2075
852
419
1750
1933
481
1365
419
562
543
1775
1846
1846
562
1686
419
419
491
48
216
203
605
2136
1947
455
2137
2137
455
597
401
2138
1894
1045
2139
455
730
1375
2140
455
704
1270
8
892
782
1219
2141
864
727
1699
662
782
1219
1040
78
207
892
165
165
27
207
207
743
1867
1037
2142
44
614
1947
2143
2142
468
249
203
48
2144
1474
1698
1698
1698
1698
1260
1260
1182
491
431
540
540
1947
2145
215
813
481
2146
2772
2147
2148
1905
481
481
481
2149
804
216
2150
1228
891
714
2151
2152
478
2153
2154
2154
2155
713
2156
1515
1193
2960
491
491
481
2157
2106
1905
2106
2158
490
1905
704
704
765
2159
1698
745
1698
1698
1698
577
2507
871
871
58
32
1918
747
2161
2162
2163
1634
1349
865
908
437
871
2164
660
207
1074
2165
908
2091
733
2166
216
469
2167
2153
908
1601
1193
2960
1193
2960
1357
2120
1121
2168
660
216
2111
1180
419
1349
575
575
508
575
1094
1094
481
897
1193
1981
908
926
1496
491
491
1419
2169
1902
2170
2069
566
2171
1698
2172
846
2069
1083
1441
747
1846
508
1846
1846
2173
491
1479
491
491
745
491
491
491
2174
704
2175
745
2176
745
1006
1893
1981
1159
928
789
2177
708
413
1038
2178
657
2080
1237
412
741
39
107
86
2179
138
862
15
429
429
2180
1981
1963
2181
429
429
469
429
429
429
429
429
429
1448
48
429
2181
48
604
48
2182
429
216
745
491
2184
469
207
1981
1981
207
1180
694
491
491
90
1917
491
491
2185
2049
1201
1219
2093
491
540
1002
1219
1560
2186
2187
2188
2189
1757
1219
1219
2095
1219
489
705
660
725
1219
1336
1578
1578
1219
1073
1219
1970
1219
1219
1219
491
2190
2191
1219
1219
1219
1219
1219
1219
1219
1219
1219
2192
44
844
2193
2193
1219
1219
1219
1219
1219
1219
1219
1219
1219
1219
1219
1219
1219
1219
1219
1219
1219
1219
1219
1219
1219
745
90
537
802
491
90
90
90
2096
23
722
727
2122
2897
484
1465
216
90
1041
727
491
1304
90
2194
2195
419
203
494
203
1499
1475
577
1822
643
2196
1951
1951
1951
1951
1951
472
216
2197
983
609
207
494
1650
878
1408
1393
824
2198
2198
472
1460
657
813
540
481
540
540
540
1906
646
2199
646
210
210
756
2200
1375
1373
727
2201
2202
2202
38
2203
264
216
1434
2204
512
449
449
512
2090
469
469
2193
2193
2193
2026
733
745
1026
2205
1446
2206
2207
1908
491
1002
481
2090
657
1038
2208
2209
1880
1981
657
455
1458
1040
1453
2210
481
657
1842
419
110
745
203
420
2211
38
813
216
1661
1956
491
2212
2106
2106
2106
2106
2106
2106
2106
2106
2106
2106
2106
2106
2106
2106
2106
2106
2106
2106
2106
2106
1883
834
1475
2192
1864
1981
636
2213
798
2214
1460
1460
216
455
38
635
38
2215
215
2216
2217
1315
1530
1315
110
2218
419
2219
2922
1718
1977
2887
1648
1259
983
1534
1188
2220
880
575
1021
472
1040
412
412
412
1095
1315
412
2221
1616
412
745
481
481
481
481
481
604
2222
863
2223
923
2224
2121
506
497
497
2225
1634
574
1888
826
1994
513
820
2226
1678
497
2227
449
514
1024
1024
662
2223
2223
1006
834
604
2228
42
216
2229
2230
1835
1134
216
455
81
1686
1552
417
2231
39
1515
746
412
216
1317
2232
660
679
216
804
1086
660
1789
1743
455
455
455
2233
1166
495
1194
820
486
745
604
646
1463
1537
1955
1955
486
1778
1616
216
731
1196
1827
2234
1217
2235
1649
711
429
928
11
491
533
491
491
2237
491
2148
800
1719
1163
863
1094
2238
1719
1926
491
216
412
1778
1719
1719
1719
1719
1618
1156
1719
401
1719
486
491
1956
491
486
486
1719
2239
1188
2240
1852
731
731
605
2241
731
731
2242
419
419
1347
419
419
419
591
687
2243
722
605
605
491
722
2244
2245
2245
419
2246
455
2247
913
1464
1021
1981
1953
1698
2248
503
1066
2192
1937
481
1196
1884
2249
2250
455
2251
1460
1686
604
939
2252
704
1217
679
185
491
2253
2254
1193
401
60
216
1465
2255
1349
1989
612
944
503
114
495
203
2256
2256
1354
78
2257
2257
2257
2258
2259
216
531
2260
2261
2262
2263
2263
952
952
580
679
1818
1358
1316
1316
528
1818
1318
2263
923
2264
2265
648
923
1486
1486
604
580
412
1000
1043
2266
804
90
575
575
1918
216
39
2267
1956
90
716
2268
429
419
90
1134
203
417
1688
1434
604
2269
2219
2676
604
2269
2270
2271
491
2272
651
2273
1290
39
931
491
643
1375
2274
2275
2989
804
2276
2277
1011
110
2278
2279
39
2192
804
90
625
2280
486
1289
1966
1923
424
2281
216
48
429
300
44
138
138
515
517
2282
2283
110
2284
64
469
2285
90
2286
1534
2132
1946
716
1484
2246
2287
2288
211
44
563
563
563
563
44
836
836
977
207
618
207
836
730
44
1375
1375
423
44
2289
131
2090
34
469
1936
730
1154
64
2290
1286
2038
1623
605
914
914
18
423
1458
1458
2291
1294
3398
2292
22
2293
34
1630
481
481
494
131
429
419
419
2294
2295
2145
704
1908
2145
2296
961
481
481
481
491
481
1594
1981
704
2297
2298
2299
942
628
2300
216
902
1460
2186
2301
2302
1825
1219
2303
660
2212
1564
2304
1026
429
401
44
48
39
137
216
491
2305
2306
419
752
752
752
2307
651
928
730
722
138
1529
1921
580
2308
2309
99
99
41
2310
2311
1571
2312
454
1180
41
2313
480
533
533
2314
90
2315
2316
2315
216
2315
1000
1000
429
666
580
7
495
1511
2318
38
1578
489
15
474
489
1578
489
489
704
704
1301
419
648
1905
2219
2766
912
2139
90
90
490
2652
2319
1336
1336
419
41
216
1923
216
90
2091
457
463
2320
604
2321
1616
2322
463
300
484
2240
44
533
1918
1245
1530
813
2323
2324
78
2325
429
474
644
90
928
800
494
1616
216
2191
2326
453
2326
742
942
216
2327
64
90
2328
1856
2329
2271
1837
2330
2331
1335
605
635
2332
1575
1453
2158
2333
813
2334
2335
2336
90
18
90
2084
41
41
41
114
216
196
2337
216
491
90
267
2338
196
614
837
469
34
86
246
216
7
90
216
2339
1630
2176
2170
2340
1518
2341
2187
2189
605
207
39
1796
1245
983
90
1073
847
704
1719
2339
907
779
619
1594
2250
2342
2343
216
216
1822
2344
216
531
704
704
704
2339
2345
779
2346
424
1318
2347
2348
1192
1492
1843
2349
2350
1458
2347
752
2351
704
704
704
704
704
2217
1827
2352
704
704
1294
35
423
2353
533
704
704
704
704
704
704
704
704
704
1578
704
704
704
704
704
704
704
704
704
704
704
704
1905
992
704
704
704
704
704
704
704
704
704
1038
792
704
704
704
704
704
704
704
704
704
704
704
704
704
704
704
704
704
704
704
704
704
704
704
704
704
704
704
704
704
704
704
704
704
704
704
704
704
704
704
704
704
704
704
704
704
704
704
704
704
704
2354
2355
704
704
704
704
704
704
704
704
704
704
704
704
704
704
704
704
704
704
704
704
704
704
704
704
704
704
704
1578
704
704
704
704
90
1134
704
704
704
704
704
704
704
704
704
704
2165
2356
39
2356
2357
90
2356
2350
605
675
215
1908
1530
1905
481
2392
1492
1492
997
2358
2358
666
215
491
215
481
216
18
2350
666
491
491
55
491
1458
2359
1492
813
1453
971
1134
1314
1314
1616
2360
2361
2362
2363
216
216
1079
2364
2365
908
871
715
2366
1923
1612
605
675
1658
2366
538
2367
1702
789
491
491
491
862
1006
614
955
2368
2369
684
2010
2370
1038
1038
489
489
489
489
1578
1038
489
2371
1531
1531
2372
1148
1317
489
1578
1352
1352
1017
2372
1148
1148
1148
1104
2373
2373
2373
2374
2374
2375
2375
1519
1032
2376
967
769
911
1148
1148
1148
489
489
1317
1038
1017
1032
792
2377
2377
2377
2377
2377
2376
2378
1148
1148
2379
2380
2381
769
2382
701
1148
1148
1352
1352
489
1352
1352
1352
1352
1352
1352
1352
1352
1884
1352
1352
1352
1531
90
90
983
1038
419
1038
1038
2383
2384
1038
1038
1038
1038
685
677
677
2376
2377
2377
2377
489
2377
2377
2327
1040
1473
3342
2106
2385
704
704
704
820
704
1317
820
820
2386
704
1531
704
1531
489
1352
1352
2387
2387
2387
2387
2387
489
489
1973
1352
2388
1148
1148
1148
1148
2387
2387
2387
2387
2387
528
2389
489
1884
1352
1884
1352
704
704
925
925
925
925
925
1578
1317
1531
1531
510
538
1352
1352
1352
1352
1352
1352
1352
2388
489
1578
1884
1884
989
1352
1352
1352
1038
419
704
704
704
704
489
489
704
489
1032
704
1352
911
1038
489
925
925
925
997
997
246
1375
2390
1082
911
2106
417
489
1884
635
635
2391
489
804
793
1375
64
38
2392
2393
2394
489
489
1884
1884
1884
2389
792
792
2036
1222
1464
2395
2396
2396
216
2397
39
938
1502
685
2398
2399
2400
2192
1375
818
1743
730
995
2401
704
704
704
704
704
704
2402
704
211
2403
2404
2405
166
2406
23
256
2407
2803
1194
44
704
704
704
2408
704
704
704
704
704
704
704
704
704
704
704
704
2409
23
2410
469
867
580
862
1134
580
2411
2412
1511
2413
210
1590
216
1511
820
486
1724
902
2414
1337
1180
580
2008
2415
2415
419
2302
1552
2416
1001
1800
2417
2418
574
1746
880
447
573
574
2419
149
203
529
236
1956
2375
2420
827
449
449
1846
1846
1846
1846
1613
2421
509
2070
1134
2422
2423
2424
1208
1415
1415
1415
1450
2425
1908
1904
997
911
2426
1048
1034
2427
1904
2130
1578
573
501
1317
1317
1577
1704
1092
211
44
22
1151
455
2132
766
766
41
196
419
489
704
704
1048
2428
196
1908
1071
1956
741
997
997
997
997
997
1680
1680
1680
1680
1680
1680
1680
1680
1680
1680
1680
1680
1680
997
463
2902
746
1032
489
489
489
489
489
489
489
1578
1578
1846
1846
1846
1835
86
766
704
704
704
704
704
704
704
704
704
704
704
704
704
704
704
704
704
704
704
704
704
704
704
704
704
704
704
704
704
704
704
704
704
704
704
704
704
704
704
704
704
704
704
704
704
704
704
543
1071
543
1352
575
575
2429
1352
2430
2430
1352
957
2431
1680
1680
1680
203
2402
2271
1008
2432
138
1950
1338
804
1008
2433
2434
2435
1642
992
1134
2436
203
130
125
116
2425
2437
216
1835
912
308
1343
1338
730
1492
580
90
1338
144
997
997
527
2132
575
511
512
447
489
2438
401
401
402
1085
614
774
477
48
477
2439
216
730
2440
409
477
2132
477
2132
477
2121
494
644
401
491
401
401
401
246
971
401
413
44
2349
1196
1196
412
2441
1642
862
2442
2350
60
912
409
1487
1642
978
216
469
1616
1430
2728
2443
1333
60
871
1232
491
491
1548
997
1746
2444
2266
1853
1134
2445
2445
2349
2347
429
1718
1548
1625
2438
2330
1038
1133
2446
705
1038
1860
409
704
2293
44
23
619
1351
1318
1375
1745
2271
1745
469
207
2090
44
23
32
2447
2448
2943
23
144
144
32
32
211
18
216
1956
1796
2449
131
424
131
424
424
131
64
78
469
1435
215
1221
60
216
469
60
216
60
2132
15
78
438
605
1740
23
2132
2450
629
862
423
131
64
131
44
102
2451
207
256
2452
2453
211
203
2454
216
924
1659
409
211
87
1956
78
18
804
1841
2455
624
1659
1918
501
1107
730
23
469
1375
469
469
424
2456
2457
39
2457
60
2458
23
469
469
78
166
1464
913
1134
1134
469
166
1134
23
166
2459
1658
604
210
409
131
131
131
2460
2106
1309
1548
2461
1021
2240
580
428
90
60
2462
1078
1078
1953
575
918
789
2402
1221
419
2297
2463
429
1032
704
704
494
989
911
704
1531
2464
1561
2464
1561
2465
698
704
491
1024
724
2466
693
489
489
2467
501
419
2259
2468
670
203
1464
1953
2088
216
1548
911
1038
419
2469
2470
491
2311
2471
2311
494
494
494
494
494
1835
1966
2339
7
216
491
491
491
491
491
491
491
32
32
203
32
491
2472
90
1193
1463
1219
2473
2474
2475
2476
2477
2478
2479
2480
2481
2002
511
816
1067
2482
881
131
18
44
23
2192
491
836
836
836
44
836
2483
44
575
512
512
2192
246
2192
211
2192
952
211
2484
2485
804
211
211
131
2486
211
2487
638
44
1435
2488
1221
216
18
216
216
613
78
78
78
1235
60
424
424
424
424
424
2489
2489
78
78
78
44
1194
64
211
2289
18
211
1575
836
1998
131
424
424
424
704
1835
469
154
486
486
2490
2491
469
1963
469
428
131
44
216
216
144
1939
2492
1038
1038
2493
704
704
704
704
704
704
704
704
704
545
2494
166
1134
1134
166
90
44
575
2495
2496
44
44
44
1134
1836
44
469
32
44
18
44
18
207
2497
424
30
1194
1835
486
2407
469
469
424
2498
2499
469
90
768
768
1221
2078
2500
2500
2078
2501
2502
2502
491
491
491
491
640
491
1024
1659
424
424
424
469
11
216
2503
207
424
15
419
704
704
704
704
2504
704
2505
165
1575
2506
1080
1338
776
704
704
704
704
704
409
752
491
491
1038
2209
23
23
44
727
736
862
207
1575
2363
1725
1235
1221
78
1745
23
469
1835
469
216
1835
42
18
2508
62
469
216
1699
90
90
216
1361
15
2509
704
704
1746
90
1853
42
2510
429
2511
745
469
64
746
746
704
1095
2512
429
2513
2514
2515
1601
429
730
203
419
2299
2516
512
2513
722
1294
419
419
2407
2517
727
964
908
997
997
1039
1017
1616
469
90
1194
1194
2518
2519
789
2520
1530
1201
2521
2522
2092
1354
2523
640
1835
1182
727
2524
1706
997
997
1381
2525
401
448
497
512
512
1846
510
138
2526
1966
90
1578
923
90
18
62
18
983
646
903
1186
1548
747
636
2269
1434
1863
1947
2527
1473
2527
484
644
711
1835
892
1180
2528
2529
604
2530
644
716
494
1080
216
39
2531
1601
491
541
165
216
2532
1066
2533
1454
2533
453
2534
207
635
102
419
870
1221
1095
2535
556
2536
447
2537
797
2538
2868
611
2539
604
852
2540
1827
1216
1293
1835
1526
1084
571
215
2289
2541
864
1194
90
1835
1835
2491
2239
90
90
761
90
604
1222
90
90
1051
2542
1835
1631
165
90
90
216
469
60
60
1812
469
1631
469
862
1134
166
2543
2544
166
2023
469
1222
216
1194
90
380
90
90
983
90
1180
90
90
635
90
90
90
90
90
90
1222
1038
2545
1957
657
1775
2575
2358
604
711
840
2546
666
2547
1906
489
1458
1884
491
491
489
215
2548
540
730
752
1966
1453
1182
1005
2101
2549
1038
844
1084
2550
2551
1038
619
2552
39
1835
1835
1835
1084
126
928
575
745
419
1079
1038
2553
1642
419
1835
635
563
216
563
678
694
483
483
483
483
1338
1338
2554
2554
1438
2554
2554
1438
1438
483
483
483
1280
483
483
854
491
1547
2555
2554
483
635
911
1358
1032
2192
1148
1148
997
1148
605
804
2132
704
2556
1993
489
489
489
2557
489
635
2250
1024
2550
1835
1638
685
39
989
989
1317
2266
1578
1038
39
2558
792
60
2559
216
90
1746
138
41
90
1338
2560
428
1616
1464
1616
2561
2562
419
419
2563
2564
491
215
640
639
2565
2566
2567
604
428
1616
2568
1219
1336
1021
419
2358
666
1229
1229
1229
2569
704
656
60
60
203
215
1939
1905
2090
2570
215
2571
1467
1077
2985
1077
1463
2521
2572
2573
2574
2017
1981
1514
2302
1036
2576
424
424
709
1219
2577
2578
646
2579
604
1908
1006
1077
2076
1923
2057
1095
1095
1060
99
216
1229
2076
591
1430
2562
1936
657
1936
1480
1480
1989
1923
2506
1739
1835
1835
1349
2237
461
2250
491
2127
509
2225
666
666
2580
2581
2250
2582
90
700
3113
2058
1080
2506
1120
2506
2457
2506
2506
2506
2506
1260
469
2583
1835
2233
216
1796
591
2584
1193
2960
1134
2585
944
2586
836
489
1347
1134
419
2436
908
207
1835
90
2587
469
586
1221
2588
246
1604
211
60
211
2589
90
1134
1461
1134
2580
64
138
469
1232
2590
1134
2591
23
1841
44
62
90
90
1194
412
802
1075
1075
613
1095
90
2080
1199
491
491
2592
491
1835
1264
419
2593
1835
1990
455
455
949
949
949
2594
949
949
949
949
949
949
949
2595
949
949
2596
709
949
2560
2560
2560
1038
1038
792
605
2597
2598
1316
457
2599
2307
566
2259
2365
1282
1282
704
704
166
2436
604
2600
528
1667
1221
1741
635
2602
989
489
766
491
489
1038
1038
1006
491
1741
2603
879
2569
1039
1846
997
997
827
1846
997
997
1578
792
2604
2605
1905
1534
619
619
110
2076
39
491
491
491
491
1310
1264
419
419
952
1699
481
531
885
2606
1026
2013
1314
468
2272
419
419
419
419
1563
997
704
1333
2407
820
2607
1314
1043
491
114
412
1095
2076
412
2608
424
2250
489
704
704
2355
1835
175
1025
2610
2580
709
1956
78
2098
1812
1561
871
699
604
2301
2118
539
35
23
39
1480
820
458
44
1010
1095
42
90
1965
1256
571
2611
1134
1134
1134
18
216
15
2612
3246
486
1354
2192
2613
871
1967
90
2614
2212
2132
1066
81
203
1134
90
2132
23
1180
1180
2132
2615
1638
2375
645
678
90
2616
802
745
666
923
1465
2617
2618
2132
1597
2039
463
756
2132
1021
489
489
677
1209
2619
1017
1038
575
635
575
1775
648
575
635
575
635
2620
2621
575
635
575
635
635
538
2132
575
575
2620
2132
1458
1343
2622
2132
491
1827
491
491
491
203
482
1552
419
604
1262
604
489
489
911
1053
1017
489
489
489
489
489
528
704
704
704
2436
1957
580
1304
491
2212
216
114
216
419
494
2076
48
429
2023
469
614
2623
512
512
1333
419
2624
216
2407
2625
90
90
865
1908
463
109
1460
1460
1293
1197
491
2295
2626
2295
491
2627
90
494
494
494
494
494
1812
2628
1037
2627
216
1180
657
90
491
2629
1957
90
2630
1492
419
657
246
1642
2631
2350
1180
90
216
1180
491
2350
1719
1286
2632
913
2820
144
1235
2633
469
2634
2445
404
419
216
203
165
741
2445
2494
1180
802
1837
719
719
2635
2636
2192
455
419
2637
871
2132
1458
1458
48
203
549
1058
1780
1286
640
997
997
1492
640
2638
2061
419
2639
2540
2640
2641
571
571
1937
1616
911
305
419
2407
1591
1043
719
2132
2643
604
2132
2159
2644
165
419
413
752
1134
752
419
1134
2246
1134
216
1134
639
1038
216
216
646
2645
2507
591
1972
447
90
1391
1391
497
575
1415
1917
1415
1578
1317
1860
704
1835
605
1578
1578
1578
1578
1578
2646
1458
571
2014
591
2647
1902
429
429
2648
401
2649
2650
2188
2651
863
571
1330
2762
1627
419
1391
954
480
533
604
1381
1357
490
840
840
2159
2653
992
870
2620
2643
44
2654
2496
2655
1867
2407
2132
2620
2407
419
1597
2656
1338
752
752
2407
2407
2407
2657
1812
465
625
2658
203
1180
1199
1627
465
2407
2659
789
2660
2661
2662
419
2663
419
2664
419
419
1099
2665
1024
2666
477
90
419
304
296
7
419
23
1194
614
1864
1998
211
1934
2667
2667
211
138
1314
1314
90
2668
1194
166
207
482
540
1219
1038
2620
489
1093
489
489
489
2122
1079
216
469
39
131
60
23
165
469
44
469
110
469
23
1079
1180
2620
2643
1935
1413
2132
2611
2426
2669
1434
1179
2670
2488
18
1604
211
429
1024
752
752
752
752
752
752
401
401
401
401
401
401
853
1371
419
1414
494
48
2496
605
756
2132
2058
1192
216
1134
1808
90
90
417
2671
2671
648
1500
90
2433
2433
203
2672
752
1261
491
2673
1134
110
491
1808
2132
491
1180
203
2461
1180
1180
469
203
203
1892
752
1193
2960
800
2674
90
15
419
1220
802
2132
628
2675
736
604
484
2676
1552
646
1006
802
1616
713
1642
427
90
203
557
1183
557
1636
18
419
419
419
604
2677
2678
60
1317
165
165
2679
728
1354
728
2680
1134
65
2284
39
2681
474
419
1343
78
419
1066
1024
2040
419
138
2682
39
419
18
1134
736
2683
1699
575
1818
497
2684
1855
1855
1241
1699
2685
575
635
2343
575
657
1288
2686
840
1564
1358
2687
1163
2688
1337
1954
2132
2440
2152
2689
604
469
1358
2690
2691
90
90
90
2692
1742
635
1994
1742
528
507
511
2000
1863
2693
2121
531
928
1333
1318
2287
1892
527
639
2466
1021
1180
923
2637
1024
1024
2598
1024
18
2079
1578
90
216
216
216
216
1026
1294
2695
635
1038
1093
575
992
1381
894
491
2696
1180
2304
2304
401
2697
1024
2697
1024
1024
2697
639
2697
203
2198
401
1460
1460
1304
1460
2698
216
455
604
44
1222
1837
2699
1835
2698
912
2700
1827
2701
2132
107
2702
2254
455
2703
2637
612
604
802
1183
1024
308
2704
216
1134
2705
2706
48
203
2706
2707
2708
1963
2656
2709
2259
1188
39
756
2710
87
18
2711
216
39
90
2132
2132
2132
39
2132
605
605
1757
2712
1315
1315
1194
90
2132
39
1315
1719
1719
2620
18
39
216
78
2620
1835
1194
708
469
469
836
1719
862
36
1871
469
2620
1931
32
469
2132
469
1194
401
647
1154
2132
2713
549
398
2714
216
2715
1704
1743
401
2716
2717
1414
2122
2361
2718
644
424
62
424
62
469
165
90
1865
1865
211
211
90
2014
1835
90
865
8
1414
2719
2098
1038
419
2721
1892
419
2615
423
453
1642
2722
2723
2076
203
419
1460
531
1134
1134
540
1219
472
2356
2724
491
2725
2726
472
1835
876
1709
402
216
216
1792
39
704
216
2729
1714
2730
604
402
402
503
203
1180
1434
2624
1890
1514
2250
912
1219
1992
927
2122
469
2731
2250
2732
2732
912
2613
987
1597
1597
2598
613
469
35
207
2733
216
1352
2734
1870
1473
2735
2736
747
2612
2363
911
2363
2737
2641
1657
469
1492
1492
481
571
2135
1982
39
2738
2739
494
1841
884
2740
2071
2741
2741
2742
2743
2122
429
2744
2745
1024
90
90
90
90
2746
2035
2722
216
2579
807
90
2122
2598
2747
453
2599
705
1578
2122
578
2122
2748
2080
2080
2749
538
2136
469
48
203
903
1588
743
2750
419
419
2426
619
447
1017
1531
216
885
2751
760
1093
1151
39
90
1219
2577
766
405
1473
417
1517
692
90
2163
469
468
2752
2402
42
18
2113
797
1022
1757
983
605
2250
2753
2753
2779
802
1440
2754
2122
2755
1597
429
2756
1597
1597
643
429
2122
2365
1354
2122
1038
1038
1032
2250
575
832
466
2335
1294
30
2757
2758
23
715
23
2759
625
799
625
55
55
491
654
654
2760
745
2761
644
39
654
614
107
2762
2402
2132
640
2541
639
1287
2420
424
216
215
18
636
413
856
2763
396
2659
1612
207
207
35
705
1728
2502
1333
18
571
613
705
580
1892
802
1217
1371
1094
923
939
482
1164
2764
2765
484
2766
401
2767
1342
419
745
902
902
2768
1780
2122
2361
901
745
1381
662
2769
1726
18
1460
90
203
1354
1180
60
1458
2770
18
2771
488
1180
90
1180
491
90
401
401
2540
1361
216
90
1745
77
2648
197
2773
2774
2775
2775
203
2776
2776
2776
2776
2776
2776
2776
2775
2775
2775
2776
44
2777
216
2778
668
138
2780
2781
60
1002
44
44
44
77
44
419
798
419
419
60
2782
1905
1180
1180
1905
90
2339
2783
2407
2122
2339
2122
798
182
2632
15
44
90
1419
491
923
90
540
2200
444
1101
90
469
469
90
90
138
567
187
60
2784
2415
2415
2415
64
203
2785
23
2132
44
90
216
419
494
923
618
1931
216
207
39
2786
654
211
469
469
60
207
912
1835
2787
1745
469
1835
216
207
424
494
469
90
2132
2788
745
604
2132
1315
1315
2132
636
705
1578
1343
474
567
2304
2304
2304
472
2304
1038
2178
203
60
2429
538
1902
494
1852
1852
1852
2789
574
1407
2790
203
444
2791
90
508
1648
2792
444
453
1626
2754
2793
216
2064
2093
30
419
2794
1021
1021
2292
484
1245
605
675
469
1578
90
90
1871
2014
1217
62
45
2460
2460
60
807
926
1021
2795
2582
38
35
2796
216
107
469
39
216
1434
1222
419
2122
2304
2097
591
2797
902
745
745
2122
2598
2122
536
2122
2798
2546
2799
527
614
608
571
856
793
1371
90
640
1075
1219
1293
216
203
2800
1822
2801
2802
216
2803
1688
692
804
804
102
42
42
2804
216
625
18
165
165
486
2109
1580
34
2586
34
494
494
494
494
1956
494
207
2805
1580
1371
639
2806
216
203
455
469
1180
423
497
807
2613
804
1219
2192
1835
1219
635
2132
2807
1219
75
1219
1219
1219
75
1219
1219
1219
1219
2808
494
1219
75
1219
1219
1219
1219
1219
1219
1219
1219
1219
1219
1219
1219
1219
1219
1219
1219
1219
1219
1219
1219
1219
1219
1219
1219
1219
1219
2809
2810
713
1219
570
1219
1219
1219
1219
1219
1219
928
2811
1219
1219
1219
1219
1219
165
871
1268
805
871
494
2279
1869
2812
1892
1021
717
635
571
635
635
635
635
419
635
2122
2392
2660
1220
2813
646
669
1829
871
1537
2375
197
804
216
804
2192
1357
704
805
488
2814
2814
2814
491
491
491
805
419
419
419
2192
634
1796
2192
566
491
540
719
491
2815
704
704
704
704
704
704
704
2816
491
2192
2396
704
704
704
704
704
704
704
1461
469
1075
1075
704
704
704
704
704
704
704
704
704
704
704
704
704
704
704
704
704
704
704
704
419
2286
2436
2192
1864
1333
928
2192
928
805
902
808
805
704
704
704
704
704
704
704
704
704
704
704
704
704
704
704
704
704
704
704
704
1430
2603
575
745
745
1548
743
2817
478
983
1038
494
494
494
494
494
2818
494
427
1038
802
2729
2819
90
90
90
1163
622
2821
1963
1635
3280
820
628
2205
1134
572
802
216
2070
1197
429
2703
77
717
429
717
690
1241
419
2594
419
2136
1202
1421
939
635
756
2132
566
429
2132
203
1117
474
2822
1402
1188
474
2718
216
1174
2540
2823
419
419
419
643
2122
2958
2080
608
1871
2779
419
2080
2122
756
807
2122
491
491
216
2064
2824
2825
833
2826
1835
2827
1410
448
575
494
2122
2122
2141
2122
494
2828
494
494
913
720
1030
2829
90
1661
494
249
807
402
2830
455
2060
494
494
494
494
2831
2832
494
494
2833
1208
2834
1038
885
720
913
920
2835
636
2836
419
2664
1104
1859
635
2837
2528
48
2838
429
2396
60
48
48
1316
2718
1670
203
844
2839
844
2402
844
419
419
494
2645
484
713
844
844
2798
635
407
636
1347
2840
2259
527
453
2152
727
575
2841
203
745
474
694
1084
407
1163
2842
494
646
678
494
802
2843
1336
2844
494
2322
2845
2846
1112
1859
419
1511
2847
2209
2848
2849
2850
2122
2122
2598
2851
801
2852
1852
1021
2076
2853
2854
871
609
2122
2897
488
497
448
449
2000
515
825
825
445
2855
448
575
2856
2857
216
2266
1038
2686
648
928
2448
3162
992
401
2076
949
949
949
949
949
949
2110
949
2858
677
949
677
635
2515
2859
2860
1561
1561
549
1551
1188
575
575
1104
807
928
2861
2076
2859
609
1905
2523
2803
1256
2862
2863
2864
2864
2864
1050
2865
2865
2865
2865
2865
2865
1354
928
1434
305
743
1670
2364
2133
2866
1367
1434
885
511
2867
2076
1180
531
2868
2200
2200
2200
2200
216
2772
1099
2869
90
90
2131
419
42
2598
728
2641
1402
1037
90
474
727
2870
2292
203
2070
2159
2871
419
216
131
419
419
2872
909
2843
1417
1315
1835
2092
2266
628
870
597
481
7
971
2254
419
419
419
419
2169
2803
90
114
666
491
743
1188
171
549
2873
2874
44
1580
2875
34
2766
2359
2159
613
2876
2876
1169
1016
216
216
2426
627
216
7
727
572
479
45
811
474
2122
643
636
745
745
360
2152
2877
2878
2360
18
2360
608
2879
2726
2880
870
165
196
2881
2641
2766
2882
1501
1501
469
2878
419
90
566
155
155
2884
887
2885
1835
1835
871
429
429
429
429
429
802
914
914
1402
1454
246
7
419
419
419
203
2375
745
2886
559
419
1139
2888
419
1189
1073
2889
2890
2891
1463
1514
1514
1514
2892
862
1041
2893
216
2203
216
2885
34
34
64
2894
42
2894
42
48
42
42
1835
1221
1835
1221
42
1835
42
2070
1188
930
1112
2220
2220
2220
494
1796
2076
1519
1699
527
636
1094
1094
2895
2663
662
662
170
1856
38
1578
1134
296
207
417
419
107
2896
801
491
768
2825
2884
768
2897
236
494
2613
494
494
494
494
494
2898
2899
527
7
2900
2901
2132
2292
1420
1852
1852
1852
1852
1852
1852
2903
2903
2903
2903
2903
566
1898
2899
605
2141
2076
409
409
1176
2132
2132
2132
2132
2132
2076
549
2904
2876
2905
39
1748
2870
2906
48
2907
216
2074
2141
745
2076
619
2058
26
419
494
39
2285
78
78
77
419
788
2084
1094
1514
1176
7
494
7
7
41
419
7
1835
1835
1134
62
1073
469
2908
2189
30
469
1066
469
469
604
2122
90
207
639
571
2909
997
997
567
216
216
829
623
1067
879
608
2402
923
580
1038
1039
2910
2910
1561
1706
2911
997
997
997
1746
2912
360
2913
2196
2196
2914
90
35
638
2693
90
1087
44
15
2916
2088
567
419
1578
2917
60
953
2918
419
23
424
639
478
575
419
2662
2662
575
1038
923
2919
2920
802
413
216
1874
412
804
2863
2863
1286
699
863
863
670
1151
1005
1005
802
1460
1812
2921
549
752
300
789
920
2923
2924
643
1354
811
1038
1038
1038
1038
1038
1038
489
515
2044
2843
1884
1053
1884
1417
497
1038
1038
1038
1038
1038
1038
1038
1038
497
1104
2925
1038
1038
2389
1352
1352
1352
635
2275
216
1853
1648
1648
2926
2166
541
1986
2927
2928
2929
2930
453
1578
1973
2843
2843
1578
2931
2932
2929
1066
2931
2929
729
2933
23
491
646
1155
892
2766
952
211
817
817
1642
928
419
1038
215
215
429
1038
7
2457
2934
469
111
469
15
419
424
419
419
419
211
469
862
15
1867
1475
419
419
2935
575
657
715
131
604
640
595
2339
1188
2936
2132
478
2937
246
78
917
2938
864
515
3300
90
474
2666
75
2939
509
1150
130
685
2429
150
1357
419
216
1357
2940
515
2941
62
62
62
62
39
494
1666
1361
77
44
44
64
44
1134
60
90
2942
746
2943
2944
2243
2945
419
236
44
1462
694
2078
2078
2078
165
48
90
2192
1006
216
2402
155
828
413
119
2946
413
2947
2948
2598
1835
802
802
494
736
802
736
745
549
2078
2865
15
2949
1918
1194
2950
135
491
2076
114
419
207
469
207
864
1569
469
32
1315
1315
491
203
2598
419
2356
1038
409
300
566
2953
215
424
1959
1304
1304
1304
1304
1304
1075
1075
1019
2064
2160
995
216
1151
1244
491
1141
1714
1347
494
680
1867
804
2728
1016
805
2954
2074
300
2575
2649
804
2160
635
978
861
1021
1542
2955
2192
15
494
2643
81
15
419
216
39
403
1867
728
2076
2956
1176
931
216
1939
1080
1038
2957
1661
511
510
1812
2078
1066
2958
536
18
648
648
648
727
1180
7
648
203
586
811
203
203
1038
648
203
648
491
648
648
2078
604
1893
2339
216
2293
2959
419
1664
2467
203
604
1548
2539
818
2960
2960
2960
2960
2961
2076
1788
44
424
23
811
2962
409
2963
419
580
605
2964
2058
424
87
2598
2965
1545
1021
2966
2788
2076
1979
2339
571
32
2488
2441
2968
3423
401
2014
997
997
997
997
1680
1680
1680
1680
1680
1680
1680
1680
1680
997
997
997
997
997
997
1680
1680
1680
2426
2426
2426
766
2266
2266
2266
2266
2266
1680
1680
1680
1680
1680
1680
1680
1680
1680
1680
1680
1680
1016
766
997
997
997
1680
1680
1680
1680
1038
1038
685
685
1038
1038
1038
1038
1038
1038
685
685
2076
2969
138
2969
939
2970
401
862
424
424
419
2971
510
2829
55
648
419
2076
715
2076
868
2076
868
519
15
1902
591
2972
2972
494
2494
1788
2973
1115
2974
2975
2975
1134
1115
2976
3240
419
62
2975
1134
604
1091
494
401
2158
491
15
1180
491
1021
142
1134
187
494
2977
203
494
481
2978
2979
604
424
424
1112
848
586
1110
2980
881
1797
469
469
469
469
2981
928
2141
2076
469
928
571
2339
2982
474
2262
2983
90
2984
3416
789
424
142
27
1134
1164
983
503
131
401
538
207
604
752
636
2598
944
1144
1657
1541
1541
1701
138
1541
1541
1914
155
144
811
1091
40
635
2598
2986
203
39
2987
27
60
494
494
404
404
64
1548
2960
885
75
1287
844
405
18
2988
2989
491
1180
494
494
2292
1194
1194
1194
1194
1194
90
90
1194
90
187
807
2990
424
77
2991
216
203
2884
797
2992
2993
2974
127
2994
1180
1287
1511
709
1642
685
60
2996
685
424
2997
424
90
127
246
2998
2999
3000
1016
494
2153
32
215
3001
1812
2076
3002
3002
3002
3003
1812
3002
2153
1076
914
914
3004
3005
1343
726
494
3006
2760
256
1454
419
1541
1351
246
15
3007
1351
1351
1351
1351
654
401
1351
3008
3009
648
604
604
2815
211
1221
2366
18
45
1351
648
667
2287
727
727
1180
90
211
2284
424
1333
644
3011
3012
491
448
512
203
2284
44
215
90
2613
90
1835
3013
1835
3014
677
1192
1192
1192
2499
1180
3015
32
216
203
18
1076
1397
246
595
1835
912
1515
1091
218
469
78
90
1353
2186
78
413
3016
501
2070
2703
469
1194
1194
1194
44
1194
469
2375
3017
1835
3018
1314
1835
494
1835
140
2703
3019
90
90
90
90
90
604
713
474
1164
481
469
1833
215
648
3021
48
614
3022
1841
3023
1192
1192
246
216
3024
3025
1575
42
207
1180
3026
3019
3027
2579
196
448
3028
216
1642
1642
424
15
3029
3030
218
216
90
44
3031
1052
3032
18
1052
531
215
1547
215
42
131
215
23
3033
207
207
18
23
207
1202
207
2973
44
90
42
1835
1811
3031
215
39
1134
1101
1229
26
1699
448
1380
1194
469
745
90
469
90
469
469
1835
246
90
3034
90
90
2375
3035
1905
90
646
2113
44
207
885
685
3036
1180
424
3037
102
469
138
1180
3038
614
1743
1192
3039
90
419
648
211
648
681
2523
1905
1905
491
3038
894
648
3038
3040
466
1038
1973
1352
1352
2387
2387
2387
721
1011
497
1746
635
1634
44
1661
3041
1994
685
685
3042
216
15
469
3043
44
469
639
15
203
469
2286
423
30
3044
469
15
469
44
469
216
928
928
745
216
2772
928
469
928
1908
23
1194
60
897
469
897
3045
44
3046
1134
3033
3047
3048
657
1219
3049
1128
1134
216
216
18
494
1134
1134
1134
90
3050
640
3030
3046
2135
216
464
44
926
3051
1613
3052
1613
2709
1946
1016
1038
1148
1038
154
2641
591
766
766
1016
997
640
3053
446
1192
1192
1192
1192
21
712
44
2717
1080
3054
216
165
216
3055
60
486
3043
727
2661
1180
3056
2076
983
820
983
633
965
965
2762
633
2322
2112
2852
1822
2601
646
1757
2639
491
2876
1517
2762
2339
820
419
2762
3057
90
469
90
62
3058
670
444
1180
1176
1193
2064
988
3059
563
563
3060
3061
563
1826
563
3062
563
3061
3063
3064
3064
3065
3064
2741
3066
1403
469
3067
2235
738
2825
90
1446
1727
512
2076
3068
78
3069
131
1038
1082
1038
3070
1274
3071
102
424
908
3072
605
1194
1180
207
1194
494
90
1038
469
2076
1180
635
635
3073
211
211
44
131
78
1973
34
2864
424
246
246
78
78
34
207
865
538
1110
2762
538
1979
2762
1310
1310
3074
1625
538
538
3075
15
494
1464
862
3076
2292
1385
677
677
1473
1473
26
2580
296
3077
419
406
1688
453
997
645
474
2718
1979
711
2044
3078
409
1757
419
419
1272
1582
997
997
766
3079
491
1577
1577
515
515
1582
677
677
677
677
527
32
3080
1582
608
3081
635
419
196
494
494
519
747
497
1768
15
1134
3082
3083
1333
2762
494
166
862
216
494
136
648
2852
60
3084
711
1545
1811
419
419
419
1286
3085
724
939
3086
776
481
1953
486
609
609
2703
741
641
2973
3087
604
3088
1110
2383
608
3089
1333
3043
1180
2803
864
3090
928
469
42
1006
62
1337
1038
1038
1038
1038
1107
1940
3092
3093
1960
409
619
1012
608
608
1073
1021
1188
2301
3094
3095
2301
3096
3097
2556
3096
531
486
118
2803
402
1073
2058
1021
2772
640
3098
424
3099
90
2803
503
503
429
272
503
503
15
246
3100
90
1012
1038
429
1038
635
7
401
651
401
651
805
2897
651
419
404
756
756
608
3101
1469
635
1032
1038
419
625
107
2044
495
1180
1272
1216
3102
1352
1352
925
3103
1038
909
1038
1352
48
1860
131
1180
419
60
419
419
419
789
2286
2064
2064
811
1688
1180
503
1333
741
405
639
2817
64
64
64
64
64
64
64
64
64
486
419
696
216
571
571
515
705
761
669
1262
923
216
1315
413
404
429
2586
429
494
3080
573
45
605
412
170
2803
99
1251
1474
914
914
914
2679
594
914
914
743
48
914
914
914
914
360
914
914
423
360
360
409
229
1835
216
216
491
677
1577
677
677
419
203
677
491
677
677
756
1293
419
32
3104
531
3105
413
413
413
844
844
844
1829
792
1134
3106
894
246
187
123
15
604
1180
1180
469
3107
246
419
3109
2897
903
1180
15
1333
1659
928
643
491
1180
1180
3110
3111
878
3028
1846
3112
1180
1180
429
246
39
196
78
44
403
1110
2632
155
18
419
15
928
928
1517
2121
928
1180
1180
203
497
1846
90
2772
1222
1038
491
1362
1458
1180
3114
1180
657
44
1134
207
18
997
997
997
1016
1016
997
997
997
997
997
1016
2266
2266
2266
2266
571
3115
2989
2989
2989
2989
2989
2989
2989
3116
90
2989
2989
2989
1293
494
2803
619
619
1333
432
646
844
844
902
1947
594
726
639
1180
639
572
745
216
675
1180
571
643
246
723
2967
1824
3117
60
216
580
1235
62
629
1613
2953
3118
605
503
885
1839
1180
892
1071
90
1180
1180
1434
605
455
494
511
526
1864
526
526
526
3119
1078
34
604
3120
923
510
1792
2953
2233
78
3121
3122
1575
1575
58
64
348
58
1724
654
799
3123
3124
413
203
423
640
423
1137
1180
60
685
3071
125
2849
805
2209
3125
547
3126
3126
1184
413
3127
15
494
1745
3128
44
44
44
1180
2989
166
2989
2989
1110
2817
2989
2989
44
38
144
42
38
203
1180
35
1180
3129
494
2058
1043
3130
2058
1880
216
19
246
401
900
62
15
246
1043
3131
2058
3132
1352
1352
1032
62
246
246
246
246
2496
90
90
90
3133
90
90
2843
1209
90
62
62
639
216
165
2191
865
926
90
614
3134
747
34
1110
428
1180
248
62
216
444
728
510
1473
3379
1451
2852
165
3135
419
926
1038
804
64
216
3136
997
997
2426
2426
813
3093
2762
712
2762
166
42
1315
90
90
1489
743
619
64
102
903
23
3137
3137
818
1305
1852
1852
1852
1852
1852
1852
1852
1852
1852
1407
1852
419
1852
48
1852
1852
1852
1852
1852
1852
1852
1852
1852
1852
1852
1852
1852
1852
3138
474
1852
90
1852
1852
1852
1852
1852
203
102
3139
3140
1180
1852
3141
1852
7
1852
216
1852
604
1038
2689
216
1180
1180
102
3142
1180
3115
216
138
90
102
216
90
491
3143
110
491
3144
491
3052
685
685
685
2997
62
494
2817
64
1038
1038
3145
2882
745
595
1607
1093
3146
3147
489
1741
1030
489
489
685
348
772
1680
1680
2427
1741
1741
1741
2217
1680
2266
2266
1062
1062
1062
1062
1062
455
90
455
908
3148
848
338
338
1648
338
1148
1148
1148
1148
1148
1148
1148
1148
1148
1148
1148
1107
1659
3149
952
1757
2611
1905
3150
90
1094
1094
488
811
811
411
165
515
2846
571
246
2289
1194
3151
2598
2371
3152
591
2611
1434
2272
39
1352
1038
1038
792
1038
469
39
1038
939
1038
491
1148
2484
2163
997
997
997
997
1561
1148
997
997
1561
1561
1561
1561
1561
1561
1561
1561
497
1148
1148
3153
1038
604
3085
604
3154
1183
2057
808
1024
216
1066
3155
42
23
1169
90
987
360
15
3156
3157
604
902
1180
3158
216
1180
1038
90
127
625
1982
1613
511
605
197
469
90
604
216
720
1038
15
81
1043
494
90
2772
2429
717
604
717
3159
717
491
664
1434
752
1180
491
1038
203
3160
1038
1317
1039
1038
870
1038
1038
1038
1038
909
1846
1038
997
1846
1038
1038
1038
1038
1038
1038
1038
1038
3161
1797
1846
1846
216
90
992
2639
2931
90
187
39
802
81
612
3163
789
1434
506
3164
1688
60
605
605
605
90
865
572
419
3165
923
685
1038
1788
1788
1788
798
923
923
62
3166
1688
3167
510
447
497
515
449
509
449
1699
744
510
511
1241
497
1634
449
449
744
744
744
878
3168
605
1265
90
1517
1902
491
494
216
210
2598
1038
1038
1038
1038
1038
1317
1577
1317
1032
997
1038
2124
997
1317
3169
1317
2132
1038
871
1659
1038
491
2429
3170
1703
1091
3171
2048
1711
1711
23
1711
571
1711
2429
1711
1711
1711
1711
1711
1711
1711
1711
1711
90
216
1202
1202
802
419
669
419
1071
1045
1711
3172
3150
3173
909
1473
3174
746
2376
1202
491
909
761
657
1202
3175
1043
802
39
3176
657
657
571
3177
3107
1577
997
1352
3178
531
1472
1106
2461
3179
1202
1202
90
42
44
494
2596
412
412
412
1352
2062
48
3124
3180
3181
3182
3183
412
429
3156
412
3184
1134
412
2967
412
216
203
203
423
419
41
3163
1686
1269
3163
2989
2989
1354
2989
2989
2523
865
997
997
997
614
1635
1458
2315
2426
1148
1148
2426
412
2426
3185
1219
1293
3186
2426
2426
1155
60
419
216
419
246
419
1718
3187
792
2843
3188
3151
203
3189
510
1274
1860
412
203
3190
3190
925
2932
2863
3191
685
146
528
1241
511
826
744
469
1093
1000
491
48
2138
2611
2760
1695
48
491
48
3192
1929
3193
60
1180
1624
1621
491
419
491
3194
419
203
62
62
412
491
90
90
203
491
90
551
491
216
203
216
3195
401
423
1305
2754
149
1304
685
1038
685
3196
3196
3196
3196
3196
3196
2573
3197
136
1038
3198
743
1222
1222
1244
15
1244
632
62
3199
2496
1463
203
2132
547
413
1043
2132
216
2132
539
2132
2132
2132
1642
3201
2132
645
694
1002
2132
1905
1905
2113
3202
1304
2132
102
1217
482
724
2341
527
3203
654
829
3204
512
826
1993
497
1411
497
1905
2402
1905
2339
216
472
3205
1963
3206
1277
3207
1974
216
1224
595
685
1354
23
711
15
107
1491
636
296
2038
923
3208
3109
2870
1688
3209
3210
2017
3211
605
2897
3212
62
1219
1629
1180
1852
1169
1852
142
2711
3213
1852
3213
1852
1852
1197
1197
1856
1500
3214
48
625
865
608
48
203
756
23
3215
539
90
1180
469
727
42
216
42
3216
1194
1180
469
3217
494
3218
3218
3219
3219
3219
3219
1148
1148
1148
1585
1585
1585
1585
2467
3219
3219
3219
3219
3219
3219
3219
2467
3219
3219
3219
3219
3219
3219
3219
3219
3219
3219
3219
3219
3219
3219
3219
3219
3219
3219
3219
3219
997
997
997
997
997
997
2427
2266
2266
2266
2266
3219
3219
3219
3219
997
997
2266
2266
3219
3220
3221
469
717
261
664
3222
3150
3223
572
90
1148
1148
1148
1148
1148
1148
1148
1148
1148
1148
1148
1148
1148
1148
1148
1148
1148
1148
1148
419
1071
639
1965
1975
923
2152
643
2676
2483
923
3224
3225
2648
1200
2321
2576
401
1463
1463
1066
1180
401
1411
2356
3151
491
3226
3217
136
267
3227
783
3228
1683
997
3229
1241
2003
515
574
515
515
573
515
1818
1273
419
623
3134
412
48
1925
1088
419
923
419
3230
1242
1104
3231
90
203
429
423
1082
2849
494
494
3232
1607
419
419
2712
110
90
491
491
216
90
90
62
870
1548
3233
1545
491
2762
469
110
90
481
1304
348
448
448
155
469
136
39
41
203
114
216
107
515
1107
491
3234
1343
811
236
639
3068
1728
1453
1667
3235
3236
489
3237
401
802
789
3234
3238
3234
3234
3234
3239
1066
1037
1575
614
614
614
42
1053
2376
805
2976
3241
1345
420
110
203
1150
2970
802
802
802
491
491
804
2839
429
3242
491
604
401
928
3243
2843
1053
685
3244
2387
419
419
419
419
3245
417
3247
608
3248
3323
236
203
3249
419
3250
489
2426
2911
3085
3070
2911
3251
484
90
207
48
2939
2980
494
3252
15
531
3253
3085
1812
15
15
3137
1164
491
60
1180
491
60
2171
419
3254
3255
1277
3256
3257
2540
745
953
745
745
3258
2598
3259
1753
704
704
704
704
704
704
704
704
704
704
704
704
704
704
704
704
704
704
704
1664
3151
1564
1006
3260
494
760
2868
2923
110
1008
18
1367
2598
494
3261
1343
3262
3264
1156
1812
2598
171
3265
3265
3266
1156
580
1935
1935
669
2141
1008
614
154
1430
3267
90
3268
1934
3269
3269
1134
2402
2598
1180
216
1705
2054
1030
684
1935
684
417
1244
417
2870
1893
419
2203
1420
614
708
1352
99
1076
1833
3270
419
203
1508
491
491
491
2931
684
3271
2465
940
1404
3272
466
685
15
1043
3273
566
1030
400
491
491
23
491
3274
1864
1188
3246
3275
654
261
2863
3276
604
429
429
429
429
2863
2728
1201
2863
1183
811
856
3277
2063
2863
1008
608
1008
976
604
1188
566
566
566
1330
547
3278
2339
136
1317
1317
2961
924
2863
3171
419
1174
41
45
136
21
571
15
2863
2863
2863
138
1188
2863
684
1166
1188
1969
646
165
491
491
491
580
491
3085
419
813
491
723
491
246
491
491
491
491
3279
1728
2863
203
491
2863
2863
820
2863
1317
3281
2897
2863
15
15
3282
125
412
3150
1659
2331
3283
1517
1150
877
3284
965
3285
3286
566
2064
3287
1030
3075
1232
1043
619
605
807
3288
3289
3150
3150
1974
445
3290
3291
744
3292
412
1188
3293
3294
216
3295
677
136
689
605
1407
1067
879
1407
798
3296
235
743
1746
1675
203
3287
3287
1202
3297
3298
3299
1983
3301
605
1548
1746
3302
3303
3304
246
3305
3306
78
3307
3308
3151
15
1481
531
1822
3309
216
203
1082
531
211
3310
419
207
494
90
2529
207
494
494
494
90
494
90
48
2598
494
494
494
494
494
1219
2577
494
494
1219
1219
1728
216
1041
216
1219
2078
1150
401
401
3311
1128
2604
15
3312
3312
1699
997
997
42
18
257
3217
557
42
1846
709
709
709
469
709
709
459
3313
473
3314
3315
419
1219
1219
307
2064
2402
2402
2402
2402
2402
2402
2402
709
1219
2078
1084
136
605
1180
26
494
1219
1180
651
1219
1180
2364
1219
1293
207
131
419
207
2849
1219
1219
419
1219
1219
412
1219
102
1219
1656
1219
717
1219
1219
1219
1219
1219
1219
1219
1219
1219
1219
2618
1219
1219
1219
1219
1219
1219
1219
1219
1219
1219
1219
1219
1219
1219
1333
1722
1219
1219
1219
1219
1219
1219
1219
1354
481
804
90
1305
1706
1473
203
3316
1116
1134
1134
1134
482
685
745
805
640
1189
207
1043
401
1134
3137
1744
1711
419
2643
974
2863
1506
631
401
540
507
1567
507
1699
1912
685
685
3319
685
1543
32
651
90
419
2957
29
1171
614
35
744
2005
744
3320
562
862
3321
2890
55
2890
2276
3322
1024
2621
1144
3190
412
412
412
412
412
412
412
412
412
412
412
412
412
1150
856
2433
412
412
412
136
412
412
412
1502
491
136
412
412
412
419
3324
744
744
557
419
3325
448
448
3018
448
448
448
448
1067
515
412
3326
1727
1591
3327
1727
412
491
540
2043
442
3328
3329
694
3330
2205
1620
1091
38
412
3331
1954
3210
863
412
476
834
419
412
566
566
3332
566
136
90
566
1479
820
3063
1120
3333
798
923
756
136
1462
1062
571
997
3217
2426
2461
489
1571
1006
2540
1571
419
2545
745
840
1009
58
3334
3049
2655
491
23
2655
2366
491
2874
654
2728
1180
136
203
2697
531
136
2675
3301
1754
1754
1217
401
3335
216
216
38
549
549
78
15
15
15
1754
15
246
871
216
871
491
135
136
871
1080
566
273
717
401
2254
1080
3337
605
912
2302
547
497
507
879
1815
635
497
449
3338
1473
744
744
1500
802
3068
3339
474
419
2598
782
3340
1956
1195
2328
3241
216
419
3341
1199
419
566
3340
1174
907
419
918
1120
2361
497
1103
489
614
488
1903
27
18
236
494
604
2429
2852
3343
3343
3344
1330
216
136
136
136
136
2000
3345
64
727
1648
2863
2863
591
705
18
419
1586
1196
3346
22
2315
152
2343
1062
1430
3347
2803
3348
3139
1959
634
1062
1062
685
877
711
2916
419
3068
3349
3350
155
1642
3351
1686
2897
3222
488
1646
2504
1242
39
488
3352
1091
1091
914
914
125
41
1688
203
708
406
429
635
3353
792
1241
557
1636
3354
2275
1844
612
711
1188
716
401
802
3355
155
657
1712
1835
987
2863
3274
1970
3356
3357
419
3358
401
2540
2754
2644
491
651
3360
3361
756
3090
2160
2076
3362
15
469
3362
60
15
207
3362
107
2287
2287
11
261
39
2425
1180
614
58
136
41
216
256
65
3363
9
604
1931
107
3364
1342
136
144
211
142
23
136
639
136
41
41
41
203
1330
99
614
7
3365
1314
9
836
3366
48
34
136
2287
3367
41
60
211
48
614
18
1180
60
35
216
1792
2456
978
73
401
614
2586
15
614
149
216
203
1686
39
9
55
494
995
1058
494
494
2545
90
752
401
9
3368
494
494
494
1256
3369
3323
3370
1180
834
3371
789
677
677
246
2014
1656
1186
2880
1666
834
203
136
705
3371
3371
3372
2522
3373
203
1336
862
711
38
2870
90
3374
605
9
2907
923
798
107
107
604
690
481
2017
3375
1409
60
9
1025
864
165
997
23
745
216
597
914
914
914
419
29
3376
1945
1945
3377
1945
639
1642
715
419
1024
2467
2467
3174
2910
2467
2467
2467
2467
2910
1148
1580
1580
3378
3378
3378
531
2875
997
997
997
997
997
1016
2426
2426
1148
1148
1148
1148
1148
1148
1148
1148
1148
1148
1148
44
1998
484
1577
1577
1577
997
1581
2467
2467
2467
2467
1835
3379
3379
799
799
799
663
855
216
1045
3380
1002
1945
494
207
1933
1745
1788
1788
1354
41
3362
1788
1788
203
9
2467
1071
9
1221
3381
207
2772
1893
3382
1788
207
1788
1698
3381
429
419
1698
1229
60
640
605
469
1711
400
23
90
42
216
22
203
3383
3384
3385
27
1941
3386
572
3387
1148
15
59
15
102
778
1788
1545
131
1409
48
1359
1359
1343
2545
1699
2139
1880
3388
39
41
1051
3389
3389
3390
694
41
557
3059
469
1788
3391
574
1022
2795
2608
531
1686
3392
506
850
2675
3122
724
1062
912
429
1037
1945
2863
401
843
203
15
15
15
3393
419
15
15
15
463
15
3394
15
1062
3395
1245
1336
1548
1426
795
1062
604
726
15
15
892
15
15
39
469
870
9
149
15
1657
1657
1657
1657
1188
1657
41
122
474
15
60
203
3173
1144
3396
419
745
401
591
825
1453
1316
2225
2229
3281
2718
3397
2205
2287
1347
547
3173
494
494
494
494
494
494
494
1908
494
494
494
494
3399
2976
971
216
165
3400
952
419
163
3401
952
648
2676
727
952
741
1043
11
877
2233
2233
3402
531
531
531
531
531
3287
107
34
3403
9
3404
1091
1918
419
484
939
1549
419
605
733
3405
3406
3405
3405
3405
2863
216
1134
2339
591
60
1134
727
1091
1519
716
717
448
507
448
497
1846
3407
497
1846
507
2161
717
3400
203
1931
1180
3408
3408
716
216
1548
925
3409
2863
2728
3410
953
3104
646
912
811
870
1545
745
3373
3411
3412
3413
864
149
2319
633
741
2243
400
23
23
608
60
9
631
631
2540
3414
3375
3375
3415
685
685
685
685
685
685
2897
18
18
18
1931
18
2655
1656
18
614
2423
18
3417
1180
614
2039
813
985
3418
494
1269
1812
1945
419
419
3279
1788
3420
485
38
1796
3375
1788
3421
3375
3375
1180
18
3422
15
15
62
9
41
1591
3424
820
820
1091
60
60
1389
571
3375
639
39
421
18
216
216
1134
1134
216
216
18
18
3425
3379
1280
62
9
2118
2056
18
3426
3360
861
18
60
18
614
1841
15
2979
2979
3427
2897
9
1835
125
136
801
60
419
419
1728
405
236
44
2467
2280
123
3428
246
18
18
614
3429
2285
469
2285
566
18
18
18
1918
3430
41
40
2863
109
3218
484
1918
23
2267
9
149
60
90
216
42
41
3218
150
2152
1719
3431
1719
3375
491
60
9
62
1180
18
9
90
60
7
1812
1134
196
18
27
18
62
2343
3390
510
879
1241
401
3432
216
44
1812
1841
3433
3232
62
2517
724
2539
2517
957
2539
2539
1809
18
15
3434
2243
149
9
9
3097
9
9
1021
109
2524
698
698
604
2314
469
3435
90
2863
3195
158
165
45
15
1607
3375
2400
2275
1903
60
18
491
1945
2863
1909
2275
3436
2675
