0
1
2
3
4
4
5
5
5
63
118
6
6
7
7
7
7
7
7
7
7
7
7
7
8
9
10
11
12
13
5
2
14
118
5
15
3
3
5
16
5
17
18
19
8
17
8
8
8
20
21
1
1
18
18
22
22
9
23
5
5
24
24
25
26
26
8
5
23
27
27
27
27
27
27
12
12
5
28
29
29
29
29
29
29
35
118
30
30
30
30
30
30
30
30
30
8
31
31
30
0
32
33
34
35
36
37
38
23
12
12
12
39
11
40
11
11
41
11
40
11
1
40
1
1
5
35
40
2
42
43
12
44
44
44
44
45
45
46
16
47
47
2
18
18
48
5
5
49
5
50
51
35
52
53
16
51
5
54
53
5
13
55
56
18
57
29
29
29
58
30
59
5
47
60
61
62
62
61
62
63
5
7
62
1
7
7
64
64
64
64
47
65
35
4
66
36
64
67
67
67
47
67
68
40
44
44
44
11
62
67
47
67
47
67
67
67
67
67
67
69
47
11
48
70
71
72
71
34
73
74
1
75
75
75
75
75
75
75
75
75
75
75
75
75
75
75
75
75
75
75
76
35
57
57
77
74
78
31
57
79
72
57
80
80
123
81
82
82
82
82
82
42
83
57
57
84
24
72
85
86
86
61
87
61
88
139
88
4
81
40
4
4
89
31
31
90
91
90
90
90
90
90
90
90
90
90
90
92
28
93
94
60
74
57
38
57
57
38
72
64
64
65
65
95
95
95
83
88
28
28
28
13
96
118
65
96
96
96
96
96
96
96
96
97
98
98
43
98
98
99
40
100
101
82
82
102
102
82
98
98
7
103
103
103
104
105
103
103
106
106
49
118
43
8
8
107
13
37
108
109
110
110
66
48
111
40
111
94
38
112
113
113
113
114
20
40
38
54
89
87
51
40
87
40
40
40
40
40
40
40
40
40
40
40
40
40
40
40
40
87
40
40
40
40
40
40
40
40
40
87
40
115
116
116
40
40
40
40
40
40
40
40
40
40
40
40
40
40
117
117
117
117
24
118
40
40
40
40
40
40
40
117
40
40
117
40
40
40
117
40
64
64
40
64
40
74
40
40
40
40
40
40
119
59
64
64
64
64
64
64
120
1
119
13
121
40
121
40
40
40
40
40
40
40
40
40
40
40
122
1
111
122
122
122
123
63
118
113
124
41
113
41
113
113
113
113
113
113
113
113
113
31
125
126
16
16
16
16
16
28
28
87
127
87
128
129
130
63
131
131
132
132
133
85
134
135
136
87
87
117
117
117
74
74
74
127
1
137
137
23
137
137
137
137
137
137
137
58
38
23
74
74
10
1
123
138
112
28
34
129
129
131
38
139
140
139
139
118
118
118
118
118
118
118
118
118
118
118
118
92
141
18
142
143
144
28
40
40
40
40
40
40
40
40
40
40
40
40
40
40
40
40
40
40
40
40
1
145
65
113
146
105
113
113
113
113
113
113
113
10
147
38
73
38
148
65
142
65
149
35
35
40
150
28
151
151
38
28
151
152
152
152
41
118
153
41
154
65
65
48
155
156
13
87
40
40
40
40
157
127
13
65
97
109
158
155
159
109
109
117
18
158
18
71
106
106
160
117
117
117
117
65
65
161
65
65
162
65
155
163
118
17
118
118
118
118
118
118
118
6
40
164
105
165
118
158
40
40
40
40
40
40
40
40
158
40
40
40
40
40
158
40
158
40
118
87
87
71
71
74
166
166
40
70
167
31
18
168
64
110
132
132
169
169
169
169
169
169
169
170
109
65
161
171
172
31
173
13
13
65
174
175
175
114
109
156
40
40
21
132
132
132
132
132
98
66
66
98
98
98
176
98
98
92
92
177
92
92
92
92
92
92
92
92
92
127
65
101
178
178
179
180
181
181
139
87
151
151
180
117
117
117
117
98
98
152
152
182
182
65
111
139
183
184
184
180
38
151
151
151
151
151
105
146
132
132
132
185
185
132
93
186
186
186
93
93
93
40
40
187
40
40
40
40
121
121
161
152
152
152
152
152
152
152
152
121
152
152
152
66
188
11
189
190
190
190
190
190
190
190
190
190
190
190
190
190
190
190
190
190
190
191
59
150
192
193
193
190
190
190
190
190
190
190
190
190
190
190
190
190
190
190
64
64
64
64
64
64
35
78
64
64
64
64
64
64
64
194
21
100
148
184
40
40
73
6
110
110
110
121
195
87
192
161
71
196
71
111
117
117
197
117
198
199
200
195
195
198
198
198
198
198
198
198
74
198
198
198
155
74
128
201
152
74
74
128
124
27
27
27
202
87
166
101
65
87
87
13
109
203
173
156
204
204
35
204
205
206
6
6
6
65
197
197
197
34
65
208
204
131
49
148
207
121
204
121
121
121
65
65
209
210
209
209
209
209
209
65
166
20
87
87
87
87
87
87
197
31
211
212
66
74
197
197
213
214
215
216
217
217
218
219
220
221
222
218
223
224
225
218
226
227
225
228
217
229
221
230
231
221
227
227
232
225
233
227
234
72
235
236
225
225
225
237
225
221
233
238
225
227
239
240
241
227
239
227
72
227
242
243
244
245
246
247
248
227
249
250
241
227
248
251
252
253
246
254
255
246
256
227
227
254
227
246
257
258
239
259
260
261
262
263
398
217
248
217
248
264
265
266
229
267
1992
268
269
270
265
271
265
55
272
216
273
274
275
276
277
278
279
280
281
282
283
284
285
286
287
283
229
288
289
290
291
248
292
332
293
294
295
296
297
246
298
299
300
277
301
277
302
277
303
785
217
291
246
217
304
268
284
285
305
306
307
232
217
308
217
309
246
310
311
312
225
313
314
315
303
405
405
316
317
72
289
318
319
320
321
322
323
324
246
314
289
325
324
227
227
246
246
227
321
326
327
227
328
320
301
218
329
330
230
283
248
55
331
285
226
55
228
225
229
332
235
264
230
259
291
466
333
72
334
335
335
336
2253
337
243
338
339
216
229
264
72
340
290
341
339
217
342
343
344
227
216
345
246
219
346
347
348
227
349
252
350
365
291
227
351
72
252
229
352
290
245
228
260
228
353
332
354
355
226
348
356
346
245
246
357
228
358
359
348
339
360
309
405
339
260
361
356
362
363
364
339
365
229
365
290
356
227
339
227
246
335
339
287
366
348
367
368
229
218
368
404
55
369
216
370
371
372
373
374
337
227
375
353
385
374
376
377
378
237
237
379
380
229
381
72
357
55
382
246
382
383
356
384
385
55
229
353
386
387
219
388
243
353
302
228
55
329
248
389
289
384
228
268
55
384
390
368
264
2266
264
301
264
289
391
392
393
394
319
394
395
72
396
397
290
260
398
351
393
325
309
351
318
309
392
399
400
227
401
318
227
402
403
227
404
406
227
382
290
407
238
408
531
248
409
227
227
227
227
227
410
227
411
412
227
227
227
227
227
227
227
413
414
415
416
417
261
418
385
72
419
229
265
265
287
217
382
346
420
652
32
248
421
365
228
422
339
423
229
424
290
335
229
229
757
425
426
297
427
428
429
430
313
225
225
225
431
248
72
218
218
248
290
432
394
401
394
433
394
434
435
436
437
272
438
439
404
440
395
401
441
442
401
404
441
396
443
353
55
294
294
294
294
444
296
294
294
285
445
421
446
447
333
227
448
261
449
450
72
72
451
413
290
311
452
453
452
454
455
444
456
457
458
442
459
460
461
433
462
311
440
72
260
384
160
384
463
464
464
382
465
260
466
252
467
339
468
595
260
469
470
55
245
297
339
471
444
235
472
353
473
464
229
466
229
238
444
474
428
475
260
448
272
260
466
465
339
440
240
476
477
478
479
225
480
229
481
482
227
483
227
229
484
485
486
229
487
488
489
490
491
492
493
494
227
495
55
496
497
307
498
499
500
501
502
503
504
505
227
506
2460
228
228
217
272
302
329
507
260
55
508
353
290
229
227
304
283
225
429
509
339
246
510
325
511
285
434
512
467
246
513
511
514
312
515
516
513
517
518
72
290
290
519
520
521
72
439
522
464
481
443
335
72
227
227
523
423
72
227
524
525
506
227
526
527
528
227
529
227
522
381
443
530
531
521
530
530
532
268
533
534
426
285
285
426
229
535
1204
465
536
227
448
215
537
538
248
225
345
539
466
540
541
542
543
544
229
545
464
261
546
294
225
547
548
431
549
270
550
463
297
260
343
551
552
228
438
530
553
287
554
452
366
555
452
452
452
452
556
557
558
2539
559
339
339
72
229
560
561
562
467
563
377
218
218
564
565
566
562
562
225
567
568
569
570
466
571
229
221
229
368
229
410
572
467
415
246
573
574
229
467
368
226
246
229
575
339
225
576
577
264
415
178
578
217
579
580
468
581
216
283
582
469
459
583
521
575
584
227
585
586
587
588
589
521
575
590
227
591
521
592
227
591
593
521
594
227
595
227
595
596
55
227
597
268
357
426
598
426
463
357
228
599
575
600
229
235
285
422
227
415
227
268
524
601
353
225
225
533
230
602
603
604
261
605
229
465
353
229
353
606
607
585
291
608
609
610
611
612
613
225
217
614
615
616
415
617
618
221
619
620
613
574
621
344
622
259
623
426
228
599
283
624
228
353
260
461
625
626
399
627
628
557
252
303
785
347
394
216
599
260
348
72
671
629
630
470
225
631
216
216
216
248
599
632
633
235
515
656
634
507
635
466
458
228
228
636
637
260
329
465
465
465
290
294
568
229
638
332
599
290
604
329
639
229
332
230
332
228
640
836
641
216
230
365
642
346
643
228
1602
644
235
235
285
645
285
646
216
261
647
648
649
2760
2760
650
448
297
415
651
652
178
178
260
297
297
353
359
227
359
385
283
448
216
653
248
654
290
227
227
227
655
72
656
385
348
337
339
381
657
344
337
303
381
658
659
500
660
661
289
289
585
466
426
353
662
466
663
664
2768
291
2768
337
665
665
235
381
290
290
665
666
347
339
667
668
521
534
289
289
246
669
670
615
670
670
405
381
534
241
672
313
382
426
297
663
663
426
673
663
674
343
252
675
72
347
223
218
676
466
221
677
678
178
604
346
679
269
228
545
223
680
681
682
444
644
683
684
685
686
72
687
688
290
689
689
228
285
381
381
985
690
648
640
691
692
693
694
695
696
697
698
289
793
699
700
701
692
702
703
704
705
332
332
706
707
332
289
332
793
708
217
706
709
710
534
711
712
713
545
225
264
714
715
353
248
72
221
223
1587
228
348
706
716
793
717
718
663
227
466
466
719
228
248
521
248
720
697
329
505
329
289
720
719
289
670
228
264
703
721
722
723
724
656
725
287
381
566
566
381
726
727
787
291
32
622
178
663
643
346
663
2844
665
653
595
728
729
264
730
1082
731
732
373
733
734
735
736
737
303
303
738
739
303
283
534
740
72
534
741
742
545
743
339
744
745
746
747
748
749
750
751
752
753
260
332
754
755
374
2843
322
302
286
346
756
346
346
227
346
381
303
332
303
230
1082
867
303
303
303
867
757
72
758
385
285
228
228
381
703
72
228
663
689
689
689
759
304
398
303
760
72
761
227
72
702
762
702
318
647
763
248
761
381
764
765
766
702
765
227
227
72
702
706
767
72
227
768
769
770
771
772
773
235
229
227
774
227
775
227
776
227
777
778
779
780
2383
781
2383
782
72
303
303
783
160
784
785
786
304
787
788
837
700
289
318
725
702
764
702
46
789
790
791
792
72
718
718
718
72
725
72
72
656
318
227
655
72
794
725
787
248
550
795
655
725
718
725
381
718
796
248
1201
235
797
1409
762
798
799
800
801
699
802
803
804
805
806
807
579
808
851
851
809
248
303
332
810
381
811
252
449
812
813
678
732
814
815
816
817
816
818
819
820
264
385
384
449
821
303
415
216
689
689
689
689
689
689
689
577
822
823
706
238
824
825
826
363
72
827
335
570
72
828
829
676
830
831
832
405
405
833
834
835
797
405
836
225
219
421
570
692
338
443
72
838
839
227
840
841
246
227
902
303
785
303
842
843
678
692
844
845
405
284
846
465
720
415
303
303
867
303
303
223
353
577
599
229
847
72
848
794
794
849
794
850
851
227
852
287
449
847
449
853
227
854
534
855
856
534
857
534
858
534
859
534
860
534
670
534
861
303
227
862
229
720
824
863
264
216
350
854
534
289
225
270
289
229
227
864
381
570
670
865
866
304
868
869
870
534
218
871
534
872
873
874
875
635
876
877
401
466
878
879
880
291
291
881
291
466
227
302
314
653
464
464
700
882
3753
72
883
3753
884
720
653
281
720
794
885
720
794
886
794
229
303
260
428
842
842
887
401
405
227
227
888
467
889
890
3153
891
590
248
604
604
55
892
893
894
895
896
247
227
521
897
898
449
283
421
303
289
380
414
704
899
291
861
900
901
851
291
773
285
381
902
903
264
904
72
264
264
706
356
264
1658
227
227
246
291
291
381
905
226
218
346
226
906
907
907
908
909
227
910
840
911
346
225
691
912
913
229
285
695
727
289
665
665
577
665
665
338
338
289
914
915
916
917
918
919
534
920
921
922
923
924
925
924
926
302
466
218
218
927
691
928
929
930
931
932
933
227
934
935
388
936
643
861
382
290
303
329
706
55
421
937
938
421
283
602
291
939
290
940
290
941
942
290
943
290
944
4088
290
945
290
946
290
947
290
948
290
290
949
950
290
951
290
952
290
953
290
285
954
290
955
290
956
290
957
382
958
959
221
236
467
329
960
290
961
290
962
290
940
290
289
345
963
290
942
290
964
290
965
290
966
967
968
1409
969
811
382
227
562
727
570
218
218
785
218
900
970
907
971
972
973
974
381
971
974
975
976
840
910
971
227
227
977
978
227
977
227
979
381
720
691
227
415
980
981
982
983
454
1464
984
791
840
986
987
777
988
989
381
990
217
382
991
72
55
992
993
72
72
72
353
229
676
260
994
381
55
448
465
995
996
997
228
426
303
303
291
303
998
302
999
1000
329
1001
329
692
785
260
1002
1003
1004
570
570
264
289
264
264
289
466
72
264
1005
1006
234
227
227
1007
248
1008
1009
1010
1011
297
248
1012
329
1013
505
1014
329
384
570
218
218
264
374
226
1015
1016
1017
888
1018
289
227
924
1019
1019
368
1020
290
1021
410
1022
888
888
1023
227
259
356
396
1024
1025
289
1026
1027
290
1028
290
911
290
970
290
1029
290
1030
290
1031
290
976
1032
584
285
421
437
235
368
235
235
2770
1033
264
706
264
264
924
289
466
634
924
264
634
285
286
227
1034
1035
290
1036
290
1037
290
1038
290
1039
290
1040
290
1041
290
1042
290
1043
290
1044
290
1045
290
1046
290
1047
290
1048
290
1049
290
1050
290
1051
290
1052
290
507
888
227
316
604
1053
55
507
1054
935
1055
290
1056
290
1057
290
290
1058
1059
290
227
260
216
72
688
1060
1061
1062
1062
1063
405
1064
604
1065
1066
1067
260
260
906
1068
225
959
915
464
464
290
1433
464
464
464
464
248
794
464
464
1433
1069
227
464
227
72
72
1070
248
464
1071
448
332
382
240
464
248
464
318
1072
443
464
448
1073
381
464
672
464
1007
594
381
464
374
248
1074
1028
227
1070
1075
1076
1077
248
885
1078
1028
1070
229
227
811
862
1079
811
229
1080
229
1081
360
338
1081
727
1083
1084
1006
905
229
246
382
1085
1086
264
1087
264
72
579
246
534
1082
405
229
229
229
1088
1089
1090
1091
1092
1093
229
55
534
745
229
289
291
1094
691
1095
1096
285
1097
217
227
466
1082
1098
1082
534
1099
1082
1100
1101
745
1102
405
1103
1104
1082
55
382
1105
1106
888
534
1107
634
329
1108
391
1109
910
1110
534
217
1082
1111
229
405
1112
415
405
229
405
405
1102
1082
229
415
1113
534
229
1114
700
1115
291
264
1116
248
229
264
229
534
1117
534
1118
1119
1120
1121
1122
1123
1118
291
1124
1125
1126
291
1127
1128
415
1129
1130
1131
1132
1133
227
1134
1135
1136
316
415
217
604
974
706
248
1137
415
228
291
1138
421
365
1139
449
302
1140
970
1141
1030
240
1028
1138
1142
339
972
1143
691
852
72
900
1144
1145
322
1146
1147
1148
235
1149
853
787
787
924
972
1145
767
1150
1151
810
1152
795
1153
671
1154
1155
229
290
290
822
1156
1155
284
670
1157
1158
1157
1159
1160
1161
383
1162
842
1163
1164
284
284
284
1165
1166
368
227
227
55
302
368
1167
1168
421
227
1159
1169
1170
1146
1171
1170
1172
1170
1173
1170
1174
725
1170
521
761
72
227
910
72
368
1175
303
720
1176
1177
692
691
1178
1179
1180
972
842
1124
1181
1182
1124
1183
1184
1185
1186
1187
1188
1189
229
1190
1191
1123
888
840
1192
1193
217
1194
229
1195
405
1196
1197
381
1198
1199
1028
1200
1202
1203
545
545
1204
1077
1205
291
1206
218
1207
1208
1030
229
1209
534
229
291
773
229
1112
1108
229
229
1210
466
1433
229
291
405
291
246
229
405
405
1211
1212
1082
1213
227
55
1124
229
1214
303
1210
534
229
229
534
415
229
1215
264
1216
1217
332
229
1218
289
289
229
1219
405
1220
415
1094
1221
229
229
1222
229
1223
227
1224
534
291
1225
415
291
283
248
229
1250
1226
1227
248
55
1082
291
1228
466
55
1082
1006
1229
1126
1082
1230
676
401
291
227
1231
291
1232
226
229
229
1233
264
1234
229
229
251
783
584
1235
604
1236
698
534
1237
570
906
290
290
421
235
804
926
1238
392
585
1239
226
227
1501
926
1240
1241
1241
290
1242
1243
1244
1245
290
601
1246
1246
72
72
970
1247
676
339
1087
1248
1249
1028
593
1241
836
1030
1251
1250
652
256
1251
1252
1248
246
1241
1253
615
688
911
515
1254
1255
1256
1147
421
235
926
926
926
1257
700
72
1258
928
700
248
235
227
1259
1260
1261
1262
229
924
229
1007
283
1263
768
1264
268
415
906
1265
226
1266
676
277
934
845
290
415
1267
229
444
1228
327
229
466
382
243
229
229
1268
1269
415
229
229
248
229
291
291
1270
229
1271
615
1233
1272
297
1273
227
1274
1275
72
1276
1277
1278
1246
1279
1205
1250
1280
290
290
72
1281
290
1282
227
290
670
534
1283
382
237
72
302
72
1284
1285
291
1286
1287
1288
1289
283
1290
235
290
297
974
1291
1019
1159
1292
1293
329
1294
294
706
1295
268
297
1296
360
1186
229
229
229
625
1297
229
229
346
229
294
1298
227
604
732
1200
240
1299
604
1300
1301
1302
1303
1016
360
297
264
277
290
1186
1398
735
360
1304
1305
689
689
689
689
689
426
689
689
1306
268
268
333
1028
421
268
1307
1308
1309
1310
1311
1312
1313
713
405
1314
382
1315
1316
1317
604
466
246
1235
1318
604
1319
290
287
3739
3739
1320
948
806
1293
466
988
1081
283
608
1321
1322
291
585
291
910
1323
290
1501
1324
1325
1326
283
297
333
1327
283
296
1322
1328
360
360
773
869
1329
235
888
1330
246
229
229
225
1322
1331
283
343
1332
291
608
289
289
1333
229
1334
1335
1336
291
1081
221
229
72
291
590
355
1337
608
1338
223
297
1339
415
283
229
229
1322
1322
283
1340
1341
72
277
285
1342
1343
178
289
665
294
235
1344
1345
414
706
1348
1346
1081
1082
1347
897
1348
1349
265
1417
860
1300
304
1350
235
237
338
338
1351
867
676
1352
302
1200
1501
1094
1005
289
1353
55
229
55
55
55
534
534
1354
72
1355
217
229
1356
229
229
415
735
720
877
415
1357
514
1228
415
1358
1359
1360
464
1361
735
1362
879
1200
1082
832
662
421
405
251
811
466
1235
466
1363
332
909
888
217
1364
1365
1366
227
291
291
706
277
291
935
1367
534
1368
1369
1370
1313
1371
1372
1373
1374
1375
264
1376
1377
1378
1379
1380
1381
1382
1382
1383
1384
1385
1386
226
906
977
1387
1388
353
1389
1283
832
297
1390
552
401
1391
235
1200
1392
1381
227
405
426
227
405
426
1393
72
1388
1394
1395
1393
1394
1396
1394
1397
1395
72
1282
1195
1399
1400
1401
285
1340
1397
1402
1403
1404
1399
1403
1405
1406
1407
1408
1408
1410
1408
235
1403
235
235
235
1411
235
1404
1412
1413
1414
1415
1416
235
291
238
1417
832
338
338
926
1418
235
1016
338
1419
297
1283
338
338
329
291
338
1420
246
1421
1422
55
1423
1424
1200
72
720
1463
720
1463
720
1425
867
72
1395
1396
1426
1404
1392
1427
290
290
1400
1392
1428
1391
1362
72
1429
913
1341
766
1153
1430
415
1398
229
421
444
229
291
291
178
55
464
464
382
1081
290
467
290
290
1431
290
229
382
217
229
217
234
604
1214
1432
1126
466
1433
1433
1434
229
229
1276
1435
1436
879
55
291
1437
1126
1438
229
1439
1440
1441
1415
1442
1182
863
1443
544
1444
1445
615
241
1446
534
534
1447
1448
1449
905
1121
747
741
448
1413
228
1283
1450
1450
906
1204
313
1451
1283
1452
1453
235
902
902
1004
3608
291
228
1454
3608
970
643
926
926
926
728
1455
1456
313
454
225
223
228
1457
1458
55
216
832
216
316
228
289
1081
1459
633
1460
830
888
466
1461
1462
906
1463
1464
290
1465
1387
285
1466
289
1411
1467
1468
290
290
1417
1469
1468
1468
1470
1417
1394
235
1471
1411
1075
1016
285
1472
1473
217
1016
235
1474
1475
372
1476
1477
779
217
343
338
223
329
832
1433
260
1469
446
1395
1478
290
1469
568
1016
1016
1479
346
1480
313
1481
290
1482
888
277
290
670
1483
706
291
1484
637
289
290
3659
1159
1207
283
229
1485
1451
538
1486
534
353
906
290
1487
229
1488
1489
353
1490
1491
1492
1493
1128
1134
1494
1494
1495
454
1496
695
415
1497
1498
291
1499
535
1500
226
1500
1500
1502
437
346
227
346
346
291
1503
264
264
1489
1016
1283
421
553
1466
235
235
235
235
235
353
1504
1500
353
226
226
1466
235
879
291
1496
421
1505
291
1500
569
1433
1496
553
290
72
665
1506
286
235
1507
1016
974
291
264
1508
538
1509
1510
1507
1478
665
346
1496
235
230
270
289
346
1511
290
1433
226
346
226
226
290
226
346
665
665
1060
228
1466
665
1013
346
695
665
226
230
226
405
426
1469
405
426
405
426
426
405
405
426
426
467
302
552
1466
230
1433
235
235
1235
248
230
1013
1013
1013
1013
424
1512
1513
1507
1514
1394
1511
1394
1235
1468
1515
1075
1470
1391
1516
1517
1394
1518
1469
1519
1520
1521
1522
910
329
1523
934
1524
356
225
1516
1398
1525
290
1526
290
1016
1433
426
1527
1469
289
1507
1528
1529
1530
1374
1573
437
1531
227
348
1532
1017
1533
1534
1535
1536
905
1537
745
1538
1539
1540
1541
290
1541
291
1462
1542
1227
1543
727
1544
863
332
1169
332
332
732
1545
332
1546
332
281
332
307
1474
1103
1547
3739
290
728
301
229
72
1326
1548
243
1138
1549
1550
72
1551
1552
1553
1554
1555
343
1555
1556
475
72
1557
258
1558
1519
1559
289
1560
1558
1561
1562
1563
1564
1565
1566
1563
1567
1561
1568
1016
1565
1569
1570
1571
1571
1572
1573
1574
1575
1506
1573
1507
1564
1576
1577
1576
1563
1578
1579
1506
1563
1597
536
1580
260
248
1016
1553
1581
1507
1582
1560
1583
1584
235
1585
1586
1057
1601
264
1588
1295
804
1589
1287
468
248
689
689
689
689
3853
1590
289
1591
1592
264
1593
217
535
535
1594
289
1595
1575
633
1575
1016
1596
1597
1598
1599
1600
1601
1599
1603
1600
1598
1604
248
720
1605
559
1646
1606
1295
227
240
1599
797
1584
1016
283
1187
55
55
55
55
55
55
1607
264
783
670
388
905
492
264
1608
219
905
293
72
1609
260
1610
1471
382
217
1611
260
1500
289
1323
55
1612
329
1082
1613
329
225
225
216
264
289
289
72
1614
1602
1615
1593
1616
289
1617
248
289
248
1618
1619
1620
1621
1620
1622
289
1620
1598
1602
1602
264
290
1623
1624
72
217
1610
217
689
1625
689
426
426
689
426
689
689
689
689
689
689
689
689
689
689
689
1626
452
1626
1626
308
1626
1626
1627
888
1628
785
1629
223
1630
264
1631
264
190
259
1527
1632
1633
1649
727
1634
289
227
426
260
1610
260
905
1500
1635
264
264
264
264
264
264
264
217
260
277
260
552
1636
290
972
570
570
709
260
1637
1638
1639
1640
1641
289
1501
1642
72
72
1643
1644
1634
1645
72
72
1646
1647
1074
1648
1645
593
562
1650
1649
1074
785
1651
1016
1652
1082
1653
72
227
1283
720
72
720
217
720
217
794
700
700
227
368
464
227
237
794
720
1648
794
291
706
190
216
289
260
225
562
227
264
415
260
1496
1654
1381
1655
1646
1656
290
260
421
264
1141
290
1657
338
290
1658
338
1081
1659
1657
1296
1197
1660
1661
1501
1501
290
329
1551
285
290
1325
1016
1016
1662
264
570
329
72
1663
415
1664
1665
1666
1063
1667
290
1668
1651
559
1669
1669
1644
1669
1670
1644
1621
1593
1016
72
1074
1648
1671
1672
72
72
1621
1673
1615
1674
1674
1675
1016
1598
1676
1677
1600
1634
1678
1679
1672
1622
1598
1680
1597
1681
1605
1682
289
690
289
235
1674
1680
1683
1684
1016
1685
1646
1686
1687
248
1016
1016
289
72
1649
1016
1686
235
1688
1689
1690
1558
1016
384
55
1691
55
1692
289
1693
4088
1694
1695
4086
1696
339
1697
218
1698
1698
1699
1700
1700
1701
1702
1702
1699
1698
1703
1704
1705
1699
1706
1707
1707
1708
1709
1710
1711
1712
1713
1714
1715
1702
1716
1702
1713
1717
1706
1718
1719
1702
1708
1702
1720
1702
1721
1722
1702
1702
1710
1723
1718
1724
1725
709
1726
1727
1728
1729
1723
1730
1710
1731
1732
1718
1715
1716
1729
1699
1699
1731
1733
1714
1734
1735
1704
1728
1728
1717
1702
1736
1707
1737
1730
1738
1723
1704
1706
1702
1739
1698
1723
1723
1703
1716
1720
1740
1719
1741
1720
1742
1706
1743
1706
1719
1707
1702
1702
1702
1702
1702
1718
319
1723
1704
1722
1724
1744
1745
1718
1723
1762
760
1746
1747
1700
1702
1748
1749
1750
1751
1744
2231
1744
1744
1744
1744
1744
1760
3795
2943
1752
1753
1744
1715
1754
1769
1755
1759
1756
1760
725
1756
1757
1757
1758
1749
1699
1760
1741
1761
1711
1744
1763
1764
1721
1765
1730
1742
1764
1766
1767
1709
1720
1763
1768
1749
1769
1769
1709
1770
1729
1771
1706
1772
1764
1718
1706
1706
2997
1706
1773
1774
1760
1775
1703
1702
1707
1706
1706
1699
1702
1702
1699
1699
1776
1740
1740
1748
1706
1733
1714
1749
1777
1704
1778
1779
33
1760
1733
1699
1702
1753
1726
1770
1723
1749
1714
1740
1718
1723
1740
1780
1723
1717
1723
1781
1723
1702
1782
1764
1702
1783
1732
1721
1784
1784
1785
1733
141
1746
1723
1710
1786
1787
1788
1789
1790
1791
1792
3156
1793
1793
1794
1795
1789
1802
1805
1796
1793
1797
3330
1798
1799
1800
1801
1790
1793
1803
2043
1790
1804
1806
1796
1792
1872
2089
1807
1789
1808
1808
1808
1809
1790
1803
1810
1808
1811
213
1812
1812
1813
1812
1814
1815
1812
217
1812
1812
1812
1816
1812
217
1812
1817
1812
1812
1760
1759
1812
1953
1812
1760
217
1818
1819
1820
1362
1821
1832
1821
1830
2464
2475
1864
1915
1989
2333
1830
1831
1830
1990
2407
3584
3713
2333
2823
2333
47
3014
252
1822
252
310
1823
1823
1824
1825
1825
1825
1826
1826
1827
1827
1828
1828
1718
1829
1828
1830
1864
1836
1866
3185
3355
1864
422
422
3466
1989
1999
1833
1830
1831
2117
2434
1866
2468
2468
3894
2464
3295
1833
1866
2333
1834
2117
422
1831
1833
1834
1836
2452
2568
1864
2464
2614
1831
2117
2434
2838
1831
2434
47
2568
1834
2117
3295
2568
1834
3060
3355
3185
1831
1836
1834
2464
3355
1834
1830
1831
2117
2333
3355
2500
1831
1833
2117
3058
2850
1834
3185
1835
0
0
0
0
0
252
1837
1815
1838
1839
1840
1838
1719
1719
1841
1842
1843
397
1738
1843
1842
1
1742
1844
1844
3664
1845
1846
252
252
1847
252
1848
252
1849
585
1850
1851
1852
1853
1813
1854
1852
1855
1856
1852
1857
1858
1295
1859
1860
1860
1861
1862
2
1863
3
1860
1619
339
339
339
1619
1784
1909
2030
1784
1869
2332
1909
3618
217
1865
1866
1809
1865
4
4
1867
1829
1867
351
1868
1870
1870
1868
1870
377
1871
1871
1871
1871
1868
1872
1872
4
4
4
4
4
4
4
4
4
4
4
4
118
4
74
4
4
4
4
1159
1853
1873
1159
1853
1874
377
55
377
1784
1875
260
1876
1877
1760
1878
1879
5
1880
1879
1881
1812
1882
1882
1883
1884
1884
1871
1871
1871
1871
1871
1871
1871
1871
1871
1885
1871
1886
1887
1888
289
289
1889
1702
2920
1890
1890
5
1878
1252
585
1891
118
5
63
217
217
217
1878
1892
1893
1821
1878
1894
217
1362
6
6
1738
1738
1870
1780
1895
1896
1811
1811
1804
1817
1896
403
1897
1897
1870
7
1898
1897
7
7
7
7
7
7
7
7
7
1804
1804
1804
585
1784
1784
1861
1804
1075
1899
1815
1900
1900
1738
1901
1902
2888
1903
1904
1905
1906
1907
7
7
7
7
7
7
1939
1908
1910
1804
1878
1911
2135
2262
2437
2453
1912
1913
1913
1913
1914
1914
1914
1914
1915
980
1845
1845
1916
264
1913
1913
1913
1917
1918
1918
1919
1917
1919
1856
1920
1792
1921
1838
1922
1879
1923
1924
1925
1924
902
1925
1926
1918
1925
1927
1928
1929
72
1926
1930
1931
289
1862
1932
1878
1825
1933
398
398
332
1934
1817
190
1935
1935
1935
332
1936
1937
8
289
1938
1939
1940
1940
1939
1843
1796
1941
401
1942
1946
1943
289
1738
1944
289
9
9
1945
289
289
1922
1817
1817
289
1946
1817
1944
1947
1817
1948
401
1738
1804
1809
1815
1896
1934
1946
1950
2089
2135
2262
3311
3332
1949
1878
1878
1878
1951
1952
1951
33
322
1953
1954
322
1883
1955
1956
1942
626
10
1957
1958
1959
1960
1879
1879
1784
1879
1879
289
1961
1961
1962
1942
1944
289
1963
1964
1784
1965
1965
1960
1893
289
1966
1967
217
350
1968
1968
1968
1968
1718
1718
382
1969
382
1970
11
1890
1971
1917
1972
1973
2350
1974
1974
1974
1974
1974
1974
1974
1974
1974
1974
1974
1974
1974
1975
1974
1976
1974
1974
1976
405
1974
1977
1974
1974
1974
1974
1978
1974
1977
1974
1971
1742
1974
1974
1974
1974
1974
1977
1974
1974
1974
1974
1974
1974
1825
1974
1979
1974
1974
1974
1974
1974
13
1980
1827
12
1862
1979
1979
1979
1862
1862
1862
1981
1982
1983
1984
1983
467
467
1944
1985
1986
1932
1987
1926
1977
13
1988
1988
400
1932
1828
1828
467
430
467
1990
1828
1991
1992
1828
1847
1828
1993
225
1702
1963
1994
700
1995
1995
1996
1997
700
1997
1997
35
3535
1858
1998
1963
2000
2000
5
2001
2000
1806
1070
2
118
14
5
2002
1926
2003
2004
2005
2006
1855
1718
2007
2008
1917
2009
2010
3595
2010
2011
2010
1878
1878
289
1808
1932
2071
1792
1976
2012
1917
2013
1870
1878
2014
2014
2014
2015
2016
1931
2015
2017
2932
2018
2019
1792
2020
2021
2022
2023
2015
2024
1873
1873
1948
1931
2025
2026
2808
2027
1864
1971
892
892
2020
2028
2028
2029
701
289
1910
2031
2032
1837
2033
2034
2932
2035
2036
1998
1998
2037
1875
2038
2039
1792
1804
1878
2000
2052
2108
2040
2040
2041
2042
1802
1817
1802
2091
2209
1792
1789
1808
1854
2074
2043
2002
2044
441
467
467
2045
3282
2045
2046
2015
2000
2047
2048
2015
2049
1932
2049
1893
2050
2049
2042
1992
1854
1893
2049
2051
2051
217
2053
2054
1893
2055
2055
2056
2057
2022
1804
3
1850
2058
3
2059
289
289
2022
5
2022
2060
16
2061
2001
2001
2057
2062
3377
2063
2064
2065
2066
2057
2057
2067
1804
1804
2068
5
2022
1890
2069
17
5
2070
2042
2042
2071
2042
2042
2021
2071
2072
2073
2074
18
1890
2075
1972
2076
2077
2076
2076
2078
2076
2076
2077
2076
2077
2045
2077
1821
2045
2079
1977
1895
2080
1738
709
2081
2389
1792
1766
1815
1872
1976
2093
2579
3312
2082
1953
1760
1878
2083
1878
2084
1878
1954
2085
2086
1817
1878
2135
2236
2238
2087
2087
1878
2088
1738
1792
2089
2090
2071
1950
1817
1847
1825
2088
1926
1926
1878
2092
1878
2094
2094
435
1742
1738
1792
2074
2089
2095
1947
2096
2097
1742
1908
1908
2098
289
1878
2099
2100
783
19
19
19
2101
1950
1878
1957
1878
2101
289
1977
289
2102
1851
1953
8
8
8
13
8
17
17
118
17
150
17
2103
2104
2043
2043
435
8
8
8
8
8
8
8
2105
8
8
8
8
1854
1817
1816
20
1817
2106
289
2106
289
2106
289
289
2107
289
2106
2107
2106
21
289
1738
1816
2109
2109
289
2110
1890
2073
289
2074
1829
1850
1878
2111
1738
1878
1878
1878
1878
2086
2111
1972
228
339
2112
2113
2113
2113
1964
2113
2113
2113
1864
2113
2114
289
1972
289
289
289
1792
1854
2052
2074
2115
2042
1889
2089
2116
1830
1868
289
289
289
289
1934
2117
2118
1890
1868
2119
289
289
2120
1868
1868
1868
2121
2009
1
1
2122
2122
1
1
1935
1932
2123
18
2123
367
12
1868
1878
1935
11
18
1868
2124
1868
1916
2125
550
2126
228
550
1983
351
72
217
1856
2127
1817
1932
1932
2128
2129
88
2130
2001
2069
2094
2131
2094
401
401
401
401
401
519
2117
401
401
1816
2117
2132
2068
1944
1944
1718
22
22
22
1932
9
9
9
9
9
9
1718
1718
1932
289
2133
2134
2136
2137
1979
2138
2139
2140
433
2137
2136
1875
2136
351
1792
2141
2142
2143
1926
1742
1862
1742
33
2128
264
2144
2145
2145
1890
2146
1875
2146
2147
2078
2148
2149
2149
1804
2149
2150
2151
2152
2128
2128
1817
2128
2153
1878
2154
1802
2155
217
2156
2139
2157
217
1902
1918
23
23
23
23
1875
2138
2138
2138
2328
2158
2040
1815
2048
5
1954
2154
5
1931
5
1862
1932
5
1983
2159
2160
2161
2162
2162
2812
2160
2163
1944
2164
1944
2165
395
2109
2042
2042
1878
2166
1854
2065
1854
329
2042
2167
1926
2164
405
2168
2042
2042
1862
2073
2042
2042
2042
2169
2042
2168
2170
2171
24
24
1964
2172
25
2173
1916
2174
1926
2174
2174
1926
460
2175
2175
2175
2164
2176
700
2042
2177
2750
2178
2178
2178
2178
2178
2178
2172
2097
1841
1841
228
2124
1841
2179
2097
2180
2179
1702
1841
1971
2179
2172
2181
72
72
2080
2172
401
2080
1841
1841
2182
2080
26
2183
1925
2183
2000
26
1977
1841
2184
2185
2095
2186
2145
1902
2187
2042
1817
2188
2042
1963
2184
2189
2002
2164
2042
2042
1963
2042
1963
1947
2190
2189
2042
2042
1867
2191
1892
2192
1730
1867
1972
2037
2193
1792
2194
8
8
8
8
8
8
8
8
2195
2104
2195
2196
2028
2195
2196
1738
2094
2094
2197
56
1867
2028
2028
56
2198
2198
1963
1963
382
2199
416
1362
56
56
56
2078
1158
2200
2042
1825
2158
1944
2201
2042
2201
2042
2191
2104
5
5
1925
23
23
1862
1944
2202
2203
2109
27
27
2204
2204
2205
27
1741
2195
2109
2109
2204
2109
2195
2206
27
27
27
27
27
2206
2207
27
27
1963
2196
1862
1862
1862
1718
1742
2328
1742
3923
2208
2645
2042
33
2042
2195
2195
1945
2195
2195
2164
2195
2195
2195
2210
2211
2094
2212
1708
2213
1945
2213
2213
2032
1815
1815
1850
217
1815
2214
1815
1815
1815
2214
2032
2032
2214
2042
2215
2216
2217
1942
2218
1867
1829
2241
2219
2220
1932
2221
1932
1932
2113
12
13
1932
2222
2223
3377
2223
3377
12
2224
1822
2222
2221
5
5
2225
2225
2226
1829
2227
2227
2227
2227
2227
2227
2227
443
2228
2229
1942
2230
1942
2232
2233
1942
2021
2037
2229
55
2212
1942
1878
28
2234
2235
2226
1878
2456
2237
1878
2237
1878
1879
2239
29
29
29
29
29
29
29
29
29
29
29
29
29
29
29
118
35
29
29
29
29
1954
2240
2241
2242
2243
2244
2526
2245
2246
1875
2247
2248
30
30
30
30
30
2249
1872
1872
1976
1827
2127
1803
2250
1963
1910
2037
1963
1963
1963
1963
1963
1878
2251
2252
2254
2255
30
30
30
30
30
2253
30
30
30
30
2256
30
30
2257
30
30
1967
2258
4049
2158
72
2259
8
8
227
227
1918
227
227
1889
1889
1702
1718
2260
2328
2261
448
2062
2094
2145
1967
2053
2000
2262
2263
440
440
2264
1817
1878
2000
2262
1918
31
31
31
31
2265
2265
1878
2267
523
2094
2268
2268
2269
382
2250
30
2270
2060
1894
2271
2034
401
1742
1957
2272
2430
2785
2273
2274
2276
0
0
0
0
0
1939
2275
531
1742
2273
1742
2277
531
33
33
2052
2278
2278
2279
1718
2280
2281
382
217
2282
217
2283
1847
2284
2284
531
531
2239
2239
2239
1926
1918
1738
2021
2285
34
2239
2286
2285
2241
2109
2109
529
2287
1362
2275
529
529
529
2275
2275
423
529
2288
2145
2289
2092
2103
2290
227
227
429
1804
429
2036
2291
1983
2271
1944
1944
2037
2037
2037
1791
1858
2292
2293
2229
2294
2295
55
35
35
2247
228
55
2296
1792
2052
55
2297
2297
2297
2297
2297
2298
2299
2007
2300
2301
2916
2226
2243
1927
2229
1867
2191
2302
1872
2034
2135
2138
2747
3881
1925
2303
36
36
74
36
36
36
2229
2304
2305
2306
2305
401
401
2064
1941
401
2535
2307
2308
1918
429
528
2309
1827
2310
37
37
2094
2311
38
526
2312
429
429
429
2312
1362
2312
2109
2311
2247
1857
2064
2313
2313
23
2311
1878
2195
2195
2314
1843
2315
385
2316
2317
1932
1932
2318
2252
934
1932
2020
2020
1843
2319
185
2319
12
1932
1944
2320
1932
1932
1932
1809
1944
12
12
2321
2421
1944
1918
2322
1792
2222
1878
1878
2318
1878
1944
1792
2323
3251
1850
2324
1738
2074
2325
1944
2142
1932
2326
1947
1807
2326
2326
2326
1699
1932
1932
1932
39
1725
1809
2141
1807
2327
1807
2328
1815
2328
2328
264
264
2329
2252
1825
1986
2330
440
1716
1718
2328
2331
3258
3923
2328
2328
2328
2328
1960
2029
2331
2332
2328
2328
2328
2328
2342
3729
2328
3729
2328
3729
2334
2328
2342
3729
2328
1825
11
359
40
40
40
40
40
40
40
40
40
40
1825
225
11
11
41
2074
1792
531
469
11
40
2335
227
227
2335
2335
2335
2336
2335
2335
2335
11
1827
227
2335
1718
2224
2337
2338
1862
469
1
1
40
1
1
2339
1
1
1278
2340
2340
1278
2336
2336
2336
1852
469
2341
2342
2342
2342
1862
2343
359
2344
2343
2345
2345
1973
1824
2346
2345
5
2347
757
757
2348
1850
440
2349
2350
2339
1858
2351
2351
2352
1932
2353
1702
2354
2355
2356
2357
2358
2359
2360
980
980
2300
530
530
530
530
530
1075
2361
530
2145
2362
1738
1934
2034
2353
2363
1943
2364
2364
2311
2365
3243
2366
2367
1527
2064
1527
1362
1527
1527
2368
2064
2369
1527
2311
2034
1802
2071
2311
3558
1788
1792
1817
1932
2034
2089
2603
3480
1204
2370
2370
1862
2371
2372
2373
3351
3707
3782
3789
3876
2374
1702
1807
457
2375
2376
1816
459
289
2145
2145
2145
2145
1995
2377
2309
1962
2211
209
2211
3855
3681
97
5
3025
31
2211
3681
2378
1974
2174
448
440
336
1692
2379
2379
1804
1932
1804
2378
1804
2380
1974
2381
2382
2383
1974
3996
2384
2575
228
2383
2385
570
570
570
1853
570
570
2142
2002
570
570
570
570
35
40
40
40
40
40
40
1843
2050
2306
2386
2386
2095
1702
2387
2388
2386
2389
2386
2386
595
1774
2390
2391
1850
2067
2
2289
1974
511
2045
2045
511
570
518
2045
2392
1742
3300
2393
2394
2395
2396
2397
2397
2397
2397
2226
583
322
322
1944
2398
2365
2201
2169
1889
72
824
72
1944
2399
2399
2400
2400
72
1944
2347
2401
2400
2142
33
33
1947
33
1944
1932
72
1884
72
570
1862
2000
570
610
2402
2403
298
1759
610
33
2404
2405
2406
2329
2383
2408
1890
1890
2409
2410
2411
1889
534
2412
534
534
534
534
2413
42
42
42
43
43
2414
2364
2415
2197
1759
2198
1829
1908
1908
1908
2074
2416
2416
2416
2416
1974
2378
2378
1974
1974
2281
2417
264
2417
2050
264
2360
264
2337
2418
2419
1941
12
523
2420
2227
2227
2421
227
510
2422
2422
2422
2422
1828
2422
2422
227
1803
227
2423
227
227
227
227
2424
2424
2425
1769
2426
2427
72
1875
1828
2358
2428
448
1910
1878
1945
2429
512
2429
2431
401
934
2429
2794
2174
2431
2423
2174
2432
2432
1870
2433
1932
2433
1932
1932
44
44
44
44
44
44
2435
1878
1878
401
1738
1896
2074
45
45
527
45
45
2436
2342
1799
401
1791
1817
1854
1872
2135
1817
2438
1804
1808
1854
1878
2000
2088
2262
2526
227
2438
2438
225
2439
2440
2440
2130
2441
2441
2441
2441
2441
2441
2441
2239
2427
1878
2442
227
1774
227
227
227
227
227
227
227
2443
2522
2444
2445
2446
3377
2083
2447
2448
2007
2449
2447
2447
2447
2447
2447
2447
2441
2292
2292
1804
1804
2441
2440
2440
46
46
2441
2440
2441
2441
2440
840
2439
2441
2450
2451
3377
2416
1802
1802
2445
2356
2454
2454
2454
758
2455
758
517
2455
2457
2458
2458
2459
1870
2259
2461
2462
2462
873
2463
2040
2461
2348
2463
2465
2466
2463
1204
1815
2074
2467
3627
2356
2469
3377
2461
2470
1738
2074
1738
2471
2471
1825
521
521
2040
2471
2471
2471
2471
1825
586
1867
2472
3871
34
118
2473
2473
1804
1204
2174
2174
2174
1867
2308
391
521
521
1854
779
1868
1868
1868
1868
590
1868
1868
2474
16
1876
1204
1814
2476
2383
2383
2142
2378
47
47
2045
205
1075
1636
1738
1788
1792
2074
2276
3664
897
2477
448
448
2092
1971
2478
2362
2
18
2479
2106
2327
2480
1204
2002
2150
2150
2018
2050
2064
1878
1759
1980
18
18
1725
2481
2482
591
2472
2472
591
1843
2109
2362
2483
2484
2485
2486
1960
783
824
2487
2488
1843
2489
1802
1945
824
1718
824
2490
48
48
1843
2491
1889
570
2470
2492
1889
2471
2471
2471
2471
2471
2493
840
2479
2318
2479
534
534
1888
534
534
2378
534
534
534
2142
2378
2494
575
2197
2357
688
2324
2495
2496
2497
1850
217
604
575
575
2498
2499
2100
1867
2372
217
2230
1878
2142
2501
1990
1990
1915
1915
1915
5
2502
2503
2502
264
5
49
264
2112
2230
2504
2505
2125
12
264
2506
3197
2507
2481
2507
2542
3347
1948
2508
2508
2508
2509
2509
2509
2321
1072
264
227
264
1883
227
570
570
2510
2510
570
227
570
2511
2209
530
5
2512
2513
570
570
2513
570
570
1824
2514
2513
50
659
2089
2515
2516
1769
3410
1769
51
35
52
585
585
2517
2518
2519
1860
1860
1806
2228
2520
2519
873
873
2018
2018
2018
1878
2018
2521
2521
2523
2524
2521
2238
585
778
2020
2372
1843
53
53
53
53
1878
593
2525
1850
264
264
264
264
264
264
593
593
2169
16
2169
1803
1760
2169
2527
2528
2529
2397
2337
2150
2384
12
2150
2259
2421
2259
2384
2384
2384
2384
2384
1204
1204
1204
2530
3037
3038
2034
2034
2531
2329
2034
2034
2034
2532
2532
2532
2532
2427
2372
2040
2533
2534
2536
2536
2536
51
51
51
51
761
2488
761
2536
761
1204
2048
2537
2537
2042
2042
1204
2042
2042
2144
2528
5
2538
2372
2536
2536
54
54
2539
604
2540
2541
1804
2540
2632
1804
1804
2536
1804
1804
2374
2539
601
601
601
2383
2543
2063
2544
2285
2285
2545
2483
2539
2539
2546
2469
596
596
2243
2539
2539
1941
2050
2539
2547
2201
2546
2539
2539
2539
2539
2539
53
53
53
53
53
53
53
53
53
53
53
53
53
53
53
53
53
53
5
2548
2549
1204
2550
2550
584
584
2389
2389
2547
2548
2449
584
1204
584
584
584
225
2318
2551
2143
2537
2552
2553
225
1804
2553
2553
225
2552
13
2552
2554
2074
2603
2552
2555
2556
56
2557
55
2546
2558
2559
2560
2559
2322
2103
56
2546
2000
2380
2560
570
570
227
720
227
2389
2561
570
2562
18
18
2562
2562
2537
2562
2562
2562
2562
2563
659
2512
659
1738
2199
2038
2564
2565
2547
2505
2547
659
659
595
595
659
57
268
2566
2567
2569
2570
2571
2554
2572
289
1932
2573
2573
289
2574
2285
2285
2285
2576
2575
2187
2577
2577
2427
2578
2579
2578
2579
1802
2532
2532
2532
2580
2532
2532
2532
2034
2034
1636
1636
2581
2580
2034
2582
1802
2034
1802
2376
1802
1802
2276
1802
2583
2584
2034
2034
934
2585
934
2586
2585
934
2585
2585
934
1802
2587
549
760
2588
1808
2285
139
2285
760
760
118
35
29
29
29
29
2589
2587
1850
2590
2591
2587
2587
289
2592
2593
2594
2592
2595
1806
2596
1971
2204
289
289
289
2018
2018
2018
2285
2018
2597
289
2598
1917
2597
289
2597
2599
2204
1850
2600
2331
1843
2331
2204
2601
2602
1932
469
1850
2441
469
469
2441
1255
2230
2228
2484
1803
1738
2604
2230
2605
2592
1975
2606
2171
2073
227
227
227
227
2326
1173
2607
597
2607
264
762
2608
2608
264
762
264
1173
2609
405
405
1944
2610
58
2611
1944
1944
2612
1944
2613
761
30
2492
2048
676
2067
2615
1892
1878
2616
2617
2617
1854
702
711
711
514
1728
2618
514
59
59
2619
2516
2620
227
227
2599
1932
676
1702
2148
2621
2561
2622
1769
2376
1769
2623
676
225
225
225
225
225
225
225
2623
2546
1888
2624
2623
1854
702
2230
2625
2599
1769
2626
2626
3157
2048
2627
610
1891
1875
2142
1918
1932
2628
2380
2585
259
259
2425
2439
2439
2439
2143
2629
2630
2631
2086
2629
2629
46
2143
647
2633
1932
2259
1853
2259
2259
1853
2538
2634
2635
2222
2636
2393
2637
2637
1815
1927
2260
2260
647
2638
2264
1726
2639
1985
2425
2640
2641
2642
2639
2639
2546
2050
2112
2643
1850
1850
1850
1850
1775
2644
294
2644
1775
1775
1873
2007
1254
2050
2421
5
1932
56
1254
2241
1801
1254
1254
1850
2383
2512
1798
2065
2425
2646
1941
2383
2383
2383
2383
1862
47
2647
2648
2648
2648
2648
2149
2648
2648
2648
2648
2648
2648
2649
2142
570
1956
570
570
2648
2074
2023
2650
1699
2537
60
55
2425
2425
2425
2651
61
2652
2424
40
40
40
1788
2599
2599
2599
2599
2083
1825
2653
2121
2099
570
2083
62
289
289
570
570
1791
62
62
430
61
2654
2389
430
1154
570
1843
430
1926
1926
1728
2655
62
62
74
62
62
430
2546
1843
570
1154
2610
2595
1976
1875
1878
2393
2656
1728
2595
1971
1971
1971
2657
2007
2658
2375
2659
2658
1932
2203
1791
2660
1738
2074
1738
2074
2660
2660
2661
1843
2661
2662
2661
2663
401
1791
3177
2664
2665
1791
1847
2666
2050
2020
2089
2667
2216
2668
2251
2099
2109
2666
1082
1889
1152
2087
2099
2099
2669
2646
2559
2670
599
382
1910
2576
2671
2672
5
382
2673
1759
995
2557
2557
2557
673
63
2546
2674
2029
1817
2301
2675
1953
2390
2674
2390
1738
401
1738
2074
1850
1850
2629
2676
207
2677
2216
2672
289
2678
2678
1141
5
1932
2002
2216
2216
2679
2679
2018
2018
2679
13
2680
217
2681
1792
1934
7
7
2470
2301
2301
1986
2301
2209
2682
2491
2683
2491
1824
2389
1986
2684
2283
2491
2615
2646
2646
671
62
87
62
2626
2626
1
1
72
2025
217
2685
7
7
123
7
7
2686
790
7
7
7
7
7
7
7
7
7
7
7
7
7
7
7
7
7
7
7
7
7
7
7
7
7
7
7
7
7
7
2687
2687
64
64
64
64
2688
1879
64
64
64
64
1932
1932
1932
1932
2427
2399
2007
2689
2069
2690
2690
2691
2692
2691
2691
2048
47
65
2626
2693
2693
2669
1806
2077
264
1878
35
35
2427
2694
2694
2610
227
2695
2695
2696
2697
2697
2697
534
534
534
2391
656
523
2524
795
523
2007
2524
2524
2524
2427
1878
2698
2699
2699
1954
2404
55
55
55
55
2700
2700
1981
676
405
2701
2701
2699
2699
4
4
4
4
4
4
4
4
4
4
4
2669
2350
2350
2350
2546
1878
2702
655
2703
1990
2704
2704
2704
2615
655
2143
66
66
1815
840
2678
2705
2706
767
2669
36
36
2707
2058
2704
1850
2583
2708
2709
2389
2636
2636
225
289
2710
1636
1738
2603
2894
2895
2896
2382
2546
2413
2413
2413
1804
1804
2413
64
64
1430
1430
671
1430
2264
2109
2711
604
1643
2712
2713
2711
2711
2711
3940
2577
219
219
219
219
219
219
219
219
219
2492
219
2714
219
219
219
219
219
219
2715
2715
1910
4
4
4
570
570
2413
2413
264
264
570
1526
570
570
570
570
570
570
570
570
570
2086
570
72
1430
1171
2572
2048
1815
2064
1875
2716
1875
2717
2747
2718
2371
2603
1910
67
67
67
1742
2664
67
67
2412
1850
792
2301
2356
1850
1850
1850
1850
1850
47
2706
1792
2719
2640
2720
2720
2720
2389
2577
3939
2050
2050
2050
1850
67
2050
2050
2050
2050
2002
2133
1371
2721
1759
2050
1808
68
68
2722
2050
2722
72
2318
2109
2722
72
2463
2463
2038
40
2722
1759
1769
1875
72
2300
792
1802
2723
2509
2089
2089
2724
1820
2724
1944
2724
1738
1944
2724
2712
2570
1738
2162
2725
2162
706
706
706
2171
1878
706
706
2560
2686
2686
2036
2099
2099
1802
570
2726
570
2018
44
44
2665
2727
44
2217
87
11
2721
2728
2721
2729
2729
2729
2729
2729
2729
2729
2729
2729
1879
289
289
2048
2109
2109
1825
62
62
1932
1875
67
67
47
67
67
289
67
47
67
2730
1932
1932
67
67
67
67
2466
2712
1932
67
67
69
47
69
302
1976
67
302
2018
2731
66
48
11
302
2712
2721
2732
322
1738
2080
763
1738
2087
2732
1875
66
66
840
66
2721
1867
1964
225
1742
1985
1825
1954
2733
1843
2734
2735
2721
1825
676
2736
70
2737
2492
2733
2733
2733
2738
2733
836
1705
2739
2605
1986
2740
71
71
2504
2358
2537
72
2741
1792
1825
1825
2605
2222
2356
1738
2074
2742
676
2356
2742
71
261
2743
1742
34
2007
1876
290
2744
1742
73
1828
1828
2096
74
2074
1943
2745
2096
2120
2120
2096
2746
2747
2096
2120
1932
2748
2541
401
2717
2747
2632
840
840
676
2301
2748
1
2749
2750
2492
2492
2751
824
2412
824
840
824
2717
2747
2745
2717
2747
2752
2753
2753
2753
840
2747
1944
2754
2754
2754
264
264
264
264
264
264
264
264
264
264
264
264
763
264
2007
2755
2756
840
2757
2757
2757
1946
1871
1871
2747
2758
1871
75
75
1944
2759
75
75
75
75
75
75
75
75
75
75
75
1852
75
75
75
75
2337
1852
2761
75
570
75
1880
76
2007
2007
663
663
663
663
2762
663
2763
405
2764
405
405
405
405
405
2132
1245
1245
1878
1718
1878
227
2765
2766
2767
2767
2657
2226
2768
1792
2769
2769
449
36
2515
2770
2769
700
676
1245
2389
2636
2771
1245
2709
2772
1932
1470
2213
2747
700
2773
2736
1825
718
1932
1825
2774
1932
718
2775
1932
1932
1932
1932
1804
384
2776
2777
2777
1850
2144
2021
2778
35
35
178
2018
2779
2018
2780
2781
2781
2781
2782
2781
2783
1893
523
2784
2303
2779
2779
2765
178
2002
190
700
1926
1934
1934
178
700
2785
1932
2160
1888
2397
2007
2160
2783
700
1934
2786
2050
2250
228
178
178
178
178
178
178
178
178
178
178
178
178
178
178
178
178
178
178
178
178
57
57
2509
2033
2787
2788
2789
2812
2560
767
2509
2179
353
2050
1843
2888
2790
2790
2790
2790
2790
2789
2065
718
718
718
1825
77
2560
570
2791
718
2243
381
570
2560
2792
570
2007
2007
2007
570
2065
570
1254
718
1254
1843
1254
1254
1254
381
381
1254
1254
2492
1254
1254
1858
2793
2795
2793
2795
570
570
570
570
570
570
2795
570
1943
1868
1926
2469
2796
2795
1926
1926
1926
2538
2797
1926
1943
1943
1150
78
2796
2795
570
2546
2795
2795
2795
2264
2264
2264
146
2593
384
2798
2799
2318
2800
2318
31
2121
902
40
1245
2801
902
1073
2800
1930
2463
694
2802
2463
694
570
570
570
694
902
694
216
570
2264
570
694
570
570
570
570
570
1245
570
1843
570
570
570
1702
2803
570
2201
570
570
570
2222
2238
1245
1817
57
1843
2413
2050
1990
1990
1843
2686
985
2050
2511
2142
79
79
2804
2804
2804
2805
2301
1742
2318
1742
227
2471
313
1742
2476
2174
1872
2050
2646
2007
2806
2417
332
2640
2640
2640
2804
2640
1947
2007
2007
2007
2585
2007
2050
2007
2007
2007
1802
2807
2807
2807
2492
2143
2807
1071
1071
1817
1826
1933
2741
2804
2804
570
72
1825
1825
1825
2804
2746
1792
2809
2109
2810
2050
2811
2812
1148
1148
1148
2813
2813
2813
2813
2813
1843
1843
570
570
1947
570
1957
552
2814
934
1957
570
2476
570
552
552
2476
2815
1148
2816
217
706
2817
2815
1878
57
1843
2492
2492
2492
2492
2492
2089
2492
2492
2492
2818
2179
2753
2819
2820
2819
2819
80
123
80
2179
2179
2820
2646
2492
2179
2821
2312
1997
1997
1997
2337
2512
2822
570
1997
381
570
1997
2318
1997
1997
811
1997
329
2209
217
405
1997
2824
1146
2077
1146
2230
2825
1990
2826
1986
1932
2116
2812
2827
2827
2061
2827
2812
1932
1997
1825
227
227
1997
2802
261
228
692
228
2828
225
225
2383
756
81
81
81
81
81
81
81
81
2829
1997
2556
11
2830
1742
793
2831
82
82
1997
464
82
82
82
82
82
545
756
1879
217
2018
570
2492
42
42
42
42
42
87
2832
230
260
230
83
426
57
570
2833
57
57
570
84
24
24
1803
787
1878
2747
1957
381
2741
2347
85
570
287
2746
2834
230
2251
1815
2425
2835
339
339
339
2836
2836
2503
2583
86
86
61
2139
228
2837
1946
332
2747
1878
287
287
1878
87
61
87
1878
1878
643
1878
1878
1878
2792
1932
2009
287
313
287
1769
339
339
2839
228
348
1769
1610
2810
346
2810
346
1932
454
1610
339
55
662
662
662
662
662
346
290
643
55
261
1496
1878
313
1144
55
332
552
313
228
552
2840
228
695
695
552
346
313
313
552
2116
1875
552
285
285
32
32
700
454
72
454
72
2492
454
643
228
261
2841
32
2841
2841
2842
2841
2841
695
228
2829
227
1381
228
227
217
228
2842
695
228
228
283
283
228
228
228
1295
1295
2018
2018
2018
2018
2845
2018
2018
86
2018
139
88
2846
88
570
2847
2242
570
1954
2848
4
4
4
4
4
4
4
4
4
4
4
4
4
4
4
4
4
4
4
4
4
4
2492
1860
570
1936
2007
190
700
2007
570
570
570
570
570
2849
570
2007
1932
81
81
40
41
1967
2002
2002
2002
2050
2050
2007
4
4
4
4
4
4
4
4
4
4
74
4
4
4
4
4
4
4
4
4
87
2851
1817
1817
2264
1804
4
4
4
4
4
4
4
4
4
4
4
87
4
34
4
4
4
4
4
4
4
4
227
227
2852
2852
1804
1804
1804
1804
2264
277
2851
89
1850
2007
2007
1957
1850
2556
2007
1850
2007
2007
2201
2201
1792
2853
2083
1815
1804
2462
2854
2174
2855
1902
2712
2856
1151
700
2080
2625
31
31
31
2746
2857
1941
2712
2858
2050
1151
1824
2174
2174
2174
90
90
2625
2859
1742
3421
2860
91
90
90
90
1957
2116
90
90
90
90
90
90
90
90
90
90
90
2861
2765
700
2318
2862
2812
2746
700
570
570
2625
90
2863
2864
2863
2746
2463
2463
1918
1918
570
570
570
570
570
570
570
570
570
2103
2810
2865
700
235
72
92
28
28
28
28
261
2469
1867
2888
2640
2866
2292
421
1986
2955
700
2080
1926
1926
1926
2828
93
93
1926
2526
2982
1926
2867
2867
1170
2868
2088
2425
2869
2870
2871
227
227
227
227
227
227
2086
227
227
2092
1170
1170
2872
2526
1479
2663
2301
2417
2088
1295
1295
1295
1295
2301
1295
1295
2301
2873
2663
1295
1295
1295
2492
2492
2492
2492
2546
1986
2546
725
725
2450
1703
2874
720
720
227
720
720
2875
227
1792
2088
2876
2875
2875
2877
2492
2492
2878
2383
1170
2088
2088
2879
2080
2080
837
837
60
1170
2520
1948
1956
2471
24
2714
852
852
2546
794
794
794
794
289
794
1863
2121
2099
2096
2880
706
706
706
706
2554
2554
706
706
706
2603
2603
706
706
1703
2844
2881
2882
2874
2802
706
2883
1742
1794
934
2303
2088
289
448
401
1941
2603
1794
934
934
2884
2050
2885
289
2885
2885
289
1792
2886
1147
2887
2572
1742
41
1703
1703
1703
261
2698
1825
1703
725
725
1703
1703
2812
217
1703
448
1341
1703
1863
1941
289
289
313
2548
1699
2888
289
1815
1802
2889
313
2105
2007
1702
57
38
38
381
401
1636
1738
1636
1808
1815
2074
3321
57
2537
401
1636
1738
2074
2276
3664
57
38
2741
2112
1804
57
2890
1872
1875
1875
725
227
227
227
1341
227
2891
907
2664
2007
2664
1804
2892
1875
1792
227
900
1804
2007
2556
2893
2080
2430
2080
2040
264
2040
2018
1804
900
1878
790
790
2802
2559
691
2897
2421
1728
676
2393
2018
676
1728
1728
2329
676
2699
2898
2899
1760
2812
700
1878
1878
700
64
64
691
2353
691
691
2900
64
64
700
1824
700
1878
1824
1784
1878
1878
1878
1878
2586
1878
700
700
1878
1878
1878
1878
1878
2018
853
2020
2901
2901
2901
700
2901
2053
2901
2901
1728
2020
1728
41
1843
1198
2053
449
2242
2080
2714
2242
65
65
2902
1862
2735
2714
2242
2523
2018
676
2018
2018
2781
1843
2903
2505
2903
2904
2904
2904
2905
2906
2907
2259
2907
2908
2492
95
95
95
95
95
2610
1902
2781
1944
2909
1967
2498
2315
2315
2309
1843
2910
3634
227
2911
2259
2492
2492
227
227
2492
405
227
1875
2492
2492
2492
2492
2912
1759
270
270
2303
2200
2322
2259
2635
2318
3157
1932
1932
1932
270
676
2053
2053
2913
1932
1932
289
914
2242
2914
2902
2174
2914
2914
2915
2199
2905
2905
2086
2025
261
2809
2092
1932
1932
2242
2242
2242
851
2791
851
2917
2918
851
2092
2919
83
1962
2025
2781
2174
2174
88
2781
2781
2920
2174
2090
2048
1170
1170
2921
2921
1170
1170
2922
338
2334
975
1932
2857
34
454
34
28
28
28
1807
2923
1891
1742
2812
1890
338
2924
1920
2048
975
1815
2007
2470
1927
2174
2007
2007
2007
2149
2007
2007
2007
2925
96
96
118
13
1742
2071
2410
2071
2071
3471
1636
2071
2431
2548
1702
2096
338
2007
1742
65
2103
401
2000
2007
2968
2988
3132
1742
692
1742
1850
1929
692
2583
2071
1848
2926
2000
2007
2007
2007
2007
2927
2007
2007
2007
2007
2928
2000
2007
2007
2663
1742
2007
1728
2112
2929
3126
7
2509
2537
2537
1850
2509
2625
2930
1742
1742
228
96
96
2930
2931
2502
1897
1879
1295
2071
2932
1932
96
96
96
96
96
96
96
96
96
96
96
96
87
96
96
96
96
96
96
1802
2933
1930
2927
2927
2934
449
2007
2935
2936
96
96
96
96
96
96
96
96
2007
2007
2007
2007
1799
1799
2937
1893
96
96
96
96
96
96
96
96
96
1091
1091
96
96
96
2781
2781
2781
2781
2781
2781
2007
2781
2781
2007
2007
72
2007
401
2781
2007
2781
96
96
96
96
2728
1873
289
2938
2938
2938
2301
2301
2399
1932
2216
2781
381
2512
2251
7
7
7
2939
2940
401
2007
401
2781
401
2941
2940
289
2781
2498
2942
2831
2943
2944
1890
2538
1927
2399
2943
1878
901
2399
289
1878
2943
1825
2634
2699
2585
1828
2945
2781
1828
1850
2946
2018
2018
909
2585
2646
2414
2898
1872
40
40
2283
2303
1803
2862
1718
1967
2947
2043
909
227
2654
909
1803
227
227
2718
676
2948
2556
1829
2556
2949
1947
2950
2463
1948
97
97
97
1956
2951
2463
2463
2463
2463
2463
676
1932
1932
1932
1932
1932
1932
1932
1932
1932
2952
1932
1932
2699
2699
1932
381
2462
2463
1872
98
98
700
2463
2463
2463
2463
1848
2960
1956
2953
2554
700
2954
2463
2289
1828
1828
2450
2007
2080
2007
2610
1974
1974
2955
2083
2096
2083
289
1817
2956
1957
1944
2752
2957
2413
2958
849
849
1944
2251
849
2069
2959
2959
2187
2960
2961
1993
1993
1718
700
700
1873
2962
2227
72
2227
1742
2356
2963
700
72
72
1944
2964
289
2636
2292
700
2965
43
43
2025
2791
2791
1850
1932
2966
1952
2050
2694
2110
1926
2061
1926
2061
2303
2417
2753
2300
2630
1853
1853
1927
2365
2092
1867
1867
2967
2261
2969
1815
2469
1910
1967
2312
1898
1807
98
98
2645
1994
2365
2970
1804
1932
2365
2970
1937
99
99
99
1893
2971
2971
2972
2020
1769
2973
2971
2069
2080
2303
2470
2945
2945
2292
2945
2970
2356
405
405
2374
2945
1956
2974
2975
1016
2365
1760
2020
1808
2936
2976
2934
2636
2812
2636
2636
2636
2977
2978
902
353
2960
2334
849
2092
2203
1636
2645
2979
72
2203
2203
2047
2047
2047
2092
2980
2092
2811
1759
1803
2981
2655
2983
2984
2103
2071
2303
2583
2071
2583
2575
2071
974
2646
2023
2301
3983
2985
2903
2903
2903
2985
2986
2986
94
94
1867
2987
2987
40
40
2989
2301
100
100
100
100
100
100
2034
1792
1797
1820
2603
2990
2991
2018
303
2991
2150
401
401
1848
2254
2992
2993
2994
2993
2995
2993
1825
2942
2972
1031
2950
2950
2950
101
101
2996
2546
1850
2997
82
82
82
102
102
102
82
82
13
824
289
2536
2219
2998
2999
289
289
1878
3000
289
1808
289
2186
3001
676
836
3002
3002
2312
2050
289
1878
1878
228
219
219
2884
1242
3003
3004
2125
3225
2766
911
219
2326
2862
2326
1897
3998
3005
1766
3006
3005
401
1815
1896
2089
2262
3311
3332
1889
1904
2999
2067
2229
2229
2229
1944
1889
1960
1932
2916
2080
2229
1853
3954
3007
2503
1190
1908
1897
1897
1897
824
824
2969
2229
824
824
2186
1986
2079
2229
2032
3008
1908
2969
1897
3008
1897
1862
2969
1902
3008
1725
1725
2969
1862
2969
1328
2162
3009
1815
98
2119
98
401
2209
7
7
2313
2281
11
227
1889
227
1889
2313
2313
1986
227
3010
3011
1971
227
1932
1932
1944
1871
405
1944
2007
2007
1944
3012
1944
3013
1944
3014
3015
1878
1878
1878
2568
1944
3015
3012
381
1064
264
381
264
3016
264
3017
2301
2556
3013
1759
3018
2243
3018
1701
2332
3019
1878
103
103
103
103
103
103
3020
1878
1725
3021
3021
72
3021
2309
1976
2951
1944
2389
2389
1944
1878
1878
1878
1878
1878
228
1868
2018
2018
1944
1944
104
3022
840
1875
1766
3067
1867
3023
1862
2751
1815
2272
3067
1878
910
910
1875
910
910
910
910
910
2963
3024
2705
1932
910
910
2951
2061
1932
1825
910
1078
910
2157
2337
1953
1953
1953
1953
3026
3026
1878
1878
3027
1878
1878
1878
1878
1878
1878
1878
3016
3406
1075
1792
2624
1878
1878
1878
3028
3029
3028
3030
1853
2143
2791
2791
2791
2955
3031
2987
2987
3032
2048
3033
2738
1918
2538
1910
1910
2583
3034
3034
2799
3034
3034
1843
2799
3034
3034
3034
2048
3035
2282
3035
3035
3035
2322
2271
3036
885
289
381
289
2223
2223
2811
3039
3039
1867
1932
2954
1847
3036
1825
3040
454
2048
1825
2351
3041
2321
3042
974
974
3023
3043
1862
2746
1862
2538
1862
2538
3044
1862
2218
3045
2144
405
2481
3046
3047
2936
105
105
105
105
1815
2025
88
1850
3048
2538
3048
3049
3048
3050
3050
1792
3051
2312
2312
2421
2081
3052
2516
2581
3053
1890
2080
1843
1863
103
103
103
103
103
3050
3050
3050
3050
2318
3050
3050
3050
106
106
106
2318
2312
2121
1968
2491
3054
1980
401
2810
103
103
1932
193
103
3055
3056
103
1932
1968
534
534
534
534
534
534
3020
534
534
1932
3054
2445
2187
534
534
3057
534
534
534
534
534
534
2187
534
534
2187
534
3059
977
977
977
840
1852
3057
1863
840
840
1939
1939
840
3057
3002
824
824
824
1825
824
824
824
1825
2577
2575
3061
824
2645
3062
2951
2672
2481
2312
2312
2312
2312
2034
3484
3063
2034
118
49
2303
2942
1802
1921
43
43
1953
3041
3069
3064
1760
3065
3066
381
1981
1981
1802
1802
1802
3068
1876
3068
1953
2085
2584
3070
381
3927
1878
2857
2034
2034
2034
2034
1993
2034
3071
2034
2034
1921
2272
3071
2034
1760
1760
1760
3072
2376
1760
3068
1760
3073
3074
3073
1932
3074
3075
1187
1187
2222
381
150
2286
1890
1862
1964
2089
3076
3076
2537
2736
381
1878
836
2449
3077
1725
534
1159
534
2250
2389
1873
2797
3078
83
1850
1850
1932
1932
1850
1788
836
1843
2476
2089
226
226
8
8
8
8
8
1850
1932
1875
3079
1878
1878
1878
1878
1878
1878
1878
1878
1878
1878
1878
3080
3080
3081
1953
2018
2018
3082
2369
2369
2369
1001
1875
1953
973
2817
2369
107
107
107
107
1878
973
973
1878
1878
1878
1803
1981
3083
1878
3084
3084
1960
3084
1878
1878
1878
1878
1878
1878
13
1878
1932
2061
2124
1878
2326
1878
1878
2556
2556
1878
1878
1878
1878
1159
1889
1159
3085
3086
1159
1878
3087
2548
1301
3087
3088
178
178
178
178
178
178
178
178
178
178
178
178
178
178
178
178
178
178
178
178
2292
3089
2389
3090
2069
2061
3091
3092
1007
2025
2389
2389
885
2221
226
37
226
1878
1878
1878
3093
1944
1878
3094
248
3095
2116
148
3602
3081
2997
1766
2303
2691
2080
2226
3096
108
108
108
1873
2226
1878
1878
1878
1878
3097
2326
1878
2286
2313
1878
2313
1878
1878
1878
1878
1878
2313
2156
2313
1807
3098
2313
3098
109
109
109
109
109
109
109
109
109
109
109
109
109
109
109
109
109
1807
1807
3099
1807
1807
2313
2364
2313
915
3100
3100
1850
2313
915
1596
1596
3101
915
915
2313
2621
2816
290
3102
3103
1911
709
110
110
2156
3048
840
3104
1932
2109
2797
3105
1944
1944
1944
2470
2635
915
915
2365
1963
3106
3106
1889
3107
2058
1963
1963
1963
2404
3106
382
1963
1932
2364
2133
2470
2404
2987
2199
978
2568
1081
3108
2811
3108
3108
2960
3108
1768
2445
1768
1825
3023
1955
3023
1768
1768
3109
3109
1804
1941
1768
1768
1768
1768
1768
1768
1768
1768
1768
2885
3110
3110
3110
2885
2885
1768
2885
2885
3023
2705
2885
2885
2080
2025
2885
2885
3111
1804
1804
2201
1804
1804
1804
2502
3112
1843
2683
1843
1843
3113
2683
1825
1932
1932
3114
1847
3032
2930
2331
2331
1888
1947
1843
3115
2369
2238
2548
3116
3117
3118
1788
3119
1602
1808
2116
1850
2389
3120
27
3121
3020
66
1850
1937
3122
3122
3123
2426
3124
1896
3122
3125
2226
2956
1825
1937
2301
2301
1797
3127
3125
3125
1850
1850
48
709
1850
1850
1850
2816
2385
240
3128
3129
2303
2303
3130
3130
3129
3129
1784
1867
48
1075
2050
2050
111
111
3131
3130
3130
2095
1825
3130
3130
3133
3133
2955
1784
2034
3134
1825
40
3129
1007
111
111
289
959
959
289
959
959
1766
1850
959
1725
959
959
959
2960
2816
3135
3727
3136
3136
3602
3727
3136
1825
2052
3126
11
1932
2691
2691
3137
2489
3137
2318
2018
2398
2953
2846
1742
448
448
1932
448
2635
2635
448
1742
1742
448
448
3138
3139
1829
3140
1867
353
2413
382
1251
1251
3141
227
227
227
94
94
94
94
382
1850
227
227
227
227
3013
1875
2695
2018
2571
2623
1890
1954
2623
227
227
1737
1804
2088
2968
227
227
227
3142
227
3143
227
227
2018
227
2018
2018
2695
227
227
227
227
227
227
2018
2018
2339
227
227
2960
2695
227
1825
1718
2260
227
2695
3144
3145
1890
2873
2031
1825
289
1825
3146
1860
1878
1878
1007
289
1278
3114
3114
2007
1878
1878
38
1878
1878
1878
3147
1878
1878
1878
1878
1878
3148
2061
112
1897
1897
3119
3119
1948
3149
248
1967
2389
2556
1825
303
3150
2444
3151
3152
3088
1932
1932
1850
3153
401
3153
3154
3153
3153
3153
3153
1702
368
1815
401
1953
2088
2369
2951
401
2018
3155
289
2645
3156
2562
2287
1718
227
227
227
289
2369
203
2930
1766
226
226
2353
2126
2126
2126
1082
226
289
289
289
289
289
2855
2855
3158
2930
2287
3159
3159
1932
1873
227
113
113
227
2313
113
113
113
113
114
114
2309
2025
3160
2043
3161
3602
1932
228
3158
3158
1838
1926
3162
1957
2116
2025
970
970
2157
3163
3163
2322
2903
2897
2878
3161
3164
3165
3080
1878
55
3165
3165
1463
2126
289
1860
1878
1878
3166
978
289
3167
978
2824
3168
405
1738
3169
691
3168
706
2050
3170
3171
2100
1910
2369
969
3172
3173
2374
2605
1926
3174
3077
2025
3041
3112
3175
3176
3178
2462
2389
16
3673
2025
2556
3179
3180
3181
3182
227
227
2811
264
264
264
970
289
289
289
289
3182
3182
289
289
289
289
289
3183
289
289
970
289
289
970
1030
2312
2413
2312
2312
2413
3990
2312
2312
2312
2413
1030
1030
2413
2413
2413
1208
2312
2292
20
3184
2312
2312
2312
2312
2924
1957
2312
2166
1200
1200
2166
2312
1200
3186
40
40
40
2312
2312
2312
448
448
2339
3187
3187
2339
2339
38
1932
2018
2018
3187
1738
3188
54
54
54
54
54
3089
3089
38
89
87
2873
1082
1784
3189
2811
51
40
40
40
40
40
40
40
87
40
40
40
40
40
40
40
40
40
40
40
40
40
1878
2329
40
40
40
40
40
40
40
40
40
40
40
40
40
40
40
40
40
40
40
40
40
40
40
40
40
40
40
40
40
40
40
40
40
40
40
40
40
40
40
40
40
40
40
40
40
40
40
40
40
40
40
40
40
40
40
40
40
40
40
40
87
1075
1075
40
40
40
40
40
40
40
40
40
40
40
40
40
40
40
40
40
40
40
40
40
40
40
40
40
40
40
40
40
40
40
40
3190
3190
40
40
87
40
87
40
40
40
40
40
1963
3189
3191
3189
3187
3191
3189
1878
2109
1963
1878
1878
1878
1878
1878
2556
1878
1878
115
1878
1878
1878
1878
1878
1878
1878
401
401
1878
1878
1878
1878
996
1878
1878
3187
1878
1878
1878
3192
996
2034
2034
3193
3187
2954
2734
38
290
290
401
1960
1207
3194
1948
3195
1932
2413
1912
2109
2413
2719
1932
2413
2105
3196
1825
2317
2317
2317
811
3198
811
3199
1825
3200
1954
2872
116
116
116
40
40
40
40
40
40
40
40
40
40
40
40
40
40
40
40
40
40
40
40
40
40
40
40
40
40
2747
2747
1932
1932
3201
40
40
40
40
40
40
40
40
40
40
40
40
40
40
40
40
40
40
40
40
40
40
40
40
40
40
40
40
40
40
40
40
40
40
40
40
40
40
40
40
40
40
40
40
40
40
40
40
970
970
1897
117
3202
117
117
3172
3172
117
117
117
117
24
118
118
40
40
40
40
40
40
40
3172
2689
40
31
40
40
40
40
40
40
40
40
40
40
40
40
40
40
40
40
40
40
40
40
40
40
40
40
40
40
40
40
40
40
40
40
40
40
40
40
40
40
40
40
40
40
40
40
117
117
40
40
40
40
40
40
40
40
40
40
24
40
40
40
40
40
40
40
40
40
40
40
40
40
40
40
40
117
2108
40
40
40
40
40
40
40
40
40
40
40
117
117
40
40
40
40
64
64
972
2018
2747
64
64
3203
2332
40
40
40
40
64
40
1742
47
2018
996
996
57
3204
3204
40
40
40
40
40
40
40
40
2746
1325
2150
1325
2747
3144
1325
2746
382
3205
2746
40
40
1742
1953
1742
2018
3206
2283
2018
3207
1959
40
40
40
40
40
40
34
13
227
264
264
264
227
264
227
227
1825
2050
227
227
40
40
40
264
40
40
40
40
40
40
40
40
40
40
40
40
264
227
227
227
106
2034
227
3207
2209
3204
289
1932
2562
289
3208
289
2562
1990
1990
368
3209
235
1847
235
2562
3172
1932
1932
2718
2562
3209
3209
3210
3210
3210
2425
119
119
119
119
119
119
3211
289
3212
2077
289
289
2209
2897
59
59
59
59
59
59
59
59
59
59
1932
709
1007
182
182
182
2537
2537
2537
1464
368
3213
3126
64
64
64
64
64
64
3126
3195
64
64
368
64
64
120
120
2903
289
289
289
3214
2126
1944
1
1
289
289
1878
119
119
119
119
119
289
289
13
289
3211
3215
3215
3215
3215
3215
3215
3215
3215
3215
3215
3215
3215
3215
3215
3215
3215
3215
3215
3215
1792
1957
2714
40
40
40
40
40
40
40
40
40
40
40
40
40
709
289
3215
3215
3215
3215
3215
3215
3215
3215
3215
3215
3215
3215
3215
3215
3215
3215
3215
3215
3215
40
40
40
40
40
40
40
40
40
40
40
40
40
40
40
40
40
40
40
40
40
40
40
40
40
40
40
40
40
40
40
40
40
40
40
40
40
40
40
40
40
40
40
40
40
709
40
3077
2025
1850
289
122
3077
3216
1850
1932
1077
3217
3217
2829
1464
3211
1077
289
289
289
289
289
1464
1464
2389
1773
3217
3077
2018
1878
1932
289
47
1138
1
1
1878
1944
111
111
111
111
118
2018
3218
3218
1804
2329
248
2816
1804
353
1809
1718
353
2018
3130
3219
1804
1944
1804
1944
1804
3130
3220
3073
1878
3220
228
228
228
1081
3192
1790
2238
1081
1705
228
228
1804
3221
3221
1235
3222
2018
1235
1878
1878
3013
3221
3223
1081
1081
3223
3224
2537
3225
3226
1141
3178
289
1661
3227
3013
122
122
122
122
1081
1081
1742
3228
2919
3229
382
2018
3013
1941
2018
1941
123
3230
1081
34
118
63
1932
113
2672
227
227
1926
228
2018
303
227
3230
227
227
227
227
227
227
227
3230
2186
3054
227
227
227
227
227
227
227
227
227
1963
1963
227
227
227
227
227
227
227
227
227
227
227
227
227
227
227
227
227
227
1944
405
227
2811
1926
2050
227
1944
227
1926
227
3231
227
227
227
227
227
289
289
227
227
227
227
227
289
289
1829
2812
2043
227
227
227
227
227
1742
227
227
227
1829
289
289
2878
2018
227
227
2018
227
227
227
289
1932
289
1850
227
1741
227
227
227
227
227
1741
1741
227
227
227
227
227
227
227
227
1953
3121
507
2133
905
905
905
3232
2813
1943
3121
124
3233
3223
2611
2811
1081
1081
2856
3234
3234
3234
41
106
3235
106
3236
2025
2711
2711
706
113
41
41
691
113
113
113
113
113
113
113
113
113
113
113
691
2135
3237
3237
1993
113
113
3238
368
2025
2445
1718
1718
353
2150
3239
2385
405
3121
31
31
1815
3240
2369
3035
2369
2369
2369
405
405
405
405
405
3241
2920
3239
1162
227
3035
3035
3035
3035
3035
3035
3035
227
227
691
227
691
3138
405
2090
2174
3484
3242
3242
3242
3035
3035
3035
3035
3035
227
125
125
125
125
125
125
227
227
227
227
3035
3035
227
227
227
227
227
2810
227
126
126
126
3035
227
3035
227
3035
3035
227
3035
3035
3035
227
227
405
227
227
227
227
227
227
227
227
227
227
227
227
3243
227
227
227
227
227
227
227
227
227
227
56
56
227
227
227
227
227
227
227
227
227
227
2389
227
227
227
227
227
227
16
227
227
260
2884
2884
227
3032
227
2884
227
2811
227
227
227
227
227
3244
227
16
16
227
16
16
16
16
16
16
16
16
16
28
3245
227
3246
3246
227
227
227
28
28
227
227
227
227
3246
227
227
227
227
227
227
227
227
227
227
227
227
227
227
2050
2884
227
227
227
227
227
227
227
3035
3035
227
3035
3035
3035
3035
3035
3035
3035
3035
3035
3035
3035
1702
3035
1803
1829
227
227
227
227
1028
1028
1028
1028
1028
1028
2719
87
87
87
87
2092
127
2092
2381
2389
3247
2166
2811
2186
87
87
87
87
87
1788
1788
3035
3035
128
2916
2381
2381
227
3248
3206
1028
227
2389
128
1028
227
227
227
227
227
227
1028
227
1028
1028
1028
1028
2389
227
227
227
72
227
227
227
227
227
1702
129
129
130
3249
715
715
2805
3250
2805
1702
227
2381
2916
1875
63
2289
2164
3250
3252
3253
3253
3138
3249
2018
3249
228
3253
3253
87
3252
2012
2356
228
228
2816
2014
2356
1231
2354
131
131
131
131
2329
1141
1141
905
905
905
905
1927
3254
2018
2116
3255
3256
3256
3257
3055
2822
972
3258
3259
132
132
132
132
3260
3260
1817
133
133
133
133
133
133
1141
1141
1936
1197
85
1969
1081
1081
1081
1081
2080
3261
3261
1141
3261
2810
3727
2139
2817
3262
1903
2245
134
3263
2014
3264
3260
1141
2287
715
2100
2936
2788
2222
2317
3265
1081
3194
1141
1141
3138
3138
3266
3234
3266
1197
3138
720
3138
1081
3138
2050
3234
1081
1766
1081
1802
3267
228
3234
1017
135
135
135
135
1075
1766
2496
1935
2426
2471
3267
2337
2337
1954
1878
217
3268
1932
2322
1878
227
3269
2313
227
227
227
227
3270
2050
227
227
3271
227
2646
227
227
227
136
1964
227
2812
227
227
227
227
227
227
227
225
227
2812
227
227
227
227
1784
227
227
1796
227
227
227
227
227
3272
227
227
2050
227
227
227
227
87
227
227
227
227
227
227
227
87
2481
1878
1878
3273
1948
1878
1971
3267
3274
2126
1878
2421
1878
117
1878
117
1878
1878
117
1878
1878
1878
1878
1976
2879
1878
1878
1
2879
3275
74
2213
1932
1948
2126
74
3276
2490
405
405
405
405
1932
2126
2213
127
2126
1878
2213
1
905
3277
1878
3278
2187
1804
3278
1804
3279
3737
228
228
228
228
228
228
228
228
228
228
228
228
228
228
228
228
1910
228
228
1894
3278
3278
228
228
228
2187
137
3210
137
3280
23
23
23
23
2083
1742
3281
137
137
137
137
137
137
1742
137
58
2213
1796
2542
1658
1526
38
972
23
23
23
23
74
74
972
2083
10
2770
1076
1076
1076
1
1
1076
1076
3275
1766
3275
1936
1741
2390
2490
228
1878
1878
1796
3282
1878
1878
3283
264
2490
2073
2371
3284
3230
1936
1702
1802
2034
3285
228
1878
1878
2018
2018
2018
123
123
2897
55
55
1081
1878
1878
1878
1878
1878
1878
3286
2787
2787
3656
2787
3287
1708
55
3287
2714
2309
2109
3288
1850
1932
1932
382
382
2061
1848
2034
1878
1930
1932
3282
3289
3282
2787
2736
1941
1706
2856
2856
2856
3290
290
2018
2040
2354
1932
3258
2018
1878
2018
2583
2583
3171
3171
1830
1948
3291
3291
2073
1784
1878
3292
1660
112
138
138
2018
2018
3049
3293
3292
3294
1247
3244
3748
2744
2511
452
3296
3060
1706
452
452
452
452
1953
290
290
290
2611
217
1937
2354
2665
3297
2538
3298
1706
2665
405
3299
28
1825
1274
1804
3300
3301
405
405
405
3297
227
1802
227
227
227
227
227
227
227
34
405
811
2665
811
2303
227
227
227
227
227
811
227
227
227
227
227
227
227
227
2088
1872
1795
2342
2080
2040
3302
2365
3303
3304
3304
3305
3304
3302
1933
3306
3307
3302
1897
3035
3035
3035
3035
3035
3308
3035
3035
3035
3035
3035
3035
3035
3309
3035
3035
3035
2303
3035
3035
3035
3035
129
129
129
2664
3310
3174
2810
2018
2942
2057
1850
3243
2828
2007
2007
131
131
1518
2095
2095
38
40
150
40
139
140
139
139
139
139
1518
118
118
118
1889
1518
118
118
118
118
118
118
118
118
118
118
118
118
118
118
92
92
1910
2226
2166
2166
1249
2303
421
421
421
421
421
2230
1784
3114
3114
3253
141
1910
3253
1932
3253
1878
3253
3253
2080
3253
1878
1878
1878
1878
3253
18
18
1798
2041
2413
38
1470
2413
1518
1518
1932
1826
2403
3313
142
1207
3292
144
143
143
1075
1207
1207
4014
3314
3315
2354
1207
1207
2354
3316
28
3315
3317
3317
1941
1893
3317
1207
1207
1207
2583
2164
3318
1207
3315
2856
1207
1207
3319
3050
2413
3320
1207
1207
1207
1207
1207
1207
3320
1908
2050
2413
3322
2672
3315
2413
1243
2480
3088
1706
1792
3323
3323
3323
3323
1706
382
1243
1243
2332
3245
1784
2209
3604
2666
3324
1619
2088
1852
2018
3325
1954
3325
2251
1944
2007
2953
3326
3327
1944
2856
40
40
40
40
40
40
40
40
40
40
40
3130
40
40
40
40
1944
2719
40
40
40
40
40
40
1944
40
40
1944
1944
3328
2119
1947
1944
3324
3329
3324
3324
3324
3324
2317
2317
1878
3059
3208
3059
40
40
40
40
40
40
40
40
40
40
40
40
40
40
3059
1933
1792
1878
382
3088
1277
1277
1277
2946
3331
1975
3331
3331
1796
3331
3331
1986
1
1
2951
2654
47
1676
1825
3333
1246
1246
2025
1878
3334
1878
2389
2389
1878
1933
1878
1878
1878
1878
1878
401
405
405
405
405
405
405
1910
1878
2995
401
3335
3335
2018
3336
3336
2590
1878
3336
2018
452
2025
2018
909
1986
3310
2018
3337
1279
1246
1279
1279
2018
1784
1878
909
1742
3373
909
909
3338
909
2018
1742
1872
1878
1279
1279
405
2646
1742
2289
3339
1976
1932
1932
1932
1932
3339
3340
1722
2353
3341
1274
1722
3218
3321
3342
3342
3343
3341
3341
2271
3341
145
145
3231
1702
3344
2635
3345
2324
3346
1702
106
106
106
3231
1702
65
3347
2431
2380
2560
2004
1803
3270
2224
2905
2061
2905
2905
329
1795
1932
1932
72
1932
2025
72
2303
72
72
72
72
113
72
1249
3348
3349
3349
3349
3350
146
1205
2389
2389
105
105
2537
2321
2537
113
113
113
113
1249
1937
113
113
113
113
113
113
3351
2064
2775
3294
2354
2354
1275
1275
2371
2371
1910
3352
2354
1953
3353
1937
2092
2064
1926
3354
2389
2092
3352
3352
3353
3353
261
3169
401
1792
1858
1986
1986
1858
1944
2061
1251
1251
1251
2007
3356
2050
3357
3308
1825
401
2007
2799
2799
401
3311
2050
2050
2050
1986
225
401
3358
401
3358
3359
2130
2130
401
2092
1891
1825
401
1825
1825
2645
1825
2645
3360
3361
3361
2389
2389
1792
3362
3066
1278
401
2590
2665
905
401
905
905
1190
1815
905
905
905
3363
3364
905
3365
2034
3366
290
3367
290
290
290
3217
934
2951
10
1944
147
147
147
147
147
3368
1797
290
290
1278
290
290
290
290
290
290
290
290
290
290
1792
1278
1944
1888
3369
3369
1944
3056
38
3370
2609
1190
3371
1190
1190
1190
1190
1195
1075
401
1738
1808
2556
3425
3605
401
2034
2043
2353
3638
3689
3371
3372
2887
2570
382
1195
382
3373
3329
1944
3374
3375
1195
1195
2007
1195
3376
3311
3377
3377
3329
2676
3376
1932
3378
3376
3379
2517
3380
3381
1759
1411
1411
3381
2007
3382
3383
3383
3383
73
3383
3383
290
3383
3383
1910
1738
2546
2538
2321
1084
1195
1084
2034
2216
1932
1944
3329
3329
3329
2329
2329
1946
1946
1946
1946
1932
1946
3006
3384
401
3376
1663
2222
1878
2222
2164
289
2281
2281
1878
2139
289
1722
289
38
264
264
3360
3329
2050
3329
3112
289
289
1878
289
1908
3385
2281
3385
289
2281
3386
401
289
2281
289
1722
289
2281
289
289
3329
1722
148
148
148
148
148
148
148
148
148
148
148
148
148
148
2085
1722
1722
2238
3387
1722
3388
2306
1722
1990
1722
1944
2490
3389
1878
3300
1400
1722
1722
3014
227
227
227
1878
1722
65
65
1722
142
142
142
142
1722
1722
2490
2556
401
1795
2556
401
1910
3390
283
3300
2020
3376
2994
3300
1932
1932
2020
1932
1613
1878
65
226
226
226
226
226
1878
3162
3391
149
139
149
149
2045
3392
3300
3393
401
3393
1932
1932
3394
1932
1932
1932
1932
1932
1932
3395
1932
3395
1976
2034
2389
2389
2470
2389
2944
1241
3396
2119
926
1241
2127
1775
1241
2944
1932
511
3329
3329
3397
227
1792
1889
3398
1878
3399
3399
3399
1976
1878
1792
2081
1775
1244
1613
1244
1775
3400
1244
1775
1775
3400
3401
3402
228
2022
2022
227
3329
511
277
277
277
277
277
1275
3403
3244
3244
1275
3244
2022
2022
2002
1932
3244
3244
290
3404
3032
3404
3244
1871
1871
3244
277
290
3298
3298
3244
290
290
2040
290
290
290
1871
290
290
3405
290
3244
290
290
290
3244
290
290
3406
3406
3407
3403
3407
1850
3405
3373
329
24
3527
3408
3409
3194
3411
2297
2297
2297
3181
3181
227
227
227
227
227
227
227
2174
2174
227
227
227
2775
3412
3412
1784
1409
2469
1409
2031
35
2239
3413
3414
3373
1825
1706
3171
2119
3112
3415
2511
464
2506
2133
3373
405
405
2276
2951
2025
3050
1906
3050
1906
1323
2611
405
3143
1470
2725
338
338
227
227
35
3416
3050
3114
3417
3114
3418
3528
1932
1402
1402
3419
47
2481
1932
2110
1815
2376
3242
1862
2303
290
3420
2110
2470
2470
1815
2380
1926
2007
2007
1939
1926
290
227
290
3247
1617
40
40
40
40
40
2149
1908
1888
40
40
40
401
2380
3422
3423
2134
2276
2045
1838
926
1843
926
926
2579
926
926
2045
3424
3424
3424
3424
3424
3424
2289
401
717
717
3425
401
401
401
401
3424
3424
3424
1405
1932
2022
1340
2303
1862
2445
2365
1889
2271
118
2303
3426
1826
3427
3427
3427
3369
99
3369
3428
3428
1405
3114
561
3429
3430
228
228
150
2797
28
151
151
1405
1784
3431
1932
38
3432
1340
1340
1848
2034
28
2209
151
3433
2229
2306
1200
107
1200
2092
3045
34
1404
1404
3434
3435
2222
2022
2022
2022
2110
1742
1759
3460
1932
2947
2947
2972
3269
2007
3436
3437
2007
2007
2121
3436
3162
1862
1862
3162
152
152
152
2110
152
2944
3438
1854
2967
720
56
3431
720
2430
720
1815
1404
2077
1404
1404
1404
1404
1932
1932
3086
3439
3439
3439
216
1932
264
264
2061
24
1784
2822
3440
1403
294
2526
3441
1404
3441
3441
3442
3443
3442
3443
3443
1825
1971
1295
1295
1295
2948
3440
3434
2276
1974
3444
2050
2948
3445
1910
2238
2389
2948
2389
3446
2313
2313
1283
2313
2556
3447
3448
2897
3447
3447
2025
3449
3449
2430
2430
3450
3451
1862
3452
3450
3450
1932
1730
3453
1235
2133
3454
3454
1867
226
226
3455
3456
1235
3457
3458
1404
1404
1404
1404
1404
2897
2897
2337
290
290
290
290
290
2897
2897
3437
3459
3437
3437
1404
3437
3437
3437
3437
3437
3437
3437
3437
3437
3437
3437
1283
2687
1283
2687
2685
290
2687
290
290
1784
290
290
290
290
290
1878
2687
1878
1878
290
290
1784
1404
1404
1784
1404
3427
2687
3461
3056
3427
3056
3462
290
290
290
290
3463
3275
1407
1407
1407
2111
2951
2664
2399
290
290
290
290
290
290
1941
290
290
3464
1932
1932
1932
226
1407
2687
1295
2289
290
290
290
1954
1283
3462
2069
290
290
290
290
290
1784
1295
290
290
290
290
3465
290
290
290
290
290
290
290
290
1283
290
290
3466
3467
3467
3467
3468
3468
3468
3466
3469
41
118
3469
3469
2385
1932
1932
1932
2192
1932
193
91
1402
1399
41
41
2976
32
1955
1955
1955
153
153
153
153
1406
3243
2306
1400
41
1990
2909
2286
2142
2947
2947
1643
604
2469
2469
1643
1872
934
1893
1893
1990
3470
3472
2201
2744
1408
154
235
235
3459
3458
2389
604
1303
2828
2828
290
1847
1825
1873
3473
2498
290
290
47
1408
1408
290
290
290
3474
290
2645
2972
2944
1708
1825
2331
3475
3475
3475
1890
1862
2289
1862
3476
1889
3118
3372
228
55
3477
2142
3448
47
3372
1392
3118
2342
2583
3478
1399
1399
106
2166
106
1399
1399
2324
3479
1825
1784
1784
1411
1404
1404
2218
1404
1404
1404
1200
1200
3441
3481
65
1404
1404
1404
216
216
216
216
1404
216
1404
3482
65
2520
1397
3360
1397
1397
1766
1426
1426
2605
48
2157
2201
1784
2034
1784
3483
2034
155
1784
289
2276
824
2276
2071
2932
824
2932
3485
1636
2932
2481
824
2376
824
2645
3486
3487
3488
3485
2785
2785
3485
1636
1636
3489
3488
1953
3487
1636
1636
1953
2108
2645
3488
2581
3225
2276
1876
2584
3488
2785
2251
2199
3490
2605
1702
2272
3490
2605
2583
3063
3415
3491
3443
3492
3443
934
3492
217
2481
2430
1784
2481
32
3429
3493
3413
1910
1888
217
2196
1825
2196
2196
2196
2196
1815
2196
3162
303
3494
3344
3495
2829
3208
156
2481
2143
2209
2897
1784
1395
1784
1784
3496
13
1784
2967
1932
1932
1932
3050
3050
3050
1784
1815
1815
1815
1784
2069
3497
1784
1932
3050
2624
1932
3050
3498
87
87
87
87
87
87
87
3499
3050
1784
3144
40
40
40
40
40
40
40
3498
1620
1795
2342
40
40
40
40
40
40
40
40
40
40
40
40
40
40
40
40
40
40
40
40
2111
3498
3498
1784
1878
2238
3042
1784
3042
1784
1978
1843
99
40
40
40
40
40
40
40
40
40
40
40
40
40
40
40
40
40
40
40
40
99
157
157
3500
3500
3500
1990
1990
1887
3201
127
32
32
32
32
32
3423
32
3501
13
1932
1978
3502
3503
3503
3504
2625
3504
2389
3505
136
35
136
1978
3506
382
3507
1932
3334
3508
1932
1620
1932
3509
3510
1398
3511
3512
65
1954
1784
1954
1784
1784
2122
2122
3513
3514
1784
2081
1471
1784
1348
2122
2122
1878
3515
3515
3516
2122
1348
3515
3089
1742
1932
1932
56
2913
3517
1862
3518
3441
3519
3272
1878
2289
3520
3521
2888
2954
3522
3522
1471
2230
1748
2625
3523
1718
467
97
97
97
97
32
1890
1890
1862
2289
32
3524
32
32
1718
1792
2470
1428
1428
3213
1428
3525
2086
3156
3526
1784
1890
190
190
190
190
1620
2520
190
190
2520
41
2520
41
1784
3529
1702
3374
1878
2122
3530
1804
2142
109
109
158
3089
1943
1620
3531
1362
2052
1362
1362
1362
2797
1964
1784
1362
1932
1843
1932
34
1804
1804
1804
32
2142
3532
3532
1804
1804
3532
2196
2897
2199
3533
2371
2664
3274
2664
3348
2967
155
2264
2374
3534
3534
3534
1954
3492
2664
1803
1387
3604
3535
32
1803
159
3536
3537
336
336
3538
109
109
109
2243
1932
3539
1955
3112
3540
3413
3000
3000
1862
3000
3413
2664
3541
3000
3297
2144
3542
2542
2389
1940
1862
2967
109
109
109
109
109
109
109
109
109
109
109
109
3429
290
117
117
3491
3050
2007
3248
3054
3543
1854
3544
3035
3035
3035
3035
3035
3035
3035
3035
3035
18
3035
18
158
158
3545
3546
18
18
2025
3448
3477
71
71
71
3477
2007
3547
2635
3547
1955
2430
2284
3548
3549
3550
3551
106
106
106
106
1932
1932
1932
1932
1932
1932
2143
1075
3552
3540
3553
56
2282
3554
2357
3555
3556
1784
160
160
1947
217
3194
3557
1760
1953
1953
1953
217
3558
1792
3559
1200
1200
2470
1954
1200
2264
3560
2365
2365
1875
3561
3442
2264
2365
2365
3561
3351
1889
1889
228
3561
353
3562
3562
3518
117
117
117
1971
217
1978
117
1978
2824
2133
3563
329
1875
1699
1795
2946
1802
2718
3564
1863
3565
3565
1906
3566
2229
2229
3567
2470
65
1784
72
65
161
217
3568
3569
3568
1990
1990
2050
3568
65
3570
3570
65
1788
3570
332
3517
228
1872
3570
3344
3344
2421
3410
3410
3571
3571
3572
3410
1075
2814
3569
72
3569
2445
1539
1539
1784
3516
405
1463
3196
2072
1964
3516
3377
3377
405
934
2946
3565
3555
72
1417
2445
3555
643
643
643
3472
405
405
405
405
405
2692
1702
2342
1990
286
1620
2511
3453
3453
3453
2511
2209
3516
3573
3574
2025
3151
3516
2025
2020
2080
3550
1620
446
2559
2944
1932
1932
3575
3575
1955
3576
3577
1933
3577
643
643
643
643
643
643
643
643
643
643
643
643
643
643
643
643
643
643
3508
1963
2133
162
162
162
162
32
1860
1947
3578
65
1878
1858
2389
2389
3579
2050
1976
1976
1527
2050
467
155
3580
1708
235
3035
2887
1620
1990
2787
1620
3559
1963
1863
3559
3426
260
32
1867
32
32
32
32
32
2542
3581
1957
405
3582
1941
3583
2324
452
1955
1955
1955
1955
1955
1955
1815
1499
2537
1705
2537
1784
2773
2077
3585
2092
3054
1932
1932
1953
1868
1868
1868
1868
1868
3518
2025
34
2064
2092
3586
3587
2073
3588
1463
1985
405
1949
2050
3348
3589
2038
1892
264
3590
3591
264
264
264
264
264
2239
3035
3035
1878
1854
1953
290
3591
290
290
1016
2774
290
290
290
290
290
2050
290
163
2050
290
290
2631
290
290
1986
2635
3592
1526
3592
3593
1986
118
118
2092
290
290
17
17
17
17
2050
1947
3594
1957
118
118
118
118
118
118
118
118
118
118
6
6
2997
1843
40
40
3479
1470
1468
1468
3369
1468
1468
1468
1468
3369
2023
2250
1932
40
285
1469
3118
2231
1957
1469
1646
329
3596
164
2025
2002
2002
105
165
2463
3597
1283
1808
2262
1516
3535
3311
3598
3599
3599
3599
1964
2318
2318
2318
158
158
158
1795
3587
1808
3600
2025
3601
3364
11
2347
3439
158
3114
158
3114
40
40
40
40
40
40
40
40
74
40
40
40
40
40
40
40
40
40
40
40
40
40
40
158
158
158
40
40
40
40
40
40
40
2953
1518
1387
3364
3364
3364
3364
2347
1387
3364
3364
3364
3364
3007
40
40
40
40
118
3364
3364
3364
3603
3364
3364
3364
3364
1283
3171
3604
228
1875
2301
3558
3606
1075
1075
1986
3558
2111
87
3503
3503
437
87
290
1932
3217
290
290
290
290
1815
1283
1815
1815
1815
905
905
290
290
1784
1932
2091
2091
1792
71
1636
3591
1283
2318
3091
3607
3609
1843
3609
2401
3384
1478
1478
3610
3611
3611
3535
71
74
1478
3535
3535
1325
166
166
3535
1325
40
40
1646
3612
2238
1567
2692
3531
70
2997
926
926
926
926
926
3591
1875
368
290
290
290
290
290
290
290
290
290
3613
2421
290
2109
1957
2654
1693
1693
3343
3604
3614
2096
2096
1325
3615
1549
3616
3442
405
34
3617
167
1932
368
1875
1932
2130
1875
2130
368
1932
1932
1325
2271
1932
1903
3442
1932
3614
1932
368
1387
1646
368
3601
235
1235
2020
1235
1932
454
454
454
2595
368
1235
329
1971
1971
3619
3619
3174
1806
1948
31
1878
55
1878
1878
226
226
3620
1932
1932
1932
1932
1932
3621
3886
2787
2787
2787
1632
1632
3622
2645
1512
1566
3623
3048
368
3594
1784
1716
3350
18
1716
290
3593
3624
3625
3466
1716
2976
168
1968
368
3048
1784
1784
1716
1566
643
1994
1514
1514
3626
1514
1514
1932
1784
2858
2020
3007
1953
1903
338
2517
2002
64
3558
3628
110
110
2276
3614
1957
1826
2972
1512
2271
2271
2271
1893
3629
1512
2271
3629
3552
3630
3629
3629
132
2271
1512
2271
1517
2271
2271
2517
3581
3581
1893
1620
3194
1517
3156
132
132
1517
3581
3581
3631
1906
2538
2538
2538
2538
2040
3374
1957
421
421
421
3543
421
1932
1825
3306
2209
3441
248
2421
421
421
2020
3632
3632
2972
1500
3632
3633
3377
1893
2050
248
248
3595
3635
4075
3636
2086
3637
3637
3637
3637
3637
3637
3637
3637
3637
3637
3637
3637
3637
3637
3637
3637
3637
3637
3637
3637
3637
3637
3637
3637
3637
3637
3637
3637
3637
3637
3637
3637
3637
3637
3637
3637
3637
3637
3637
3637
3637
3637
3637
3637
3637
3637
3637
3637
3637
3637
3637
3637
3637
3637
3637
3637
3637
3637
3637
3637
3637
3637
3637
3637
2144
1792
1646
1792
3543
170
3638
226
226
226
3639
109
109
290
3640
3641
3639
1985
3543
1985
1932
1985
1932
1985
1502
2092
3642
1932
1932
216
3544
1784
3643
3643
3643
1932
1932
72
2301
3644
2747
3645
3646
1932
72
2301
2050
216
3647
106
1511
1511
1511
1511
3007
1433
1433
3646
216
1525
1521
216
2301
2050
1646
3596
1502
1502
65
161
2609
905
171
171
1932
905
905
905
905
905
3558
1893
3648
3649
3558
1947
2090
3650
2199
2972
2972
3649
3118
3563
87
1283
3651
3651
3651
235
2354
1795
1283
3652
72
235
3653
2444
3653
2321
3653
3653
3328
1976
1784
3083
172
1932
1932
3654
1523
905
3655
2050
368
31
3657
1949
3658
3658
3492
368
3659
824
824
1797
1815
1523
2317
3054
1784
824
1523
1815
2034
1523
302
2886
824
824
824
824
3660
226
226
226
226
226
226
226
226
226
3659
1863
1928
353
302
173
3661
3661
1941
3662
2251
1200
3118
1507
1507
1673
1673
1784
2284
2471
3663
1673
1673
3663
665
3663
665
1507
1507
1507
1620
1279
706
13
346
3665
706
665
13
1910
3648
2393
2393
2393
3457
1910
2393
3665
2337
3666
3923
1878
346
3118
2337
346
706
3457
346
346
1932
2561
1878
437
706
437
1878
1878
1878
1878
1784
1789
1878
1279
237
3667
3668
3668
3669
706
1718
1875
437
1623
1878
2271
2389
2209
1985
1985
1506
1506
706
1878
706
1815
2829
1463
3670
1623
65
65
1463
1878
665
665
1513
3441
1513
346
3671
346
1060
174
2327
2327
2327
1433
3672
2356
1433
3672
3672
337
1978
290
337
1718
346
1878
1878
3375
228
313
665
313
2620
1878
665
1809
1784
1217
1878
1878
1013
1013
1013
1013
1013
1013
1013
1932
339
665
339
1784
665
1466
514
1217
1878
339
1013
1013
1013
1013
1013
3623
3623
3623
695
1971
1496
1496
339
3599
1878
1496
1519
552
353
228
2537
2327
285
313
230
1878
1878
1466
598
598
228
228
2347
1878
1466
175
175
3674
2008
1858
32
313
1878
454
514
454
514
514
454
2034
1878
297
2034
2034
662
662
662
662
662
662
662
662
662
426
1197
1466
426
1871
426
2009
514
1197
514
514
3675
514
514
264
1562
3676
2556
353
175
175
175
283
353
3677
283
283
283
283
283
353
1562
283
3678
283
283
1878
3676
452
1562
1784
1636
1613
283
1784
198
926
926
926
926
926
926
1613
926
1953
1620
2620
2537
1613
32
3626
2620
1613
2620
1948
303
303
303
1582
2272
2686
1948
2272
303
934
114
114
114
114
114
114
114
1976
3541
109
109
109
109
1654
3600
2025
156
40
40
3005
1016
1016
1016
3679
1016
1016
3680
1016
1579
1016
1858
2444
1016
1016
1016
1016
1016
1016
1016
1016
2050
2050
1858
1568
1784
2050
1016
2050
2272
3080
1016
1016
228
1016
228
226
1016
1953
226
226
226
226
2272
2276
1784
1568
1016
1016
1016
1555
226
3080
3080
3080
1016
2945
1971
290
1953
290
3682
3671
3683
3684
3683
21
21
21
1784
2418
132
132
132
132
290
3684
3684
132
132
132
132
2418
132
132
2537
2537
2537
2537
1016
3685
1016
3426
2312
2312
1016
1016
1016
2312
1553
2312
2797
2365
2312
3686
3687
3162
2312
2312
2354
2004
2312
2312
2354
2004
3688
2004
2312
2312
2312
3348
2312
2312
1569
2050
2050
2303
2092
2092
3689
2092
1872
1565
1565
1565
72
3297
3690
2050
1555
1953
2787
2787
3042
3042
1804
1804
3424
3042
1804
3424
1804
3042
1804
3042
3042
3042
3042
3424
3042
3424
3424
3424
465
3691
2936
3424
2936
1575
3424
3424
98
2954
2150
1016
1016
1016
66
66
66
98
98
2020
1016
1016
2004
1016
1843
454
454
454
454
454
454
98
1564
2020
1603
176
176
2347
1016
1016
1016
1016
1016
98
1016
98
1016
1016
1016
1016
1016
1016
1016
1784
1636
1553
1863
74
2040
2050
3377
3377
2347
3692
1843
1843
1843
1553
1387
3693
1387
2002
2040
1387
92
92
92
92
1387
2040
1702
2040
1815
1799
2040
2365
177
3694
3694
3140
2040
3694
2848
290
2857
2002
2654
2654
92
92
92
92
92
92
298
92
92
92
92
92
92
92
92
92
3652
905
92
92
2050
1897
127
3695
226
226
226
3243
2936
65
2100
3696
3580
3697
3698
1957
1904
226
226
226
1572
226
226
2337
2092
238
1702
3699
3699
238
1795
3345
1802
1702
101
3699
3513
1411
3633
3700
3633
3701
1955
3600
3702
3700
3703
3668
3704
3091
2494
289
2251
2050
437
2262
2032
1570
2050
3442
3628
2323
1573
1573
3442
1573
2050
178
178
178
178
2050
3442
2347
3596
2078
1809
2002
3558
2050
2050
2050
2002
2050
2050
11
2251
2050
2050
179
180
2050
3435
2050
1573
2050
1792
2050
2050
2002
3558
2014
3705
715
2570
1577
3257
1795
1795
437
3706
1808
1795
1577
1577
1577
1577
3558
181
1577
181
139
3708
1932
1932
1932
1932
3709
1825
1932
2082
1932
3710
3711
3447
3447
2251
87
151
151
1878
3712
289
2050
3712
289
180
1954
3714
117
117
117
3715
117
117
117
117
313
65
421
3716
1878
3716
1878
1878
1878
3717
2788
3718
3718
3719
2936
3720
1795
1957
3721
1894
3696
2142
3696
3696
3696
3696
3696
3696
3696
3696
3696
3722
1957
2264
3723
3724
3724
98
74
98
3705
3705
3725
3726
1075
1976
2262
3728
926
3728
926
98
98
217
2797
1976
3723
1863
1411
1411
1978
2342
3729
4051
2797
2112
3729
3923
3730
3731
3729
3923
3729
3923
3732
3729
3923
3733
3452
1718
2692
1411
3734
405
405
3734
152
152
152
152
2541
298
152
1578
152
152
1978
3735
2718
1411
3604
3652
3736
1976
1976
1976
1804
1804
1804
182
182
1411
332
3738
332
1411
332
332
3738
1556
3726
1433
3740
332
2111
3741
2347
3738
3731
332
1815
3671
3128
1889
1594
1594
3726
2347
65
65
65
65
3742
1594
1594
3739
3742
260
260
260
1558
1792
1558
1558
3739
1558
2456
1558
3743
3128
3744
3676
3743
1598
1598
3745
111
111
1558
3746
1620
139
3745
2060
3747
1579
1612
1558
3747
260
1612
1555
1612
3749
3749
3749
3749
3749
3749
3749
3749
3749
3749
3749
3749
3749
3749
3749
2874
2245
2846
2846
2846
2846
2846
2846
2846
1620
3750
2846
2846
2846
1878
1579
3744
2050
2050
1815
3751
3596
1804
1804
3596
3196
1075
1906
534
1584
534
3645
3596
1584
3752
1584
3701
2955
1620
303
33
41
1620
1620
1596
2209
1620
1581
184
184
1784
3754
1843
2135
1784
643
3755
1976
1760
643
3755
643
3091
2038
3756
643
184
3757
1784
1528
1528
1528
11
2356
1620
1960
3758
3676
180
1620
1784
3759
1620
1784
1878
1784
1784
2951
1620
3760
1796
1620
1784
2897
3761
1784
1795
3761
2444
1858
2444
3446
1596
1583
38
2303
1643
2736
3762
2944
1893
2994
1784
1784
2375
2043
1016
1016
3763
1016
1016
1016
1016
1016
3763
2846
1016
2846
2846
1016
3441
2846
2846
1016
1016
1016
1016
1016
3764
3764
1016
3764
3764
3764
1863
2365
3276
2306
2365
1582
1620
3765
2371
2606
1582
1016
1016
2365
1897
3441
1897
151
151
151
1016
1016
1016
1016
1016
264
1016
1016
1016
264
1016
1016
151
151
1016
1016
1016
1016
1016
1016
2365
1784
2365
1597
1597
3766
207
264
264
3240
1603
302
302
302
2164
3767
105
105
31
105
3768
264
146
2217
2874
132
209
3769
3769
3240
132
132
132
132
3770
2330
2100
2330
3768
675
675
3032
1679
1679
2365
2365
2365
675
675
1858
675
235
235
3671
1908
1955
1955
1955
1955
1955
1955
1955
1955
3757
185
1955
1804
3541
3771
1955
1955
1955
1955
1955
1955
1955
1955
1955
1955
1955
1955
1955
1955
2230
3772
1955
1676
1955
1955
1955
1955
1955
3771
290
2719
290
3773
1955
185
1955
3773
1955
1598
1955
2318
132
3774
3769
3769
3769
290
2848
1676
3263
353
353
353
353
353
1604
248
248
248
248
248
248
93
186
186
186
93
248
3675
2064
3675
93
93
2050
3775
3775
1784
3775
40
40
40
187
40
2262
40
40
40
3776
1971
3215
3215
3215
3215
3215
3215
3215
3215
3215
3215
3215
3215
3215
3215
3215
3032
1560
3777
3642
40
40
3215
3215
3215
3215
3215
3215
3215
3215
3215
3215
3215
3215
3215
3215
3215
3778
2554
2064
1716
2744
2356
2089
3779
1187
1784
1784
1893
3779
3779
3780
1187
161
74
1847
1187
926
926
2257
3781
3783
1878
2144
2144
3784
106
926
152
152
152
152
152
926
926
152
2822
152
1868
152
65
65
3215
3215
3215
3215
3215
3215
3215
3215
3215
3215
3215
3215
3215
3215
3215
3215
3215
3215
3215
152
152
3668
152
2646
3785
2226
2719
3048
3330
290
3786
290
290
290
2392
2392
2032
1753
1605
3787
2301
2822
2822
926
1932
290
926
66
313
290
926
2164
188
188
2164
2897
926
926
1858
72
1792
11
1605
1605
1819
1061
1605
1792
11
1869
2122
1869
3788
1869
1869
1869
3770
2537
3790
3673
189
3791
190
190
190
190
190
3788
190
190
190
190
190
190
190
190
190
190
190
190
190
190
190
190
190
3792
2133
191
191
1599
1599
3793
3794
2824
1597
1597
1556
1932
1556
3796
3797
3123
3798
59
2579
2744
1675
3799
3441
3441
1675
1784
3800
228
2994
2994
3801
150
2444
2444
2444
2994
2994
2994
1682
1013
2064
2272
192
192
192
192
192
192
192
192
192
192
192
192
192
192
192
192
192
192
192
192
192
3441
2272
1601
3794
3794
3802
3720
3720
3803
3589
190
190
190
190
190
190
190
190
190
190
190
190
190
190
190
190
3804
190
2215
2869
190
3805
34
2272
2272
2032
54
3757
2323
2323
3805
2323
1941
2323
34
2323
2323
2323
2323
2323
2323
2323
2323
2323
3806
3806
3785
3785
1872
3807
2960
3808
2951
1815
2323
3700
3700
3700
64
64
64
3809
64
3785
3810
64
1802
2845
3785
1718
3123
1788
3811
2845
2845
2845
3123
3812
3812
64
64
64
3785
3582
35
3582
35
3812
3785
3785
3805
3805
3805
3811
2651
2195
2195
2195
78
3813
3805
1784
3374
2272
3582
3812
2195
3811
2378
2195
643
643
2195
2376
2195
3814
3802
3814
3492
3815
3816
3817
313
1784
3817
2953
2953
150
64
64
2951
1784
64
64
64
1602
192
192
260
64
64
64
64
2453
64
2
2583
2384
3818
64
64
1932
1598
228
1671
2719
1671
3613
3819
2912
194
194
3499
3820
1602
21
21
21
21
3821
1602
100
100
100
3822
1948
3823
40
313
148
148
148
148
148
1615
184
3297
313
3824
2919
3476
2187
3825
3824
3826
643
2917
3777
3827
3828
3828
3827
3829
643
1804
3826
1468
1804
1468
72
72
1911
3826
643
643
1681
3676
643
3826
3830
3828
3828
3828
3827
1796
3831
2032
3832
3833
1932
40
40
40
73
73
73
73
73
73
3832
3832
217
40
248
1943
248
248
2444
72
2444
228
72
3834
3816
3377
3816
3835
3836
1932
2090
2851
248
1868
3837
3838
3785
3838
2119
2835
3838
2119
2119
3839
3756
3839
3839
3839
1888
1932
1868
260
1976
3118
3118
3840
1878
2032
1784
6
6
6
6
6
6
6
6
2951
34
2951
3841
3842
3843
3112
1926
1878
1803
1784
3426
3842
3844
1784
24
34
1620
2009
264
264
3845
2334
2669
2222
2160
3846
3846
3846
3846
3798
3112
3847
2166
2797
2032
2222
1593
3940
2584
1593
1955
3848
1955
3849
3849
2389
1955
2537
1955
1955
3850
56
1860
3169
3851
1673
3851
3852
1860
32
3851
1906
290
2746
1617
454
454
454
3426
454
454
454
1906
454
454
454
2744
454
2323
2323
110
110
110
110
110
110
110
110
110
110
110
110
110
110
110
110
110
110
110
110
110
110
110
110
110
110
110
110
110
110
110
110
110
110
110
110
110
110
110
110
110
110
110
110
110
110
110
110
110
110
110
110
110
110
110
110
110
110
110
110
1872
3112
3853
1869
1869
1869
2092
3854
2103
1798
1336
3215
3215
3215
3215
3215
3215
3215
3215
3215
3215
3215
3215
3215
3215
3215
3215
3215
3215
3215
3218
195
1401
2512
3774
2160
3630
2045
2045
1947
2160
3856
2537
3857
3858
3857
1875
3857
2804
2804
2195
3853
3857
87
3958
2271
2337
2442
2201
1619
1619
3309
1932
192
192
192
192
192
192
192
192
192
192
192
192
192
192
2645
161
3609
1792
3853
2872
3859
56
3446
56
2728
3162
71
71
3853
3853
290
3860
196
2802
1974
1974
3861
3862
2209
2209
1784
3863
3863
2317
2317
3863
289
289
289
3864
3864
3865
3864
2317
1843
3866
3866
3866
3867
1932
3868
71
71
289
289
289
289
289
289
289
289
289
111
2023
2317
3696
3869
3869
1618
3870
2317
3245
40
3673
40
40
117
117
1946
1932
2818
3696
3696
3696
3696
3696
3696
3218
1815
1784
1620
1620
1620
1620
117
117
3872
2747
2994
1908
3085
3873
3873
2920
197
1932
1932
1932
2317
2317
3874
1908
3875
1975
2317
2829
3876
3876
1769
117
117
198
2912
199
228
228
228
228
1908
3868
2357
3441
2032
3589
3849
3877
200
228
195
195
195
198
198
198
198
198
3793
3878
3878
3879
198
198
226
3880
1620
3881
3882
74
1910
1620
1620
1541
226
226
226
226
226
1620
3147
3808
3042
1831
1803
3883
3883
3884
3736
1858
3736
3736
1792
1908
3885
3884
178
178
178
178
178
178
178
178
178
178
178
178
178
178
178
178
178
178
178
178
3820
1878
1858
3887
235
2537
1924
3457
1082
2025
1541
1878
3741
534
1878
2955
1932
2955
1295
3888
1862
1541
2537
1932
3263
1295
1807
3369
3369
1809
1862
3889
3849
3849
2944
3502
3890
3891
1620
3891
3891
260
1636
2972
1678
1678
2034
3892
1788
1932
3893
1932
2960
2645
2960
1863
3895
1878
3218
643
264
198
198
264
3196
1656
3231
3626
1656
3896
3897
3897
3897
3114
1932
3476
198
3049
3119
2257
2430
198
1634
3781
65
1932
2470
1788
3897
3897
217
1910
2020
1499
2201
3781
2020
2389
55
2271
1620
2829
405
405
405
405
2271
3350
3898
2271
1807
3862
3114
3862
1932
2271
3899
3441
1976
2829
2829
3239
1932
1932
1932
3900
3901
1807
1975
1650
3902
3902
3903
3903
2271
2
1795
2073
3851
3851
643
643
2073
1651
2271
2271
2271
1381
1825
2271
1932
2143
3441
3850
2009
3904
1980
1980
1980
1792
3905
155
3906
3907
3905
1705
2397
290
3908
3905
3905
3905
2060
3825
2271
3909
3757
2271
2271
2744
2271
35
2209
3426
2271
72
72
3910
454
1804
3911
3912
3912
3912
2142
3630
3630
3010
2002
3913
3451
1932
2787
2787
2226
3162
1646
3914
2354
2354
3381
3915
2902
3911
3911
3381
3916
3916
3917
74
2092
2088
3049
3918
3918
3919
3920
128
3919
3921
1843
201
201
201
201
3920
2032
3015
3176
3922
152
1645
2980
2980
2430
3924
3925
74
1932
35
3176
3926
74
3613
3696
3696
905
3696
3696
290
3696
3696
3928
3696
3696
712
3929
3929
1649
1648
128
2430
3930
3931
26
235
235
235
2563
235
235
235
235
235
235
235
235
1975
235
235
235
235
235
1848
3487
235
235
2575
2384
3932
72
2692
72
1636
3933
3279
1797
2353
3934
124
124
599
27
27
27
27
27
1619
1619
1619
1819
72
1619
202
2222
2222
2222
72
2222
2222
2442
203
203
3929
87
3613
3490
3490
3935
2570
72
72
72
72
72
72
72
401
1636
3936
3937
1680
1843
3938
329
235
3940
1652
3941
3942
235
2125
2583
3936
235
235
228
235
2635
2384
3940
228
3943
3944
1932
2059
1674
2059
2171
2059
401
2532
2059
2532
2376
3939
3939
3886
1636
3945
2575
3946
3488
2785
3939
2584
1636
1876
3069
2384
2384
2645
2384
1636
2579
3942
3947
303
3735
3948
2384
2384
3948
2384
1876
41
2829
3872
3938
3554
166
166
3949
552
3881
178
178
178
3950
101
3951
3952
3950
2954
1082
2142
401
866
260
1964
2323
1878
3368
3573
3552
3953
88
3881
3955
65
65
65
65
65
87
87
1803
13
1878
260
1809
3956
2111
3881
260
65
260
260
109
109
109
109
109
1598
1598
1598
1598
1598
1598
3757
1803
3957
3571
203
1808
1808
1808
1808
1797
1932
1932
1932
1932
1932
1932
2238
2262
3309
1936
2537
2262
1792
2262
3956
2262
2262
2262
3959
2951
3956
2000
2000
2000
2135
934
173
173
74
2091
2559
156
156
156
156
156
156
156
156
156
2238
3959
3959
3959
2731
3959
2135
3960
3961
3959
3959
3959
3959
1858
3959
3962
3959
3959
3963
2135
3959
3964
3959
3309
2537
2353
3198
228
1792
1932
1932
3965
1932
1598
3774
1932
2337
1819
3571
2061
1788
3966
3966
3967
1598
3886
3613
1819
204
1819
204
35
204
35
1964
3967
35
3852
1964
2301
3205
303
3968
3968
3969
2449
3839
217
2007
1872
3970
1872
1872
2537
3949
3949
3971
1875
261
1677
3972
205
2795
2795
1976
2353
3297
1670
405
217
3218
3356
290
217
338
338
2795
338
290
1948
1683
1948
3970
235
3971
1948
3045
1792
3973
3974
1971
3601
1890
2494
1843
3975
3218
2138
206
206
206
206
206
206
206
206
206
206
206
3477
1932
3976
3977
3823
2239
3426
3242
1819
190
3242
3978
2295
1644
1802
3774
2303
3979
1932
3176
2593
3980
3373
1819
3000
3000
6
6
6
1408
2090
1957
1408
1408
1408
217
2199
34
2166
217
217
2032
2360
1016
1016
338
338
338
65
1499
1669
3381
2166
2271
2271
2356
197
353
3981
197
2254
197
1408
264
264
3980
3757
3508
3980
1937
3518
2611
3426
3982
2951
2951
34
3983
3983
3984
2719
3985
1873
3986
1646
3987
2022
1598
1940
1888
2022
3988
1897
2357
353
3540
1408
2022
2022
2328
3923
1408
3989
1825
3989
3991
3992
3811
65
65
208
65
1843
2064
3993
3994
3994
3995
3995
1947
1953
2034
2034
1954
290
3996
2301
1082
2142
2424
2954
1959
3997
204
2718
2584
2430
3206
2559
3995
3003
3003
3857
3999
3089
3955
2446
2264
4000
622
3949
4000
4001
4001
622
4000
290
2432
2432
290
290
290
290
3949
290
290
3949
290
240
3949
290
290
290
4002
290
290
437
4003
4004
290
437
290
290
3949
437
3949
290
290
290
3949
4005
290
290
290
290
2623
3949
290
437
290
290
3949
2209
3194
290
1672
290
290
290
290
1082
290
290
290
290
290
2199
290
2034
290
290
1684
290
289
289
289
235
290
289
235
235
235
1960
235
235
2257
235
2575
3425
4006
4007
235
235
235
4008
3620
1873
235
4009
2337
2034
2023
131
131
1620
2142
2064
1620
2719
228
2696
4006
4006
49
4010
4011
1792
3175
3319
4006
1957
235
3655
235
3426
235
1684
4012
1646
3609
4013
4013
264
264
3655
2353
3655
2222
3798
148
235
1646
55
3793
1652
207
1646
4015
1685
1796
3923
3923
3923
2456
4016
4017
3798
3798
4018
3798
1646
1986
2119
2613
1788
3215
3215
3215
3215
3215
3215
3215
3215
3215
3215
3215
3215
3215
3215
3215
4017
204
3215
3215
3215
3215
3215
3215
3215
3215
3215
3215
3215
3215
3215
3215
3215
3215
3215
3215
3215
1061
1061
1979
3215
3215
3215
3215
3215
3215
3215
3215
3215
1687
3215
3215
2897
2897
2897
1872
2449
1684
1878
2144
1921
2620
235
235
4019
235
4019
4019
2874
1620
4020
4019
4019
4021
4022
4019
4023
3463
4019
4019
235
4024
4019
3201
4019
235
4019
4025
4019
1620
2209
4025
4019
258
4026
4019
1620
2209
1788
3463
3463
3463
1200
1200
4021
65
65
4027
2381
3476
4028
2344
4019
208
235
235
235
235
3994
4019
1936
384
65
264
264
264
4029
3677
209
228
3297
210
4022
4022
209
2753
2753
209
2646
329
209
2731
285
2731
2731
209
2353
4030
209
760
4031
760
209
1795
2837
2951
4032
3026
4033
4024
2995
4034
3599
4035
1976
4031
55
55
55
4036
1815
55
55
55
1878
55
4024
55
4024
2376
1860
4024
4037
4038
4037
4024
4037
4039
72
72
1976
55
55
1433
1433
2008
1070
1070
1070
1957
1957
3114
4040
3441
3224
226
226
3630
4041
1685
1685
4042
4042
4042
1815
4043
2353
2347
65
65
65
65
3531
2209
2125
4044
2554
1872
4045
4046
4047
216
216
216
216
216
216
216
216
216
216
216
216
2323
4048
2025
405
405
2347
217
2798
329
4050
217
3089
1979
3540
217
2125
3477
1408
1979
1850
1850
4049
217
217
217
217
217
2143
1643
297
4023
1643
4045
2546
297
2951
1979
1979
4044
2951
4044
2874
4052
4052
4052
4052
4053
1962
4054
4055
3990
1860
4054
4055
4056
1863
2228
4057
217
166
166
166
166
166
166
166
166
166
2474
217
3752
4058
4058
4058
4059
4060
1953
866
2008
20
2133
4061
2537
4062
4063
4063
4063
1815
4064
3987
3630
4065
2572
4047
4066
4047
3987
4067
1825
1825
4064
4068
1792
264
264
2546
4069
4069
2747
2747
3908
2328
3994
3994
866
87
87
87
87
87
87
2357
1016
1016
1016
4058
1016
2007
2092
1016
1016
197
1652
2184
1652
4070
3994
4071
3003
3003
4072
3003
3003
4073
56
56
2694
2491
4072
1947
4072
1947
3994
2491
4072
3994
3994
4074
4074
4072
4072
4072
4072
4072
4076
3859
3859
1926
1926
1926
4072
4072
1926
1926
3994
1433
1433
3332
290
290
290
290
290
290
290
290
290
290
31
2088
4077
4078
2032
2065
290
4079
3857
290
290
290
290
290
290
290
290
290
290
2004
4078
290
290
290
4080
290
56
56
4081
2209
290
290
2491
2084
290
2857
290
290
290
290
4082
290
4083
290
1875
290
290
290
290
211
290
290
3523
290
4084
2121
290
290
290
290
2052
290
2052
290
2052
290
4051
290
2824
4085
290
4085
3994
289
289
289
289
289
290
290
290
290
290
71
290
248
290
290
290
4086
212
212
212
212
212
2074
3003
72
248
71
248
4087
3918
72
4089
4090
2187
4091
66
2187
2187
3169
1652
1652
1793
1825
1652
1652
1652
74
1652
1652
2664
302
197
197
197
4090
1652
437
2635
437
4092
3155
842
1652
842
437
4090
3994
1962
3994
1957
289
289
4074
3599
3599
1908
3994
3599
3599
