0.000000000000000000e+00 5.440000000000000391e-01
1.000000000000000000e+02 5.030000000000000027e-01
2.000000000000000000e+02 5.180000000000000160e-01
3.000000000000000000e+02 6.049999999999999822e-01
4.000000000000000000e+02 6.460000000000000187e-01
5.000000000000000000e+02 6.540000000000000258e-01
6.000000000000000000e+02 6.949999999999999512e-01
7.000000000000000000e+02 7.149999999999999689e-01
8.000000000000000000e+02 7.249999999999999778e-01
9.000000000000000000e+02 7.239999999999999769e-01
1.000000000000000000e+03 7.399999999999999911e-01
1.100000000000000000e+03 7.730000000000000204e-01
1.200000000000000000e+03 7.299999999999999822e-01
1.300000000000000000e+03 7.530000000000000027e-01
1.400000000000000000e+03 7.690000000000000169e-01
1.500000000000000000e+03 7.780000000000000249e-01
1.600000000000000000e+03 7.860000000000000320e-01
1.700000000000000000e+03 8.010000000000000453e-01
1.800000000000000000e+03 7.870000000000000329e-01
1.900000000000000000e+03 7.940000000000000391e-01
2.000000000000000000e+03 8.010000000000000453e-01
2.100000000000000000e+03 8.090000000000000524e-01
2.200000000000000000e+03 8.159999999999999476e-01
2.300000000000000000e+03 8.189999999999999503e-01
2.400000000000000000e+03 8.239999999999999547e-01
2.500000000000000000e+03 8.249999999999999556e-01
2.600000000000000000e+03 8.389999999999999680e-01
2.700000000000000000e+03 8.389999999999999680e-01
2.800000000000000000e+03 8.539999999999999813e-01
2.900000000000000000e+03 8.449999999999999734e-01
3.000000000000000000e+03 8.289999999999999591e-01
3.100000000000000000e+03 8.629999999999999893e-01
3.200000000000000000e+03 8.549999999999999822e-01
3.300000000000000000e+03 8.609999999999999876e-01
3.400000000000000000e+03 8.569999999999999840e-01
3.500000000000000000e+03 8.499999999999999778e-01
3.600000000000000000e+03 8.609999999999999876e-01
3.700000000000000000e+03 8.750000000000000000e-01
3.800000000000000000e+03 8.639999999999999902e-01
3.900000000000000000e+03 8.800000000000000044e-01
4.000000000000000000e+03 8.750000000000000000e-01
4.100000000000000000e+03 8.689999999999999947e-01
4.200000000000000000e+03 8.810000000000000053e-01
4.300000000000000000e+03 8.780000000000000027e-01
4.400000000000000000e+03 8.729999999999999982e-01
4.500000000000000000e+03 8.669999999999999929e-01
4.600000000000000000e+03 8.739999999999999991e-01
4.700000000000000000e+03 8.940000000000000169e-01
4.800000000000000000e+03 8.760000000000000009e-01
4.900000000000000000e+03 8.830000000000000071e-01
5.000000000000000000e+03 9.100000000000000311e-01
5.100000000000000000e+03 8.890000000000000124e-01
5.200000000000000000e+03 8.850000000000000089e-01
5.300000000000000000e+03 9.000000000000000222e-01
5.400000000000000000e+03 9.050000000000000266e-01
5.500000000000000000e+03 8.930000000000000160e-01
5.600000000000000000e+03 9.050000000000000266e-01
5.700000000000000000e+03 9.130000000000000338e-01
5.800000000000000000e+03 9.020000000000000240e-01
5.900000000000000000e+03 9.050000000000000266e-01
6.000000000000000000e+03 9.010000000000000231e-01
6.100000000000000000e+03 8.950000000000000178e-01
6.200000000000000000e+03 9.080000000000000293e-01
6.300000000000000000e+03 9.060000000000000275e-01
6.400000000000000000e+03 9.040000000000000258e-01
6.500000000000000000e+03 9.310000000000000497e-01
6.600000000000000000e+03 9.070000000000000284e-01
6.700000000000000000e+03 8.940000000000000169e-01
6.800000000000000000e+03 8.980000000000000204e-01
6.900000000000000000e+03 9.090000000000000302e-01
7.000000000000000000e+03 9.050000000000000266e-01
7.100000000000000000e+03 9.020000000000000240e-01
7.200000000000000000e+03 8.920000000000000151e-01
7.300000000000000000e+03 8.920000000000000151e-01
7.400000000000000000e+03 9.300000000000000488e-01
7.500000000000000000e+03 9.070000000000000284e-01
7.600000000000000000e+03 8.970000000000000195e-01
7.700000000000000000e+03 9.090000000000000302e-01
7.800000000000000000e+03 9.070000000000000284e-01
7.900000000000000000e+03 9.100000000000000311e-01
8.000000000000000000e+03 9.170000000000000373e-01
8.100000000000000000e+03 9.180000000000000382e-01
8.200000000000000000e+03 9.230000000000000426e-01
8.300000000000000000e+03 9.090000000000000302e-01
8.400000000000000000e+03 9.120000000000000329e-01
8.500000000000000000e+03 9.160000000000000364e-01
8.600000000000000000e+03 9.190000000000000391e-01
8.700000000000000000e+03 9.080000000000000293e-01
8.800000000000000000e+03 9.090000000000000302e-01
8.900000000000000000e+03 9.140000000000000346e-01
9.000000000000000000e+03 9.030000000000000249e-01
9.100000000000000000e+03 9.140000000000000346e-01
9.200000000000000000e+03 9.110000000000000320e-01
9.300000000000000000e+03 9.080000000000000293e-01
9.400000000000000000e+03 9.010000000000000231e-01
9.500000000000000000e+03 9.200000000000000400e-01
9.600000000000000000e+03 9.190000000000000391e-01
9.700000000000000000e+03 9.150000000000000355e-01
9.800000000000000000e+03 9.180000000000000382e-01
9.900000000000000000e+03 9.120000000000000329e-01
1.000000000000000000e+04 9.190000000000000391e-01
1.010000000000000000e+04 9.070000000000000284e-01
1.020000000000000000e+04 9.150000000000000355e-01
1.030000000000000000e+04 9.110000000000000320e-01
1.040000000000000000e+04 9.110000000000000320e-01
1.050000000000000000e+04 9.180000000000000382e-01
1.060000000000000000e+04 9.190000000000000391e-01
1.070000000000000000e+04 9.260000000000000453e-01
1.080000000000000000e+04 9.240000000000000435e-01
1.090000000000000000e+04 9.120000000000000329e-01
1.100000000000000000e+04 9.210000000000000409e-01
1.110000000000000000e+04 9.280000000000000471e-01
1.120000000000000000e+04 9.130000000000000338e-01
1.130000000000000000e+04 9.160000000000000364e-01
1.140000000000000000e+04 9.040000000000000258e-01
1.150000000000000000e+04 9.080000000000000293e-01
1.160000000000000000e+04 9.200000000000000400e-01
1.170000000000000000e+04 9.170000000000000373e-01
1.180000000000000000e+04 9.080000000000000293e-01
1.190000000000000000e+04 9.170000000000000373e-01
1.200000000000000000e+04 9.060000000000000275e-01
1.210000000000000000e+04 9.260000000000000453e-01
1.220000000000000000e+04 9.160000000000000364e-01
1.230000000000000000e+04 9.180000000000000382e-01
1.240000000000000000e+04 9.150000000000000355e-01
1.250000000000000000e+04 9.030000000000000249e-01
1.260000000000000000e+04 9.230000000000000426e-01
1.270000000000000000e+04 9.140000000000000346e-01
1.280000000000000000e+04 9.280000000000000471e-01
1.290000000000000000e+04 9.240000000000000435e-01
1.300000000000000000e+04 9.100000000000000311e-01
1.310000000000000000e+04 9.150000000000000355e-01
1.320000000000000000e+04 9.300000000000000488e-01
1.330000000000000000e+04 9.200000000000000400e-01
1.340000000000000000e+04 9.180000000000000382e-01
1.350000000000000000e+04 8.950000000000000178e-01
1.360000000000000000e+04 9.210000000000000409e-01
1.370000000000000000e+04 9.200000000000000400e-01
1.380000000000000000e+04 9.260000000000000453e-01
1.390000000000000000e+04 9.070000000000000284e-01
1.400000000000000000e+04 9.130000000000000338e-01
1.410000000000000000e+04 9.260000000000000453e-01
1.420000000000000000e+04 9.280000000000000471e-01
1.430000000000000000e+04 9.170000000000000373e-01
1.440000000000000000e+04 9.170000000000000373e-01
1.450000000000000000e+04 9.250000000000000444e-01
1.460000000000000000e+04 9.210000000000000409e-01
1.470000000000000000e+04 9.280000000000000471e-01
1.480000000000000000e+04 9.250000000000000444e-01
1.490000000000000000e+04 9.120000000000000329e-01
1.500000000000000000e+04 9.370000000000000551e-01
1.510000000000000000e+04 9.140000000000000346e-01
1.520000000000000000e+04 9.090000000000000302e-01
1.530000000000000000e+04 9.150000000000000355e-01
1.540000000000000000e+04 9.160000000000000364e-01
1.550000000000000000e+04 9.220000000000000417e-01
1.560000000000000000e+04 9.070000000000000284e-01
1.570000000000000000e+04 9.230000000000000426e-01
1.580000000000000000e+04 9.190000000000000391e-01
1.590000000000000000e+04 9.110000000000000320e-01
1.600000000000000000e+04 9.140000000000000346e-01
1.610000000000000000e+04 9.070000000000000284e-01
1.620000000000000000e+04 9.100000000000000311e-01
1.630000000000000000e+04 9.060000000000000275e-01
1.640000000000000000e+04 9.130000000000000338e-01
1.650000000000000000e+04 9.100000000000000311e-01
1.660000000000000000e+04 9.180000000000000382e-01
1.670000000000000000e+04 9.250000000000000444e-01
1.680000000000000000e+04 9.150000000000000355e-01
1.690000000000000000e+04 9.250000000000000444e-01
1.700000000000000000e+04 9.110000000000000320e-01
1.710000000000000000e+04 9.250000000000000444e-01
1.720000000000000000e+04 9.220000000000000417e-01
1.730000000000000000e+04 9.280000000000000471e-01
1.740000000000000000e+04 9.120000000000000329e-01
1.750000000000000000e+04 9.130000000000000338e-01
1.760000000000000000e+04 9.260000000000000453e-01
1.770000000000000000e+04 9.330000000000000515e-01
1.780000000000000000e+04 9.150000000000000355e-01
1.790000000000000000e+04 9.240000000000000435e-01
1.800000000000000000e+04 9.140000000000000346e-01
1.810000000000000000e+04 9.200000000000000400e-01
1.820000000000000000e+04 9.240000000000000435e-01
1.830000000000000000e+04 9.220000000000000417e-01
1.840000000000000000e+04 9.200000000000000400e-01
1.850000000000000000e+04 9.350000000000000533e-01
1.860000000000000000e+04 9.190000000000000391e-01
1.870000000000000000e+04 9.270000000000000462e-01
1.880000000000000000e+04 9.360000000000000542e-01
1.890000000000000000e+04 9.130000000000000338e-01
1.900000000000000000e+04 9.330000000000000515e-01
1.910000000000000000e+04 9.090000000000000302e-01
1.920000000000000000e+04 9.270000000000000462e-01
1.930000000000000000e+04 9.240000000000000435e-01
1.940000000000000000e+04 9.379999999999999449e-01
1.950000000000000000e+04 9.030000000000000249e-01
1.960000000000000000e+04 9.180000000000000382e-01
1.970000000000000000e+04 9.150000000000000355e-01
1.980000000000000000e+04 9.130000000000000338e-01
1.990000000000000000e+04 9.210000000000000409e-01
2.000000000000000000e+04 9.140000000000000346e-01
2.010000000000000000e+04 9.180000000000000382e-01
2.020000000000000000e+04 9.270000000000000462e-01
2.030000000000000000e+04 9.280000000000000471e-01
2.040000000000000000e+04 9.200000000000000400e-01
2.050000000000000000e+04 9.250000000000000444e-01
2.060000000000000000e+04 9.280000000000000471e-01
2.070000000000000000e+04 9.140000000000000346e-01
2.080000000000000000e+04 9.260000000000000453e-01
2.090000000000000000e+04 9.220000000000000417e-01
2.100000000000000000e+04 9.160000000000000364e-01
2.110000000000000000e+04 9.110000000000000320e-01
2.120000000000000000e+04 9.150000000000000355e-01
2.130000000000000000e+04 9.210000000000000409e-01
2.140000000000000000e+04 9.040000000000000258e-01
2.150000000000000000e+04 9.220000000000000417e-01
2.160000000000000000e+04 9.200000000000000400e-01
2.170000000000000000e+04 9.260000000000000453e-01
2.180000000000000000e+04 9.210000000000000409e-01
2.190000000000000000e+04 9.340000000000000524e-01
2.200000000000000000e+04 9.240000000000000435e-01
2.210000000000000000e+04 9.130000000000000338e-01
2.220000000000000000e+04 9.230000000000000426e-01
2.230000000000000000e+04 9.340000000000000524e-01
2.240000000000000000e+04 9.220000000000000417e-01
2.250000000000000000e+04 9.330000000000000515e-01
2.260000000000000000e+04 9.160000000000000364e-01
2.270000000000000000e+04 9.090000000000000302e-01
2.280000000000000000e+04 9.150000000000000355e-01
2.290000000000000000e+04 9.140000000000000346e-01
2.300000000000000000e+04 9.180000000000000382e-01
2.310000000000000000e+04 9.140000000000000346e-01
2.320000000000000000e+04 9.110000000000000320e-01
2.330000000000000000e+04 9.020000000000000240e-01
2.340000000000000000e+04 9.200000000000000400e-01
2.350000000000000000e+04 9.260000000000000453e-01
2.360000000000000000e+04 9.200000000000000400e-01
2.370000000000000000e+04 9.110000000000000320e-01
2.380000000000000000e+04 9.280000000000000471e-01
2.390000000000000000e+04 9.000000000000000222e-01
2.400000000000000000e+04 9.170000000000000373e-01
2.410000000000000000e+04 9.260000000000000453e-01
2.420000000000000000e+04 9.130000000000000338e-01
2.430000000000000000e+04 9.270000000000000462e-01
2.440000000000000000e+04 9.280000000000000471e-01
2.450000000000000000e+04 9.310000000000000497e-01
2.460000000000000000e+04 9.300000000000000488e-01
2.470000000000000000e+04 9.230000000000000426e-01
2.480000000000000000e+04 9.230000000000000426e-01
2.490000000000000000e+04 9.080000000000000293e-01
2.500000000000000000e+04 9.150000000000000355e-01
2.510000000000000000e+04 9.160000000000000364e-01
2.520000000000000000e+04 9.210000000000000409e-01
2.530000000000000000e+04 9.020000000000000240e-01
2.540000000000000000e+04 9.140000000000000346e-01
2.550000000000000000e+04 9.320000000000000506e-01
2.560000000000000000e+04 9.170000000000000373e-01
2.570000000000000000e+04 9.250000000000000444e-01
2.580000000000000000e+04 9.240000000000000435e-01
2.590000000000000000e+04 9.230000000000000426e-01
2.600000000000000000e+04 9.270000000000000462e-01
2.610000000000000000e+04 9.220000000000000417e-01
2.620000000000000000e+04 9.140000000000000346e-01
2.630000000000000000e+04 9.260000000000000453e-01
2.640000000000000000e+04 9.240000000000000435e-01
2.650000000000000000e+04 9.210000000000000409e-01
2.660000000000000000e+04 9.140000000000000346e-01
2.670000000000000000e+04 9.360000000000000542e-01
2.680000000000000000e+04 9.280000000000000471e-01
2.690000000000000000e+04 9.290000000000000480e-01
2.700000000000000000e+04 9.340000000000000524e-01
2.710000000000000000e+04 9.050000000000000266e-01
2.720000000000000000e+04 9.190000000000000391e-01
2.730000000000000000e+04 9.170000000000000373e-01
2.740000000000000000e+04 9.290000000000000480e-01
2.750000000000000000e+04 9.300000000000000488e-01
2.760000000000000000e+04 9.070000000000000284e-01
2.770000000000000000e+04 9.419999999999999485e-01
2.780000000000000000e+04 9.180000000000000382e-01
2.790000000000000000e+04 9.160000000000000364e-01
2.800000000000000000e+04 9.070000000000000284e-01
2.810000000000000000e+04 9.270000000000000462e-01
2.820000000000000000e+04 9.340000000000000524e-01
2.830000000000000000e+04 9.220000000000000417e-01
2.840000000000000000e+04 9.220000000000000417e-01
2.850000000000000000e+04 9.240000000000000435e-01
2.860000000000000000e+04 9.340000000000000524e-01
2.870000000000000000e+04 9.210000000000000409e-01
2.880000000000000000e+04 9.230000000000000426e-01
2.890000000000000000e+04 9.210000000000000409e-01
2.900000000000000000e+04 9.240000000000000435e-01
2.910000000000000000e+04 9.220000000000000417e-01
2.920000000000000000e+04 9.360000000000000542e-01
2.930000000000000000e+04 9.360000000000000542e-01
2.940000000000000000e+04 9.150000000000000355e-01
2.950000000000000000e+04 9.240000000000000435e-01
2.960000000000000000e+04 9.280000000000000471e-01
2.970000000000000000e+04 9.290000000000000480e-01
2.980000000000000000e+04 9.280000000000000471e-01
2.990000000000000000e+04 9.280000000000000471e-01
3.000000000000000000e+04 9.130000000000000338e-01
