0.000000000000000000e+00 5.151657165148918471e-01
1.000000000000000000e+02 4.135949968015528722e-01
2.000000000000000000e+02 4.794285383324849992e-01
3.000000000000000000e+02 6.117875745959002742e-01
4.000000000000000000e+02 6.819478680843532592e-01
5.000000000000000000e+02 7.072157256284536953e-01
6.000000000000000000e+02 7.550820601818778455e-01
7.000000000000000000e+02 7.832478288121906829e-01
8.000000000000000000e+02 7.948242476985851734e-01
9.000000000000000000e+02 7.915435581287199041e-01
1.000000000000000000e+03 8.276125860881781149e-01
1.100000000000000000e+03 8.578392983018977569e-01
1.200000000000000000e+03 8.250869140511567501e-01
1.300000000000000000e+03 8.433602238022801512e-01
1.400000000000000000e+03 8.574236344260903753e-01
1.500000000000000000e+03 8.820468625518391725e-01
1.600000000000000000e+03 8.725117228940514336e-01
1.700000000000000000e+03 8.852329516023997869e-01
1.800000000000000000e+03 8.867172740389139829e-01
1.900000000000000000e+03 8.847590210991621573e-01
2.000000000000000000e+03 8.873620234774184379e-01
2.100000000000000000e+03 8.918612386403219627e-01
2.200000000000000000e+03 9.004025793039993619e-01
2.300000000000000000e+03 8.981533855695611468e-01
2.400000000000000000e+03 9.074400039859391587e-01
2.500000000000000000e+03 9.036785074463126177e-01
2.600000000000000000e+03 9.191738885124587366e-01
2.700000000000000000e+03 9.234627006101799873e-01
2.800000000000000000e+03 9.271607073838586954e-01
2.900000000000000000e+03 9.264024308096250326e-01
3.000000000000000000e+03 9.166570080907558982e-01
3.100000000000000000e+03 9.323536103754737070e-01
3.200000000000000000e+03 9.322620468048169462e-01
3.300000000000000000e+03 9.372854673499656508e-01
3.400000000000000000e+03 9.378521772736083673e-01
3.500000000000000000e+03 9.239642036214565923e-01
3.600000000000000000e+03 9.384152768739735251e-01
3.700000000000000000e+03 9.504458432350799679e-01
3.800000000000000000e+03 9.430907571724395089e-01
3.900000000000000000e+03 9.494099729275740085e-01
4.000000000000000000e+03 9.558201961697140314e-01
4.100000000000000000e+03 9.471310175162921396e-01
4.200000000000000000e+03 9.510168407249836031e-01
4.300000000000000000e+03 9.550884659627034701e-01
4.400000000000000000e+03 9.516711591849089658e-01
4.500000000000000000e+03 9.464512570688846660e-01
4.600000000000000000e+03 9.537143884845842301e-01
4.700000000000000000e+03 9.605375581076280866e-01
4.800000000000000000e+03 9.494937163851663309e-01
4.900000000000000000e+03 9.570520723635814742e-01
5.000000000000000000e+03 9.659157278916798983e-01
5.100000000000000000e+03 9.608474055231029931e-01
5.200000000000000000e+03 9.552134817047300830e-01
5.300000000000000000e+03 9.678496574511235018e-01
5.400000000000000000e+03 9.700091238953048034e-01
5.500000000000000000e+03 9.590632305910125055e-01
5.600000000000000000e+03 9.684637640807320924e-01
5.700000000000000000e+03 9.715827262013010390e-01
5.800000000000000000e+03 9.675589891988236602e-01
5.900000000000000000e+03 9.686429314836335625e-01
6.000000000000000000e+03 9.661943900003699959e-01
6.100000000000000000e+03 9.604992029326472336e-01
6.200000000000000000e+03 9.681826872488246138e-01
6.300000000000000000e+03 9.659579141147152104e-01
6.400000000000000000e+03 9.679139340749445264e-01
6.500000000000000000e+03 9.775272193928730147e-01
6.600000000000000000e+03 9.691809016511938601e-01
6.700000000000000000e+03 9.638116273269772272e-01
6.800000000000000000e+03 9.679219489367214546e-01
6.900000000000000000e+03 9.715376885721269673e-01
7.000000000000000000e+03 9.691124206767071092e-01
7.100000000000000000e+03 9.717934279544229170e-01
7.200000000000000000e+03 9.644667915336120334e-01
7.300000000000000000e+03 9.653165223894186742e-01
7.400000000000000000e+03 9.763911476245020760e-01
7.500000000000000000e+03 9.680490640132338731e-01
7.600000000000000000e+03 9.609098365466530733e-01
7.700000000000000000e+03 9.702005833091589260e-01
7.800000000000000000e+03 9.677015327396276678e-01
7.900000000000000000e+03 9.714887889383978514e-01
8.000000000000000000e+03 9.762841319064330392e-01
8.100000000000000000e+03 9.765004255554382562e-01
8.200000000000000000e+03 9.752944057427305191e-01
8.300000000000000000e+03 9.706861555260074548e-01
8.400000000000000000e+03 9.747543909504626791e-01
8.500000000000000000e+03 9.766172040925742426e-01
8.600000000000000000e+03 9.764169350923536106e-01
8.700000000000000000e+03 9.721360442696593829e-01
8.800000000000000000e+03 9.692666124394775373e-01
8.900000000000000000e+03 9.745509732912249756e-01
9.000000000000000000e+03 9.702427239095290368e-01
9.100000000000000000e+03 9.705062149379577452e-01
9.200000000000000000e+03 9.664107170039939465e-01
9.300000000000000000e+03 9.673409895027464955e-01
9.400000000000000000e+03 9.678181637861164033e-01
9.500000000000000000e+03 9.736871899583312562e-01
9.600000000000000000e+03 9.770319996102869720e-01
9.700000000000000000e+03 9.771587312360663358e-01
9.800000000000000000e+03 9.758756084902363570e-01
9.900000000000000000e+03 9.686797717502564353e-01
1.000000000000000000e+04 9.764368692665651439e-01
1.010000000000000000e+04 9.699408366863739861e-01
1.020000000000000000e+04 9.753057079564996235e-01
1.030000000000000000e+04 9.706848761289725847e-01
1.040000000000000000e+04 9.719473645941330009e-01
1.050000000000000000e+04 9.748991746748276732e-01
1.060000000000000000e+04 9.757758766048970633e-01
1.070000000000000000e+04 9.766740936934501516e-01
1.080000000000000000e+04 9.800380897630123211e-01
1.090000000000000000e+04 9.713667379322369344e-01
1.100000000000000000e+04 9.763555184049950153e-01
1.110000000000000000e+04 9.747241851874233198e-01
1.120000000000000000e+04 9.746766481131654558e-01
1.130000000000000000e+04 9.725717620618778980e-01
1.140000000000000000e+04 9.704230902610072595e-01
1.150000000000000000e+04 9.693479942863773013e-01
1.160000000000000000e+04 9.765248814018931967e-01
1.170000000000000000e+04 9.759609850765749162e-01
1.180000000000000000e+04 9.711464753960552532e-01
1.190000000000000000e+04 9.713299964113686347e-01
1.200000000000000000e+04 9.723408668900980212e-01
1.210000000000000000e+04 9.766910445532970275e-01
1.220000000000000000e+04 9.685649081915703729e-01
1.230000000000000000e+04 9.766235161171827883e-01
1.240000000000000000e+04 9.787477859966553506e-01
1.250000000000000000e+04 9.688823401231012600e-01
1.260000000000000000e+04 9.814790592058034724e-01
1.270000000000000000e+04 9.744955067371967594e-01
1.280000000000000000e+04 9.813854103003124552e-01
1.290000000000000000e+04 9.755516112430195896e-01
1.300000000000000000e+04 9.714077931816629263e-01
1.310000000000000000e+04 9.749492963211878749e-01
1.320000000000000000e+04 9.817453159111213523e-01
1.330000000000000000e+04 9.745401067903307624e-01
1.340000000000000000e+04 9.781978658393746251e-01
1.350000000000000000e+04 9.673739179622614648e-01
1.360000000000000000e+04 9.667494184282443559e-01
1.370000000000000000e+04 9.768727926221082436e-01
1.380000000000000000e+04 9.758747743911724282e-01
1.390000000000000000e+04 9.738139895142677860e-01
1.400000000000000000e+04 9.707637670678270769e-01
1.410000000000000000e+04 9.777482535852686230e-01
1.420000000000000000e+04 9.754443597116558839e-01
1.430000000000000000e+04 9.712062535689551801e-01
1.440000000000000000e+04 9.748229479239768347e-01
1.450000000000000000e+04 9.734201926414959294e-01
1.460000000000000000e+04 9.758854979946568475e-01
1.470000000000000000e+04 9.821489797103009067e-01
1.480000000000000000e+04 9.749174604827455237e-01
1.490000000000000000e+04 9.733354972652786818e-01
1.500000000000000000e+04 9.767888612039002938e-01
1.510000000000000000e+04 9.763996205051864719e-01
1.520000000000000000e+04 9.706063159250464256e-01
1.530000000000000000e+04 9.734851148718262071e-01
1.540000000000000000e+04 9.761211217970691134e-01
1.550000000000000000e+04 9.768096144041614748e-01
1.560000000000000000e+04 9.679411298639398753e-01
1.570000000000000000e+04 9.778635294552183721e-01
1.580000000000000000e+04 9.763806175877620674e-01
1.590000000000000000e+04 9.737046387839880524e-01
1.600000000000000000e+04 9.751971953927678349e-01
1.610000000000000000e+04 9.722600566815644552e-01
1.620000000000000000e+04 9.750178061048919709e-01
1.630000000000000000e+04 9.743784378597019069e-01
1.640000000000000000e+04 9.728555307582349432e-01
1.650000000000000000e+04 9.732869072005959632e-01
1.660000000000000000e+04 9.757464899818228954e-01
1.670000000000000000e+04 9.740545598549859019e-01
1.680000000000000000e+04 9.750962978744233123e-01
1.690000000000000000e+04 9.778887405775243957e-01
1.700000000000000000e+04 9.765955980625400379e-01
1.710000000000000000e+04 9.719626877446376767e-01
1.720000000000000000e+04 9.792397629230060740e-01
1.730000000000000000e+04 9.779664145121016450e-01
1.740000000000000000e+04 9.709422713448589981e-01
1.750000000000000000e+04 9.753950365652316323e-01
1.760000000000000000e+04 9.775276949291686890e-01
1.770000000000000000e+04 9.806845933298886653e-01
1.780000000000000000e+04 9.755739563073899667e-01
1.790000000000000000e+04 9.801121922313792423e-01
1.800000000000000000e+04 9.727713915400318934e-01
1.810000000000000000e+04 9.789741602187118641e-01
1.820000000000000000e+04 9.778494663840771040e-01
1.830000000000000000e+04 9.762103489148533653e-01
1.840000000000000000e+04 9.750298192074322579e-01
1.850000000000000000e+04 9.777675252860167365e-01
1.860000000000000000e+04 9.786965648299739140e-01
1.870000000000000000e+04 9.757099652070269080e-01
1.880000000000000000e+04 9.783344768152982818e-01
1.890000000000000000e+04 9.712872559933535266e-01
1.900000000000000000e+04 9.818592691034119246e-01
1.910000000000000000e+04 9.688927173054854292e-01
1.920000000000000000e+04 9.789745206908905262e-01
1.930000000000000000e+04 9.757973535740459559e-01
1.940000000000000000e+04 9.846481100141263321e-01
1.950000000000000000e+04 9.699450010768040364e-01
1.960000000000000000e+04 9.760781951297281545e-01
1.970000000000000000e+04 9.756737730466221725e-01
1.980000000000000000e+04 9.778867998706006759e-01
1.990000000000000000e+04 9.775493352847330897e-01
2.000000000000000000e+04 9.743716620041915633e-01
2.010000000000000000e+04 9.744656671268994153e-01
2.020000000000000000e+04 9.784437633423103131e-01
2.030000000000000000e+04 9.785624831126629175e-01
2.040000000000000000e+04 9.729136711508720170e-01
2.050000000000000000e+04 9.793775794749250974e-01
2.060000000000000000e+04 9.799530181678085539e-01
2.070000000000000000e+04 9.783450765910128855e-01
2.080000000000000000e+04 9.763226701806263508e-01
2.090000000000000000e+04 9.780555707702172086e-01
2.100000000000000000e+04 9.756257053523763600e-01
2.110000000000000000e+04 9.738859978331779743e-01
2.120000000000000000e+04 9.698392499823187407e-01
2.130000000000000000e+04 9.755113253112839278e-01
2.140000000000000000e+04 9.677562951335569874e-01
2.150000000000000000e+04 9.757416066439785762e-01
2.160000000000000000e+04 9.785492692460654451e-01
2.170000000000000000e+04 9.756511954428025435e-01
2.180000000000000000e+04 9.738199090206879349e-01
2.190000000000000000e+04 9.797234615028489468e-01
2.200000000000000000e+04 9.804384456064123565e-01
2.210000000000000000e+04 9.772512303359401908e-01
2.220000000000000000e+04 9.787879922328450721e-01
2.230000000000000000e+04 9.777697151213231574e-01
2.240000000000000000e+04 9.789439759836560118e-01
2.250000000000000000e+04 9.817620032435754318e-01
2.260000000000000000e+04 9.685193324101674106e-01
2.270000000000000000e+04 9.684784275176590018e-01
2.280000000000000000e+04 9.748995249989418355e-01
2.290000000000000000e+04 9.733110211034432524e-01
2.300000000000000000e+04 9.737293629131326123e-01
2.310000000000000000e+04 9.733194485918092997e-01
2.320000000000000000e+04 9.718493277749511439e-01
2.330000000000000000e+04 9.671750791351235721e-01
2.340000000000000000e+04 9.765415530367493879e-01
2.350000000000000000e+04 9.793193781790096031e-01
2.360000000000000000e+04 9.753014668465671555e-01
2.370000000000000000e+04 9.721230831635683245e-01
2.380000000000000000e+04 9.826370561955393157e-01
2.390000000000000000e+04 9.705274965289597544e-01
2.400000000000000000e+04 9.740049929170353504e-01
2.410000000000000000e+04 9.803402285907081293e-01
2.420000000000000000e+04 9.724218911226889528e-01
2.430000000000000000e+04 9.818106075849046821e-01
2.440000000000000000e+04 9.781581550494695687e-01
2.450000000000000000e+04 9.800024540119622873e-01
2.460000000000000000e+04 9.752692361110033570e-01
2.470000000000000000e+04 9.784411098388745565e-01
2.480000000000000000e+04 9.765865177491477311e-01
2.490000000000000000e+04 9.715101579764147122e-01
2.500000000000000000e+04 9.735019231286621277e-01
2.510000000000000000e+04 9.705994233692327722e-01
2.520000000000000000e+04 9.767763956008037596e-01
2.530000000000000000e+04 9.679548177987818969e-01
2.540000000000000000e+04 9.729813239755099596e-01
2.550000000000000000e+04 9.802882769965375331e-01
2.560000000000000000e+04 9.688070444781837764e-01
2.570000000000000000e+04 9.786809146789163805e-01
2.580000000000000000e+04 9.747308365391771368e-01
2.590000000000000000e+04 9.762370350243190220e-01
2.600000000000000000e+04 9.773818926938880880e-01
2.610000000000000000e+04 9.732128998914191254e-01
2.620000000000000000e+04 9.740652676160401757e-01
2.630000000000000000e+04 9.763730066435486465e-01
2.640000000000000000e+04 9.759300630224339024e-01
2.650000000000000000e+04 9.759618487872803172e-01
2.660000000000000000e+04 9.757208142062752110e-01
2.670000000000000000e+04 9.823473201276402555e-01
2.680000000000000000e+04 9.740603103972749199e-01
2.690000000000000000e+04 9.768244670344359282e-01
2.700000000000000000e+04 9.848356501707478117e-01
2.710000000000000000e+04 9.677508125040034104e-01
2.720000000000000000e+04 9.765072950433446586e-01
2.730000000000000000e+04 9.782871889965096823e-01
2.740000000000000000e+04 9.778431594328810261e-01
2.750000000000000000e+04 9.756206827335098808e-01
2.760000000000000000e+04 9.729211544689760904e-01
2.770000000000000000e+04 9.835111961166699279e-01
2.780000000000000000e+04 9.737190644573879839e-01
2.790000000000000000e+04 9.696620914124234325e-01
2.800000000000000000e+04 9.661419760368212817e-01
2.810000000000000000e+04 9.816185824096860246e-01
2.820000000000000000e+04 9.796697611573743636e-01
2.830000000000000000e+04 9.761620948606322123e-01
2.840000000000000000e+04 9.746575999119388989e-01
2.850000000000000000e+04 9.751426604576833856e-01
2.860000000000000000e+04 9.799958182261944151e-01
2.870000000000000000e+04 9.743004540756818876e-01
2.880000000000000000e+04 9.763570613107372953e-01
2.890000000000000000e+04 9.779667828569893473e-01
2.900000000000000000e+04 9.780344568121027704e-01
2.910000000000000000e+04 9.761971632040979951e-01
2.920000000000000000e+04 9.820750272763743016e-01
2.930000000000000000e+04 9.825042147322589070e-01
2.940000000000000000e+04 9.740380309366707401e-01
2.950000000000000000e+04 9.755668943921804726e-01
2.960000000000000000e+04 9.757330656534339841e-01
2.970000000000000000e+04 9.758426866205489603e-01
2.980000000000000000e+04 9.777906988353211037e-01
2.990000000000000000e+04 9.791763059145057735e-01
3.000000000000000000e+04 9.732473157773482431e-01
