0.000000000000000000e+00 5.376440000000000108e-01
1.000000000000000000e+02 3.808239999999999958e-01
2.000000000000000000e+02 4.980119999999999547e-01
3.000000000000000000e+02 6.266000000000000458e-01
4.000000000000000000e+02 6.999239999999999906e-01
5.000000000000000000e+02 6.922119999999999385e-01
6.000000000000000000e+02 7.458359999999999435e-01
7.000000000000000000e+02 7.583240000000001091e-01
8.000000000000000000e+02 7.802439999999999376e-01
9.000000000000000000e+02 7.735799999999999343e-01
1.000000000000000000e+03 8.010679999999998913e-01
1.100000000000000000e+03 8.282359999999999722e-01
1.200000000000000000e+03 8.056839999999999558e-01
1.300000000000000000e+03 8.129199999999999759e-01
1.400000000000000000e+03 8.349400000000000155e-01
1.500000000000000000e+03 8.619120000000000115e-01
1.600000000000000000e+03 8.444840000000000124e-01
1.700000000000000000e+03 8.607359999999999456e-01
1.800000000000000000e+03 8.601760000000000517e-01
1.900000000000000000e+03 8.593880000000000408e-01
2.000000000000000000e+03 8.715640000000000054e-01
2.100000000000000000e+03 8.671839999999999549e-01
2.200000000000000000e+03 8.818520000000000802e-01
2.300000000000000000e+03 8.736079999999999401e-01
2.400000000000000000e+03 8.859920000000001128e-01
2.500000000000000000e+03 8.848439999999998529e-01
2.600000000000000000e+03 9.014519999999999200e-01
2.700000000000000000e+03 9.064639999999999365e-01
2.800000000000000000e+03 9.073240000000000194e-01
2.900000000000000000e+03 9.128079999999999528e-01
3.000000000000000000e+03 9.021159999999999179e-01
3.100000000000000000e+03 9.148880000000001456e-01
3.200000000000000000e+03 9.164080000000000004e-01
3.300000000000000000e+03 9.235959999999998615e-01
3.400000000000000000e+03 9.207679999999999199e-01
3.500000000000000000e+03 9.179239999999998512e-01
3.600000000000000000e+03 9.245639999999999414e-01
3.700000000000000000e+03 9.412039999999999296e-01
3.800000000000000000e+03 9.331119999999999415e-01
3.900000000000000000e+03 9.424799999999999844e-01
4.000000000000000000e+03 9.488599999999999257e-01
4.100000000000000000e+03 9.360840000000000272e-01
4.200000000000000000e+03 9.437360000000000193e-01
4.300000000000000000e+03 9.464199999999999280e-01
4.400000000000000000e+03 9.444440000000000612e-01
4.500000000000000000e+03 9.371679999999998900e-01
4.600000000000000000e+03 9.477439999999999198e-01
4.700000000000000000e+03 9.516800000000000814e-01
4.800000000000000000e+03 9.402840000000000087e-01
4.900000000000000000e+03 9.522280000000000744e-01
5.000000000000000000e+03 9.636560000000000681e-01
5.100000000000000000e+03 9.550879999999999370e-01
5.200000000000000000e+03 9.482720000000000038e-01
5.300000000000000000e+03 9.619680000000000453e-01
5.400000000000000000e+03 9.668759999999998467e-01
5.500000000000000000e+03 9.517160000000000064e-01
5.600000000000000000e+03 9.669200000000000017e-01
5.700000000000000000e+03 9.674519999999999786e-01
5.800000000000000000e+03 9.629680000000000462e-01
5.900000000000000000e+03 9.650239999999999929e-01
6.000000000000000000e+03 9.613720000000000043e-01
6.100000000000000000e+03 9.563120000000000509e-01
6.200000000000000000e+03 9.634280000000000621e-01
6.300000000000000000e+03 9.638160000000000061e-01
6.400000000000000000e+03 9.641479999999998940e-01
6.500000000000000000e+03 9.748759999999999648e-01
6.600000000000000000e+03 9.642600000000001170e-01
6.700000000000000000e+03 9.615400000000000613e-01
6.800000000000000000e+03 9.639320000000001221e-01
6.900000000000000000e+03 9.662239999999999718e-01
7.000000000000000000e+03 9.660719999999999308e-01
7.100000000000000000e+03 9.673279999999999657e-01
7.200000000000000000e+03 9.578520000000000367e-01
7.300000000000000000e+03 9.615400000000000613e-01
7.400000000000000000e+03 9.727520000000000611e-01
7.500000000000000000e+03 9.646639999999999660e-01
7.600000000000000000e+03 9.601439999999998864e-01
7.700000000000000000e+03 9.674839999999998996e-01
7.800000000000000000e+03 9.626080000000000192e-01
7.900000000000000000e+03 9.691480000000000095e-01
8.000000000000000000e+03 9.734319999999999640e-01
8.100000000000000000e+03 9.749919999999999698e-01
8.200000000000000000e+03 9.737880000000000980e-01
8.300000000000000000e+03 9.671759999999999247e-01
8.400000000000000000e+03 9.717519999999999492e-01
8.500000000000000000e+03 9.743039999999999479e-01
8.600000000000000000e+03 9.732839999999999270e-01
8.700000000000000000e+03 9.666319999999999357e-01
8.800000000000000000e+03 9.657759999999999678e-01
8.900000000000000000e+03 9.726960000000001161e-01
9.000000000000000000e+03 9.668119999999998937e-01
9.100000000000000000e+03 9.688560000000000505e-01
9.200000000000000000e+03 9.642239999999999700e-01
9.300000000000000000e+03 9.646999999999998909e-01
9.400000000000000000e+03 9.619360000000000133e-01
9.500000000000000000e+03 9.717679999999999652e-01
9.600000000000000000e+03 9.730920000000000680e-01
9.700000000000000000e+03 9.743800000000001349e-01
9.800000000000000000e+03 9.732319999999999860e-01
9.900000000000000000e+03 9.677519999999999456e-01
1.000000000000000000e+04 9.742720000000000269e-01
1.010000000000000000e+04 9.674120000000000497e-01
1.020000000000000000e+04 9.723080000000000611e-01
1.030000000000000000e+04 9.677120000000001276e-01
1.040000000000000000e+04 9.674639999999999906e-01
1.050000000000000000e+04 9.710000000000000853e-01
1.060000000000000000e+04 9.740079999999999849e-01
1.070000000000000000e+04 9.734639999999998849e-01
1.080000000000000000e+04 9.772760000000000336e-01
1.090000000000000000e+04 9.689199999999998925e-01
1.100000000000000000e+04 9.735119999999999330e-01
1.110000000000000000e+04 9.720599999999999241e-01
1.120000000000000000e+04 9.715599999999998682e-01
1.130000000000000000e+04 9.690880000000000605e-01
1.140000000000000000e+04 9.658639999999999448e-01
1.150000000000000000e+04 9.677600000000000646e-01
1.160000000000000000e+04 9.742279999999999829e-01
1.170000000000000000e+04 9.737400000000000500e-01
1.180000000000000000e+04 9.678880000000000816e-01
1.190000000000000000e+04 9.680719999999999326e-01
1.200000000000000000e+04 9.674720000000001097e-01
1.210000000000000000e+04 9.713199999999999612e-01
1.220000000000000000e+04 9.691040000000000765e-01
1.230000000000000000e+04 9.744160000000000599e-01
1.240000000000000000e+04 9.767519999999999536e-01
1.250000000000000000e+04 9.630400000000000071e-01
1.260000000000000000e+04 9.800320000000000142e-01
1.270000000000000000e+04 9.709080000000001043e-01
1.280000000000000000e+04 9.783600000000000074e-01
1.290000000000000000e+04 9.734159999999999480e-01
1.300000000000000000e+04 9.685920000000000085e-01
1.310000000000000000e+04 9.727479999999999460e-01
1.320000000000000000e+04 9.789720000000000644e-01
1.330000000000000000e+04 9.712760000000000282e-01
1.340000000000000000e+04 9.749560000000000448e-01
1.350000000000000000e+04 9.636719999999999731e-01
1.360000000000000000e+04 9.693799999999999084e-01
1.370000000000000000e+04 9.740519999999999179e-01
1.380000000000000000e+04 9.746679999999999788e-01
1.390000000000000000e+04 9.711159999999998682e-01
1.400000000000000000e+04 9.673280000000000767e-01
1.410000000000000000e+04 9.749839999999998508e-01
1.420000000000000000e+04 9.736120000000000330e-01
1.430000000000000000e+04 9.697040000000000104e-01
1.440000000000000000e+04 9.733200000000000740e-01
1.450000000000000000e+04 9.713479999999999892e-01
1.460000000000000000e+04 9.726559999999999651e-01
1.470000000000000000e+04 9.807879999999999932e-01
1.480000000000000000e+04 9.740560000000000329e-01
1.490000000000000000e+04 9.698600000000000554e-01
1.500000000000000000e+04 9.789239999999999053e-01
1.510000000000000000e+04 9.721679999999999211e-01
1.520000000000000000e+04 9.699440000000000284e-01
1.530000000000000000e+04 9.713400000000000922e-01
1.540000000000000000e+04 9.728600000000000581e-01
1.550000000000000000e+04 9.738320000000000309e-01
1.560000000000000000e+04 9.658480000000000398e-01
1.570000000000000000e+04 9.750240000000000018e-01
1.580000000000000000e+04 9.753080000000000638e-01
1.590000000000000000e+04 9.711520000000000152e-01
1.600000000000000000e+04 9.719520000000000381e-01
1.610000000000000000e+04 9.706679999999999753e-01
1.620000000000000000e+04 9.712640000000000162e-01
1.630000000000000000e+04 9.693479999999999874e-01
1.640000000000000000e+04 9.697719999999999674e-01
1.650000000000000000e+04 9.706440000000000623e-01
1.660000000000000000e+04 9.716480000000000672e-01
1.670000000000000000e+04 9.747760000000000868e-01
1.680000000000000000e+04 9.722600000000000131e-01
1.690000000000000000e+04 9.742439999999999989e-01
1.700000000000000000e+04 9.739840000000000719e-01
1.710000000000000000e+04 9.740079999999999849e-01
1.720000000000000000e+04 9.769239999999999036e-01
1.730000000000000000e+04 9.746640000000000859e-01
1.740000000000000000e+04 9.670719999999999317e-01
1.750000000000000000e+04 9.712560000000000082e-01
1.760000000000000000e+04 9.747959999999999958e-01
1.770000000000000000e+04 9.786080000000000334e-01
1.780000000000000000e+04 9.716240000000000432e-01
1.790000000000000000e+04 9.775639999999999885e-01
1.800000000000000000e+04 9.699839999999999574e-01
1.810000000000000000e+04 9.761679999999999247e-01
1.820000000000000000e+04 9.752759999999999208e-01
1.830000000000000000e+04 9.750159999999999938e-01
1.840000000000000000e+04 9.745400000000000729e-01
1.850000000000000000e+04 9.756280000000000507e-01
1.860000000000000000e+04 9.755559999999999787e-01
1.870000000000000000e+04 9.772319999999999895e-01
1.880000000000000000e+04 9.756079999999999197e-01
1.890000000000000000e+04 9.675400000000000666e-01
1.900000000000000000e+04 9.789679999999999493e-01
1.910000000000000000e+04 9.632359999999999811e-01
1.920000000000000000e+04 9.751359999999998918e-01
1.930000000000000000e+04 9.724359999999998561e-01
1.940000000000000000e+04 9.835119999999999418e-01
1.950000000000000000e+04 9.677400000000000446e-01
1.960000000000000000e+04 9.729760000000000630e-01
1.970000000000000000e+04 9.721960000000000601e-01
1.980000000000000000e+04 9.758599999999999497e-01
1.990000000000000000e+04 9.752039999999999598e-01
2.000000000000000000e+04 9.725559999999999761e-01
2.010000000000000000e+04 9.721520000000000161e-01
2.020000000000000000e+04 9.752279999999998727e-01
2.030000000000000000e+04 9.749320000000000208e-01
2.040000000000000000e+04 9.697919999999999874e-01
2.050000000000000000e+04 9.769160000000000066e-01
2.060000000000000000e+04 9.765080000000000426e-01
2.070000000000000000e+04 9.764319999999999666e-01
2.080000000000000000e+04 9.737080000000000179e-01
2.090000000000000000e+04 9.745160000000000489e-01
2.100000000000000000e+04 9.722520000000000051e-01
2.110000000000000000e+04 9.710280000000000022e-01
2.120000000000000000e+04 9.707160000000000233e-01
2.130000000000000000e+04 9.710959999999999592e-01
2.140000000000000000e+04 9.627879999999999772e-01
2.150000000000000000e+04 9.724039999999999351e-01
2.160000000000000000e+04 9.751360000000000028e-01
2.170000000000000000e+04 9.736439999999999539e-01
2.180000000000000000e+04 9.700679999999999303e-01
2.190000000000000000e+04 9.772640000000000216e-01
2.200000000000000000e+04 9.776040000000000285e-01
2.210000000000000000e+04 9.741440000000000099e-01
2.220000000000000000e+04 9.771959999999999535e-01
2.230000000000000000e+04 9.764720000000000066e-01
2.240000000000000000e+04 9.773439999999999905e-01
2.250000000000000000e+04 9.795599999999998753e-01
2.260000000000000000e+04 9.659119999999999928e-01
2.270000000000000000e+04 9.656119999999999148e-01
2.280000000000000000e+04 9.711839999999999362e-01
2.290000000000000000e+04 9.705840000000000023e-01
2.300000000000000000e+04 9.724799999999999001e-01
2.310000000000000000e+04 9.701000000000000734e-01
2.320000000000000000e+04 9.687879999999999825e-01
2.330000000000000000e+04 9.672520000000000007e-01
2.340000000000000000e+04 9.743839999999999169e-01
2.350000000000000000e+04 9.775679999999999925e-01
2.360000000000000000e+04 9.721400000000000041e-01
2.370000000000000000e+04 9.700239999999999974e-01
2.380000000000000000e+04 9.805199999999999472e-01
2.390000000000000000e+04 9.672600000000000087e-01
2.400000000000000000e+04 9.693159999999999554e-01
2.410000000000000000e+04 9.796480000000000743e-01
2.420000000000000000e+04 9.700799999999999423e-01
2.430000000000000000e+04 9.791279999999999983e-01
2.440000000000000000e+04 9.748759999999999648e-01
2.450000000000000000e+04 9.769240000000000146e-01
2.460000000000000000e+04 9.751919999999999478e-01
2.470000000000000000e+04 9.761239999999999917e-01
2.480000000000000000e+04 9.745600000000000929e-01
2.490000000000000000e+04 9.687680000000000735e-01
2.500000000000000000e+04 9.689920000000000755e-01
2.510000000000000000e+04 9.661800000000000388e-01
2.520000000000000000e+04 9.733039999999999470e-01
2.530000000000000000e+04 9.634040000000000381e-01
2.540000000000000000e+04 9.689079999999999915e-01
2.550000000000000000e+04 9.782480000000000064e-01
2.560000000000000000e+04 9.692799999999999194e-01
2.570000000000000000e+04 9.759079999999999977e-01
2.580000000000000000e+04 9.717360000000000442e-01
2.590000000000000000e+04 9.710360000000000102e-01
2.600000000000000000e+04 9.721479999999999011e-01
2.610000000000000000e+04 9.713600000000000012e-01
2.620000000000000000e+04 9.700959999999999583e-01
2.630000000000000000e+04 9.730760000000000520e-01
2.640000000000000000e+04 9.738639999999999519e-01
2.650000000000000000e+04 9.736479999999999579e-01
2.660000000000000000e+04 9.736799999999999899e-01
2.670000000000000000e+04 9.807639999999999691e-01
2.680000000000000000e+04 9.713519999999999932e-01
2.690000000000000000e+04 9.711079999999998602e-01
2.700000000000000000e+04 9.831280000000000019e-01
2.710000000000000000e+04 9.643200000000000660e-01
2.720000000000000000e+04 9.717120000000000202e-01
2.730000000000000000e+04 9.752640000000000198e-01
2.740000000000000000e+04 9.765439999999999676e-01
2.750000000000000000e+04 9.754960000000000298e-01
2.760000000000000000e+04 9.687799999999999745e-01
2.770000000000000000e+04 9.813120000000000731e-01
2.780000000000000000e+04 9.679159999999999986e-01
2.790000000000000000e+04 9.667879999999999807e-01
2.800000000000000000e+04 9.621680000000001343e-01
2.810000000000000000e+04 9.798040000000000083e-01
2.820000000000000000e+04 9.757639999999998537e-01
2.830000000000000000e+04 9.723879999999999191e-01
2.840000000000000000e+04 9.712480000000000002e-01
2.850000000000000000e+04 9.730559999999999210e-01
2.860000000000000000e+04 9.757879999999998777e-01
2.870000000000000000e+04 9.714280000000000692e-01
2.880000000000000000e+04 9.715560000000000862e-01
2.890000000000000000e+04 9.755639999999999867e-01
2.900000000000000000e+04 9.744559999999999889e-01
2.910000000000000000e+04 9.724239999999999551e-01
2.920000000000000000e+04 9.809440000000000381e-01
2.930000000000000000e+04 9.794679999999998943e-01
2.940000000000000000e+04 9.694999999999999174e-01
2.950000000000000000e+04 9.743120000000000669e-01
2.960000000000000000e+04 9.742760000000000309e-01
2.970000000000000000e+04 9.715519999999999712e-01
2.980000000000000000e+04 9.741479999999999029e-01
2.990000000000000000e+04 9.764639999999999986e-01
3.000000000000000000e+04 9.694120000000000514e-01
