0.000000000000000000e+00 4.691429510551231585e-01
1.000000000000000000e+02 4.773830850235993850e-01
2.000000000000000000e+02 6.382761266309322501e-01
3.000000000000000000e+02 7.236031431136390468e-01
4.000000000000000000e+02 7.520707190429222200e-01
5.000000000000000000e+02 7.927325124335107276e-01
6.000000000000000000e+02 7.896731686158010577e-01
7.000000000000000000e+02 8.133618489220468817e-01
8.000000000000000000e+02 8.386799664064877868e-01
9.000000000000000000e+02 8.325826260358362152e-01
1.000000000000000000e+03 8.577110593170857999e-01
1.100000000000000000e+03 8.506313132086982254e-01
1.200000000000000000e+03 8.641202537313887877e-01
1.300000000000000000e+03 8.744866344028643379e-01
1.400000000000000000e+03 8.808881910425461204e-01
1.500000000000000000e+03 8.651341580675150356e-01
1.600000000000000000e+03 8.750233572761014766e-01
1.700000000000000000e+03 8.943877404983198165e-01
1.800000000000000000e+03 9.086757020750960701e-01
1.900000000000000000e+03 9.063943345225581316e-01
2.000000000000000000e+03 8.909066669843219710e-01
2.100000000000000000e+03 8.939223181625658432e-01
2.200000000000000000e+03 9.019827943750650112e-01
2.300000000000000000e+03 9.006965030589303423e-01
2.400000000000000000e+03 9.112576012652084945e-01
2.500000000000000000e+03 8.947157318208421861e-01
2.600000000000000000e+03 9.095869121344688502e-01
2.700000000000000000e+03 9.099755395347048914e-01
2.800000000000000000e+03 9.230018340724950310e-01
2.900000000000000000e+03 9.022195909161734306e-01
3.000000000000000000e+03 9.228992640692937899e-01
3.100000000000000000e+03 9.115374055666911612e-01
3.200000000000000000e+03 9.052601514834439644e-01
3.300000000000000000e+03 9.183549759886286967e-01
3.400000000000000000e+03 9.231451260399042846e-01
3.500000000000000000e+03 9.168477323563670733e-01
3.600000000000000000e+03 9.074773902715418394e-01
3.700000000000000000e+03 9.196643958070622737e-01
3.800000000000000000e+03 9.174779032572423221e-01
3.900000000000000000e+03 9.031312481289598404e-01
4.000000000000000000e+03 9.225479671900993495e-01
4.100000000000000000e+03 9.344724368048610286e-01
4.200000000000000000e+03 9.205082055380446882e-01
4.300000000000000000e+03 9.245147424663281432e-01
4.400000000000000000e+03 9.262341776019344941e-01
4.500000000000000000e+03 9.227776491289416683e-01
4.600000000000000000e+03 9.271605974575204412e-01
4.700000000000000000e+03 9.249374669686798445e-01
4.800000000000000000e+03 9.140942356096127819e-01
4.900000000000000000e+03 9.236168580813042261e-01
5.000000000000000000e+03 9.343107550160085761e-01
5.100000000000000000e+03 9.248098506013958664e-01
5.200000000000000000e+03 9.338903443016961514e-01
5.300000000000000000e+03 9.301919969447431935e-01
5.400000000000000000e+03 9.428282286936261469e-01
5.500000000000000000e+03 9.214690851595710441e-01
5.600000000000000000e+03 9.287635049476231641e-01
5.700000000000000000e+03 9.234937456138828660e-01
5.800000000000000000e+03 9.204783132190660355e-01
5.900000000000000000e+03 9.268773981136728679e-01
6.000000000000000000e+03 9.380465384373359861e-01
6.100000000000000000e+03 9.268168846978801501e-01
6.200000000000000000e+03 9.367948882806109712e-01
6.300000000000000000e+03 9.386095367838641623e-01
6.400000000000000000e+03 9.300401559975264298e-01
6.500000000000000000e+03 9.334137413238966507e-01
6.600000000000000000e+03 9.353452404974756940e-01
6.700000000000000000e+03 9.414917077248310395e-01
6.800000000000000000e+03 9.403811454577504225e-01
6.900000000000000000e+03 9.366123681981242122e-01
7.000000000000000000e+03 9.326954953897257372e-01
7.100000000000000000e+03 9.188567972551668905e-01
7.200000000000000000e+03 9.235569981828497532e-01
7.300000000000000000e+03 9.309933450557580370e-01
7.400000000000000000e+03 9.319265510429175503e-01
7.500000000000000000e+03 9.307338654842044479e-01
7.600000000000000000e+03 9.445312838004114031e-01
7.700000000000000000e+03 9.329663624553904411e-01
7.800000000000000000e+03 9.349578300222470828e-01
7.900000000000000000e+03 9.411219274561729575e-01
8.000000000000000000e+03 9.243526852796397630e-01
8.100000000000000000e+03 9.347004646021700447e-01
8.200000000000000000e+03 9.331811597319489282e-01
8.300000000000000000e+03 9.316742499509377273e-01
8.400000000000000000e+03 9.359493751213147084e-01
8.500000000000000000e+03 9.418828313931646434e-01
8.600000000000000000e+03 9.354875050531843428e-01
8.700000000000000000e+03 9.438976127058688048e-01
8.800000000000000000e+03 9.321635708998216030e-01
8.900000000000000000e+03 9.412168321448958208e-01
9.000000000000000000e+03 9.326291456928629264e-01
9.100000000000000000e+03 9.390977498198080919e-01
9.200000000000000000e+03 9.397256127032986850e-01
9.300000000000000000e+03 9.465630756147136449e-01
9.400000000000000000e+03 9.457108625840469074e-01
9.500000000000000000e+03 9.223285405268728532e-01
9.600000000000000000e+03 9.383619132890849146e-01
9.700000000000000000e+03 9.365082564157060085e-01
9.800000000000000000e+03 9.271413077564494287e-01
9.900000000000000000e+03 9.346288359776994126e-01
1.000000000000000000e+04 9.456883361017455192e-01
1.010000000000000000e+04 9.470886408692678060e-01
1.020000000000000000e+04 9.187894164966490251e-01
1.030000000000000000e+04 9.345397284608282229e-01
1.040000000000000000e+04 9.527866962575702869e-01
1.050000000000000000e+04 9.356384769434036297e-01
1.060000000000000000e+04 9.300107187059847291e-01
1.070000000000000000e+04 9.396612830718497067e-01
1.080000000000000000e+04 9.285805868946519492e-01
1.090000000000000000e+04 9.413691338266417796e-01
1.100000000000000000e+04 9.325821255608593985e-01
1.110000000000000000e+04 9.263768329902325460e-01
1.120000000000000000e+04 9.331373776205448278e-01
1.130000000000000000e+04 9.432497448968250042e-01
1.140000000000000000e+04 9.367258761331674899e-01
1.150000000000000000e+04 9.368444103310775706e-01
1.160000000000000000e+04 9.246303572224667811e-01
1.170000000000000000e+04 9.446789450757970830e-01
1.180000000000000000e+04 9.407120349455685426e-01
1.190000000000000000e+04 9.436078207500185888e-01
1.200000000000000000e+04 9.368720806544581503e-01
1.210000000000000000e+04 9.388273492905913065e-01
1.220000000000000000e+04 9.348787883901630291e-01
1.230000000000000000e+04 9.358829201522997909e-01
1.240000000000000000e+04 9.295964401942464761e-01
1.250000000000000000e+04 9.410050522314874488e-01
1.260000000000000000e+04 9.443186650762607215e-01
1.270000000000000000e+04 9.356360150972047318e-01
1.280000000000000000e+04 9.399555666156694800e-01
1.290000000000000000e+04 9.478188449786904002e-01
1.300000000000000000e+04 9.465530763019868177e-01
1.310000000000000000e+04 9.362730635191141015e-01
1.320000000000000000e+04 9.417373340585517560e-01
1.330000000000000000e+04 9.326514627844523231e-01
1.340000000000000000e+04 9.412235996404227922e-01
1.350000000000000000e+04 9.356345302333903824e-01
1.360000000000000000e+04 9.252066806510657049e-01
1.370000000000000000e+04 9.384346956076852209e-01
1.380000000000000000e+04 9.342424257422602407e-01
1.390000000000000000e+04 9.371919979203120477e-01
1.400000000000000000e+04 9.517408953376589320e-01
1.410000000000000000e+04 9.229830029026756533e-01
1.420000000000000000e+04 9.390119968207901735e-01
1.430000000000000000e+04 9.307688710230688223e-01
1.440000000000000000e+04 9.415488799015397925e-01
1.450000000000000000e+04 9.421040601486753152e-01
1.460000000000000000e+04 9.259264887747256090e-01
1.470000000000000000e+04 9.476571190233933351e-01
1.480000000000000000e+04 9.452118604061455764e-01
1.490000000000000000e+04 9.356464039120446774e-01
1.500000000000000000e+04 9.367827516968576518e-01
1.510000000000000000e+04 9.549476367853274583e-01
1.520000000000000000e+04 9.433870591144981610e-01
1.530000000000000000e+04 9.424459754920496701e-01
1.540000000000000000e+04 9.375925483903619906e-01
1.550000000000000000e+04 9.531763214967355902e-01
1.560000000000000000e+04 9.409146713745253354e-01
1.570000000000000000e+04 9.419273741879115036e-01
1.580000000000000000e+04 9.386631954645328069e-01
1.590000000000000000e+04 9.501112298824520019e-01
1.600000000000000000e+04 9.311998343642655662e-01
1.610000000000000000e+04 9.421265776327382158e-01
1.620000000000000000e+04 9.320346486643411588e-01
1.630000000000000000e+04 9.461690607234961581e-01
1.640000000000000000e+04 9.341878886512434699e-01
1.650000000000000000e+04 9.464895732932667727e-01
1.660000000000000000e+04 9.400739242050125677e-01
1.670000000000000000e+04 9.350654549309633801e-01
1.680000000000000000e+04 9.385010318537650997e-01
1.690000000000000000e+04 9.371101074425274291e-01
1.700000000000000000e+04 9.461650426586242224e-01
1.710000000000000000e+04 9.275809908357331990e-01
1.720000000000000000e+04 9.450546482659434311e-01
1.730000000000000000e+04 9.266884791130778343e-01
1.740000000000000000e+04 9.426078439009981658e-01
1.750000000000000000e+04 9.422423475224286360e-01
1.760000000000000000e+04 9.420666185399364512e-01
1.770000000000000000e+04 9.397342680634671597e-01
1.780000000000000000e+04 9.328640379466726085e-01
1.790000000000000000e+04 9.497135470784250355e-01
1.800000000000000000e+04 9.448800957614674756e-01
1.810000000000000000e+04 9.465090862616799550e-01
1.820000000000000000e+04 9.388032943748344517e-01
1.830000000000000000e+04 9.437720040503829733e-01
1.840000000000000000e+04 9.402095752321775191e-01
1.850000000000000000e+04 9.448519264451825661e-01
1.860000000000000000e+04 9.433964877473284272e-01
1.870000000000000000e+04 9.379370402200664092e-01
1.880000000000000000e+04 9.441546468012456117e-01
1.890000000000000000e+04 9.384662162064745239e-01
1.900000000000000000e+04 9.430356155610128965e-01
1.910000000000000000e+04 9.368711025979621354e-01
1.920000000000000000e+04 9.441078080982128196e-01
1.930000000000000000e+04 9.348239748592890308e-01
1.940000000000000000e+04 9.495108562877518921e-01
1.950000000000000000e+04 9.352559134092577331e-01
1.960000000000000000e+04 9.507740168001833636e-01
1.970000000000000000e+04 9.521600644217778076e-01
1.980000000000000000e+04 9.457630670902916759e-01
1.990000000000000000e+04 9.410853298743313555e-01
2.000000000000000000e+04 9.473824034703010044e-01
2.010000000000000000e+04 9.428043548861484435e-01
2.020000000000000000e+04 9.397775469693907535e-01
2.030000000000000000e+04 9.335046878621522382e-01
2.040000000000000000e+04 9.442511910488577964e-01
2.050000000000000000e+04 9.436427291721680710e-01
2.060000000000000000e+04 9.421873947649950232e-01
2.070000000000000000e+04 9.404638453092352135e-01
2.080000000000000000e+04 9.385693159292268772e-01
2.090000000000000000e+04 9.399455376098881931e-01
2.100000000000000000e+04 9.424779997144443477e-01
2.110000000000000000e+04 9.417110428723685089e-01
2.120000000000000000e+04 9.363167570691639519e-01
2.130000000000000000e+04 9.411910619933527844e-01
2.140000000000000000e+04 9.424030524954621901e-01
2.150000000000000000e+04 9.476710249024531407e-01
2.160000000000000000e+04 9.457048619506915887e-01
2.170000000000000000e+04 9.454475033296457775e-01
2.180000000000000000e+04 9.508398253075937001e-01
2.190000000000000000e+04 9.465445278060953260e-01
2.200000000000000000e+04 9.440506673936157611e-01
2.210000000000000000e+04 9.453515540550161411e-01
2.220000000000000000e+04 9.359772190663886438e-01
2.230000000000000000e+04 9.428154664665295837e-01
2.240000000000000000e+04 9.285833121829958348e-01
2.250000000000000000e+04 9.249579939805733231e-01
2.260000000000000000e+04 9.344362728988280242e-01
2.270000000000000000e+04 9.462097494578218804e-01
2.280000000000000000e+04 9.362131921023851833e-01
2.290000000000000000e+04 9.423999765248457505e-01
2.300000000000000000e+04 9.469858651479037270e-01
2.310000000000000000e+04 9.276755386446775553e-01
2.320000000000000000e+04 9.408057754522322069e-01
2.330000000000000000e+04 9.433807327673362497e-01
2.340000000000000000e+04 9.369781209044834025e-01
2.350000000000000000e+04 9.384117701328296146e-01
2.360000000000000000e+04 9.323595108640830853e-01
2.370000000000000000e+04 9.406341341081809748e-01
2.380000000000000000e+04 9.468749741658578634e-01
2.390000000000000000e+04 9.478990887755730510e-01
2.400000000000000000e+04 9.410814538073134505e-01
2.410000000000000000e+04 9.392492113210411109e-01
2.420000000000000000e+04 9.508363981842421486e-01
2.430000000000000000e+04 9.335988606095769748e-01
2.440000000000000000e+04 9.487074668576918057e-01
2.450000000000000000e+04 9.375233869972864342e-01
2.460000000000000000e+04 9.509546524609518992e-01
2.470000000000000000e+04 9.363143017011067437e-01
2.480000000000000000e+04 9.431920397561739389e-01
2.490000000000000000e+04 9.461029125672792972e-01
2.500000000000000000e+04 9.458147194464244789e-01
2.510000000000000000e+04 9.425295538452643784e-01
2.520000000000000000e+04 9.342666544868230005e-01
2.530000000000000000e+04 9.380946987337367426e-01
2.540000000000000000e+04 9.359258428324260803e-01
2.550000000000000000e+04 9.468546553153422973e-01
2.560000000000000000e+04 9.431811612794300803e-01
2.570000000000000000e+04 9.414673695247814944e-01
2.580000000000000000e+04 9.318660278674237851e-01
2.590000000000000000e+04 9.454090374020074350e-01
2.600000000000000000e+04 9.500693322272319996e-01
2.610000000000000000e+04 9.519761592992640464e-01
2.620000000000000000e+04 9.411854065064613195e-01
2.630000000000000000e+04 9.484391207326827722e-01
2.640000000000000000e+04 9.342707869402602228e-01
2.650000000000000000e+04 9.308145289334808226e-01
2.660000000000000000e+04 9.535026199350592480e-01
2.670000000000000000e+04 9.429032110677697531e-01
2.680000000000000000e+04 9.460629079125170149e-01
2.690000000000000000e+04 9.569434886962735476e-01
2.700000000000000000e+04 9.277603862747654251e-01
2.710000000000000000e+04 9.443484542859137409e-01
2.720000000000000000e+04 9.376819225001142843e-01
2.730000000000000000e+04 9.401141238215005025e-01
2.740000000000000000e+04 9.487627549143747840e-01
2.750000000000000000e+04 9.400360200202219074e-01
2.760000000000000000e+04 9.381261766228021770e-01
2.770000000000000000e+04 9.498480875464239137e-01
2.780000000000000000e+04 9.431667423210429169e-01
2.790000000000000000e+04 9.385770174670995392e-01
2.800000000000000000e+04 9.365424444285646022e-01
2.810000000000000000e+04 9.417156762165529438e-01
2.820000000000000000e+04 9.478274739389709325e-01
2.830000000000000000e+04 9.484231666455209542e-01
2.840000000000000000e+04 9.440228701469818295e-01
2.850000000000000000e+04 9.272827183882346169e-01
2.860000000000000000e+04 9.365951095028607343e-01
2.870000000000000000e+04 9.471028413221315168e-01
2.880000000000000000e+04 9.510663695052106181e-01
2.890000000000000000e+04 9.488428425341607353e-01
2.900000000000000000e+04 9.450150113186220890e-01
2.910000000000000000e+04 9.425510279272452108e-01
2.920000000000000000e+04 9.394526768811701789e-01
2.930000000000000000e+04 9.393104915647411124e-01
2.940000000000000000e+04 9.531955762823995926e-01
2.950000000000000000e+04 9.543810778364629765e-01
2.960000000000000000e+04 9.433923770516459140e-01
2.970000000000000000e+04 9.267771531409433328e-01
2.980000000000000000e+04 9.519987315597217004e-01
2.990000000000000000e+04 9.504708368674743557e-01
3.000000000000000000e+04 9.431450809169037441e-01
