0.000000000000000000e+00 4.552880000000000260e-01
1.000000000000000000e+02 4.819479999999999875e-01
2.000000000000000000e+02 6.524520000000000319e-01
3.000000000000000000e+02 7.006479999999999375e-01
4.000000000000000000e+02 7.266559999999999686e-01
5.000000000000000000e+02 7.623839999999999506e-01
6.000000000000000000e+02 7.609520000000000728e-01
7.000000000000000000e+02 7.829200000000000603e-01
8.000000000000000000e+02 8.064239999999999187e-01
9.000000000000000000e+02 7.992600000000000815e-01
1.000000000000000000e+03 8.261840000000000295e-01
1.100000000000000000e+03 8.131720000000000059e-01
1.200000000000000000e+03 8.356959999999999944e-01
1.300000000000000000e+03 8.485399999999998499e-01
1.400000000000000000e+03 8.493079999999999519e-01
1.500000000000000000e+03 8.409639999999999338e-01
1.600000000000000000e+03 8.431159999999999766e-01
1.700000000000000000e+03 8.709759999999999724e-01
1.800000000000000000e+03 8.918519999999998671e-01
1.900000000000000000e+03 8.844160000000000910e-01
2.000000000000000000e+03 8.712279999999998914e-01
2.100000000000000000e+03 8.729759999999999742e-01
2.200000000000000000e+03 8.851839999999999709e-01
2.300000000000000000e+03 8.798519999999998564e-01
2.400000000000000000e+03 8.936399999999999899e-01
2.500000000000000000e+03 8.747359999999999580e-01
2.600000000000000000e+03 8.920200000000000351e-01
2.700000000000000000e+03 8.922599999999999421e-01
2.800000000000000000e+03 9.077759999999999163e-01
2.900000000000000000e+03 8.820240000000001412e-01
3.000000000000000000e+03 9.085040000000000893e-01
3.100000000000000000e+03 8.991920000000001023e-01
3.200000000000000000e+03 8.892759999999999554e-01
3.300000000000000000e+03 9.025399999999998979e-01
3.400000000000000000e+03 9.036519999999998998e-01
3.500000000000000000e+03 9.046879999999999367e-01
3.600000000000000000e+03 8.875680000000000236e-01
3.700000000000000000e+03 9.087319999999999842e-01
3.800000000000000000e+03 9.020679999999999810e-01
3.900000000000000000e+03 8.832480000000000331e-01
4.000000000000000000e+03 9.112999999999999989e-01
4.100000000000000000e+03 9.221679999999999877e-01
4.200000000000000000e+03 9.062239999999999185e-01
4.300000000000000000e+03 9.071799999999998754e-01
4.400000000000000000e+03 9.096680000000001431e-01
4.500000000000000000e+03 9.083480000000000443e-01
4.600000000000000000e+03 9.149840000000000195e-01
4.700000000000000000e+03 9.175879999999999592e-01
4.800000000000000000e+03 8.992160000000000153e-01
4.900000000000000000e+03 9.115159999999998819e-01
5.000000000000000000e+03 9.221120000000000427e-01
5.100000000000000000e+03 9.149519999999998765e-01
5.200000000000000000e+03 9.247119999999999784e-01
5.300000000000000000e+03 9.189760000000000151e-01
5.400000000000000000e+03 9.328799999999999315e-01
5.500000000000000000e+03 9.085920000000000663e-01
5.600000000000000000e+03 9.176839999999999442e-01
5.700000000000000000e+03 9.113480000000000469e-01
5.800000000000000000e+03 9.090759999999999952e-01
5.900000000000000000e+03 9.143719999999999626e-01
6.000000000000000000e+03 9.282280000000000530e-01
6.100000000000000000e+03 9.108959999999999280e-01
6.200000000000000000e+03 9.259880000000000333e-01
6.300000000000000000e+03 9.283519999999998440e-01
6.400000000000000000e+03 9.189239999999998521e-01
6.500000000000000000e+03 9.213839999999999808e-01
6.600000000000000000e+03 9.241759999999999975e-01
6.700000000000000000e+03 9.313639999999999697e-01
6.800000000000000000e+03 9.324720000000000786e-01
6.900000000000000000e+03 9.270359999999999712e-01
7.000000000000000000e+03 9.205919999999999659e-01
7.100000000000000000e+03 9.053479999999999306e-01
7.200000000000000000e+03 9.109359999999999680e-01
7.300000000000000000e+03 9.182919999999999972e-01
7.400000000000000000e+03 9.184879999999999711e-01
7.500000000000000000e+03 9.209119999999998418e-01
7.600000000000000000e+03 9.339480000000001114e-01
7.700000000000000000e+03 9.224480000000000457e-01
7.800000000000000000e+03 9.226119999999999877e-01
7.900000000000000000e+03 9.296079999999999899e-01
8.000000000000000000e+03 9.066280000000001005e-01
8.100000000000000000e+03 9.215200000000000058e-01
8.200000000000000000e+03 9.228439999999999976e-01
8.300000000000000000e+03 9.200479999999999769e-01
8.400000000000000000e+03 9.254919999999999813e-01
8.500000000000000000e+03 9.326519999999999255e-01
8.600000000000000000e+03 9.258119999999999683e-01
8.700000000000000000e+03 9.329160000000000785e-01
8.800000000000000000e+03 9.186440000000000161e-01
8.900000000000000000e+03 9.320519999999998806e-01
9.000000000000000000e+03 9.280279999999998530e-01
9.100000000000000000e+03 9.282159999999999300e-01
9.200000000000000000e+03 9.330159999999999565e-01
9.300000000000000000e+03 9.375999999999999890e-01
9.400000000000000000e+03 9.349679999999999103e-01
9.500000000000000000e+03 9.086839999999999362e-01
9.600000000000000000e+03 9.248119999999999674e-01
9.700000000000000000e+03 9.212640000000000828e-01
9.800000000000000000e+03 9.169680000000000053e-01
9.900000000000000000e+03 9.266559999999999242e-01
1.000000000000000000e+04 9.337480000000000224e-01
1.010000000000000000e+04 9.369239999999999791e-01
1.020000000000000000e+04 9.049040000000001527e-01
1.030000000000000000e+04 9.216640000000000388e-01
1.040000000000000000e+04 9.427600000000001534e-01
1.050000000000000000e+04 9.240319999999999645e-01
1.060000000000000000e+04 9.201319999999999499e-01
1.070000000000000000e+04 9.298279999999999879e-01
1.080000000000000000e+04 9.182079999999999131e-01
1.090000000000000000e+04 9.331519999999999815e-01
1.100000000000000000e+04 9.225079999999999947e-01
1.110000000000000000e+04 9.127760000000000318e-01
1.120000000000000000e+04 9.229879999999999196e-01
1.130000000000000000e+04 9.346360000000000223e-01
1.140000000000000000e+04 9.248240000000000904e-01
1.150000000000000000e+04 9.307720000000000438e-01
1.160000000000000000e+04 9.078640000000000043e-01
1.170000000000000000e+04 9.337879999999999514e-01
1.180000000000000000e+04 9.294839999999999769e-01
1.190000000000000000e+04 9.330919999999999215e-01
1.200000000000000000e+04 9.251239999999999464e-01
1.210000000000000000e+04 9.271679999999999922e-01
1.220000000000000000e+04 9.215879999999998518e-01
1.230000000000000000e+04 9.234800000000000786e-01
1.240000000000000000e+04 9.179799999999999072e-01
1.250000000000000000e+04 9.299119999999998498e-01
1.260000000000000000e+04 9.329520000000000035e-01
1.270000000000000000e+04 9.243200000000000305e-01
1.280000000000000000e+04 9.288719999999999200e-01
1.290000000000000000e+04 9.365160000000000151e-01
1.300000000000000000e+04 9.366880000000000761e-01
1.310000000000000000e+04 9.241759999999998865e-01
1.320000000000000000e+04 9.306639999999998247e-01
1.330000000000000000e+04 9.178439999999999932e-01
1.340000000000000000e+04 9.333319999999999395e-01
1.350000000000000000e+04 9.270279999999999632e-01
1.360000000000000000e+04 9.084719999999998352e-01
1.370000000000000000e+04 9.270599999999999952e-01
1.380000000000000000e+04 9.240680000000001115e-01
1.390000000000000000e+04 9.268440000000001122e-01
1.400000000000000000e+04 9.428320000000000034e-01
1.410000000000000000e+04 9.092359999999999332e-01
1.420000000000000000e+04 9.312920000000000087e-01
1.430000000000000000e+04 9.201799999999999979e-01
1.440000000000000000e+04 9.295960000000000889e-01
1.450000000000000000e+04 9.347400000000000153e-01
1.460000000000000000e+04 9.115120000000000999e-01
1.470000000000000000e+04 9.357760000000000522e-01
1.480000000000000000e+04 9.336680000000001645e-01
1.490000000000000000e+04 9.232839999999999936e-01
1.500000000000000000e+04 9.256599999999999273e-01
1.510000000000000000e+04 9.492760000000000087e-01
1.520000000000000000e+04 9.331639999999999935e-01
1.530000000000000000e+04 9.336959999999998594e-01
1.540000000000000000e+04 9.269880000000000342e-01
1.550000000000000000e+04 9.444279999999999342e-01
1.560000000000000000e+04 9.322679999999999856e-01
1.570000000000000000e+04 9.324239999999999196e-01
1.580000000000000000e+04 9.256200000000001094e-01
1.590000000000000000e+04 9.422399999999998554e-01
1.600000000000000000e+04 9.182399999999999451e-01
1.610000000000000000e+04 9.325560000000000516e-01
1.620000000000000000e+04 9.231439999999999646e-01
1.630000000000000000e+04 9.352439999999999642e-01
1.640000000000000000e+04 9.204839999999998579e-01
1.650000000000000000e+04 9.384480000000000599e-01
1.660000000000000000e+04 9.288079999999999670e-01
1.670000000000000000e+04 9.256119999999999903e-01
1.680000000000000000e+04 9.258360000000001033e-01
1.690000000000000000e+04 9.236759999999999415e-01
1.700000000000000000e+04 9.344959999999999933e-01
1.710000000000000000e+04 9.156439999999999024e-01
1.720000000000000000e+04 9.370640000000000081e-01
1.730000000000000000e+04 9.128639999999998977e-01
1.740000000000000000e+04 9.358560000000000212e-01
1.750000000000000000e+04 9.322200000000000486e-01
1.760000000000000000e+04 9.284839999999998650e-01
1.770000000000000000e+04 9.300999999999999268e-01
1.780000000000000000e+04 9.191039999999999210e-01
1.790000000000000000e+04 9.423880000000000035e-01
1.800000000000000000e+04 9.337159999999999904e-01
1.810000000000000000e+04 9.362880000000000091e-01
1.820000000000000000e+04 9.228839999999998156e-01
1.830000000000000000e+04 9.356640000000000512e-01
1.840000000000000000e+04 9.295240000000000169e-01
1.850000000000000000e+04 9.327879999999999505e-01
1.860000000000000000e+04 9.313759999999999817e-01
1.870000000000000000e+04 9.273079999999999101e-01
1.880000000000000000e+04 9.342559999999999754e-01
1.890000000000000000e+04 9.278679999999999151e-01
1.900000000000000000e+04 9.337239999999999984e-01
1.910000000000000000e+04 9.259880000000000333e-01
1.920000000000000000e+04 9.373039999999999150e-01
1.930000000000000000e+04 9.247159999999999824e-01
1.940000000000000000e+04 9.396039999999999948e-01
1.950000000000000000e+04 9.251880000000001214e-01
1.960000000000000000e+04 9.442559999999999842e-01
1.970000000000000000e+04 9.442360000000000753e-01
1.980000000000000000e+04 9.379360000000001030e-01
1.990000000000000000e+04 9.294439999999999369e-01
2.000000000000000000e+04 9.374000000000000110e-01
2.010000000000000000e+04 9.337720000000000464e-01
2.020000000000000000e+04 9.283399999999999430e-01
2.030000000000000000e+04 9.173999999999998822e-01
2.040000000000000000e+04 9.371639999999999970e-01
2.050000000000000000e+04 9.330600000000000005e-01
2.060000000000000000e+04 9.314439999999999387e-01
2.070000000000000000e+04 9.306320000000000148e-01
2.080000000000000000e+04 9.271279999999999522e-01
2.090000000000000000e+04 9.310480000000000977e-01
2.100000000000000000e+04 9.340479999999999894e-01
2.110000000000000000e+04 9.268160000000000842e-01
2.120000000000000000e+04 9.261439999999999673e-01
2.130000000000000000e+04 9.311840000000000117e-01
2.140000000000000000e+04 9.282559999999999700e-01
2.150000000000000000e+04 9.417440000000001366e-01
2.160000000000000000e+04 9.371920000000000250e-01
2.170000000000000000e+04 9.354360000000000452e-01
2.180000000000000000e+04 9.409279999999999866e-01
2.190000000000000000e+04 9.378580000000001915e-01
2.200000000000000000e+04 9.339839999999999254e-01
2.210000000000000000e+04 9.325760000000000716e-01
2.220000000000000000e+04 9.241120000000000445e-01
2.230000000000000000e+04 9.331319999999999615e-01
2.240000000000000000e+04 9.141159999999999286e-01
2.250000000000000000e+04 9.094040000000001012e-01
2.260000000000000000e+04 9.193359999999999310e-01
2.270000000000000000e+04 9.381880000000000219e-01
2.280000000000000000e+04 9.257440000000000113e-01
2.290000000000000000e+04 9.334879999999999844e-01
2.300000000000000000e+04 9.358599999999999142e-01
2.310000000000000000e+04 9.156519999999999104e-01
2.320000000000000000e+04 9.309039999999999537e-01
2.330000000000000000e+04 9.331840000000000135e-01
2.340000000000000000e+04 9.243600000000000705e-01
2.350000000000000000e+04 9.261880000000000113e-01
2.360000000000000000e+04 9.165599999999999303e-01
2.370000000000000000e+04 9.273759999999999781e-01
2.380000000000000000e+04 9.382599999999998719e-01
2.390000000000000000e+04 9.394719999999999738e-01
2.400000000000000000e+04 9.296079999999999899e-01
2.410000000000000000e+04 9.284040000000000070e-01
2.420000000000000000e+04 9.427399999999999114e-01
2.430000000000000000e+04 9.178239999999999732e-01
2.440000000000000000e+04 9.401799999999999047e-01
2.450000000000000000e+04 9.281839999999998980e-01
2.460000000000000000e+04 9.399319999999999897e-01
2.470000000000000000e+04 9.241479999999999695e-01
2.480000000000000000e+04 9.336240000000000094e-01
2.490000000000000000e+04 9.370399999999999840e-01
2.500000000000000000e+04 9.368160000000000931e-01
2.510000000000000000e+04 9.309239999999998627e-01
2.520000000000000000e+04 9.229200000000000736e-01
2.530000000000000000e+04 9.290519999999999889e-01
2.540000000000000000e+04 9.229600000000000026e-01
2.550000000000000000e+04 9.358600000000000252e-01
2.560000000000000000e+04 9.328600000000001335e-01
2.570000000000000000e+04 9.301399999999999668e-01
2.580000000000000000e+04 9.243560000000000665e-01
2.590000000000000000e+04 9.353959999999998942e-01
2.600000000000000000e+04 9.411799999999999056e-01
2.610000000000000000e+04 9.425519999999999454e-01
2.620000000000000000e+04 9.316799999999999526e-01
2.630000000000000000e+04 9.395720000000000738e-01
2.640000000000000000e+04 9.233279999999999266e-01
2.650000000000000000e+04 9.199199999999999600e-01
2.660000000000000000e+04 9.461680000000000090e-01
2.670000000000000000e+04 9.330639999999998935e-01
2.680000000000000000e+04 9.330679999999998975e-01
2.690000000000000000e+04 9.510079999999999645e-01
2.700000000000000000e+04 9.154479999999998174e-01
2.710000000000000000e+04 9.330720000000001235e-01
2.720000000000000000e+04 9.250600000000001044e-01
2.730000000000000000e+04 9.297240000000001059e-01
2.740000000000000000e+04 9.370779999999999665e-01
2.750000000000000000e+04 9.327199999999999935e-01
2.760000000000000000e+04 9.286360000000000170e-01
2.770000000000000000e+04 9.424919999999999964e-01
2.780000000000000000e+04 9.341719999999998914e-01
2.790000000000000000e+04 9.250039999999999374e-01
2.800000000000000000e+04 9.247200000000000975e-01
2.810000000000000000e+04 9.262360000000000593e-01
2.820000000000000000e+04 9.347319999999998963e-01
2.830000000000000000e+04 9.384599999999999609e-01
2.840000000000000000e+04 9.325759999999999605e-01
2.850000000000000000e+04 9.179400000000000892e-01
2.860000000000000000e+04 9.259440000000001003e-01
2.870000000000000000e+04 9.378839999999999399e-01
2.880000000000000000e+04 9.422719999999999985e-01
2.890000000000000000e+04 9.422960000000000225e-01
2.900000000000000000e+04 9.364080000000000181e-01
2.910000000000000000e+04 9.319760000000000266e-01
2.920000000000000000e+04 9.278399999999999981e-01
2.930000000000000000e+04 9.281680000000001041e-01
2.940000000000000000e+04 9.463240000000000540e-01
2.950000000000000000e+04 9.454879999999998841e-01
2.960000000000000000e+04 9.359919999999998241e-01
2.970000000000000000e+04 9.117839999999999279e-01
2.980000000000000000e+04 9.459759999999999280e-01
2.990000000000000000e+04 9.374040000000001260e-01
3.000000000000000000e+04 9.322679999999999856e-01
