0.000000000000000000e+00 4.666298489860495335e-01
1.000000000000000000e+02 4.229694264836417750e-01
2.000000000000000000e+02 4.350944312244750534e-01
3.000000000000000000e+02 4.907739242279341996e-01
4.000000000000000000e+02 5.175420992936832221e-01
5.000000000000000000e+02 5.251617178234759820e-01
6.000000000000000000e+02 5.787201311484015953e-01
7.000000000000000000e+02 5.570221094049196964e-01
8.000000000000000000e+02 5.637546015090277862e-01
9.000000000000000000e+02 5.729258816486336725e-01
1.000000000000000000e+03 5.744933105736599321e-01
1.100000000000000000e+03 5.920073265810023022e-01
1.200000000000000000e+03 5.949595082563845505e-01
1.300000000000000000e+03 6.288309292924307847e-01
1.400000000000000000e+03 6.373793368890458000e-01
1.500000000000000000e+03 6.581826998311373078e-01
1.600000000000000000e+03 6.501705648465168075e-01
1.700000000000000000e+03 6.424487161320541206e-01
1.800000000000000000e+03 6.552556996705719561e-01
1.900000000000000000e+03 6.910690121627933724e-01
2.000000000000000000e+03 6.447024486412314959e-01
2.100000000000000000e+03 6.679405356337057009e-01
2.200000000000000000e+03 6.596448827421617089e-01
2.300000000000000000e+03 6.976014989630217045e-01
2.400000000000000000e+03 6.877597530496235567e-01
2.500000000000000000e+03 7.171503561627086132e-01
2.600000000000000000e+03 7.032446390902076239e-01
2.700000000000000000e+03 7.007268901522772930e-01
2.800000000000000000e+03 7.299210111739007356e-01
2.900000000000000000e+03 7.042226073636710382e-01
3.000000000000000000e+03 7.226341576077978113e-01
3.100000000000000000e+03 6.957756881355676715e-01
3.200000000000000000e+03 7.507462731360076136e-01
3.300000000000000000e+03 7.432445832279448439e-01
3.400000000000000000e+03 7.534222481251126036e-01
3.500000000000000000e+03 7.431449328807857579e-01
3.600000000000000000e+03 7.517421426163375386e-01
3.700000000000000000e+03 7.714821433441625409e-01
3.800000000000000000e+03 7.662823141264882842e-01
3.900000000000000000e+03 7.467789060201608375e-01
4.000000000000000000e+03 7.739258320352543352e-01
4.100000000000000000e+03 7.699280953143567974e-01
4.200000000000000000e+03 7.751296948259991382e-01
4.300000000000000000e+03 7.665992500623692862e-01
4.400000000000000000e+03 7.559928907441058055e-01
4.500000000000000000e+03 7.689746780945400095e-01
4.600000000000000000e+03 7.845610736304222677e-01
4.700000000000000000e+03 8.059223259577961151e-01
4.800000000000000000e+03 8.145247386397580502e-01
4.900000000000000000e+03 8.223541052456185829e-01
5.000000000000000000e+03 7.978566758721139518e-01
5.100000000000000000e+03 8.103212977544678175e-01
5.200000000000000000e+03 8.053048971001177669e-01
5.300000000000000000e+03 7.947803410019770309e-01
5.400000000000000000e+03 8.204810678072388397e-01
5.500000000000000000e+03 8.234038501699777468e-01
5.600000000000000000e+03 8.094842130606436648e-01
5.700000000000000000e+03 8.365993995178895304e-01
5.800000000000000000e+03 8.426279987509390779e-01
5.900000000000000000e+03 8.333825560371630470e-01
6.000000000000000000e+03 8.458153498659541913e-01
6.100000000000000000e+03 8.538811249731721453e-01
6.200000000000000000e+03 8.774047339070577545e-01
6.300000000000000000e+03 8.646728008443564928e-01
6.400000000000000000e+03 8.661419605972739966e-01
6.500000000000000000e+03 8.447294876795663487e-01
6.600000000000000000e+03 8.694186615834390564e-01
6.700000000000000000e+03 8.605357848286271372e-01
6.800000000000000000e+03 8.767840884851229033e-01
6.900000000000000000e+03 8.816222664477533222e-01
7.000000000000000000e+03 8.887422638550939169e-01
7.100000000000000000e+03 8.802764359463364219e-01
7.200000000000000000e+03 8.747542723148943322e-01
7.300000000000000000e+03 8.857677661955083437e-01
7.400000000000000000e+03 8.683049483430703708e-01
7.500000000000000000e+03 8.876794599038260181e-01
7.600000000000000000e+03 8.809009477963583024e-01
7.700000000000000000e+03 9.036253127749338532e-01
7.800000000000000000e+03 8.971913024987002716e-01
7.900000000000000000e+03 9.015751443785781083e-01
8.000000000000000000e+03 9.175678175383605861e-01
8.100000000000000000e+03 8.997740480303811905e-01
8.200000000000000000e+03 9.062913345013738908e-01
8.300000000000000000e+03 9.118612605266689375e-01
8.400000000000000000e+03 8.984335313874159956e-01
8.500000000000000000e+03 9.128664161954389566e-01
8.600000000000000000e+03 9.188607062140834447e-01
8.700000000000000000e+03 9.045253634571157608e-01
8.800000000000000000e+03 9.185357076112340424e-01
8.900000000000000000e+03 9.128371343332561949e-01
9.000000000000000000e+03 9.060348751573612525e-01
9.100000000000000000e+03 9.176000604076692824e-01
9.200000000000000000e+03 9.111936623790755085e-01
9.300000000000000000e+03 9.282947531867187241e-01
9.400000000000000000e+03 9.141529857917373159e-01
9.500000000000000000e+03 9.216825876173392329e-01
9.600000000000000000e+03 9.151661622326139334e-01
9.700000000000000000e+03 9.282946556844542396e-01
9.800000000000000000e+03 9.352967056526497736e-01
9.900000000000000000e+03 9.431923211564190446e-01
1.000000000000000000e+04 9.263079306078507713e-01
1.010000000000000000e+04 9.342273076924949571e-01
1.020000000000000000e+04 9.235601756911695492e-01
1.030000000000000000e+04 9.235679861116575795e-01
1.040000000000000000e+04 9.215296046136608465e-01
1.050000000000000000e+04 9.338561639485661869e-01
1.060000000000000000e+04 9.346666032239258071e-01
1.070000000000000000e+04 9.323929024021374579e-01
1.080000000000000000e+04 9.347720576557462246e-01
1.090000000000000000e+04 9.384751255457551844e-01
1.100000000000000000e+04 9.398192920282750773e-01
1.110000000000000000e+04 9.384060806644499708e-01
1.120000000000000000e+04 9.498226876672710706e-01
1.130000000000000000e+04 9.423207921492872119e-01
1.140000000000000000e+04 9.385299104565814066e-01
1.150000000000000000e+04 9.402756203364655008e-01
1.160000000000000000e+04 9.458314430632173142e-01
1.170000000000000000e+04 9.439147922734725249e-01
1.180000000000000000e+04 9.503169353368513539e-01
1.190000000000000000e+04 9.278794031569351786e-01
1.200000000000000000e+04 9.436093443692579186e-01
1.210000000000000000e+04 9.359116186228639833e-01
1.220000000000000000e+04 9.500625883457061160e-01
1.230000000000000000e+04 9.507521888997362280e-01
1.240000000000000000e+04 9.508540894236656715e-01
1.250000000000000000e+04 9.493124656055673682e-01
1.260000000000000000e+04 9.548295336127947674e-01
1.270000000000000000e+04 9.446522097621630198e-01
1.280000000000000000e+04 9.464270722441985306e-01
1.290000000000000000e+04 9.496278019393129544e-01
1.300000000000000000e+04 9.588213457377154914e-01
1.310000000000000000e+04 9.456688792441204638e-01
1.320000000000000000e+04 9.499638237404726127e-01
1.330000000000000000e+04 9.432920737633747610e-01
1.340000000000000000e+04 9.527214693610259744e-01
1.350000000000000000e+04 9.572053213667881533e-01
1.360000000000000000e+04 9.469987059982603039e-01
1.370000000000000000e+04 9.527162837417274543e-01
1.380000000000000000e+04 9.528123896090799905e-01
1.390000000000000000e+04 9.498140256184732788e-01
1.400000000000000000e+04 9.521821463733852742e-01
1.410000000000000000e+04 9.481029174630620782e-01
1.420000000000000000e+04 9.569078280011019677e-01
1.430000000000000000e+04 9.570404966384455925e-01
1.440000000000000000e+04 9.571530968817330010e-01
1.450000000000000000e+04 9.612550001070052641e-01
1.460000000000000000e+04 9.596310141892354650e-01
1.470000000000000000e+04 9.479486213972698749e-01
1.480000000000000000e+04 9.584772858806275275e-01
1.490000000000000000e+04 9.534202901696634536e-01
1.500000000000000000e+04 9.635852573850041125e-01
1.510000000000000000e+04 9.545207505695348926e-01
1.520000000000000000e+04 9.496571176304124950e-01
1.530000000000000000e+04 9.597450719667729446e-01
1.540000000000000000e+04 9.590074683568174940e-01
1.550000000000000000e+04 9.478180644514423436e-01
1.560000000000000000e+04 9.631010489050242374e-01
1.570000000000000000e+04 9.613584383555009438e-01
1.580000000000000000e+04 9.526469516966995510e-01
1.590000000000000000e+04 9.693302303172730561e-01
1.600000000000000000e+04 9.590456612391466962e-01
1.610000000000000000e+04 9.542136894263471003e-01
1.620000000000000000e+04 9.564433924432015344e-01
1.630000000000000000e+04 9.595502313894335167e-01
1.640000000000000000e+04 9.597515349571026366e-01
1.650000000000000000e+04 9.583129795234082149e-01
1.660000000000000000e+04 9.631862045439324449e-01
1.670000000000000000e+04 9.615523259800666800e-01
1.680000000000000000e+04 9.515630717947810568e-01
1.690000000000000000e+04 9.652260888559724972e-01
1.700000000000000000e+04 9.570224892678069750e-01
1.710000000000000000e+04 9.653555098485141484e-01
1.720000000000000000e+04 9.538977750444945780e-01
1.730000000000000000e+04 9.653209911179148062e-01
1.740000000000000000e+04 9.712600876930821414e-01
1.750000000000000000e+04 9.514099878248543085e-01
1.760000000000000000e+04 9.572662942195147018e-01
1.770000000000000000e+04 9.564256741732185541e-01
1.780000000000000000e+04 9.647808392119022747e-01
1.790000000000000000e+04 9.568725432258413655e-01
1.800000000000000000e+04 9.553200414773719285e-01
1.810000000000000000e+04 9.592608769331921748e-01
1.820000000000000000e+04 9.634921101315901959e-01
1.830000000000000000e+04 9.485282080546778571e-01
1.840000000000000000e+04 9.656761646650998676e-01
1.850000000000000000e+04 9.596963483613856205e-01
1.860000000000000000e+04 9.548923253396663924e-01
1.870000000000000000e+04 9.600198659900863740e-01
1.880000000000000000e+04 9.595641208240817122e-01
1.890000000000000000e+04 9.590004088571855156e-01
1.900000000000000000e+04 9.592126678769112846e-01
1.910000000000000000e+04 9.674363439304441981e-01
1.920000000000000000e+04 9.548962373807332593e-01
1.930000000000000000e+04 9.597677586074694345e-01
1.940000000000000000e+04 9.617106321428883220e-01
1.950000000000000000e+04 9.675505224746111521e-01
1.960000000000000000e+04 9.616478534410857204e-01
1.970000000000000000e+04 9.547763982577530673e-01
1.980000000000000000e+04 9.587267458720779567e-01
1.990000000000000000e+04 9.558464109519118068e-01
2.000000000000000000e+04 9.554939373988133866e-01
2.010000000000000000e+04 9.588121928838859720e-01
2.020000000000000000e+04 9.639125319854390250e-01
2.030000000000000000e+04 9.641711541209471159e-01
2.040000000000000000e+04 9.662682622174763036e-01
2.050000000000000000e+04 9.579580326361827325e-01
2.060000000000000000e+04 9.636123430859711014e-01
2.070000000000000000e+04 9.612472166457343148e-01
2.080000000000000000e+04 9.564633631681593862e-01
2.090000000000000000e+04 9.622521327169205607e-01
2.100000000000000000e+04 9.574452453690134313e-01
2.110000000000000000e+04 9.594532501230891297e-01
2.120000000000000000e+04 9.533335759348933180e-01
2.130000000000000000e+04 9.651630589556021711e-01
2.140000000000000000e+04 9.632857630236976165e-01
2.150000000000000000e+04 9.586434679632248601e-01
2.160000000000000000e+04 9.590909352086189887e-01
2.170000000000000000e+04 9.625758199605749521e-01
2.180000000000000000e+04 9.595557818910431802e-01
2.190000000000000000e+04 9.657716743892073019e-01
2.200000000000000000e+04 9.599380209730147273e-01
2.210000000000000000e+04 9.584771184154442514e-01
2.220000000000000000e+04 9.569927830180321449e-01
2.230000000000000000e+04 9.534643620019848109e-01
2.240000000000000000e+04 9.550012596467843951e-01
2.250000000000000000e+04 9.451382117110788128e-01
2.260000000000000000e+04 9.549233589546437528e-01
2.270000000000000000e+04 9.721546787859209893e-01
2.280000000000000000e+04 9.637367429423828735e-01
2.290000000000000000e+04 9.635463918205401379e-01
2.300000000000000000e+04 9.612033340942444104e-01
2.310000000000000000e+04 9.557649598158881599e-01
2.320000000000000000e+04 9.643418203550041534e-01
2.330000000000000000e+04 9.642128812630594847e-01
2.340000000000000000e+04 9.652642163240690021e-01
2.350000000000000000e+04 9.603881170022492419e-01
2.360000000000000000e+04 9.678285627135633229e-01
2.370000000000000000e+04 9.585956621203813866e-01
2.380000000000000000e+04 9.655624855632110037e-01
2.390000000000000000e+04 9.674994017296061344e-01
2.400000000000000000e+04 9.537440383553983381e-01
2.410000000000000000e+04 9.601485046590236827e-01
2.420000000000000000e+04 9.494812906234000316e-01
2.430000000000000000e+04 9.587761377617302072e-01
2.440000000000000000e+04 9.613470264636452267e-01
2.450000000000000000e+04 9.650926169888478512e-01
2.460000000000000000e+04 9.658527521155458873e-01
2.470000000000000000e+04 9.634699343262579374e-01
2.480000000000000000e+04 9.566310176699257539e-01
2.490000000000000000e+04 9.549897629102322982e-01
2.500000000000000000e+04 9.585743509356046133e-01
2.510000000000000000e+04 9.630120347126857050e-01
2.520000000000000000e+04 9.517879443781326332e-01
2.530000000000000000e+04 9.640247195948544734e-01
2.540000000000000000e+04 9.626183841365898441e-01
2.550000000000000000e+04 9.640677979215884763e-01
2.560000000000000000e+04 9.570325912131274482e-01
2.570000000000000000e+04 9.548082180575596656e-01
2.580000000000000000e+04 9.624545809550506537e-01
2.590000000000000000e+04 9.610686515767967730e-01
2.600000000000000000e+04 9.507837646036187973e-01
2.610000000000000000e+04 9.617505714823966212e-01
2.620000000000000000e+04 9.639909265467256905e-01
2.630000000000000000e+04 9.575118251674784586e-01
2.640000000000000000e+04 9.652819021137538646e-01
2.650000000000000000e+04 9.597048691866111314e-01
2.660000000000000000e+04 9.532308634896076160e-01
2.670000000000000000e+04 9.692282165866512589e-01
2.680000000000000000e+04 9.569990192702195753e-01
2.690000000000000000e+04 9.626113388507652191e-01
2.700000000000000000e+04 9.653185032800519760e-01
2.710000000000000000e+04 9.645271379974327264e-01
2.720000000000000000e+04 9.639702497593259922e-01
2.730000000000000000e+04 9.558268560198946995e-01
2.740000000000000000e+04 9.668356688717770764e-01
2.750000000000000000e+04 9.553043567357384358e-01
2.760000000000000000e+04 9.687013638870902721e-01
2.770000000000000000e+04 9.605238672847563608e-01
2.780000000000000000e+04 9.602483168516973144e-01
2.790000000000000000e+04 9.656091182515849081e-01
2.800000000000000000e+04 9.579502001237727438e-01
2.810000000000000000e+04 9.680200327209578237e-01
2.820000000000000000e+04 9.657622020138338925e-01
2.830000000000000000e+04 9.671148468720283109e-01
2.840000000000000000e+04 9.616651511197680247e-01
2.850000000000000000e+04 9.576716672751265369e-01
2.860000000000000000e+04 9.573229670378631262e-01
2.870000000000000000e+04 9.607618909227855220e-01
2.880000000000000000e+04 9.601148283635521086e-01
2.890000000000000000e+04 9.456474373821148749e-01
2.900000000000000000e+04 9.696470643546690749e-01
2.910000000000000000e+04 9.628616914976488861e-01
2.920000000000000000e+04 9.569338032598245780e-01
2.930000000000000000e+04 9.448385535893752962e-01
2.940000000000000000e+04 9.618090132989955965e-01
2.950000000000000000e+04 9.617802443475249596e-01
2.960000000000000000e+04 9.572605415817470043e-01
2.970000000000000000e+04 9.651869918145539184e-01
2.980000000000000000e+04 9.558394207722844538e-01
2.990000000000000000e+04 9.571701670268759621e-01
3.000000000000000000e+04 9.555524986091072925e-01
