0.000000000000000000e+00 4.548180000000000001e-01
1.000000000000000000e+02 3.952200000000000157e-01
2.000000000000000000e+02 4.103960000000000385e-01
3.000000000000000000e+02 4.951239999999999530e-01
4.000000000000000000e+02 5.040039999999998965e-01
5.000000000000000000e+02 5.129240000000000466e-01
6.000000000000000000e+02 5.574920000000000986e-01
7.000000000000000000e+02 5.653280000000000527e-01
8.000000000000000000e+02 5.445440000000000280e-01
9.000000000000000000e+02 5.919879999999999587e-01
1.000000000000000000e+03 5.546959999999999669e-01
1.100000000000000000e+03 5.724039999999999129e-01
1.200000000000000000e+03 5.926960000000000006e-01
1.300000000000000000e+03 6.101199999999999957e-01
1.400000000000000000e+03 6.128199999999999203e-01
1.500000000000000000e+03 6.249399999999999400e-01
1.600000000000000000e+03 6.404480000000001283e-01
1.700000000000000000e+03 6.344800000000000439e-01
1.800000000000000000e+03 6.525039999999999729e-01
1.900000000000000000e+03 6.684680000000000621e-01
2.000000000000000000e+03 6.216559999999999864e-01
2.100000000000000000e+03 6.378040000000000376e-01
2.200000000000000000e+03 6.471599999999999575e-01
2.300000000000000000e+03 6.747640000000000304e-01
2.400000000000000000e+03 6.808400000000000007e-01
2.500000000000000000e+03 6.973799999999999999e-01
2.600000000000000000e+03 6.897639999999999327e-01
2.700000000000000000e+03 6.787119999999999820e-01
2.800000000000000000e+03 7.069159999999999888e-01
2.900000000000000000e+03 6.792560000000000819e-01
3.000000000000000000e+03 7.054319999999999480e-01
3.100000000000000000e+03 6.721159999999999357e-01
3.200000000000000000e+03 7.261159999999999837e-01
3.300000000000000000e+03 7.257640000000000757e-01
3.400000000000000000e+03 7.299080000000000013e-01
3.500000000000000000e+03 7.156439999999999468e-01
3.600000000000000000e+03 7.310319999999999041e-01
3.700000000000000000e+03 7.501400000000000290e-01
3.800000000000000000e+03 7.511639999999999429e-01
3.900000000000000000e+03 7.354240000000000776e-01
4.000000000000000000e+03 7.560439999999999383e-01
4.100000000000000000e+03 7.489120000000000221e-01
4.200000000000000000e+03 7.590479999999999450e-01
4.300000000000000000e+03 7.581039999999998891e-01
4.400000000000000000e+03 7.379559999999999453e-01
4.500000000000000000e+03 7.553239999999999954e-01
4.600000000000000000e+03 7.551680000000000614e-01
4.700000000000000000e+03 7.842599999999999572e-01
4.800000000000000000e+03 7.957520000000000149e-01
4.900000000000000000e+03 8.053639999999999688e-01
5.000000000000000000e+03 7.793520000000000447e-01
5.100000000000000000e+03 7.909839999999999094e-01
5.200000000000000000e+03 7.898359999999999825e-01
5.300000000000000000e+03 7.707199999999999607e-01
5.400000000000000000e+03 7.956840000000000579e-01
5.500000000000000000e+03 8.121599999999999930e-01
5.600000000000000000e+03 7.898080000000000656e-01
5.700000000000000000e+03 8.183279999999999443e-01
5.800000000000000000e+03 8.253400000000000736e-01
5.900000000000000000e+03 8.139279999999999848e-01
6.000000000000000000e+03 8.319759999999999378e-01
6.100000000000000000e+03 8.446800000000000974e-01
6.200000000000000000e+03 8.580519999999998149e-01
6.300000000000000000e+03 8.463479999999998782e-01
6.400000000000000000e+03 8.592079999999999718e-01
6.500000000000000000e+03 8.352040000000000575e-01
6.600000000000000000e+03 8.534440000000000914e-01
6.700000000000000000e+03 8.408599999999999408e-01
6.800000000000000000e+03 8.581760000000000499e-01
6.900000000000000000e+03 8.665020000000001055e-01
7.000000000000000000e+03 8.661559999999999260e-01
7.100000000000000000e+03 8.657280000000000530e-01
7.200000000000000000e+03 8.590160000000000018e-01
7.300000000000000000e+03 8.746880000000000210e-01
7.400000000000000000e+03 8.500559999999999228e-01
7.500000000000000000e+03 8.734439999999998872e-01
7.600000000000000000e+03 8.620680000000000565e-01
7.700000000000000000e+03 8.901799999999999713e-01
7.800000000000000000e+03 8.842039999999999900e-01
7.900000000000000000e+03 8.861639999999999517e-01
8.000000000000000000e+03 9.095759999999999401e-01
8.100000000000000000e+03 8.876640000000000086e-01
8.200000000000000000e+03 8.944399999999999018e-01
8.300000000000000000e+03 9.004439999999999111e-01
8.400000000000000000e+03 8.914400000000000102e-01
8.500000000000000000e+03 9.021159999999999179e-01
8.600000000000000000e+03 9.028879999999999129e-01
8.700000000000000000e+03 8.969119999999999315e-01
8.800000000000000000e+03 9.094199999999998951e-01
8.900000000000000000e+03 9.002760000000000762e-01
9.000000000000000000e+03 8.979159999999999364e-01
9.100000000000000000e+03 9.038919999999999177e-01
9.200000000000000000e+03 9.028160000000000629e-01
9.300000000000000000e+03 9.199959999999999249e-01
9.400000000000000000e+03 9.090679999999999872e-01
9.500000000000000000e+03 9.115959999999998509e-01
9.600000000000000000e+03 9.033199999999999008e-01
9.700000000000000000e+03 9.217000000000000748e-01
9.800000000000000000e+03 9.258120000000000793e-01
9.900000000000000000e+03 9.349239999999999773e-01
1.000000000000000000e+04 9.257120000000000903e-01
1.010000000000000000e+04 9.232920000000000016e-01
1.020000000000000000e+04 9.158279999999999754e-01
1.030000000000000000e+04 9.150439999999999685e-01
1.040000000000000000e+04 9.148159999999999625e-01
1.050000000000000000e+04 9.292959999999998999e-01
1.060000000000000000e+04 9.283400000000000540e-01
1.070000000000000000e+04 9.247679999999998124e-01
1.080000000000000000e+04 9.234959999999998725e-01
1.090000000000000000e+04 9.273680000000001922e-01
1.100000000000000000e+04 9.339559999999998974e-01
1.110000000000000000e+04 9.288639999999999119e-01
1.120000000000000000e+04 9.431359999999999744e-01
1.130000000000000000e+04 9.366360000000000241e-01
1.140000000000000000e+04 9.339720000000000244e-01
1.150000000000000000e+04 9.333019999999998539e-01
1.160000000000000000e+04 9.391399999999999748e-01
1.170000000000000000e+04 9.334639999999999604e-01
1.180000000000000000e+04 9.454439999999999511e-01
1.190000000000000000e+04 9.196159999999999890e-01
1.200000000000000000e+04 9.388519999999999088e-01
1.210000000000000000e+04 9.287199999999999900e-01
1.220000000000000000e+04 9.455040000000001221e-01
1.230000000000000000e+04 9.435119999999999063e-01
1.240000000000000000e+04 9.441840000000000233e-01
1.250000000000000000e+04 9.392559999999999798e-01
1.260000000000000000e+04 9.520079999999999654e-01
1.270000000000000000e+04 9.359799999999999232e-01
1.280000000000000000e+04 9.382839999999998959e-01
1.290000000000000000e+04 9.437439999999999163e-01
1.300000000000000000e+04 9.542479999999999851e-01
1.310000000000000000e+04 9.414959999999999996e-01
1.320000000000000000e+04 9.425359999999999294e-01
1.330000000000000000e+04 9.353639999999999732e-01
1.340000000000000000e+04 9.498999999999999666e-01
1.350000000000000000e+04 9.501119999999999566e-01
1.360000000000000000e+04 9.415640000000000676e-01
1.370000000000000000e+04 9.468880000000000630e-01
1.380000000000000000e+04 9.467399999999999149e-01
1.390000000000000000e+04 9.483479999999999688e-01
1.400000000000000000e+04 9.439319999999999933e-01
1.410000000000000000e+04 9.397600000000000398e-01
1.420000000000000000e+04 9.514599999999999724e-01
1.430000000000000000e+04 9.541239999999999721e-01
1.440000000000000000e+04 9.511919999999999265e-01
1.450000000000000000e+04 9.527799999999998493e-01
1.460000000000000000e+04 9.525040000000000173e-01
1.470000000000000000e+04 9.427160000000001094e-01
1.480000000000000000e+04 9.498800000000000576e-01
1.490000000000000000e+04 9.488600000000000367e-01
1.500000000000000000e+04 9.591960000000001596e-01
1.510000000000000000e+04 9.479960000000000608e-01
1.520000000000000000e+04 9.459560000000000191e-01
1.530000000000000000e+04 9.522279999999999633e-01
1.540000000000000000e+04 9.532559999999998812e-01
1.550000000000000000e+04 9.412999999999999146e-01
1.560000000000000000e+04 9.570879999999999388e-01
1.570000000000000000e+04 9.533920000000000172e-01
1.580000000000000000e+04 9.468399999999999039e-01
1.590000000000000000e+04 9.635080000000000311e-01
1.600000000000000000e+04 9.547400000000000331e-01
1.610000000000000000e+04 9.471759999999999069e-01
1.620000000000000000e+04 9.477600000000000469e-01
1.630000000000000000e+04 9.510519999999998975e-01
1.640000000000000000e+04 9.529160000000000963e-01
1.650000000000000000e+04 9.499839999999999396e-01
1.660000000000000000e+04 9.564079999999998138e-01
1.670000000000000000e+04 9.541680000000000161e-01
1.680000000000000000e+04 9.429480000000001194e-01
1.690000000000000000e+04 9.604319999999999524e-01
1.700000000000000000e+04 9.499360000000001136e-01
1.710000000000000000e+04 9.596000000000000085e-01
1.720000000000000000e+04 9.495040000000000147e-01
1.730000000000000000e+04 9.624200000000000532e-01
1.740000000000000000e+04 9.680400000000001226e-01
1.750000000000000000e+04 9.418279999999999985e-01
1.760000000000000000e+04 9.500960000000000516e-01
1.770000000000000000e+04 9.511000000000000565e-01
1.780000000000000000e+04 9.602000000000001645e-01
1.790000000000000000e+04 9.532399999999999762e-01
1.800000000000000000e+04 9.501560000000000006e-01
1.810000000000000000e+04 9.545280000000000431e-01
1.820000000000000000e+04 9.574719999999999898e-01
1.830000000000000000e+04 9.385759999999999659e-01
1.840000000000000000e+04 9.590679999999999206e-01
1.850000000000000000e+04 9.555080000000000240e-01
1.860000000000000000e+04 9.506239999999999135e-01
1.870000000000000000e+04 9.529720000000000413e-01
1.880000000000000000e+04 9.576160000000000228e-01
1.890000000000000000e+04 9.517119999999998914e-01
1.900000000000000000e+04 9.522439999999998683e-01
1.910000000000000000e+04 9.607879999999999754e-01
1.920000000000000000e+04 9.501679999999999016e-01
1.930000000000000000e+04 9.546719999999999651e-01
1.940000000000000000e+04 9.551920000000000410e-01
1.950000000000000000e+04 9.641359999999999930e-01
1.960000000000000000e+04 9.562359999999999749e-01
1.970000000000000000e+04 9.508399999999999075e-01
1.980000000000000000e+04 9.529840000000000533e-01
1.990000000000000000e+04 9.530400000000001093e-01
2.000000000000000000e+04 9.481239999999999668e-01
2.010000000000000000e+04 9.508720000000000505e-01
2.020000000000000000e+04 9.612760000000000193e-01
2.030000000000000000e+04 9.569319999999998938e-01
2.040000000000000000e+04 9.605000000000000204e-01
2.050000000000000000e+04 9.545879999999998811e-01
2.060000000000000000e+04 9.595679999999999765e-01
2.070000000000000000e+04 9.543239999999999501e-01
2.080000000000000000e+04 9.488680000000000447e-01
2.090000000000000000e+04 9.581040000000000667e-01
2.100000000000000000e+04 9.469559999999999089e-01
2.110000000000000000e+04 9.535839999999999872e-01
2.120000000000000000e+04 9.454439999999999511e-01
2.130000000000000000e+04 9.596479999999999455e-01
2.140000000000000000e+04 9.578880000000000727e-01
2.150000000000000000e+04 9.539079999999999782e-01
2.160000000000000000e+04 9.547679999999999501e-01
2.170000000000000000e+04 9.594279999999999475e-01
2.180000000000000000e+04 9.519919999999999494e-01
2.190000000000000000e+04 9.592080000000000606e-01
2.200000000000000000e+04 9.554679999999999840e-01
2.210000000000000000e+04 9.530159999999999743e-01
2.220000000000000000e+04 9.538480000000000292e-01
2.230000000000000000e+04 9.463720000000001020e-01
2.240000000000000000e+04 9.509760000000000435e-01
2.250000000000000000e+04 9.392159999999999398e-01
2.260000000000000000e+04 9.512320000000000775e-01
2.270000000000000000e+04 9.681679999999999175e-01
2.280000000000000000e+04 9.575079999999998037e-01
2.290000000000000000e+04 9.589680000000000426e-01
2.300000000000000000e+04 9.554879999999998930e-01
2.310000000000000000e+04 9.463920000000000110e-01
2.320000000000000000e+04 9.602959999999999274e-01
2.330000000000000000e+04 9.596879999999999855e-01
2.340000000000000000e+04 9.603800000000000114e-01
2.350000000000000000e+04 9.543200000000000571e-01
2.360000000000000000e+04 9.631319999999999881e-01
2.370000000000000000e+04 9.509520000000000195e-01
2.380000000000000000e+04 9.589919999999999556e-01
2.390000000000000000e+04 9.625920000000000032e-01
2.400000000000000000e+04 9.476839999999999709e-01
2.410000000000000000e+04 9.588119999999999976e-01
2.420000000000000000e+04 9.423639999999999795e-01
2.430000000000000000e+04 9.513520000000000865e-01
2.440000000000000000e+04 9.573919999999999098e-01
2.450000000000000000e+04 9.580680000000000307e-01
2.460000000000000000e+04 9.613839999999999053e-01
2.470000000000000000e+04 9.588719999999999466e-01
2.480000000000000000e+04 9.487599999999999367e-01
2.490000000000000000e+04 9.482039999999999358e-01
2.500000000000000000e+04 9.523119999999999363e-01
2.510000000000000000e+04 9.571760000000000268e-01
2.520000000000000000e+04 9.468159999999999910e-01
2.530000000000000000e+04 9.598640000000000505e-01
2.540000000000000000e+04 9.572279999999999678e-01
2.550000000000000000e+04 9.545240000000000391e-01
2.560000000000000000e+04 9.521560000000000024e-01
2.570000000000000000e+04 9.459440000000001181e-01
2.580000000000000000e+04 9.595400000000000595e-01
2.590000000000000000e+04 9.558999999999998609e-01
2.600000000000000000e+04 9.427240000000000064e-01
2.610000000000000000e+04 9.568959999999999688e-01
2.620000000000000000e+04 9.598440000000000305e-01
2.630000000000000000e+04 9.534160000000000412e-01
2.640000000000000000e+04 9.609959999999999614e-01
2.650000000000000000e+04 9.558119999999999949e-01
2.660000000000000000e+04 9.468159999999999910e-01
2.670000000000000000e+04 9.630480000000000151e-01
2.680000000000000000e+04 9.539919999999999511e-01
2.690000000000000000e+04 9.565719999999998668e-01
2.700000000000000000e+04 9.600279999999999925e-01
2.710000000000000000e+04 9.569760000000000488e-01
2.720000000000000000e+04 9.588880000000000736e-01
2.730000000000000000e+04 9.494719999999998716e-01
2.740000000000000000e+04 9.637160000000000171e-01
2.750000000000000000e+04 9.508439999999999115e-01
2.760000000000000000e+04 9.629399999999999071e-01
2.770000000000000000e+04 9.526080000000000103e-01
2.780000000000000000e+04 9.550639999999999130e-01
2.790000000000000000e+04 9.602679999999998994e-01
2.800000000000000000e+04 9.504280000000000506e-01
2.810000000000000000e+04 9.642559999999998910e-01
2.820000000000000000e+04 9.610000000000000764e-01
2.830000000000000000e+04 9.610720000000000374e-01
2.840000000000000000e+04 9.555880000000001040e-01
2.850000000000000000e+04 9.530600000000000183e-01
2.860000000000000000e+04 9.485679999999999668e-01
2.870000000000000000e+04 9.560079999999999689e-01
2.880000000000000000e+04 9.541560000000000041e-01
2.890000000000000000e+04 9.384919999999998819e-01
2.900000000000000000e+04 9.658759999999999568e-01
2.910000000000000000e+04 9.556560000000000610e-01
2.920000000000000000e+04 9.518839999999999524e-01
2.930000000000000000e+04 9.421920000000000295e-01
2.940000000000000000e+04 9.552680000000000060e-01
2.950000000000000000e+04 9.557439999999999269e-01
2.960000000000000000e+04 9.530119999999999703e-01
2.970000000000000000e+04 9.608679999999999444e-01
2.980000000000000000e+04 9.494320000000000537e-01
2.990000000000000000e+04 9.534039999999999182e-01
3.000000000000000000e+04 9.499960000000000626e-01
