0.000000000000000000e+00 5.123316338962622396e-01
1.000000000000000000e+02 4.753459354727641584e-01
2.000000000000000000e+02 7.081737792692194278e-01
3.000000000000000000e+02 7.629313122122999280e-01
4.000000000000000000e+02 7.927383907659719675e-01
5.000000000000000000e+02 8.212394556087119213e-01
6.000000000000000000e+02 8.355821207351378233e-01
7.000000000000000000e+02 8.362327047423765425e-01
8.000000000000000000e+02 8.545943152556327860e-01
9.000000000000000000e+02 8.506031258944453111e-01
1.000000000000000000e+03 8.706077722699444577e-01
1.100000000000000000e+03 8.838852227288642727e-01
1.200000000000000000e+03 8.800041298317766714e-01
1.300000000000000000e+03 8.700362161982402309e-01
1.400000000000000000e+03 8.946116959334933227e-01
1.500000000000000000e+03 8.940016007649586038e-01
1.600000000000000000e+03 9.034974977741609958e-01
1.700000000000000000e+03 9.063119865315001356e-01
1.800000000000000000e+03 9.036914816294392416e-01
1.900000000000000000e+03 8.985669250356246307e-01
2.000000000000000000e+03 8.954954781082233861e-01
2.100000000000000000e+03 8.934873010389187131e-01
2.200000000000000000e+03 9.236098615816134005e-01
2.300000000000000000e+03 9.153609954246736402e-01
2.400000000000000000e+03 9.039996717877191168e-01
2.500000000000000000e+03 9.212510386855405908e-01
2.600000000000000000e+03 9.230116703576540793e-01
2.700000000000000000e+03 9.167802705264692653e-01
2.800000000000000000e+03 9.228983759779227913e-01
2.900000000000000000e+03 9.257201828032898261e-01
3.000000000000000000e+03 9.266741000191038857e-01
3.100000000000000000e+03 9.152181229305036414e-01
3.200000000000000000e+03 9.157819252687426914e-01
3.300000000000000000e+03 9.178677554590770615e-01
3.400000000000000000e+03 9.371998798381770968e-01
3.500000000000000000e+03 9.128256172461616247e-01
3.600000000000000000e+03 9.314100319174124509e-01
3.700000000000000000e+03 9.258678053309730149e-01
3.800000000000000000e+03 9.191707550636537549e-01
3.900000000000000000e+03 9.272296556385345445e-01
4.000000000000000000e+03 9.344269032055840807e-01
4.100000000000000000e+03 9.199572354624023784e-01
4.200000000000000000e+03 9.299790218831808231e-01
4.300000000000000000e+03 9.321501590189273934e-01
4.400000000000000000e+03 9.116671135427261152e-01
4.500000000000000000e+03 9.279764771210028407e-01
4.600000000000000000e+03 9.287122164883718778e-01
4.700000000000000000e+03 9.287053152877449147e-01
4.800000000000000000e+03 9.224859563884746372e-01
4.900000000000000000e+03 9.244706820186858742e-01
5.000000000000000000e+03 9.335291598353320230e-01
5.100000000000000000e+03 9.089037547413436613e-01
5.200000000000000000e+03 9.243705817314944451e-01
5.300000000000000000e+03 9.390891110124590657e-01
5.400000000000000000e+03 9.235692280719802749e-01
5.500000000000000000e+03 9.231242756640281044e-01
5.600000000000000000e+03 9.417258475833832909e-01
5.700000000000000000e+03 9.443003338929082391e-01
5.800000000000000000e+03 9.271566059550747640e-01
5.900000000000000000e+03 9.261253364904207253e-01
6.000000000000000000e+03 9.243336659142011857e-01
6.100000000000000000e+03 9.333996586099919668e-01
6.200000000000000000e+03 9.205348971992364238e-01
6.300000000000000000e+03 9.382111398069044039e-01
6.400000000000000000e+03 9.128923786157981946e-01
6.500000000000000000e+03 9.353755815371582738e-01
6.600000000000000000e+03 9.292779411110594356e-01
6.700000000000000000e+03 9.190489537844129808e-01
6.800000000000000000e+03 9.340000097273027935e-01
6.900000000000000000e+03 9.269168692969518286e-01
7.000000000000000000e+03 9.251298833431007562e-01
7.100000000000000000e+03 9.121081013672089899e-01
7.200000000000000000e+03 9.318843584801940194e-01
7.300000000000000000e+03 9.109675042853848659e-01
7.400000000000000000e+03 9.269191765040132314e-01
7.500000000000000000e+03 9.210752194527347392e-01
7.600000000000000000e+03 9.273860646197834567e-01
7.700000000000000000e+03 9.224372167700620739e-01
7.800000000000000000e+03 9.380961602427846380e-01
7.900000000000000000e+03 9.085660286777657024e-01
8.000000000000000000e+03 9.324403452369778300e-01
8.100000000000000000e+03 9.330278479197910979e-01
8.200000000000000000e+03 9.159937648977132252e-01
8.300000000000000000e+03 9.279836372593537330e-01
8.400000000000000000e+03 9.065294074182296269e-01
8.500000000000000000e+03 9.335524775612968895e-01
8.600000000000000000e+03 9.294392251320838794e-01
8.700000000000000000e+03 9.344147445293091714e-01
8.800000000000000000e+03 9.237562357494559784e-01
8.900000000000000000e+03 9.327438602180377902e-01
9.000000000000000000e+03 9.330816186594257378e-01
9.100000000000000000e+03 9.289844321055973353e-01
9.200000000000000000e+03 9.155613595786576964e-01
9.300000000000000000e+03 9.390853564672143605e-01
9.400000000000000000e+03 9.193396020371609190e-01
9.500000000000000000e+03 9.286477233840031431e-01
9.600000000000000000e+03 9.333800506767084837e-01
9.700000000000000000e+03 9.180711287280542976e-01
9.800000000000000000e+03 9.234708126794423100e-01
9.900000000000000000e+03 9.190942623942790490e-01
1.000000000000000000e+04 9.298962289798282654e-01
1.010000000000000000e+04 9.269267732054873310e-01
1.020000000000000000e+04 9.352337468061643344e-01
1.030000000000000000e+04 9.212414673792140851e-01
1.040000000000000000e+04 9.240280889100361827e-01
1.050000000000000000e+04 9.219000022907043457e-01
1.060000000000000000e+04 9.371087542298907058e-01
1.070000000000000000e+04 9.305961169486938189e-01
1.080000000000000000e+04 9.192296974578997304e-01
1.090000000000000000e+04 9.391311742334100821e-01
1.100000000000000000e+04 9.187185070865726555e-01
1.110000000000000000e+04 9.366724384497338018e-01
1.120000000000000000e+04 9.276809870418052384e-01
1.130000000000000000e+04 9.335758423588083055e-01
1.140000000000000000e+04 9.244831599291628565e-01
1.150000000000000000e+04 9.310137454084626007e-01
1.160000000000000000e+04 9.329062699195491692e-01
1.170000000000000000e+04 9.161460262326363013e-01
1.180000000000000000e+04 9.221906471052465637e-01
1.190000000000000000e+04 9.410693774257874455e-01
1.200000000000000000e+04 9.266581263882217590e-01
1.210000000000000000e+04 9.327858194750572318e-01
1.220000000000000000e+04 9.351181945858297873e-01
1.230000000000000000e+04 9.406001301861328656e-01
1.240000000000000000e+04 9.423434884419515933e-01
1.250000000000000000e+04 9.247380377326889223e-01
1.260000000000000000e+04 9.300602325885655164e-01
1.270000000000000000e+04 9.418403448230895370e-01
1.280000000000000000e+04 9.353796996553693788e-01
1.290000000000000000e+04 9.285430191684275192e-01
1.300000000000000000e+04 9.176297162643428651e-01
1.310000000000000000e+04 9.310871325074675520e-01
1.320000000000000000e+04 9.298764043537650625e-01
1.330000000000000000e+04 9.244579975588719245e-01
1.340000000000000000e+04 9.258867767907319468e-01
1.350000000000000000e+04 9.353599515062749337e-01
1.360000000000000000e+04 9.220062773242811982e-01
1.370000000000000000e+04 9.267279468615803317e-01
1.380000000000000000e+04 9.354916334668585964e-01
1.390000000000000000e+04 9.283805163889670142e-01
1.400000000000000000e+04 9.322223144595690458e-01
1.410000000000000000e+04 9.249053317655030471e-01
1.420000000000000000e+04 9.241230079884678039e-01
1.430000000000000000e+04 9.192299492244123682e-01
1.440000000000000000e+04 9.271547994595399356e-01
1.450000000000000000e+04 9.334786144905978800e-01
1.460000000000000000e+04 9.272327842443937040e-01
1.470000000000000000e+04 9.312130078810045841e-01
1.480000000000000000e+04 9.253101674979082869e-01
1.490000000000000000e+04 9.173454646023140313e-01
1.500000000000000000e+04 9.390616845339846419e-01
1.510000000000000000e+04 9.301152428889228885e-01
1.520000000000000000e+04 9.266261237636869152e-01
1.530000000000000000e+04 9.178181461874552749e-01
1.540000000000000000e+04 9.315605015042178749e-01
1.550000000000000000e+04 9.257103062333892352e-01
1.560000000000000000e+04 9.393008401354410175e-01
1.570000000000000000e+04 9.307097000296798983e-01
1.580000000000000000e+04 9.304157250215427943e-01
1.590000000000000000e+04 9.133481292247650485e-01
1.600000000000000000e+04 9.229321422551286513e-01
1.610000000000000000e+04 9.315770813068915412e-01
1.620000000000000000e+04 9.186814000606611241e-01
1.630000000000000000e+04 9.162999921947854176e-01
1.640000000000000000e+04 9.359850718769805455e-01
1.650000000000000000e+04 9.287286473698779243e-01
1.660000000000000000e+04 9.334092333583214884e-01
1.670000000000000000e+04 9.354164143762242478e-01
1.680000000000000000e+04 9.256924009329301484e-01
1.690000000000000000e+04 9.221905129182034200e-01
1.700000000000000000e+04 9.351228136304930993e-01
1.710000000000000000e+04 9.329603251079799930e-01
1.720000000000000000e+04 9.362391290665788013e-01
1.730000000000000000e+04 9.358114693970169817e-01
1.740000000000000000e+04 9.373300891333287144e-01
1.750000000000000000e+04 9.345804788967670973e-01
1.760000000000000000e+04 9.250226043856781821e-01
1.770000000000000000e+04 9.367358203810989270e-01
1.780000000000000000e+04 9.306098041643094954e-01
1.790000000000000000e+04 9.312078748823556795e-01
1.800000000000000000e+04 9.285044423270494285e-01
1.810000000000000000e+04 9.308470201772858221e-01
1.820000000000000000e+04 9.238869174652853955e-01
1.830000000000000000e+04 9.143528982143358519e-01
1.840000000000000000e+04 9.319181440247352732e-01
1.850000000000000000e+04 9.201776835096833196e-01
1.860000000000000000e+04 9.323976442886915406e-01
1.870000000000000000e+04 9.139370000116591175e-01
1.880000000000000000e+04 9.346208943205328579e-01
1.890000000000000000e+04 9.264443759237699361e-01
1.900000000000000000e+04 9.332037683396208205e-01
1.910000000000000000e+04 9.236339235531232372e-01
1.920000000000000000e+04 9.278789048658255822e-01
1.930000000000000000e+04 9.265617570614828047e-01
1.940000000000000000e+04 9.279259087266287231e-01
1.950000000000000000e+04 9.280009377190341358e-01
1.960000000000000000e+04 9.234328098822410791e-01
1.970000000000000000e+04 9.319544331674993742e-01
1.980000000000000000e+04 9.318831698500383842e-01
1.990000000000000000e+04 9.192761743132866759e-01
2.000000000000000000e+04 9.399160279233377269e-01
2.010000000000000000e+04 9.269367105815814467e-01
2.020000000000000000e+04 9.267635874005250018e-01
2.030000000000000000e+04 9.333521638236883522e-01
2.040000000000000000e+04 9.284847605269697102e-01
2.050000000000000000e+04 9.503617559307429019e-01
2.060000000000000000e+04 9.271276271223733989e-01
2.070000000000000000e+04 9.278408546217791208e-01
2.080000000000000000e+04 9.265657291924844774e-01
2.090000000000000000e+04 9.355293479126022271e-01
2.100000000000000000e+04 9.328637877131811251e-01
2.110000000000000000e+04 9.324641625110564602e-01
2.120000000000000000e+04 9.335524257822144234e-01
2.130000000000000000e+04 9.239665736838597043e-01
2.140000000000000000e+04 9.282421403162313123e-01
2.150000000000000000e+04 9.211687424072962926e-01
2.160000000000000000e+04 9.153579184449318618e-01
2.170000000000000000e+04 9.293705882755386449e-01
2.180000000000000000e+04 9.328816743236154618e-01
2.190000000000000000e+04 9.343000098225824335e-01
2.200000000000000000e+04 9.278743853278037523e-01
2.210000000000000000e+04 9.335990811910506171e-01
2.220000000000000000e+04 9.300353628633036829e-01
2.230000000000000000e+04 9.316932273532085862e-01
2.240000000000000000e+04 9.303797482903445326e-01
2.250000000000000000e+04 9.405925413880982244e-01
2.260000000000000000e+04 9.152809249781670431e-01
2.270000000000000000e+04 9.340334443657661856e-01
2.280000000000000000e+04 9.313015707931480147e-01
2.290000000000000000e+04 9.281347754398474592e-01
2.300000000000000000e+04 9.324572372760271399e-01
2.310000000000000000e+04 9.459905630428315781e-01
2.320000000000000000e+04 9.366960567883373390e-01
2.330000000000000000e+04 9.395065379858578147e-01
2.340000000000000000e+04 9.241444881236455799e-01
2.350000000000000000e+04 9.326757184541285550e-01
2.360000000000000000e+04 9.196356549246696988e-01
2.370000000000000000e+04 9.319008754812874162e-01
2.380000000000000000e+04 9.235981018404494369e-01
2.390000000000000000e+04 9.233907306149009564e-01
2.400000000000000000e+04 9.275587256632272792e-01
2.410000000000000000e+04 9.292810482567830377e-01
2.420000000000000000e+04 9.289379739839515038e-01
2.430000000000000000e+04 9.179735942784428282e-01
2.440000000000000000e+04 9.330691591882139813e-01
2.450000000000000000e+04 9.258946492031772113e-01
2.460000000000000000e+04 9.310783058560003767e-01
2.470000000000000000e+04 9.331608868408871604e-01
2.480000000000000000e+04 9.365121708533077349e-01
2.490000000000000000e+04 9.250839132626242911e-01
2.500000000000000000e+04 9.425177522367205185e-01
2.510000000000000000e+04 9.313333190363646263e-01
2.520000000000000000e+04 9.300988040579738492e-01
2.530000000000000000e+04 9.306502929132585145e-01
2.540000000000000000e+04 9.245649319263066213e-01
2.550000000000000000e+04 9.341778484359296586e-01
2.560000000000000000e+04 9.362984078375081731e-01
2.570000000000000000e+04 9.386183052731744691e-01
2.580000000000000000e+04 9.256877348420247120e-01
2.590000000000000000e+04 9.337467756345765313e-01
2.600000000000000000e+04 9.305309924651642417e-01
2.610000000000000000e+04 9.203547626883067379e-01
2.620000000000000000e+04 9.086360506090754852e-01
2.630000000000000000e+04 9.351462212057128909e-01
2.640000000000000000e+04 9.383017898099172971e-01
2.650000000000000000e+04 9.320328584082337997e-01
2.660000000000000000e+04 9.215546325931122107e-01
2.670000000000000000e+04 9.285512006052210054e-01
2.680000000000000000e+04 9.307228687938354783e-01
2.690000000000000000e+04 9.344889538550364971e-01
2.700000000000000000e+04 9.331750321948435456e-01
2.710000000000000000e+04 9.223554531555870906e-01
2.720000000000000000e+04 9.299298221319231006e-01
2.730000000000000000e+04 9.309682280530573451e-01
2.740000000000000000e+04 9.341217025235736271e-01
2.750000000000000000e+04 9.264014142577808864e-01
2.760000000000000000e+04 9.388735844181955725e-01
2.770000000000000000e+04 9.309942194432847540e-01
2.780000000000000000e+04 9.276509735510181098e-01
2.790000000000000000e+04 9.313558133333266209e-01
2.800000000000000000e+04 9.284620367206173341e-01
2.810000000000000000e+04 9.182121820082373986e-01
2.820000000000000000e+04 9.352066651511525830e-01
2.830000000000000000e+04 9.340281601758648744e-01
2.840000000000000000e+04 9.312751169398340023e-01
2.850000000000000000e+04 9.294552435474620067e-01
2.860000000000000000e+04 9.286263776122515301e-01
2.870000000000000000e+04 9.313171482328777007e-01
2.880000000000000000e+04 9.277533681468070892e-01
2.890000000000000000e+04 9.353988271582305281e-01
2.900000000000000000e+04 9.346506757211791028e-01
2.910000000000000000e+04 9.388542625700897482e-01
2.920000000000000000e+04 9.236898486347078219e-01
2.930000000000000000e+04 9.344486595479288837e-01
2.940000000000000000e+04 9.300074671255080805e-01
2.950000000000000000e+04 9.260343884172470563e-01
2.960000000000000000e+04 9.342784895858335936e-01
2.970000000000000000e+04 9.261648086633097465e-01
2.980000000000000000e+04 9.288601144446072544e-01
2.990000000000000000e+04 9.356421843490201340e-01
3.000000000000000000e+04 9.220659913204958258e-01
