0.000000000000000000e+00 5.097800000000000109e-01
1.000000000000000000e+02 4.891800000000000592e-01
2.000000000000000000e+02 6.854320000000000412e-01
3.000000000000000000e+02 7.291360000000000063e-01
4.000000000000000000e+02 7.649559999999999693e-01
5.000000000000000000e+02 7.869000000000000439e-01
6.000000000000000000e+02 8.007119999999998683e-01
7.000000000000000000e+02 7.989439999999999875e-01
8.000000000000000000e+02 8.177879999999999594e-01
9.000000000000000000e+02 8.112439999999999651e-01
1.000000000000000000e+03 8.454319999999999613e-01
1.100000000000000000e+03 8.548679999999999612e-01
1.200000000000000000e+03 8.524320000000000785e-01
1.300000000000000000e+03 8.385639999999999761e-01
1.400000000000000000e+03 8.739159999999999151e-01
1.500000000000000000e+03 8.684279999999999777e-01
1.600000000000000000e+03 8.830800000000000871e-01
1.700000000000000000e+03 8.827560000000000962e-01
1.800000000000000000e+03 8.807199999999999473e-01
1.900000000000000000e+03 8.752960000000000740e-01
2.000000000000000000e+03 8.715479999999999894e-01
2.100000000000000000e+03 8.689000000000001167e-01
2.200000000000000000e+03 9.010440000000000671e-01
2.300000000000000000e+03 8.984639999999999294e-01
2.400000000000000000e+03 8.795079999999999565e-01
2.500000000000000000e+03 9.057640000000000136e-01
2.600000000000000000e+03 9.034199999999998898e-01
2.700000000000000000e+03 8.969880000000001186e-01
2.800000000000000000e+03 9.077679999999999083e-01
2.900000000000000000e+03 9.077279999999998683e-01
3.000000000000000000e+03 9.110119999999999330e-01
3.100000000000000000e+03 8.985919999999999463e-01
3.200000000000000000e+03 8.953480000000000327e-01
3.300000000000000000e+03 9.033160000000000078e-01
3.400000000000000000e+03 9.238679999999999115e-01
3.500000000000000000e+03 8.959319999999999506e-01
3.600000000000000000e+03 9.144079999999999986e-01
3.700000000000000000e+03 9.096600000000000241e-01
3.800000000000000000e+03 9.003640000000000532e-01
3.900000000000000000e+03 9.124639999999999418e-01
4.000000000000000000e+03 9.172719999999998652e-01
4.100000000000000000e+03 8.989200000000001634e-01
4.200000000000000000e+03 9.123839999999999728e-01
4.300000000000000000e+03 9.153440000000000465e-01
4.400000000000000000e+03 8.923520000000000341e-01
4.500000000000000000e+03 9.128840000000000288e-01
4.600000000000000000e+03 9.127079999999999638e-01
4.700000000000000000e+03 9.107960000000000500e-01
4.800000000000000000e+03 9.025559999999999139e-01
4.900000000000000000e+03 9.087400000000001032e-01
5.000000000000000000e+03 9.185320000000000151e-01
5.100000000000000000e+03 8.876519999999998856e-01
5.200000000000000000e+03 9.063680000000000625e-01
5.300000000000000000e+03 9.259640000000000093e-01
5.400000000000000000e+03 9.070599999999999774e-01
5.500000000000000000e+03 9.062560000000000615e-01
5.600000000000000000e+03 9.254839999999999733e-01
5.700000000000000000e+03 9.332439999999998514e-01
5.800000000000000000e+03 9.146079999999999766e-01
5.900000000000000000e+03 9.080999999999999073e-01
6.000000000000000000e+03 9.079159999999998343e-01
6.100000000000000000e+03 9.188159999999999661e-01
6.200000000000000000e+03 9.059160000000000545e-01
6.300000000000000000e+03 9.271399999999999642e-01
6.400000000000000000e+03 8.944079999999999808e-01
6.500000000000000000e+03 9.235439999999999205e-01
6.600000000000000000e+03 9.130759999999999987e-01
6.700000000000000000e+03 9.004080000000000972e-01
6.800000000000000000e+03 9.200879999999999059e-01
6.900000000000000000e+03 9.125280000000000058e-01
7.000000000000000000e+03 9.068680000000002295e-01
7.100000000000000000e+03 8.950199999999999267e-01
7.200000000000000000e+03 9.153599999999999515e-01
7.300000000000000000e+03 8.879600000000000826e-01
7.400000000000000000e+03 9.112480000000000580e-01
7.500000000000000000e+03 9.095280000000000031e-01
7.600000000000000000e+03 9.125639999999999308e-01
7.700000000000000000e+03 9.075519999999999143e-01
7.800000000000000000e+03 9.263719999999999732e-01
7.900000000000000000e+03 8.861719999999999597e-01
8.000000000000000000e+03 9.165039999999999853e-01
8.100000000000000000e+03 9.186439999999999051e-01
8.200000000000000000e+03 8.995560000000000223e-01
8.300000000000000000e+03 9.158359999999998724e-01
8.400000000000000000e+03 8.820080000000000142e-01
8.500000000000000000e+03 9.141639999999999766e-01
8.600000000000000000e+03 9.103040000000000020e-01
8.700000000000000000e+03 9.200439999999999729e-01
8.800000000000000000e+03 9.057720000000000216e-01
8.900000000000000000e+03 9.182120000000000282e-01
9.000000000000000000e+03 9.164399999999999213e-01
9.100000000000000000e+03 9.146440000000000126e-01
9.200000000000000000e+03 8.984240000000001114e-01
9.300000000000000000e+03 9.229199999999999626e-01
9.400000000000000000e+03 9.024719999999999409e-01
9.500000000000000000e+03 9.128239999999998577e-01
9.600000000000000000e+03 9.209199999999999608e-01
9.700000000000000000e+03 8.960360000000000547e-01
9.800000000000000000e+03 9.026039999999999619e-01
9.900000000000000000e+03 8.984920000000000684e-01
1.000000000000000000e+04 9.155559999999999254e-01
1.010000000000000000e+04 9.104999999999999760e-01
1.020000000000000000e+04 9.209840000000000249e-01
1.030000000000000000e+04 9.015919999999999490e-01
1.040000000000000000e+04 9.072359999999999314e-01
1.050000000000000000e+04 9.052040000000001196e-01
1.060000000000000000e+04 9.218360000000000998e-01
1.070000000000000000e+04 9.118319999999999759e-01
1.080000000000000000e+04 8.969080000000000386e-01
1.090000000000000000e+04 9.206880000000000619e-01
1.100000000000000000e+04 9.020960000000000090e-01
1.110000000000000000e+04 9.219359999999998667e-01
1.120000000000000000e+04 9.109480000000000910e-01
1.130000000000000000e+04 9.158719999999999084e-01
1.140000000000000000e+04 9.097520000000000051e-01
1.150000000000000000e+04 9.135439999999999117e-01
1.160000000000000000e+04 9.183799999999999741e-01
1.170000000000000000e+04 8.979920000000000124e-01
1.180000000000000000e+04 9.066400000000000015e-01
1.190000000000000000e+04 9.275200000000000111e-01
1.200000000000000000e+04 9.114600000000000479e-01
1.210000000000000000e+04 9.196400000000000130e-01
1.220000000000000000e+04 9.200200000000000600e-01
1.230000000000000000e+04 9.299039999999998418e-01
1.240000000000000000e+04 9.292280000000000539e-01
1.250000000000000000e+04 9.126440000000000108e-01
1.260000000000000000e+04 9.160800000000000054e-01
1.270000000000000000e+04 9.285200000000000120e-01
1.280000000000000000e+04 9.198279999999999790e-01
1.290000000000000000e+04 9.108439999999999870e-01
1.300000000000000000e+04 8.956919999999999327e-01
1.310000000000000000e+04 9.128439999999999888e-01
1.320000000000000000e+04 9.154079999999999995e-01
1.330000000000000000e+04 9.065679999999999295e-01
1.340000000000000000e+04 9.078239999999999643e-01
1.350000000000000000e+04 9.208839999999998138e-01
1.360000000000000000e+04 9.079879999999997953e-01
1.370000000000000000e+04 9.071320000000000494e-01
1.380000000000000000e+04 9.193600000000000660e-01
1.390000000000000000e+04 9.119919999999999138e-01
1.400000000000000000e+04 9.169439999999999813e-01
1.410000000000000000e+04 9.066839999999999344e-01
1.420000000000000000e+04 9.040359999999999507e-01
1.430000000000000000e+04 8.980879999999998864e-01
1.440000000000000000e+04 9.126600000000000268e-01
1.450000000000000000e+04 9.170000000000000373e-01
1.460000000000000000e+04 9.138519999999999976e-01
1.470000000000000000e+04 9.166919999999999513e-01
1.480000000000000000e+04 9.076359999999999983e-01
1.490000000000000000e+04 8.957680000000000087e-01
1.500000000000000000e+04 9.260760000000000103e-01
1.510000000000000000e+04 9.140319999999999556e-01
1.520000000000000000e+04 9.117959999999999399e-01
1.530000000000000000e+04 9.025600000000000289e-01
1.540000000000000000e+04 9.134760000000001767e-01
1.550000000000000000e+04 9.061599999999999655e-01
1.560000000000000000e+04 9.268359999999999932e-01
1.570000000000000000e+04 9.137420000000000542e-01
1.580000000000000000e+04 9.122080000000000188e-01
1.590000000000000000e+04 8.928479999999999750e-01
1.600000000000000000e+04 9.058359999999999745e-01
1.610000000000000000e+04 9.157959999999998324e-01
1.620000000000000000e+04 9.035480000000000178e-01
1.630000000000000000e+04 9.021719999999999740e-01
1.640000000000000000e+04 9.196639999999998150e-01
1.650000000000000000e+04 9.101560000000000761e-01
1.660000000000000000e+04 9.165999999999999703e-01
1.670000000000000000e+04 9.217839999999999367e-01
1.680000000000000000e+04 9.079879999999999063e-01
1.690000000000000000e+04 9.066279999999998784e-01
1.700000000000000000e+04 9.175640000000000462e-01
1.710000000000000000e+04 9.151960000000000095e-01
1.720000000000000000e+04 9.206400000000000139e-01
1.730000000000000000e+04 9.232159999999999256e-01
1.740000000000000000e+04 9.220600000000001017e-01
1.750000000000000000e+04 9.219039999999999457e-01
1.760000000000000000e+04 9.062280000000000335e-01
1.770000000000000000e+04 9.207240000000000979e-01
1.780000000000000000e+04 9.137960000000000527e-01
1.790000000000000000e+04 9.154119999999998925e-01
1.800000000000000000e+04 9.149680000000000035e-01
1.810000000000000000e+04 9.140239999999999476e-01
1.820000000000000000e+04 9.063640000000000585e-01
1.830000000000000000e+04 8.966600000000000126e-01
1.840000000000000000e+04 9.140520000000000866e-01
1.850000000000000000e+04 9.024719999999999409e-01
1.860000000000000000e+04 9.153559999999999475e-01
1.870000000000000000e+04 8.940079999999999139e-01
1.880000000000000000e+04 9.194120000000000070e-01
1.890000000000000000e+04 9.074240000000000084e-01
1.900000000000000000e+04 9.171440000000000703e-01
1.910000000000000000e+04 9.052839999999998666e-01
1.920000000000000000e+04 9.104920000000000790e-01
1.930000000000000000e+04 9.104559999999999320e-01
1.940000000000000000e+04 9.120519999999999738e-01
1.950000000000000000e+04 9.131000000000000227e-01
1.960000000000000000e+04 9.084960000000000813e-01
1.970000000000000000e+04 9.141599999999998616e-01
1.980000000000000000e+04 9.166199999999999903e-01
1.990000000000000000e+04 8.981840000000000934e-01
2.000000000000000000e+04 9.257039999999999713e-01
2.010000000000000000e+04 9.078119999999999523e-01
2.020000000000000000e+04 9.072280000000000344e-01
2.030000000000000000e+04 9.165720000000000534e-01
2.040000000000000000e+04 9.100679999999999881e-01
2.050000000000000000e+04 9.392719999999999958e-01
2.060000000000000000e+04 9.102760000000000851e-01
2.070000000000000000e+04 9.055720000000000436e-01
2.080000000000000000e+04 9.104399999999999160e-01
2.090000000000000000e+04 9.184679999999999511e-01
2.100000000000000000e+04 9.142799999999998706e-01
2.110000000000000000e+04 9.171800000000001063e-01
2.120000000000000000e+04 9.180519999999999792e-01
2.130000000000000000e+04 9.035120000000000928e-01
2.140000000000000000e+04 9.102079999999999060e-01
2.150000000000000000e+04 9.046360000000001067e-01
2.160000000000000000e+04 8.934440000000000159e-01
2.170000000000000000e+04 9.179680000000000062e-01
2.180000000000000000e+04 9.150399999999998535e-01
2.190000000000000000e+04 9.150160000000000515e-01
2.200000000000000000e+04 9.095520000000000271e-01
2.210000000000000000e+04 9.197159999999999780e-01
2.220000000000000000e+04 9.159040000000000514e-01
2.230000000000000000e+04 9.150679999999999925e-01
2.240000000000000000e+04 9.139820000000000721e-01
2.250000000000000000e+04 9.232239999999999336e-01
2.260000000000000000e+04 8.976999999999999424e-01
2.270000000000000000e+04 9.225920000000000787e-01
2.280000000000000000e+04 9.180000000000001492e-01
2.290000000000000000e+04 9.092880000000000962e-01
2.300000000000000000e+04 9.160199999999999454e-01
2.310000000000000000e+04 9.304719999999999658e-01
2.320000000000000000e+04 9.203919999999998769e-01
2.330000000000000000e+04 9.237200000000000966e-01
2.340000000000000000e+04 9.047840000000000327e-01
2.350000000000000000e+04 9.180759999999998922e-01
2.360000000000000000e+04 9.015400000000000080e-01
2.370000000000000000e+04 9.166840000000000543e-01
2.380000000000000000e+04 9.019999999999999130e-01
2.390000000000000000e+04 9.062760000000000815e-01
2.400000000000000000e+04 9.088920000000000332e-01
2.410000000000000000e+04 9.115919999999998469e-01
2.420000000000000000e+04 9.127760000000000318e-01
2.430000000000000000e+04 8.989800000000001123e-01
2.440000000000000000e+04 9.156400000000000095e-01
2.450000000000000000e+04 9.078359999999998653e-01
2.460000000000000000e+04 9.137679999999999136e-01
2.470000000000000000e+04 9.184759999999999591e-01
2.480000000000000000e+04 9.207359999999998879e-01
2.490000000000000000e+04 9.074320000000000164e-01
2.500000000000000000e+04 9.298799999999999288e-01
2.510000000000000000e+04 9.167199999999999793e-01
2.520000000000000000e+04 9.111320000000000530e-01
2.530000000000000000e+04 9.168239999999999723e-01
2.540000000000000000e+04 9.093160000000000132e-01
2.550000000000000000e+04 9.174039999999998862e-01
2.560000000000000000e+04 9.196839999999999460e-01
2.570000000000000000e+04 9.221159999999999357e-01
2.580000000000000000e+04 9.085999999999999632e-01
2.590000000000000000e+04 9.201079999999999259e-01
2.600000000000000000e+04 9.142999999999998906e-01
2.610000000000000000e+04 9.026000000000000689e-01
2.620000000000000000e+04 8.869320000000000537e-01
2.630000000000000000e+04 9.193419999999998815e-01
2.640000000000000000e+04 9.222639999999999727e-01
2.650000000000000000e+04 9.151279999999999415e-01
2.660000000000000000e+04 9.005999999999999561e-01
2.670000000000000000e+04 9.121559999999999668e-01
2.680000000000000000e+04 9.132599999999999607e-01
2.690000000000000000e+04 9.182360000000000522e-01
2.700000000000000000e+04 9.165479999999999183e-01
2.710000000000000000e+04 9.044520000000000337e-01
2.720000000000000000e+04 9.166480000000000183e-01
2.730000000000000000e+04 9.141119999999999246e-01
2.740000000000000000e+04 9.198999999999999400e-01
2.750000000000000000e+04 9.106000000000000760e-01
2.760000000000000000e+04 9.229760000000000186e-01
2.770000000000000000e+04 9.164039999999999964e-01
2.780000000000000000e+04 9.136760000000000437e-01
2.790000000000000000e+04 9.138360000000000927e-01
2.800000000000000000e+04 9.127759999999998097e-01
2.810000000000000000e+04 8.990759999999999863e-01
2.820000000000000000e+04 9.221840000000001147e-01
2.830000000000000000e+04 9.149639999999999995e-01
2.840000000000000000e+04 9.129680000000001128e-01
2.850000000000000000e+04 9.103479999999999350e-01
2.860000000000000000e+04 9.146440000000000126e-01
2.870000000000000000e+04 9.140360000000000706e-01
2.880000000000000000e+04 9.108199999999998520e-01
2.890000000000000000e+04 9.226239999999999997e-01
2.900000000000000000e+04 9.163879999999999804e-01
2.910000000000000000e+04 9.269239999999998592e-01
2.920000000000000000e+04 9.064679999999999405e-01
2.930000000000000000e+04 9.190439999999999721e-01
2.940000000000000000e+04 9.129000000000000448e-01
2.950000000000000000e+04 9.079239999999999533e-01
2.960000000000000000e+04 9.154160000000000075e-01
2.970000000000000000e+04 9.083120000000000083e-01
2.980000000000000000e+04 9.098399999999998711e-01
2.990000000000000000e+04 9.206680000000000419e-01
3.000000000000000000e+04 9.035280000000001088e-01
