0.000000000000000000e+00 4.815292635935732313e-01
1.000000000000000000e+02 3.700960122403426644e-01
2.000000000000000000e+02 3.826424119825078130e-01
3.000000000000000000e+02 3.913727483376644445e-01
4.000000000000000000e+02 4.035392231076551095e-01
5.000000000000000000e+02 4.037458269657224208e-01
6.000000000000000000e+02 4.069319060902764074e-01
7.000000000000000000e+02 4.057705719497922692e-01
8.000000000000000000e+02 4.142017858687527254e-01
9.000000000000000000e+02 4.372675325358414966e-01
1.000000000000000000e+03 4.165164578285834862e-01
1.100000000000000000e+03 4.299921295341687655e-01
1.200000000000000000e+03 4.382579054601665747e-01
1.300000000000000000e+03 4.483745342437994164e-01
1.400000000000000000e+03 4.302626416870524162e-01
1.500000000000000000e+03 4.532272997163840911e-01
1.600000000000000000e+03 4.509320951963860513e-01
1.700000000000000000e+03 4.593356645726225373e-01
1.800000000000000000e+03 4.583832747403950858e-01
1.900000000000000000e+03 4.764534245411977675e-01
2.000000000000000000e+03 4.916338218095782642e-01
2.100000000000000000e+03 4.781880387546929012e-01
2.200000000000000000e+03 5.059843260810675813e-01
2.300000000000000000e+03 5.118207457131536131e-01
2.400000000000000000e+03 4.841139446788125800e-01
2.500000000000000000e+03 5.116459867849908472e-01
2.600000000000000000e+03 5.106906639766646272e-01
2.700000000000000000e+03 5.464887802668265682e-01
2.800000000000000000e+03 5.378588936303971835e-01
2.900000000000000000e+03 5.239382724471035591e-01
3.000000000000000000e+03 5.448781623921568062e-01
3.100000000000000000e+03 5.404344577477833145e-01
3.200000000000000000e+03 5.294248792578646334e-01
3.300000000000000000e+03 5.235565065604604884e-01
3.400000000000000000e+03 5.522257402404394666e-01
3.500000000000000000e+03 5.581090980655202261e-01
3.600000000000000000e+03 5.424894603058398879e-01
3.700000000000000000e+03 5.927711004176254850e-01
3.800000000000000000e+03 5.865910577673055792e-01
3.900000000000000000e+03 5.827311954229190682e-01
4.000000000000000000e+03 5.942882062345741234e-01
4.100000000000000000e+03 6.025064924828166246e-01
4.200000000000000000e+03 5.767714967380161983e-01
4.300000000000000000e+03 6.017931415812148854e-01
4.400000000000000000e+03 6.138798820950056578e-01
4.500000000000000000e+03 6.190084556362506207e-01
4.600000000000000000e+03 6.285928635322260982e-01
4.700000000000000000e+03 6.567622033391399272e-01
4.800000000000000000e+03 6.314573255847190092e-01
4.900000000000000000e+03 6.705613768279290454e-01
5.000000000000000000e+03 6.617949709482943144e-01
5.100000000000000000e+03 6.471521294764727150e-01
5.200000000000000000e+03 6.896118214641286936e-01
5.300000000000000000e+03 6.728516618069160238e-01
5.400000000000000000e+03 7.146068840046051474e-01
5.500000000000000000e+03 6.780536691776037905e-01
5.600000000000000000e+03 7.318908793275104019e-01
5.700000000000000000e+03 6.987987205822294712e-01
5.800000000000000000e+03 7.196886740636414537e-01
5.900000000000000000e+03 6.888634665302736382e-01
6.000000000000000000e+03 7.060586455785220483e-01
6.100000000000000000e+03 7.183990909704707217e-01
6.200000000000000000e+03 7.477683853959756766e-01
6.300000000000000000e+03 7.371609575379485246e-01
6.400000000000000000e+03 7.552869991902293467e-01
6.500000000000000000e+03 7.427198909551406825e-01
6.600000000000000000e+03 7.413952942773921473e-01
6.700000000000000000e+03 7.505485895364863991e-01
6.800000000000000000e+03 7.534222659781348863e-01
6.900000000000000000e+03 7.655485997312538871e-01
7.000000000000000000e+03 7.625357199165280209e-01
7.100000000000000000e+03 7.818257805534544191e-01
7.200000000000000000e+03 7.794980504830404389e-01
7.300000000000000000e+03 7.657451695832480087e-01
7.400000000000000000e+03 7.933800073654667662e-01
7.500000000000000000e+03 7.953752337636759151e-01
7.600000000000000000e+03 7.904191107588168785e-01
7.700000000000000000e+03 7.788815541556913802e-01
7.800000000000000000e+03 7.777725791106823161e-01
7.900000000000000000e+03 8.107131834534853088e-01
8.000000000000000000e+03 8.229710454669241226e-01
8.100000000000000000e+03 7.916752047358242006e-01
8.200000000000000000e+03 7.988377831321036293e-01
8.300000000000000000e+03 8.181493724880239959e-01
8.400000000000000000e+03 8.031679895638517142e-01
8.500000000000000000e+03 8.296179025737298041e-01
8.600000000000000000e+03 8.142252928671001033e-01
8.700000000000000000e+03 8.356133033333406068e-01
8.800000000000000000e+03 8.318380040363094752e-01
8.900000000000000000e+03 8.230498466800837409e-01
9.000000000000000000e+03 7.981056351429967055e-01
9.100000000000000000e+03 8.287582190485547340e-01
9.200000000000000000e+03 8.188750897323461286e-01
9.300000000000000000e+03 8.347384531283449371e-01
9.400000000000000000e+03 8.424900684462772738e-01
9.500000000000000000e+03 8.489260457314165009e-01
9.600000000000000000e+03 8.357939516440693328e-01
9.700000000000000000e+03 8.320528537159272986e-01
9.800000000000000000e+03 8.529864141356692242e-01
9.900000000000000000e+03 8.400841183566727377e-01
1.000000000000000000e+04 8.477259913298178517e-01
1.010000000000000000e+04 8.410687776160354900e-01
1.020000000000000000e+04 8.766231774844410740e-01
1.030000000000000000e+04 8.543467737169052612e-01
1.040000000000000000e+04 8.692113209084446623e-01
1.050000000000000000e+04 8.661398774142843315e-01
1.060000000000000000e+04 8.612154854763918177e-01
1.070000000000000000e+04 8.635619563224548045e-01
1.080000000000000000e+04 8.551920810094997272e-01
1.090000000000000000e+04 8.694575323982676185e-01
1.100000000000000000e+04 8.503177627038110975e-01
1.110000000000000000e+04 8.597376593036483161e-01
1.120000000000000000e+04 8.777075321829418408e-01
1.130000000000000000e+04 8.759277877340105878e-01
1.140000000000000000e+04 8.895723563238246978e-01
1.150000000000000000e+04 8.795079735819737454e-01
1.160000000000000000e+04 8.717616640302847664e-01
1.170000000000000000e+04 8.768967246315269026e-01
1.180000000000000000e+04 8.683639626067427564e-01
1.190000000000000000e+04 8.767533413458737934e-01
1.200000000000000000e+04 8.862142135060692150e-01
1.210000000000000000e+04 8.764184509248232890e-01
1.220000000000000000e+04 8.767657831809243518e-01
1.230000000000000000e+04 8.905609702196672917e-01
1.240000000000000000e+04 8.725960495210209888e-01
1.250000000000000000e+04 8.788530734327106853e-01
1.260000000000000000e+04 8.977203057458505997e-01
1.270000000000000000e+04 8.898026589708083467e-01
1.280000000000000000e+04 9.097961584222660214e-01
1.290000000000000000e+04 8.994462682801870335e-01
1.300000000000000000e+04 8.932429799601365739e-01
1.310000000000000000e+04 8.939512713220686413e-01
1.320000000000000000e+04 8.998710495330752845e-01
1.330000000000000000e+04 9.001386728756224365e-01
1.340000000000000000e+04 8.991705804651045630e-01
1.350000000000000000e+04 9.040534807013049790e-01
1.360000000000000000e+04 9.043021023714965523e-01
1.370000000000000000e+04 9.140304093823643505e-01
1.380000000000000000e+04 8.907282221210159889e-01
1.390000000000000000e+04 9.064981187571978793e-01
1.400000000000000000e+04 9.113481322095894344e-01
1.410000000000000000e+04 9.167546057703253037e-01
1.420000000000000000e+04 9.305278208640688220e-01
1.430000000000000000e+04 9.337104011649178803e-01
1.440000000000000000e+04 9.222737689528398564e-01
1.450000000000000000e+04 9.147057872786692467e-01
1.460000000000000000e+04 9.123866233728189501e-01
1.470000000000000000e+04 9.228706074706374274e-01
1.480000000000000000e+04 9.130072331740073377e-01
1.490000000000000000e+04 9.188038410972262371e-01
1.500000000000000000e+04 9.348165601096698474e-01
1.510000000000000000e+04 9.276780251201754979e-01
1.520000000000000000e+04 9.326128509130676703e-01
1.530000000000000000e+04 9.329908263420324532e-01
1.540000000000000000e+04 9.290836654396475991e-01
1.550000000000000000e+04 9.369134847523131748e-01
1.560000000000000000e+04 9.314788952503826325e-01
1.570000000000000000e+04 9.301480114141067457e-01
1.580000000000000000e+04 9.327921181217935231e-01
1.590000000000000000e+04 9.465754446839425018e-01
1.600000000000000000e+04 9.140620250442892392e-01
1.610000000000000000e+04 9.384167315796415609e-01
1.620000000000000000e+04 9.445073534871702980e-01
1.630000000000000000e+04 9.439439976686596623e-01
1.640000000000000000e+04 9.395464814577845214e-01
1.650000000000000000e+04 9.382656845830361636e-01
1.660000000000000000e+04 9.455121228330285454e-01
1.670000000000000000e+04 9.486230031089730730e-01
1.680000000000000000e+04 9.488111164147458032e-01
1.690000000000000000e+04 9.393690132227443534e-01
1.700000000000000000e+04 9.422181050856092144e-01
1.710000000000000000e+04 9.472947007305905220e-01
1.720000000000000000e+04 9.440244717132906249e-01
1.730000000000000000e+04 9.471829516703722529e-01
1.740000000000000000e+04 9.429395259767934245e-01
1.750000000000000000e+04 9.486366733505358084e-01
1.760000000000000000e+04 9.506798515684430351e-01
1.770000000000000000e+04 9.443724904942095710e-01
1.780000000000000000e+04 9.545782807568958805e-01
1.790000000000000000e+04 9.474684640084417575e-01
1.800000000000000000e+04 9.560386553321850167e-01
1.810000000000000000e+04 9.515694252378305018e-01
1.820000000000000000e+04 9.523284249207304430e-01
1.830000000000000000e+04 9.499380395013652389e-01
1.840000000000000000e+04 9.526478435974345960e-01
1.850000000000000000e+04 9.583090768232498391e-01
1.860000000000000000e+04 9.602869792230871449e-01
1.870000000000000000e+04 9.481592560676928017e-01
1.880000000000000000e+04 9.593992841231486768e-01
1.890000000000000000e+04 9.550524230980510509e-01
1.900000000000000000e+04 9.533996399611793793e-01
1.910000000000000000e+04 9.500558469310258491e-01
1.920000000000000000e+04 9.503614378500995219e-01
1.930000000000000000e+04 9.476214061166302605e-01
1.940000000000000000e+04 9.495869864229227186e-01
1.950000000000000000e+04 9.554563508996264387e-01
1.960000000000000000e+04 9.572221132649835207e-01
1.970000000000000000e+04 9.526394853577819788e-01
1.980000000000000000e+04 9.574247412547549629e-01
1.990000000000000000e+04 9.568774492623708383e-01
2.000000000000000000e+04 9.534447285684648499e-01
2.010000000000000000e+04 9.591029447044800982e-01
2.020000000000000000e+04 9.476274632344978688e-01
2.030000000000000000e+04 9.524946085890131364e-01
2.040000000000000000e+04 9.533420650404308416e-01
2.050000000000000000e+04 9.501771834597929622e-01
2.060000000000000000e+04 9.472255198254283526e-01
2.070000000000000000e+04 9.518900189598482608e-01
2.080000000000000000e+04 9.483426675216092283e-01
2.090000000000000000e+04 9.533554068206185894e-01
2.100000000000000000e+04 9.473449390615744647e-01
2.110000000000000000e+04 9.554892269871091415e-01
2.120000000000000000e+04 9.496828060504934887e-01
2.130000000000000000e+04 9.563139705776255717e-01
2.140000000000000000e+04 9.523268037711839495e-01
2.150000000000000000e+04 9.502257762297788846e-01
2.160000000000000000e+04 9.446078167046020324e-01
2.170000000000000000e+04 9.603065468564996321e-01
2.180000000000000000e+04 9.566108721992931940e-01
2.190000000000000000e+04 9.498660495227881917e-01
2.200000000000000000e+04 9.642115280981943259e-01
2.210000000000000000e+04 9.634450382957602255e-01
2.220000000000000000e+04 9.557666950228643765e-01
2.230000000000000000e+04 9.605453840153035383e-01
2.240000000000000000e+04 9.511397655139236518e-01
2.250000000000000000e+04 9.618726900349441333e-01
2.260000000000000000e+04 9.574380178074141101e-01
2.270000000000000000e+04 9.578443198214279253e-01
2.280000000000000000e+04 9.592610055616122011e-01
2.290000000000000000e+04 9.533455384989126813e-01
2.300000000000000000e+04 9.545215599708839482e-01
2.310000000000000000e+04 9.517894844396874721e-01
2.320000000000000000e+04 9.607824587897586532e-01
2.330000000000000000e+04 9.596822746284533467e-01
2.340000000000000000e+04 9.498518470852943540e-01
2.350000000000000000e+04 9.576469529617983589e-01
2.360000000000000000e+04 9.723813589234790999e-01
2.370000000000000000e+04 9.666344065829173271e-01
2.380000000000000000e+04 9.505203346373994888e-01
2.390000000000000000e+04 9.570117170720211508e-01
2.400000000000000000e+04 9.610222417491718350e-01
2.410000000000000000e+04 9.623618358843533116e-01
2.420000000000000000e+04 9.600973521146007883e-01
2.430000000000000000e+04 9.519655162387237191e-01
2.440000000000000000e+04 9.570304516445333753e-01
2.450000000000000000e+04 9.626765091504854155e-01
2.460000000000000000e+04 9.501718866146002807e-01
2.470000000000000000e+04 9.542200389777144576e-01
2.480000000000000000e+04 9.518499731908496297e-01
2.490000000000000000e+04 9.596493429208972081e-01
2.500000000000000000e+04 9.596984046385588218e-01
2.510000000000000000e+04 9.640787594334410127e-01
2.520000000000000000e+04 9.545535083822065392e-01
2.530000000000000000e+04 9.547597467275281691e-01
2.540000000000000000e+04 9.612045051819784192e-01
2.550000000000000000e+04 9.570135560229721117e-01
2.560000000000000000e+04 9.537805055291749268e-01
2.570000000000000000e+04 9.539256043295490928e-01
2.580000000000000000e+04 9.560781138219632824e-01
2.590000000000000000e+04 9.590359415157634349e-01
2.600000000000000000e+04 9.614545699890896246e-01
2.610000000000000000e+04 9.609102747005118239e-01
2.620000000000000000e+04 9.591327123707432678e-01
2.630000000000000000e+04 9.581403376643744529e-01
2.640000000000000000e+04 9.588540668948953849e-01
2.650000000000000000e+04 9.632845173059543242e-01
2.660000000000000000e+04 9.607133598280267472e-01
2.670000000000000000e+04 9.596168677761183208e-01
2.680000000000000000e+04 9.598031823671921980e-01
2.690000000000000000e+04 9.620990945479690470e-01
2.700000000000000000e+04 9.548504147059800884e-01
2.710000000000000000e+04 9.563608027069615547e-01
2.720000000000000000e+04 9.596020111136347452e-01
2.730000000000000000e+04 9.574317343265787983e-01
2.740000000000000000e+04 9.537692347962251072e-01
2.750000000000000000e+04 9.625041209339122439e-01
2.760000000000000000e+04 9.574025984628402597e-01
2.770000000000000000e+04 9.544566717418803137e-01
2.780000000000000000e+04 9.586861667799287945e-01
2.790000000000000000e+04 9.614009852591209881e-01
2.800000000000000000e+04 9.556945435633006358e-01
2.810000000000000000e+04 9.614789066606028722e-01
2.820000000000000000e+04 9.545736148835173296e-01
2.830000000000000000e+04 9.598020828885868161e-01
2.840000000000000000e+04 9.583527314446123047e-01
2.850000000000000000e+04 9.594377270555464188e-01
2.860000000000000000e+04 9.588796122448164372e-01
2.870000000000000000e+04 9.548988153098533216e-01
2.880000000000000000e+04 9.601143029101320003e-01
2.890000000000000000e+04 9.560742882879201821e-01
2.900000000000000000e+04 9.562126033105842193e-01
2.910000000000000000e+04 9.580937422149765625e-01
2.920000000000000000e+04 9.536084264926196763e-01
2.930000000000000000e+04 9.624282919068944953e-01
2.940000000000000000e+04 9.632315334524644834e-01
2.950000000000000000e+04 9.590705414756907077e-01
2.960000000000000000e+04 9.664076098258893577e-01
2.970000000000000000e+04 9.569361304157695258e-01
2.980000000000000000e+04 9.530262542543332938e-01
2.990000000000000000e+04 9.637158093323595631e-01
3.000000000000000000e+04 9.636655489083103543e-01
