0.000000000000000000e+00 4.672120000000000162e-01
1.000000000000000000e+02 2.785799999999999943e-01
2.000000000000000000e+02 3.097079999999999833e-01
3.000000000000000000e+02 3.322039999999999993e-01
4.000000000000000000e+02 3.577080000000000259e-01
5.000000000000000000e+02 3.518680000000000141e-01
6.000000000000000000e+02 3.739760000000000306e-01
7.000000000000000000e+02 3.654080000000000106e-01
8.000000000000000000e+02 3.809759999999999813e-01
9.000000000000000000e+02 4.261120000000000463e-01
1.000000000000000000e+03 3.885159999999999725e-01
1.100000000000000000e+03 4.106480000000000130e-01
1.200000000000000000e+03 4.252359999999999474e-01
1.300000000000000000e+03 4.460080000000000156e-01
1.400000000000000000e+03 4.206280000000000019e-01
1.500000000000000000e+03 4.356840000000000157e-01
1.600000000000000000e+03 4.546839999999999771e-01
1.700000000000000000e+03 4.608479999999999799e-01
1.800000000000000000e+03 4.621879999999999877e-01
1.900000000000000000e+03 4.785840000000000094e-01
2.000000000000000000e+03 5.021879999999999677e-01
2.100000000000000000e+03 4.836960000000000148e-01
2.200000000000000000e+03 5.257880000000000331e-01
2.300000000000000000e+03 5.449960000000000360e-01
2.400000000000000000e+03 4.968880000000000519e-01
2.500000000000000000e+03 5.219799999999999995e-01
2.600000000000000000e+03 5.240239999999999343e-01
2.700000000000000000e+03 5.544999999999999929e-01
2.800000000000000000e+03 5.487840000000000495e-01
2.900000000000000000e+03 5.466799999999999438e-01
3.000000000000000000e+03 5.626240000000000130e-01
3.100000000000000000e+03 5.645919999999999828e-01
3.200000000000000000e+03 5.559000000000000608e-01
3.300000000000000000e+03 5.476759999999999406e-01
3.400000000000000000e+03 5.766240000000000254e-01
3.500000000000000000e+03 5.890479999999999050e-01
3.600000000000000000e+03 5.580080000000000595e-01
3.700000000000000000e+03 6.021239999999999926e-01
3.800000000000000000e+03 6.124719999999999054e-01
3.900000000000000000e+03 6.090820000000000123e-01
4.000000000000000000e+03 6.105280000000000706e-01
4.100000000000000000e+03 6.100719999999999477e-01
4.200000000000000000e+03 5.915239999999999387e-01
4.300000000000000000e+03 6.159160000000000190e-01
4.400000000000000000e+03 6.204159999999999675e-01
4.500000000000000000e+03 6.399519999999999653e-01
4.600000000000000000e+03 6.422759999999999581e-01
4.700000000000000000e+03 6.610919999999999019e-01
4.800000000000000000e+03 6.491679999999999673e-01
4.900000000000000000e+03 6.761240000000000583e-01
5.000000000000000000e+03 6.576960000000000583e-01
5.100000000000000000e+03 6.489360000000000683e-01
5.200000000000000000e+03 6.793919999999999959e-01
5.300000000000000000e+03 6.751640000000000974e-01
5.400000000000000000e+03 7.133880000000000221e-01
5.500000000000000000e+03 6.693039999999998990e-01
5.600000000000000000e+03 7.158839999999999648e-01
5.700000000000000000e+03 6.884359999999999369e-01
5.800000000000000000e+03 7.133839999999999071e-01
5.900000000000000000e+03 6.804759999999999698e-01
6.000000000000000000e+03 6.970160000000000800e-01
6.100000000000000000e+03 7.086560000000000636e-01
6.200000000000000000e+03 7.309479999999999311e-01
6.300000000000000000e+03 7.261919999999999487e-01
6.400000000000000000e+03 7.414520000000001110e-01
6.500000000000000000e+03 7.331600000000000339e-01
6.600000000000000000e+03 7.334000000000000519e-01
6.700000000000000000e+03 7.411440000000000250e-01
6.800000000000000000e+03 7.250240000000000018e-01
6.900000000000000000e+03 7.474959999999999383e-01
7.000000000000000000e+03 7.458379999999998899e-01
7.100000000000000000e+03 7.658239999999999492e-01
7.200000000000000000e+03 7.672199999999999021e-01
7.300000000000000000e+03 7.468960000000000043e-01
7.400000000000000000e+03 7.699599999999999778e-01
7.500000000000000000e+03 7.728519999999998724e-01
7.600000000000000000e+03 7.644759999999999334e-01
7.700000000000000000e+03 7.649559999999999693e-01
7.800000000000000000e+03 7.640159999999999174e-01
7.900000000000000000e+03 7.873719999999999608e-01
8.000000000000000000e+03 8.057559999999999167e-01
8.100000000000000000e+03 7.698679999999999968e-01
8.200000000000000000e+03 7.811399999999999455e-01
8.300000000000000000e+03 8.008520000000000083e-01
8.400000000000000000e+03 7.824039999999998773e-01
8.500000000000000000e+03 8.146520000000000428e-01
8.600000000000000000e+03 7.976959999999999607e-01
8.700000000000000000e+03 8.035559999999999370e-01
8.800000000000000000e+03 8.191320000000000823e-01
8.900000000000000000e+03 8.025199999999999001e-01
9.000000000000000000e+03 7.823199999999999044e-01
9.100000000000000000e+03 8.142560000000000908e-01
9.200000000000000000e+03 8.044280000000001429e-01
9.300000000000000000e+03 8.260040000000000715e-01
9.400000000000000000e+03 8.249999999999999556e-01
9.500000000000000000e+03 8.295399999999999441e-01
9.600000000000000000e+03 8.186320000000000263e-01
9.700000000000000000e+03 8.112880000000001202e-01
9.800000000000000000e+03 8.386719999999998620e-01
9.900000000000000000e+03 8.343559999999999865e-01
1.000000000000000000e+04 8.324160000000000448e-01
1.010000000000000000e+04 8.297800000000000731e-01
1.020000000000000000e+04 8.568880000000000940e-01
1.030000000000000000e+04 8.407919999999999838e-01
1.040000000000000000e+04 8.589919999999999778e-01
1.050000000000000000e+04 8.524159999999999515e-01
1.060000000000000000e+04 8.494719999999998938e-01
1.070000000000000000e+04 8.519160000000000066e-01
1.080000000000000000e+04 8.423760000000000137e-01
1.090000000000000000e+04 8.606440000000000756e-01
1.100000000000000000e+04 8.438400000000000345e-01
1.110000000000000000e+04 8.475479999999998570e-01
1.120000000000000000e+04 8.681760000000000588e-01
1.130000000000000000e+04 8.575200000000000600e-01
1.140000000000000000e+04 8.812039999999999873e-01
1.150000000000000000e+04 8.646639999999999882e-01
1.160000000000000000e+04 8.598560000000000647e-01
1.170000000000000000e+04 8.614040000000000585e-01
1.180000000000000000e+04 8.570839999999999570e-01
1.190000000000000000e+04 8.663960000000000550e-01
1.200000000000000000e+04 8.725240000000000773e-01
1.210000000000000000e+04 8.629280000000000284e-01
1.220000000000000000e+04 8.674599999999998978e-01
1.230000000000000000e+04 8.749320000000000430e-01
1.240000000000000000e+04 8.610799999999999566e-01
1.250000000000000000e+04 8.654880000000000351e-01
1.260000000000000000e+04 8.778960000000000097e-01
1.270000000000000000e+04 8.749039999999999040e-01
1.280000000000000000e+04 8.969599999999999795e-01
1.290000000000000000e+04 8.819320000000000492e-01
1.300000000000000000e+04 8.790720000000000756e-01
1.310000000000000000e+04 8.762719999999999398e-01
1.320000000000000000e+04 8.808759999999999923e-01
1.330000000000000000e+04 8.888639999999999874e-01
1.340000000000000000e+04 8.889119999999999244e-01
1.350000000000000000e+04 8.862119999999999997e-01
1.360000000000000000e+04 8.874239999999999906e-01
1.370000000000000000e+04 8.986959999999999393e-01
1.380000000000000000e+04 8.748159999999999270e-01
1.390000000000000000e+04 8.919399999999999551e-01
1.400000000000000000e+04 9.007479999999999931e-01
1.410000000000000000e+04 9.072039999999998994e-01
1.420000000000000000e+04 9.150679999999999925e-01
1.430000000000000000e+04 9.223560000000000647e-01
1.440000000000000000e+04 9.095200000000001062e-01
1.450000000000000000e+04 9.036639999999998007e-01
1.460000000000000000e+04 8.985319999999999974e-01
1.470000000000000000e+04 9.074880000000000724e-01
1.480000000000000000e+04 8.992999999999999883e-01
1.490000000000000000e+04 9.088399999999998702e-01
1.500000000000000000e+04 9.235679999999999445e-01
1.510000000000000000e+04 9.123959999999997628e-01
1.520000000000000000e+04 9.183680000000000732e-01
1.530000000000000000e+04 9.206799999999999429e-01
1.540000000000000000e+04 9.171799999999999953e-01
1.550000000000000000e+04 9.211960000000001259e-01
1.560000000000000000e+04 9.164719999999999533e-01
1.570000000000000000e+04 9.184999999999999831e-01
1.580000000000000000e+04 9.196119999999999850e-01
1.590000000000000000e+04 9.332879999999998955e-01
1.600000000000000000e+04 9.013999999999998680e-01
1.610000000000000000e+04 9.266879999999999562e-01
1.620000000000000000e+04 9.320439999999998726e-01
1.630000000000000000e+04 9.283200000000000340e-01
1.640000000000000000e+04 9.294800000000000839e-01
1.650000000000000000e+04 9.284599999999999520e-01
1.660000000000000000e+04 9.353879999999998862e-01
1.670000000000000000e+04 9.357400000000001272e-01
1.680000000000000000e+04 9.390040000000000608e-01
1.690000000000000000e+04 9.277920000000001721e-01
1.700000000000000000e+04 9.358640000000000292e-01
1.710000000000000000e+04 9.376959999999999740e-01
1.720000000000000000e+04 9.341639999999999944e-01
1.730000000000000000e+04 9.383959999999998969e-01
1.740000000000000000e+04 9.333919999999999995e-01
1.750000000000000000e+04 9.399039999999999617e-01
1.760000000000000000e+04 9.416800000000000725e-01
1.770000000000000000e+04 9.331760000000000055e-01
1.780000000000000000e+04 9.471800000000000219e-01
1.790000000000000000e+04 9.414080000000000226e-01
1.800000000000000000e+04 9.492639999999998857e-01
1.810000000000000000e+04 9.444120000000000292e-01
1.820000000000000000e+04 9.428160000000000984e-01
1.830000000000000000e+04 9.412840000000000096e-01
1.840000000000000000e+04 9.460760000000000280e-01
1.850000000000000000e+04 9.501359999999999806e-01
1.860000000000000000e+04 9.516599999999998394e-01
1.870000000000000000e+04 9.430199999999999694e-01
1.880000000000000000e+04 9.529920000000000613e-01
1.890000000000000000e+04 9.481800000000000228e-01
1.900000000000000000e+04 9.457560000000000411e-01
1.910000000000000000e+04 9.443880000000000052e-01
1.920000000000000000e+04 9.424160000000000315e-01
1.930000000000000000e+04 9.412959999999999106e-01
1.940000000000000000e+04 9.412039999999999296e-01
1.950000000000000000e+04 9.470159999999999689e-01
1.960000000000000000e+04 9.513320000000000665e-01
1.970000000000000000e+04 9.436599999999998323e-01
1.980000000000000000e+04 9.491999999999999327e-01
1.990000000000000000e+04 9.495719999999998606e-01
2.000000000000000000e+04 9.444439999999999502e-01
2.010000000000000000e+04 9.536160000000000192e-01
2.020000000000000000e+04 9.399279999999999857e-01
2.030000000000000000e+04 9.440319999999999823e-01
2.040000000000000000e+04 9.455519999999999481e-01
2.050000000000000000e+04 9.406039999999999957e-01
2.060000000000000000e+04 9.422760000000000025e-01
2.070000000000000000e+04 9.429959999999999454e-01
2.080000000000000000e+04 9.412160000000000526e-01
2.090000000000000000e+04 9.485440000000000538e-01
2.100000000000000000e+04 9.413439999999998475e-01
2.110000000000000000e+04 9.488759999999999417e-01
2.120000000000000000e+04 9.410719999999999086e-01
2.130000000000000000e+04 9.484440000000000648e-01
2.140000000000000000e+04 9.452400000000000801e-01
2.150000000000000000e+04 9.433079999999999243e-01
2.160000000000000000e+04 9.388279999999999959e-01
2.170000000000000000e+04 9.559199999999999919e-01
2.180000000000000000e+04 9.492920000000001357e-01
2.190000000000000000e+04 9.446639999999999482e-01
2.200000000000000000e+04 9.581840000000000357e-01
2.210000000000000000e+04 9.575380000000000003e-01
2.220000000000000000e+04 9.501840000000000286e-01
2.230000000000000000e+04 9.563360000000000749e-01
2.240000000000000000e+04 9.429960000000000564e-01
2.250000000000000000e+04 9.556080000000000130e-01
2.260000000000000000e+04 9.500560000000000116e-01
2.270000000000000000e+04 9.513520000000001975e-01
2.280000000000000000e+04 9.549800000000000511e-01
2.290000000000000000e+04 9.486879999999999757e-01
2.300000000000000000e+04 9.468239999999999990e-01
2.310000000000000000e+04 9.463399999999998480e-01
2.320000000000000000e+04 9.553400000000000780e-01
2.330000000000000000e+04 9.549039999999999750e-01
2.340000000000000000e+04 9.430960000000000454e-01
2.350000000000000000e+04 9.521360000000000934e-01
2.360000000000000000e+04 9.698839999999999684e-01
2.370000000000000000e+04 9.608439999999999204e-01
2.380000000000000000e+04 9.447320000000000162e-01
2.390000000000000000e+04 9.538919999999999622e-01
2.400000000000000000e+04 9.559800000000000519e-01
2.410000000000000000e+04 9.583639999999999937e-01
2.420000000000000000e+04 9.572079999999999478e-01
2.430000000000000000e+04 9.445240000000000302e-01
2.440000000000000000e+04 9.518279999999998964e-01
2.450000000000000000e+04 9.570520000000000138e-01
2.460000000000000000e+04 9.430159999999999654e-01
2.470000000000000000e+04 9.493840000000001167e-01
2.480000000000000000e+04 9.478200000000001069e-01
2.490000000000000000e+04 9.538759999999999462e-01
2.500000000000000000e+04 9.534799999999999942e-01
2.510000000000000000e+04 9.571600000000000108e-01
2.520000000000000000e+04 9.472440000000000859e-01
2.530000000000000000e+04 9.494279999999999387e-01
2.540000000000000000e+04 9.583200000000000607e-01
2.550000000000000000e+04 9.530680000000000263e-01
2.560000000000000000e+04 9.480640000000000178e-01
2.570000000000000000e+04 9.489119999999999777e-01
2.580000000000000000e+04 9.504059999999999730e-01
2.590000000000000000e+04 9.541679999999999051e-01
2.600000000000000000e+04 9.549840000000001661e-01
2.610000000000000000e+04 9.568119999999999958e-01
2.620000000000000000e+04 9.532480000000000953e-01
2.630000000000000000e+04 9.524760000000001003e-01
2.640000000000000000e+04 9.548559999999999270e-01
2.650000000000000000e+04 9.580000000000000737e-01
2.660000000000000000e+04 9.537400000000000322e-01
2.670000000000000000e+04 9.556799999999998629e-01
2.680000000000000000e+04 9.510999999999998344e-01
2.690000000000000000e+04 9.586400000000000476e-01
2.700000000000000000e+04 9.474839999999999929e-01
2.710000000000000000e+04 9.497460000000000901e-01
2.720000000000000000e+04 9.546999999999998820e-01
2.730000000000000000e+04 9.509760000000000435e-01
2.740000000000000000e+04 9.484040000000000248e-01
2.750000000000000000e+04 9.582739999999999592e-01
2.760000000000000000e+04 9.518060000000000409e-01
2.770000000000000000e+04 9.498940000000001271e-01
2.780000000000000000e+04 9.535679999999999712e-01
2.790000000000000000e+04 9.537979999999999237e-01
2.800000000000000000e+04 9.499300000000000521e-01
2.810000000000000000e+04 9.567160000000000108e-01
2.820000000000000000e+04 9.482580000000000453e-01
2.830000000000000000e+04 9.554100000000000925e-01
2.840000000000000000e+04 9.535639999999999672e-01
2.850000000000000000e+04 9.548619999999998775e-01
2.860000000000000000e+04 9.557479999999999309e-01
2.870000000000000000e+04 9.526620000000000088e-01
2.880000000000000000e+04 9.547919999999999741e-01
2.890000000000000000e+04 9.509859999999999980e-01
2.900000000000000000e+04 9.528460000000000818e-01
2.910000000000000000e+04 9.537599999999999412e-01
2.920000000000000000e+04 9.475540000000000074e-01
2.930000000000000000e+04 9.576080000000000148e-01
2.940000000000000000e+04 9.581720000000000237e-01
2.950000000000000000e+04 9.563920000000000199e-01
2.960000000000000000e+04 9.610579999999998568e-01
2.970000000000000000e+04 9.536259999999999737e-01
2.980000000000000000e+04 9.469280000000001030e-01
2.990000000000000000e+04 9.594039999999999235e-01
3.000000000000000000e+04 9.576959999999998807e-01
