0
1
3
4
6
7
8
9
10
11
13
14
15
23
29
30
31
33
37
40
41
42
44
45
46
47
48
49
50
51
52
56
58
59
60
62
64
66
67
68
69
70
73
74
76
77
78
79
80
81
84
85
89
90
91
93
95
96
97
98
99
100
102
103
105
106
107
112
113
114
115
117
119
121
122
124
125
126
127
128
129
130
133
135
137
138
140
143
144
145
146
147
148
150
152
153
155
157
159
163
164
166
167
168
170
171
177
180
181
183
184
185
186
187
190
191
192
195
198
199
200
201
202
204
205
206
207
208
211
212
213
214
216
218
219
220
224
226
233
234
235
237
238
239
241
242
244
245
246
248
250
251
254
255
256
258
259
260
262
263
265
266
268
270
271
272
273
274
275
278
280
281
284
285
286
288
289
293
294
296
297
298
299
300
301
302
303
304
305
306
308
309
310
311
312
313
315
319
324
326
327
328
329
330
332
335
336
339
341
343
344
345
346
349
350
351
353
354
356
357
358
359
361
362
363
364
365
366
367
368
369
371
372
373
374
375
376
378
379
380
381
383
384
385
386
389
390
392
393
394
395
401
403
404
410
414
421
422
423
427
430
434
438
441
447
450
472
485
487
489
492
496
497
512
516
519
521
532
534
537
538
539
541
550
557
558
559
560
562
565
566
568
569
571
572
587
590
599
605
608
612
613
617
619
630
632
639
642
644
649
658
662
663
667
668
669
672
674
676
678
682
684
689
695
702
705
706
711
714
718
721
728
733
735
743
744
746
748
751
754
755
759
764
769
774
779
788
792
793
798
799
806
810
813
816
817
820
836
863
865
870
875
876
881
884
893
897
898
900
903
904
909
914
916
917
920
921
922
924
926
934
944
945
950
951
953
958
960
961
962
966
978
981
989
992
994
995
996
1001
1008
1011
1012
1014
1016
1019
1021
1022
1023
1025
1027
1031
1034
1041
1042
1043
1046
1047
1052
1057
1062
1063
1066
1067
1070
1071
1072
1074
1076
1094
1096
1098
1100
1104
1105
1106
1107
1111
1118
1119
1121
1123
1124
1131
1132
1135
1137
1139
1140
1144
1145
1146
1155
1156
1160
1163
1164
1166
1170
1171
1172
1175
1178
1180
1183
1187
1194
1196
1200
1203
1205
1206
1207
1208
1212
1227
1229
1230
1231
1232
1234
1236
1238
1239
1240
1245
1246
1250
1251
1257
1259
1260
1263
1269
1270
1275
1276
1283
1285
1287
1295
1301
1302
1303
1306
1308
1311
1313
1314
1315
1322
1326
1328
1330
1336
1342
1348
1351
1354
1356
1357
1359
1361
1363
1367
1369
1376
1383
1386
1388
1392
1396
1404
1406
1407
1409
1410
1412
1414
1415
1416
1419
1420
1422
1425
1436
1437
1444
1446
1447
1450
1451
1452
1453
1460
1461
1467
1468
1471
1472
1476
1477
1482
1489
1490
1491
1492
1494
1501
1507
1509
1510
1514
1515
1516
1517
1524
1526
1534
1544
1546
1547
1551
1554
1555
1557
1558
1559
1560
1561
1570
1572
1573
1574
1575
1576
1577
1578
1582
1584
1586
1590
1591
1593
1594
1596
1598
1602
1607
1612
1613
1614
1616
1617
1622
1625
1626
1627
1630
1634
1637
1638
1641
1643
1644
1647
1648
1650
1656
1657
1659
1664
1666
1671
1675
1676
1677
1680
1681
1684
1685
1690
1695
1697
1698
1700
1701
1702
1708
1711
1712
1713
1714
1715
1717
1721
1724
1728
1731
1734
1735
1737
1738
1739
1742
1744
1746
1749
1750
1752
1757
1760
1764
1767
1777
1778
1779
1780
1782
1792
1794
1795
1798
1805
1806
1809
1812
1814
1817
1821
1822
1830
1835
1836
1837
1838
1839
1840
1841
1842
1843
1845
1848
1849
1853
1859
1862
1865
1869
1875
1876
1885
1887
1890
1891
1894
1901
1904
1906
1908
1910
1913
1915
1918
1919
1920
1923
1926
1930
1935
1937
1939
1941
1943
1946
1947
1948
1949
1952
1953
1955
1961
1966
1970
1972
1973
1974
1977
1981
1982
1983
1993
2000
2003
2004
2005
2008
2010
2015
2016
2017
2022
2026
2028
2029
2030
2034
2036
2039
2041
2044
2046
2047
2054
2056
2058
2062
2063
2064
2069
2074
2077
2078
2079
2080
2082
2085
2093
2094
2097
2098
2099
2102
2104
2108
2116
2121
2122
2135
2136
2139
2140
2141
2145
2147
2148
2149
2153
2156
2158
2159
2164
2167
2169
2173
2174
2175
2176
2177
2180
2181
2182
2183
2189
2199
2201
2203
2204
2209
2210
2211
2213
2214
2215
2217
2218
2220
2224
2225
2230
2231
2236
2246
2247
2249
2251
2252
2253
2256
2257
2258
2267
2268
2270
2274
2276
2279
2280
2285
2287
2288
2289
2291
2293
2298
2299
2300
2302
2304
2306
2309
2311
2312
2315
2317
2322
2325
2326
2329
2341
2342
2343
2348
2350
2351
2352
2355
2356
2357
2365
2366
2368
2369
2371
2372
2374
2377
2379
2384
2386
2387
2389
2390
2391
2392
2393
2394
2395
2399
2402
2403
2405
2407
2410
2411
2413
2414
2416
2423
2424
2425
2426
2427
2430
2431
2432
2436
2439
2440
2443
2445
2446
2447
2448
2449
2452
2455
2458
2460
2462
2464
2467
2468
2471
2473
2481
2483
2484
2486
2487
2489
2490
2491
2493
2497
2498
2500
2501
2503
2505
2507
2508
2509
2510
2511
2515
2516
2520
2523
2526
2527
2528
2530
2531
2532
2533
2537
2538
2540
2541
2542
2547
2551
2552
2556
2562
2563
2565
2567
2580
2582
2583
2588
2589
2590
2591
2611
2613
2615
2616
2617
2619
2623
2625
2626
2627
2636
2638
2640
2643
2644
2647
2655
2657
2659
2660
2668
2669
2670
2672
2673
2675
2677
2680
2681
2689
2690
2693
2694
2695
2696
2698
2699
2700
2702
2703
2706
2707
2711
2712
2713
2715
2717
2719
2720
2728
2729
2730
2737
2738
2741
2745
2746
2748
2750
2751
2752
2753
2754
2755
2758
2759
2760
2761
2762
2763
2764
2765
2766
2767
2773
2774
2776
2779
2781
2783
2784
2785
2786
2795
2805
2808
2809
2811
2813
2815
2816
2817
2824
2832
2834
2835
2836
2838
2841
2843
2844
2849
2852
2854
2855
2857
2859
2861
2870
2871
2872
2878
2879
2880
2885
2886
2888
2890
2895
2896
2897
2898
2900
2904
2906
2908
2917
2921
2922
2923
2924
2927
2930
2933
2934
2938
2939
2941
2944
2945
2950
2951
2952
2953
2954
2956
2959
2961
2962
2964
2966
2970
2971
2975
2978
2982
2984
2985
2988
2989
2990
2991
2993
2997
2999
3000
3004
3005
3007
3009
3011
3017
3018
3020
3021
3022
3024
3025
3026
3028
3029
3030
3031
3032
3033
3036
3037
3042
3045
3047
3049
3052
3054
3057
3061
3063
3066
3072
3074
3077
3078
3080
3084
3087
3088
3093
3094
3098
3100
3106
3107
3108
3109
3110
3111
3112
3116
3118
3121
3123
3125
3133
3136
3138
3141
3151
3153
3156
3157
3159
3160
3164
3167
3168
3172
3173
3175
3180
3187
3202
3203
3207
3208
3214
3216
3218
3225
3226
3227
3229
3232
3234
3238
3241
3244
3245
3247
3248
3249
3250
3251
3253
3254
3261
3263
3264
3265
3268
3269
3270
3271
3272
3277
3278
3282
3286
3287
3288
3290
3294
3295
3297
3298
3299
3303
3304
3305
3307
3308
3309
3312
3315
3323
3324
3325
3326
3329
3331
3332
3335
3336
3337
3338
3339
3342
3349
3350
3352
3353
3354
3356
3359
3361
3364
3368
3369
3370
3371
3372
3374
3376
3378
3379
3383
3390
3392
3393
3394
3395
3397
3398
3404
3405
3406
3407
3411
3421
3427
3428
3429
3430
3434
3437
3440
3442
3443
3446
3447
3449
3451
3454
3456
3459
3460
3462
3463
3465
3468
3469
3470
3472
3473
3475
3476
3480
3482
3489
3490
3491
3492
3493
3494
3495
3497
3498
3501
3502
3504
3507
3508
3510
3512
3514
3515
3516
3523
3528
3533
3534
3540
3541
3543
3544
3545
3546
3547
3548
3551
3552
3553
3557
3558
3560
3566
3567
3568
3570
3572
3578
3582
3586
3587
3589
3591
3592
3593
3596
3597
3599
3600
3603
3604
3606
3607
3608
3609
3612
3613
3614
3615
3616
3618
3619
3620
3622
3623
3626
3628
3630
3631
3638
3641
3644
3646
3647
3648
3653
3654
3661
3663
3668
3669
3674
3678
3682
3684
3689
3690
3692
3695
3697
3698
3700
3701
3706
3709
3711
3713
3716
3717
3719
3720
3721
3725
3728
3729
3732
3733
3734
3735
3747
3748
3749
3750
3751
3754
3756
3757
3759
3760
3762
3766
3767
3772
3773
3774
3777
3779
3780
3783
3786
3787
3790
3792
3796
3800
3802
3803
3804
3805
3807
3809
3810
3811
3816
3817
3818
3819
3821
3822
3823
3825
3827
3831
3832
3833
3834
3842
3843
3844
3848
3850
3851
3854
3857
3858
3860
3861
3864
3868
3869
3870
3871
3876
3879
3883
3884
3890
3891
3893
3895
3898
3899
3901
3903
3905
3914
3916
3920
3924
3925
3927
3929
3932
3933
3935
3945
3946
3947
3952
3955
3956
3961
3963
3966
3967
3968
3969
3970
3971
3973
3974
3975
3976
3979
3982
3983
3984
3988
3994
3995
3996
3997
3998
3999
4000
4002
4005
4009
4010
4011
4012
4014
4016
4017
4018
4019
4021
4023
4025
4026
4028
4030
4031
4033
4034
4036
4039
4040
4042
4044
4045
4047
4048
4051
4052
4053
4054
4057
4058
4059
4060
4065
4068
4070
4073
4074
4077
4078
4079
4082
4083
4084
4086
4087
4091
4094
4095
4100
4101
4103
4105
4106
4107
4109
4112
4115
4117
4119
4121
4123
4124
4125
4127
4128
4131
4132
4133
4135
4138
4140
4142
4143
4144
4145
4147
4154
4158
4164
4167
4168
4169
4170
4176
4177
4178
4181
4182
4183
4184
4189
4190
4192
4193
4195
4196
4197
4198
4199
4200
4201
4202
4203
4204
4206
4209
4211
4216
4219
4223
4227
4229
4230
4232
4233
4234
4238
4240
4241
4244
4245
4246
4248
4252
4254
4256
4258
4261
4262
4263
4265
4267
4268
4270
4271
4272
4274
4276
4277
4279
4281
4282
4285
4288
4290
4292
4294
4295
4298
4303
4305
4306
4311
4312
4313
4314
4318
4320
4321
4322
4331
4333
4337
4339
4341
4344
4349
4350
4353
4355
4359
4360
4362
4365
4368
4369
4372
4373
4375
4383
4384
4386
4387
4388
4389
4391
4393
4400
4401
4403
4405
4409
4410
4411
4413
4414
4416
4418
4421
4424
4425
4426
4427
4431
4432
4436
4437
4440
4442
4444
4448
4450
4452
4453
4454
4455
4456
4457
4461
4463
4467
4468
4469
4471
4475
4476
4477
4478
4479
4480
4481
4483
4484
4486
4488
4491
4493
4494
4498
4499
4501
4509
4511
4512
4514
4516
4518
4521
4523
4524
4526
4527
4528
4529
4532
4533
4534
4536
4540
4541
4543
4544
4548
4549
4550
4552
4561
4566
4567
4568
4571
4572
4574
4575
4576
4577
4578
4582
4583
4584
4585
4586
4587
4589
4593
4594
4598
4599
4600
4604
4606
4611
4612
4615
4616
4617
4618
4620
4621
4622
4626
4627
4628
4629
4631
4633
4636
4637
4641
4643
4644
4651
4652
4653
4655
4663
4664
4671
4680
4681
4682
4684
4685
4686
4687
4688
4689
4690
4693
4694
4697
4699
4701
4706
4712
4713
4714
4718
4721
4722
4723
4725
4726
4727
4728
4729
4730
4731
4732
4733
4734
4735
4738
4740
4741
4742
4743
4744
4748
4751
4753
4754
4755
4757
4759
4761
4763
4765
4768
4772
4779
4780
4781
4784
4785
4786
4789
4791
4793
4795
4798
4801
4803
4806
4807
4810
4812
4813
4815
4816
4817
4820
4822
4827
4837
4839
4844
4847
4848
4850
4851
4854
4856
4863
4864
4870
4872
4879
4883
4886
4889
4890
4892
4893
4894
4895
4896
4899
4901
4903
4904
4905
4906
4907
4909
4911
4914
4915
4916
4917
4918
4919
4920
4921
4923
4925
4930
4933
4935
4937
4938
4944
4947
4949
4953
4954
4955
4957
4959
4960
4962
4964
4968
4969
4971
4979
4980
4982
4983
4984
4986
4987
4988
4989
4990
4991
4992
4993
4994
4995
4996
4999
5005
5006
5008
5010
5011
5012
5013
5016
5017
5020
5023
5024
5025
5027
5031
5034
5035
5036
5037
5038
5039
5040
5041
5046
5052
5053
5054
5055
5056
5059
5060
5063
5064
5065
5075
5077
5081
5082
5083
5085
5089
5090
5091
5092
5093
5096
5098
5099
5100
5101
5103
5104
5105
5106
5107
5110
5112
5114
5115
5117
5118
5122
5123
5124
5127
5129
5131
5132
5133
5135
5138
5140
5141
5143
5144
5146
5147
5150
5153
5155
5156
5160
5161
5162
5163
5164
5165
5166
5171
5172
5174
5175
5181
5185
5188
5189
5195
5201
5202
5208
5209
5211
5212
5216
5219
5220
5222
5223
5224
5228
5230
5233
5234
5235
5237
5242
5243
5247
5251
5254
5255
5257
5262
5264
5266
5270
5273
5275
5277
5278
5281
5286
5287
5290
5296
5297
5298
5300
5301
5303
5305
5311
5313
5317
5321
5323
5325
5326
5327
5329
5331
5339
5346
5351
5355
5357
5359
5361
5364
5367
5368
5373
5375
5377
5381
5382
5383
5387
5389
5390
5395
5396
5398
5399
5400
5403
5404
5407
5408
5409
5414
5415
5416
5417
5418
5419
5422
5427
5435
5440
5442
5443
5444
5450
5453
5454
5456
5458
5460
5461
5462
5463
5465
5466
5473
5474
5482
5483
5486
5488
5490
5492
5495
5496
5497
5500
5503
5504
5505
5506
5508
5510
5513
5516
5519
5525
5530
5533
5536
5540
5542
5545
5546
5558
5560
5561
5563
5567
5568
5569
5572
5573
5574
5576
5577
5578
5585
5587
5588
5590
5591
5594
5595
5599
5600
5603
5604
5605
5607
5608
5610
5614
5617
5618
5620
5625
5627
5628
5629
5634
5641
5642
5643
5645
5646
5647
5649
5650
5652
5654
5658
5659
5662
5664
5665
5670
5672
5676
5679
5681
5682
5684
5686
5687
5688
5690
5691
5694
5695
5696
5697
5698
5699
5701
5703
5704
5705
5706
5707
5708
5709
5710
5711
5712
5713
5714
5716
5717
5718
5719
5720
5721
5722
5725
5726
5727
5729
5732
5736
5737
5739
5740
5741
5742
5744
5748
5750
5751
5752
5753
5754
5758
5760
5765
5769
5770
5773
5774
5775
5776
5777
5779
5780
5781
5782
5783
5784
5785
5786
5791
5792
5800
5802
5805
5808
5809
5817
5820
5821
5824
5825
5826
5829
5830
5832
5836
5837
5841
5843
5844
5846
5847
5848
5849
5853
5854
5856
5857
5859
5860
5861
5863
5864
5866
5867
5868
5870
5871
5874
5875
5882
5883
5887
5889
5891
5895
5897
5899
5903
5904
5906
5907
5910
5911
5912
5913
5914
5917
5922
5926
5928
5929
5931
5932
5933
5934
5937
5938
5939
5940
5942
5944
5945
5946
5949
5950
5951
5952
5955
5956
5959
5960
5963
5964
5968
5972
5979
5981
5983
5986
5987
5989
5992
5993
5994
5995
5998
6002
6003
6006
6007
6008
6010
6012
6015
6016
6019
6022
6023
6024
6026
6030
6032
6033
6035
6037
6038
6041
6042
6043
6045
6047
6048
6051
6052
6055
6057
6058
6060
6064
6066
6069
6070
6073
6074
6075
6076
6078
6079
6081
6082
6083
6084
6088
6089
6090
6092
6093
6097
6098
6099
6100
6101
6102
6103
6105
6106
6109
6114
6115
6116
6117
6118
6119
6122
6123
6124
6125
6127
6128
6129
6131
6132
6135
6136
6141
6146
6147
6151
6152
6153
6154
6155
6158
6160
6161
6162
6163
6166
6169
6170
6173
6175
6176
6177
6178
6180
6181
6182
6184
6185
6188
6189
6190
6193
6194
6195
6197
6201
6202
6203
6205
6207
6208
6209
6212
6213
6214
6215
6216
6218
6221
6222
6226
6229
6230
6233
6234
6235
6236
6237
6240
6241
6243
6244
6245
6246
6247
6249
6250
6253
6254
6256
6258
6259
6264
6267
6270
6271
6273
6274
6275
6278
6281
6283
6284
6285
6288
6292
6293
6294
6297
6302
6305
6306
6307
6308
6309
6310
6311
6313
6314
6315
6321
6322
6323
6324
6325
6330
6332
6333
6344
6347
6348
6349
6352
6353
6355
6358
6362
6365
6367
6368
6369
6370
6371
6374
6376
6377
6378
6379
6381
6382
6383
6384
6385
6386
6389
6390
6394
6397
6398
6399
6400
6401
6404
6405
6406
6412
6414
6416
6417
6418
6419
6420
6421
6422
6423
6425
6426
6427
6428
6430
6431
6432
6433
6435
6436
6440
6442
6443
6444
6447
6449
6450
6451
6452
6453
6454
6455
6457
6458
6459
6461
6462
6463
6466
6468
6469
6472
6474
6475
6476
6477
6478
6482
6483
6484
6485
6489
6492
6493
6494
6495
6497
6498
6499
6503
6506
6507
6508
6512
6513
6516
6517
6519
6523
6525
6526
6528
6529
6530
6531
6535
6536
6538
6540
6541
6542
6543
6544
6545
6556
6558
6559
6560
6561
6562
6563
6565
6568
6570
6571
6572
6575
6577
6578
6579
6580
6582
6584
6587
6588
6589
6591
6593
6594
6595
6598
6599
6600
6602
6605
6609
6610
6611
6613
6617
6618
6622
6624
6627
6628
6630
6632
6633
6635
6637
6639
6646
6649
6650
6651
6653
6654
6655
6656
6659
6660
6661
6662
6663
6667
6672
6674
6675
6677
6680
6681
6684
6686
6689
6692
6693
6694
6699
6702
6703
6704
6705
6706
6707
6709
6710
6713
6714
6715
6718
6719
6721
6723
6725
6726
6728
6729
6730
6736
6737
6740
6742
6744
6748
6749
6751
6753
6754
6755
6756
6759
6761
6764
6765
6766
6772
6773
6774
6775
6776
6777
6784
6786
6792
6793
6794
6795
6797
6798
6799
6800
6803
6804
6805
6807
6809
6810
6812
6813
6815
6817
6818
6819
6822
6823
6825
6826
6829
6831
6832
6833
6836
6837
6839
6840
6841
6842
6843
6844
6846
6847
6848
6850
6851
6853
6855
6856
6860
6865
6866
6868
6870
6871
6872
6873
6876
6886
6887
6888
6890
6891
6892
6893
6894
6899
6900
6903
6904
6907
6911
6912
6916
6917
6918
6920
6921
6923
6925
6927
6929
6932
6938
6947
6950
6952
6954
6956
6959
6960
6962
6964
6965
6966
6967
6975
6976
6978
6980
6981
6982
6985
6987
6992
6993
6996
6997
6998
6999
7004
7005
7006
7008
7009
7010
7011
7013
7014
7017
7018
7019
7021
7022
7024
7025
7027
7028
7029
7030
7032
7034
7035
7036
7037
7038
7039
7042
7044
7045
7046
7048
7051
7052
7054
7055
7056
7058
7060
7061
7064
7066
7068
7072
7073
7075
7076
7080
7082
7086
7089
7091
7097
7098
7099
7100
7101
7102
7103
7104
7105
7106
7109
7110
7113
7114
7116
7120
7121
7124
7125
7127
7129
7131
7133
7134
7135
7136
7138
7140
7142
7143
7146
7147
7152
7153
7156
7158
7159
7163
7166
7167
7168
7178
7179
7180
7183
7187
7189
7191
7193
7198
7199
7201
7202
7203
7205
7208
7210
7212
7213
7214
7216
7217
7219
7221
7226
7227
7229
7231
7232
7233
7234
7236
7238
7239
7243
7254
7255
7256
7257
7259
7260
7261
7264
7265
7268
7272
7274
7275
7279
7280
7281
7282
7283
7284
7285
7286
7287
7288
7289
7290
7292
7293
7295
7298
7300
7301
7302
7303
7305
7306
7308
7311
7313
7315
7319
7322
7323
7324
7325
7329
7330
7331
7332
7336
7337
7339
7344
7345
7347
7350
7351
7352
7355
7356
7358
7359
7360
7364
7365
7367
7369
7371
7374
7375
7377
7378
7379
7380
7382
7385
7386
7387
7388
7389
7390
7393
7398
7400
7401
7402
7404
7405
7410
7411
7413
7414
7415
7417
7421
7422
7423
7424
7427
7428
7430
7431
7432
7433
7434
7435
7436
7439
7440
7441
7442
7443
7445
7446
7452
7455
7456
7457
7458
7460
7461
7464
7465
7467
7468
7470
7471
7472
7475
7476
7492
7495
7503
7504
7514
7516
7517
7518
7520
7522
7524
7528
7529
7531
7533
7535
7537
7539
7540
7542
7543
7544
7545
7554
7555
7556
7558
7561
7563
7564
7565
7566
7571
7572
7574
7575
7576
7577
7578
7581
7582
7583
7586
7591
7592
7593
7595
7597
7601
7602
7604
7605
7607
7612
7613
7615
7616
7617
7621
7624
7625
7626
7627
7628
7630
7632
7635
7636
7637
7639
7640
7641
7643
7644
7646
7647
7650
7655
7656
7657
7658
7661
7662
7663
7664
7665
7666
7667
7668
7669
7670
7671
7672
7676
7677
7682
7683
7685
7686
7688
7689
7690
7691
7693
7697
7699
7700
7701
7702
7703
7704
7706
7707
7708
7710
7711
7713
7714
7717
7719
7723
7724
7725
7726
7727
7728
7729
7730
7731
7732
7733
7734
7735
7736
7738
7740
7741
7743
7744
7745
7746
7747
7748
7750
7755
7756
7758
7759
7761
7762
7765
7766
7769
7770
7772
7773
7774
7775
7776
7777
7778
7782
7783
7787
7788
7790
7792
7795
7796
7798
7799
7800
7803
7804
7809
7810
7814
7816
7817
7818
7819
7820
7822
7823
7824
7825
7826
7828
7830
7832
7834
7837
7839
7840
7841
7843
7844
7846
7847
7852
7855
7857
7862
7863
7864
7865
7869
7871
7873
7874
7877
7878
7880
7881
7882
7883
7885
7886
7887
7889
7891
7893
7894
7897
7898
7900
7902
7903
7904
7906
7907
7908
7909
7910
7912
7913
7915
7917
7921
7923
7924
7930
7931
7934
7935
7936
7938
7940
7944
7945
7946
7947
7948
7950
7952
7954
7958
7959
7960
7963
7965
7966
7967
7968
7969
7970
7971
7974
7979
7981
7984
7987
7990
7991
7994
7995
7997
7999
8000
8001
8005
8007
8009
8011
8013
8014
8015
8018
8021
8023
8026
8029
8030
8031
8033
8035
8038
8040
8046
8048
8052
8054
8056
8057
8058
8059
8062
8064
8065
8068
8073
8074
8076
8079
8080
8083
8084
8087
8088
8089
8090
8092
8093
8094
8095
8096
8101
8104
8107
8108
8109
8110
8111
8112
8113
8114
8117
8118
8120
8121
8122
8124
8125
8128
8129
8130
8131
8132
8133
8134
8139
8140
8141
8142
8144
8145
8146
8149
8151
8154
8156
8157
8158
8159
8160
8163
8164
8166
8168
8169
8170
8171
8172
8174
8175
8180
8182
8183
8184
8185
8186
8188
8189
8190
8192
8193
8196
8197
8198
8199
8200
8201
8202
8203
8204
8205
8206
8207
8208
8209
8211
8213
8214
8215
8216
8217
8218
8220
8221
8222
8223
8225
8228
8229
8230
8231
8232
8233
8235
8236
8239
8240
8241
8242
8243
8244
8245
8246
8248
8249
8251
8252
8253
8254
8257
8258
8260
8262
8264
8265
8266
8268
8269
8270
8276
8278
8279
8280
8281
8283
8284
8286
8287
8288
8289
8290
8293
8295
8296
8299
8300
8302
8303
8306
8308
8310
8311
8312
8313
8315
8316
8317
8319
8320
8321
8322
8324
8325
8326
8327
8328
8329
8330
8331
8332
8333
8334
8335
8336
8337
8338
8339
8341
8342
8350
8351
8353
8355
8356
8357
8360
8362
8363
8364
8365
8367
8368
8369
8373
8374
8378
8381
8383
8384
8385
8386
8387
8388
8389
8393
8394
8397
8398
8399
8400
8401
8403
8405
8406
8407
8408
8409
8410
8411
8413
8414
8415
8416
8417
8418
8421
8422
8423
8424
8425
8427
8429
8433
8434
8435
8436
8437
8441
8444
8445
8447
8448
8449
8450
8451
8453
8455
8456
8459
8461
8462
8463
8464
8466
8468
8469
8470
8471
8473
8477
8478
8479
8483
8485
8487
8489
8492
8494
8495
8496
8497
8498
8499
8500
8501
8503
8504
8507
8508
8509
8512
8514
8516
8519
8520
8522
8523
8524
8525
8526
8529
8531
8534
8535
8536
8537
8539
8541
8542
8543
8544
8545
8546
8547
8550
8551
8552
8555
8558
8561
8562
8564
8565
8567
8568
8569
8570
8571
8572
8573
8574
8575
8577
8578
8581
8583
8586
8587
8588
8592
8594
8595
8596
8597
8599
8600
8603
8605
8606
8607
8611
8612
8616
8617
8618
8621
8622
8623
8624
8625
8626
8627
8629
8630
8631
8632
8634
8636
8638
8639
8640
8643
8644
8646
8647
8648
8649
8650
8651
8652
8653
8654
8655
8656
8657
8659
8660
8661
8662
8664
8665
8666
8667
8669
8671
8672
8673
8674
8676
8677
8678
8679
8680
8681
8682
8685
8686
8687
8690
8691
8693
8694
8695
8697
8698
8699
8700
8701
8703
8704
8705
8707
8708
8711
8712
8713
8715
8717
8718
8719
8720
8721
8722
8723
8724
8725
8726
8729
8730
8732
8733
8735
8736
8737
8739
8740
8741
8744
8745
8747
8748
8749
8752
8755
8762
8763
8767
8771
8772
8774
8778
8779
8782
8784
8785
8786
8788
8789
8791
8792
8793
8794
8795
8796
8797
8799
8802
8804
8805
8806
8807
8808
8810
8812
8813
8814
8817
8818
8819
8822
8827
8830
8831
8833
8835
8836
8837
8838
8839
8840
8841
8843
8844
8845
8846
8847
8849
8850
8851
8853
8854
8855
8857
8861
8862
8863
8864
8865
8866
8867
8868
8869
8871
8872
8873
8875
8876
8878
8879
8881
8882
8883
8885
8886
8888
8889
8890
8893
8895
8896
8901
8902
8903
8905
8906
8908
8909
8911
8912
8913
8914
8917
8918
8920
8921
8922
8923
8924
8925
8926
8927
8928
8929
8930
8931
8932
8933
8936
8939
8940
8941
8942
8943
8944
8945
8946
8947
8948
8949
8950
8951
8953
8956
8957
8958
8959
8961
8962
8964
8965
8966
8967
8968
8969
8970
8971
8972
8973
8974
8975
8977
8978
8979
8980
8982
8984
8985
8986
8988
8989
8991
8992
8993
8994
8996
8998
8999
9000
9001
9002
9003
9004
9005
9006
9007
9009
9010
9012
9013
9014
9015
9016
9017
9019
9020
9022
9023
9024
9028
9029
9030
9032
9033
9034
9036
9038
9039
9041
9042
9043
9044
9046
9048
9050
9051
9052
9053
9054
9055
9060
9062
9064
9066
9067
9068
9069
9075
9076
9077
9078
9080
9081
9085
9086
9088
9089
9090
9091
9092
9093
9094
9096
9098
9099
9100
9102
9104
9106
9109
9110
9111
9112
9113
9114
9117
9118
9119
9121
9122
9123
9124
9126
9128
9129
9130
9132
9134
9135
9136
9137
9138
9139
9140
9141
9144
9145
9146
9147
9148
9149
9150
9151
9153
9154
9155
9156
9157
9158
9159
9160
9161
9163
9165
9166
9167
9168
9169
9170
9171
9172
9174
9175
9176
9177
9178
9179
9180
9181
9183
9184
9186
9187
9189
9190
9191
9192
9195
9196
9197
9199
9200
9201
9202
9203
9204
9205
9206
9207
9208
9209
9211
9212
9214
9215
9216
9217
9218
9219
9222
9223
9224
9226
9227
9228
9229
9230
9231
9232
9233
9235
9236
9237
9241
9244
9245
9246
9247
9248
9250
9251
9252
9255
9256
9257
9258
9263
9264
9265
9266
9267
9268
9270
9272
9275
9279
9281
9284
9285
9286
9287
9288
9289
9290
9291
9293
9294
9295
9296
9298
9300
9303
9304
9305
9306
9307
9309
9310
9313
9316
9317
9319
9320
9321
9322
9325
9326
9328
9329
9330
9331
9333
9334
9336
9337
9338
9339
9341
9343
9344
9348
9349
9350
9352
9353
9354
9356
9357
9360
9362
9366
9368
9369
9370
9372
9373
9375
9376
9378
9379
9383
9384
9385
9386
9387
9388
9389
9390
9391
9392
9394
9395
9397
9399
9400
9401
9402
9403
9404
9405
9406
9407
9408
9409
9410
9411
9412
9413
9414
9415
9417
9419
9426
9428
9429
9430
9431
9432
9433
9434
9435
9436
9437
9438
9439
9441
9442
9443
9445
9446
9447
9448
9450
9451
9453
9454
9455
9457
9460
9461
9462
9463
9464
9465
9466
9467
9468
9469
9470
9471
9473
9474
9476
9478
9479
9480
9481
9484
9485
9487
9488
9489
9490
9491
9492
9493
9495
9496
9498
9499
9501
9502
9503
9505
9506
9508
9509
9510
9511
9512
9514
9515
9516
9517
9518
9519
9521
9523
9524
9526
9527
9528
9530
9531
9532
9533
9534
9535
9536
9539
9540
9543
9544
9545
9546
9547
9548
9549
9552
9553
9557
9558
9559
9560
9562
9563
9564
9565
9569
9570
9571
9572
9573
9574
9576
9578
9580
9581
9582
9583
9584
9585
9586
9588
9590
9591
9592
9593
9594
9596
9598
9599
9600
9601
9602
9603
9604
9605
9606
9607
9608
9610
9612
9613
9614
9617
9619
9620
9622
9623
9624
9627
9629
9630
9632
9633
9634
9635
9636
9637
9638
9640
9641
9642
9643
9645
9646
9647
9648
9649
9650
9651
9652
9655
9656
9657
9658
9659
9660
9665
9666
9667
9668
9669
9670
9671
9673
9674
9675
9677
9678
9681
9682
9683
9687
9688
9689
9690
9691
9692
9693
9695
9697
9698
9700
9701
9702
9704
9705
9708
9711
9712
9713
9714
9715
9716
9717
9718
9719
9721
9722
9724
9726
9728
9729
9730
9731
9734
9735
9736
9737
9738
9739
9740
9741
9742
9743
9744
9746
9747
9749
9750
9755
9756
9757
9758
9759
9760
9761
9762
9763
9764
9766
9767
9768
9769
9770
9772
9773
9774
9775
9776
9778
9779
9780
9781
9782
9784
9785
9786
9787
9788
9789
9790
9791
9793
9794
9795
9797
9798
9799
9802
9806
9807
9810
9811
9813
9814
9815
9816
9817
9818
9820
9821
9822
9824
9826
9828
9829
9830
9831
9832
9833
9835
9836
9838
9840
9841
9843
9845
9846
9847
9848
9849
9850
9851
9852
9853
9854
9855
9856
9857
9860
9862
9863
9864
9865
9866
9868
9869
9870
9871
9873
9874
9876
9877
9878
9880
9882
9883
9884
9885
9889
9890
9896
9897
9898
9899
9900
9901
9902
9906
9907
9909
9910
9911
9912
9913
9914
9917
9919
9920
9921
9922
9924
9925
9926
9927
9928
9929
9930
9932
9933
9934
9936
9937
9939
9941
9942
9945
9946
9948
9951
9953
9954
9955
9957
9959
9960
9962
9963
9965
9970
9972
9973
9974
9978
9979
9980
9981
9983
9985
9987
9991
9992
9994
9996
9997
10003
10004
10006
10008
10009
10010
10011
10012
10014
10019
10020
10021
10023
10024
10028
10029
10031
10032
10033
10034
10037
10040
10041
10042
10043
10045
10048
10049
10051
10052
10053
10054
10056
10058
10059
10060
10061
10062
10063
10065
10067
10068
10069
10070
10071
10072
10074
10075
10076
10077
10078
10080
10081
10082
10083
10084
10085
10088
10089
10090
10091
10092
10093
10094
10095
10096
10098
10099
10101
10102
10103
10104
10105
10107
10108
10110
10111
10112
10115
10116
