0.000000000000000000e+00 5.204981359834869314e-01
1.000000000000000000e+02 3.736043521156356406e-01
2.000000000000000000e+02 4.083959201867011779e-01
3.000000000000000000e+02 4.204708323816281346e-01
4.000000000000000000e+02 4.250723052706146254e-01
5.000000000000000000e+02 4.477593850103529505e-01
6.000000000000000000e+02 4.453615543655655151e-01
7.000000000000000000e+02 4.612200374323593421e-01
8.000000000000000000e+02 4.796666828689565287e-01
9.000000000000000000e+02 4.854800006485190389e-01
1.000000000000000000e+03 5.136609546019257344e-01
1.100000000000000000e+03 5.032199798666222579e-01
1.200000000000000000e+03 5.107330851557574380e-01
1.300000000000000000e+03 5.352402074979023539e-01
1.400000000000000000e+03 5.722144244996465456e-01
1.500000000000000000e+03 5.283710048834439066e-01
1.600000000000000000e+03 5.897670327894817266e-01
1.700000000000000000e+03 5.569506382856130866e-01
1.800000000000000000e+03 6.278555618987907705e-01
1.900000000000000000e+03 6.043483075383386804e-01
2.000000000000000000e+03 5.974005788359725289e-01
2.100000000000000000e+03 6.049528280820717363e-01
2.200000000000000000e+03 6.497782128517409772e-01
2.300000000000000000e+03 6.631272644344269329e-01
2.400000000000000000e+03 6.424782112611004958e-01
2.500000000000000000e+03 6.553204827875043215e-01
2.600000000000000000e+03 6.941043652840801492e-01
2.700000000000000000e+03 7.636556409015475833e-01
2.800000000000000000e+03 7.050703741590195195e-01
2.900000000000000000e+03 7.140699776172514390e-01
3.000000000000000000e+03 7.119580001764156396e-01
3.100000000000000000e+03 7.304569301407071169e-01
3.200000000000000000e+03 7.282283090424674921e-01
3.300000000000000000e+03 7.275210772500633194e-01
3.400000000000000000e+03 7.488067439115029256e-01
3.500000000000000000e+03 7.678974655093236956e-01
3.600000000000000000e+03 7.673098703260564646e-01
3.700000000000000000e+03 7.738616554612248732e-01
3.800000000000000000e+03 7.575071222412486094e-01
3.900000000000000000e+03 7.714263700020945747e-01
4.000000000000000000e+03 8.082913572493932719e-01
4.100000000000000000e+03 7.863530799579087072e-01
4.200000000000000000e+03 7.962055923694542070e-01
4.300000000000000000e+03 7.961563307465694406e-01
4.400000000000000000e+03 7.855341428436053430e-01
4.500000000000000000e+03 8.189517190133112079e-01
4.600000000000000000e+03 8.089917185096395791e-01
4.700000000000000000e+03 8.132468222628083110e-01
4.800000000000000000e+03 8.018551357331784590e-01
4.900000000000000000e+03 8.144697619374010600e-01
5.000000000000000000e+03 8.457230248744004308e-01
5.100000000000000000e+03 8.253122953610616541e-01
5.200000000000000000e+03 8.238306135641345618e-01
5.300000000000000000e+03 8.286255002296734062e-01
5.400000000000000000e+03 8.603402443396475086e-01
5.500000000000000000e+03 8.477355621587128187e-01
5.600000000000000000e+03 8.425534704193098356e-01
5.700000000000000000e+03 8.443433275149058170e-01
5.800000000000000000e+03 8.746974082116351079e-01
5.900000000000000000e+03 8.528140523750464830e-01
6.000000000000000000e+03 8.427827709296332737e-01
6.100000000000000000e+03 8.568018607153535804e-01
6.200000000000000000e+03 8.649660951380685470e-01
6.300000000000000000e+03 8.653058523199852470e-01
6.400000000000000000e+03 8.767977701187483763e-01
6.500000000000000000e+03 8.588411429702773603e-01
6.600000000000000000e+03 8.715502248524331641e-01
6.700000000000000000e+03 8.589260400394931327e-01
6.800000000000000000e+03 8.880560863100295244e-01
6.900000000000000000e+03 8.666594742279787322e-01
7.000000000000000000e+03 8.917153258311931729e-01
7.100000000000000000e+03 8.816904196042136821e-01
7.200000000000000000e+03 8.771297362406337284e-01
7.300000000000000000e+03 8.856853989519999359e-01
7.400000000000000000e+03 8.796571200471636764e-01
7.500000000000000000e+03 8.968365912105356053e-01
7.600000000000000000e+03 8.865699591806937008e-01
7.700000000000000000e+03 8.930256497059895215e-01
7.800000000000000000e+03 8.947070340742891981e-01
7.900000000000000000e+03 9.002749758335061303e-01
8.000000000000000000e+03 9.109701596700627846e-01
8.100000000000000000e+03 9.064226356307838461e-01
8.200000000000000000e+03 8.890584768441375241e-01
8.300000000000000000e+03 8.903142895861282380e-01
8.400000000000000000e+03 9.114079763425424474e-01
8.500000000000000000e+03 8.997414929967658681e-01
8.600000000000000000e+03 9.043912551647965703e-01
8.700000000000000000e+03 8.930562166569553373e-01
8.800000000000000000e+03 8.988372313113115464e-01
8.900000000000000000e+03 9.076107368027495070e-01
9.000000000000000000e+03 9.058939896208755282e-01
9.100000000000000000e+03 8.990446035584696016e-01
9.200000000000000000e+03 9.078849819604086768e-01
9.300000000000000000e+03 9.134176840400631825e-01
9.400000000000000000e+03 9.098293016400472721e-01
9.500000000000000000e+03 9.347121751346801899e-01
9.600000000000000000e+03 9.264140813779898620e-01
9.700000000000000000e+03 9.268068906913029537e-01
9.800000000000000000e+03 9.272760717878838488e-01
9.900000000000000000e+03 9.177579669916108296e-01
1.000000000000000000e+04 9.201212363769947222e-01
1.010000000000000000e+04 9.180139693909853404e-01
1.020000000000000000e+04 9.282676682885809827e-01
1.030000000000000000e+04 9.221519137651351672e-01
1.040000000000000000e+04 9.359122632100467243e-01
1.050000000000000000e+04 9.457657724008633471e-01
1.060000000000000000e+04 9.368129810209685493e-01
1.070000000000000000e+04 9.441962174872007285e-01
1.080000000000000000e+04 9.433555927595725921e-01
1.090000000000000000e+04 9.435476648737671779e-01
1.100000000000000000e+04 9.486488046847804112e-01
1.110000000000000000e+04 9.405223967205804669e-01
1.120000000000000000e+04 9.434660209973544376e-01
1.130000000000000000e+04 9.508398405080608073e-01
1.140000000000000000e+04 9.494132028582210614e-01
1.150000000000000000e+04 9.627879235528321589e-01
1.160000000000000000e+04 9.528024330943627440e-01
1.170000000000000000e+04 9.535981266883135632e-01
1.180000000000000000e+04 9.493337170891497090e-01
1.190000000000000000e+04 9.627795602321941315e-01
1.200000000000000000e+04 9.582170659211901587e-01
1.210000000000000000e+04 9.644026873830658930e-01
1.220000000000000000e+04 9.603619468532831327e-01
1.230000000000000000e+04 9.589677941749985557e-01
1.240000000000000000e+04 9.643350517022920565e-01
1.250000000000000000e+04 9.600107323128483916e-01
1.260000000000000000e+04 9.628882935205873572e-01
1.270000000000000000e+04 9.593611097404214361e-01
1.280000000000000000e+04 9.624909341145508890e-01
1.290000000000000000e+04 9.706247039732793791e-01
1.300000000000000000e+04 9.730016911543378777e-01
1.310000000000000000e+04 9.660295770102217405e-01
1.320000000000000000e+04 9.646944841292485195e-01
1.330000000000000000e+04 9.722647681422386112e-01
1.340000000000000000e+04 9.760996522792986241e-01
1.350000000000000000e+04 9.814550099615861889e-01
1.360000000000000000e+04 9.719227321175822887e-01
1.370000000000000000e+04 9.729705209810177724e-01
1.380000000000000000e+04 9.751389031476450642e-01
1.390000000000000000e+04 9.770230856421061594e-01
1.400000000000000000e+04 9.752011192541858442e-01
1.410000000000000000e+04 9.805612554397273861e-01
1.420000000000000000e+04 9.699695281420900317e-01
1.430000000000000000e+04 9.739177356179302691e-01
1.440000000000000000e+04 9.783945662850282998e-01
1.450000000000000000e+04 9.792904772373753897e-01
1.460000000000000000e+04 9.758118567984431779e-01
1.470000000000000000e+04 9.817058968224721127e-01
1.480000000000000000e+04 9.822129214760196847e-01
1.490000000000000000e+04 9.798019134906821304e-01
1.500000000000000000e+04 9.782186018705908426e-01
1.510000000000000000e+04 9.781075635058892326e-01
1.520000000000000000e+04 9.841153753423736994e-01
1.530000000000000000e+04 9.810541529105798464e-01
1.540000000000000000e+04 9.812209571237294758e-01
1.550000000000000000e+04 9.819073410745148278e-01
1.560000000000000000e+04 9.836233953390078888e-01
1.570000000000000000e+04 9.818374170027709402e-01
1.580000000000000000e+04 9.803996522347481202e-01
1.590000000000000000e+04 9.820214447477894071e-01
1.600000000000000000e+04 9.827772279304635150e-01
1.610000000000000000e+04 9.831567659539534043e-01
1.620000000000000000e+04 9.812470919719625817e-01
1.630000000000000000e+04 9.824034302344903935e-01
1.640000000000000000e+04 9.791183759385708729e-01
1.650000000000000000e+04 9.869782580048267473e-01
1.660000000000000000e+04 9.834567645440099870e-01
1.670000000000000000e+04 9.839439428790277553e-01
1.680000000000000000e+04 9.858506435771934306e-01
1.690000000000000000e+04 9.822623492007271917e-01
1.700000000000000000e+04 9.825918028086816358e-01
1.710000000000000000e+04 9.812835008467317710e-01
1.720000000000000000e+04 9.845006297064160528e-01
1.730000000000000000e+04 9.809016780422810111e-01
1.740000000000000000e+04 9.775449204460291419e-01
1.750000000000000000e+04 9.834184294131740334e-01
1.760000000000000000e+04 9.854197180059404149e-01
1.770000000000000000e+04 9.816777085893969579e-01
1.780000000000000000e+04 9.832357497851842432e-01
1.790000000000000000e+04 9.847565845261525563e-01
1.800000000000000000e+04 9.833049626250980335e-01
1.810000000000000000e+04 9.899354860755367191e-01
1.820000000000000000e+04 9.860343237755042622e-01
1.830000000000000000e+04 9.826016367534595730e-01
1.840000000000000000e+04 9.874574222773669918e-01
1.850000000000000000e+04 9.847946351008950439e-01
1.860000000000000000e+04 9.865131817006653758e-01
1.870000000000000000e+04 9.878296724466573142e-01
1.880000000000000000e+04 9.845677187108832218e-01
1.890000000000000000e+04 9.850703719471395337e-01
1.900000000000000000e+04 9.887687260145955337e-01
1.910000000000000000e+04 9.859490783203073150e-01
1.920000000000000000e+04 9.886994216412668957e-01
1.930000000000000000e+04 9.886112833325984006e-01
1.940000000000000000e+04 9.830679015995908987e-01
1.950000000000000000e+04 9.862705157884675833e-01
1.960000000000000000e+04 9.823665305811505322e-01
1.970000000000000000e+04 9.866718179955681345e-01
1.980000000000000000e+04 9.834169234505523161e-01
1.990000000000000000e+04 9.852303958489854185e-01
2.000000000000000000e+04 9.848798295675015302e-01
2.010000000000000000e+04 9.828165146412680686e-01
2.020000000000000000e+04 9.877556137421283911e-01
2.030000000000000000e+04 9.881637007376360415e-01
2.040000000000000000e+04 9.864235440896346185e-01
2.050000000000000000e+04 9.889433939228525761e-01
2.060000000000000000e+04 9.855607246405753141e-01
2.070000000000000000e+04 9.870306360637742804e-01
2.080000000000000000e+04 9.852136776025586240e-01
2.090000000000000000e+04 9.867238623484857474e-01
2.100000000000000000e+04 9.856520108818180859e-01
2.110000000000000000e+04 9.873009524128327774e-01
2.120000000000000000e+04 9.863401130104330061e-01
2.130000000000000000e+04 9.829262415677458842e-01
2.140000000000000000e+04 9.898294703644598957e-01
2.150000000000000000e+04 9.890813856492250977e-01
2.160000000000000000e+04 9.853831241821381370e-01
2.170000000000000000e+04 9.860691276278656936e-01
2.180000000000000000e+04 9.882035741378233373e-01
2.190000000000000000e+04 9.840779527803171778e-01
2.200000000000000000e+04 9.857076839021297054e-01
2.210000000000000000e+04 9.863552855326150892e-01
2.220000000000000000e+04 9.857875651009637696e-01
2.230000000000000000e+04 9.887824815896387731e-01
2.240000000000000000e+04 9.853863816088799243e-01
2.250000000000000000e+04 9.862353097287226422e-01
2.260000000000000000e+04 9.870140185070368499e-01
2.270000000000000000e+04 9.901617896134984331e-01
2.280000000000000000e+04 9.860841431912998889e-01
2.290000000000000000e+04 9.867826204675739232e-01
2.300000000000000000e+04 9.896938809728401676e-01
2.310000000000000000e+04 9.891073892432200587e-01
2.320000000000000000e+04 9.864149993484025991e-01
2.330000000000000000e+04 9.858190996003448614e-01
2.340000000000000000e+04 9.882351123169041962e-01
2.350000000000000000e+04 9.830324354398426445e-01
2.360000000000000000e+04 9.827587346160902015e-01
2.370000000000000000e+04 9.846099578372192740e-01
2.380000000000000000e+04 9.860475443425228415e-01
2.390000000000000000e+04 9.861412424217750328e-01
2.400000000000000000e+04 9.833782130076085259e-01
2.410000000000000000e+04 9.826997512829661607e-01
2.420000000000000000e+04 9.878637990441203609e-01
2.430000000000000000e+04 9.883891204946505527e-01
2.440000000000000000e+04 9.860377268018056807e-01
2.450000000000000000e+04 9.887389205318986019e-01
2.460000000000000000e+04 9.854592605107215242e-01
2.470000000000000000e+04 9.858524749596382364e-01
2.480000000000000000e+04 9.873596623084890389e-01
2.490000000000000000e+04 9.846176695663684253e-01
2.500000000000000000e+04 9.852804628579212576e-01
2.510000000000000000e+04 9.865284517650452223e-01
2.520000000000000000e+04 9.887025995115314991e-01
2.530000000000000000e+04 9.861664599417965249e-01
2.540000000000000000e+04 9.871670086889381412e-01
2.550000000000000000e+04 9.850636422925753699e-01
2.560000000000000000e+04 9.855671755838014692e-01
2.570000000000000000e+04 9.895961776065529403e-01
2.580000000000000000e+04 9.860886572584617316e-01
2.590000000000000000e+04 9.825059027145208734e-01
2.600000000000000000e+04 9.850000451182625572e-01
2.610000000000000000e+04 9.830399391627830941e-01
2.620000000000000000e+04 9.870543683343064867e-01
2.630000000000000000e+04 9.842029577492754644e-01
2.640000000000000000e+04 9.875982839128091273e-01
2.650000000000000000e+04 9.864470887747901484e-01
2.660000000000000000e+04 9.870573860799654042e-01
2.670000000000000000e+04 9.873253063352331882e-01
2.680000000000000000e+04 9.874739229856712708e-01
2.690000000000000000e+04 9.852057470291019081e-01
2.700000000000000000e+04 9.891951158935672339e-01
2.710000000000000000e+04 9.866197514654860834e-01
2.720000000000000000e+04 9.908604770916507043e-01
2.730000000000000000e+04 9.888766706075255986e-01
2.740000000000000000e+04 9.861340836490637418e-01
2.750000000000000000e+04 9.847685862473916085e-01
2.760000000000000000e+04 9.854548798480811111e-01
2.770000000000000000e+04 9.834790848206160785e-01
2.780000000000000000e+04 9.848278291979563059e-01
2.790000000000000000e+04 9.854059787460559550e-01
2.800000000000000000e+04 9.843555715318170751e-01
2.810000000000000000e+04 9.835136241038356930e-01
2.820000000000000000e+04 9.896373540469672880e-01
2.830000000000000000e+04 9.837088614117950325e-01
2.840000000000000000e+04 9.870741631572494956e-01
2.850000000000000000e+04 9.853308883702865950e-01
2.860000000000000000e+04 9.872654102548648059e-01
2.870000000000000000e+04 9.817190007861872347e-01
2.880000000000000000e+04 9.870542928357829426e-01
2.890000000000000000e+04 9.866158903036197358e-01
2.900000000000000000e+04 9.869621882719135098e-01
2.910000000000000000e+04 9.868053420815647847e-01
2.920000000000000000e+04 9.864834178442549728e-01
2.930000000000000000e+04 9.890752490004670605e-01
2.940000000000000000e+04 9.851365003371200801e-01
2.950000000000000000e+04 9.848588473263854004e-01
2.960000000000000000e+04 9.871215750160846625e-01
2.970000000000000000e+04 9.823876929136781122e-01
2.980000000000000000e+04 9.878486481786034057e-01
2.990000000000000000e+04 9.864588202435569109e-01
3.000000000000000000e+04 9.870665801777950277e-01
