0.000000000000000000e+00 5.181240000000000290e-01
1.000000000000000000e+02 2.879039999999999933e-01
2.000000000000000000e+02 3.594919999999999782e-01
3.000000000000000000e+02 3.827599999999999891e-01
4.000000000000000000e+02 3.888039999999999830e-01
5.000000000000000000e+02 4.396119999999999473e-01
6.000000000000000000e+02 4.318480000000000096e-01
7.000000000000000000e+02 4.701039999999999663e-01
8.000000000000000000e+02 4.816039999999999766e-01
9.000000000000000000e+02 4.928359999999999408e-01
1.000000000000000000e+03 5.296439999999998927e-01
1.100000000000000000e+03 5.043079999999999785e-01
1.200000000000000000e+03 5.259240000000000581e-01
1.300000000000000000e+03 5.561279999999999557e-01
1.400000000000000000e+03 5.753399999999999626e-01
1.500000000000000000e+03 5.456799999999999429e-01
1.600000000000000000e+03 6.051919999999999522e-01
1.700000000000000000e+03 5.753279999999999506e-01
1.800000000000000000e+03 6.426279999999998660e-01
1.900000000000000000e+03 6.194599999999998996e-01
2.000000000000000000e+03 6.179919999999999858e-01
2.100000000000000000e+03 6.141320000000000112e-01
2.200000000000000000e+03 6.566520000000000135e-01
2.300000000000000000e+03 6.605559999999999210e-01
2.400000000000000000e+03 6.454200000000001047e-01
2.500000000000000000e+03 6.602120000000000211e-01
2.600000000000000000e+03 6.782599999999999740e-01
2.700000000000000000e+03 7.362119999999999775e-01
2.800000000000000000e+03 6.940120000000000733e-01
2.900000000000000000e+03 7.009800000000000475e-01
3.000000000000000000e+03 6.942519999999998692e-01
3.100000000000000000e+03 7.114439999999999653e-01
3.200000000000000000e+03 7.123519999999999852e-01
3.300000000000000000e+03 7.210999999999999632e-01
3.400000000000000000e+03 7.362859999999999960e-01
3.500000000000000000e+03 7.465759999999999064e-01
3.600000000000000000e+03 7.567840000000000122e-01
3.700000000000000000e+03 7.418440000000000589e-01
3.800000000000000000e+03 7.418679999999999719e-01
3.900000000000000000e+03 7.637719999999998954e-01
4.000000000000000000e+03 7.815879999999999495e-01
4.100000000000000000e+03 7.565159999999999663e-01
4.200000000000000000e+03 7.806480000000000086e-01
4.300000000000000000e+03 7.739440000000000763e-01
4.400000000000000000e+03 7.655359999999999943e-01
4.500000000000000000e+03 8.000760000000000094e-01
4.600000000000000000e+03 7.829679999999999973e-01
4.700000000000000000e+03 7.744119999999999893e-01
4.800000000000000000e+03 7.857120000000000770e-01
4.900000000000000000e+03 7.888640000000000096e-01
5.000000000000000000e+03 8.106919999999999682e-01
5.100000000000000000e+03 7.925680000000000502e-01
5.200000000000000000e+03 8.003560000000000674e-01
5.300000000000000000e+03 7.951440000000000730e-01
5.400000000000000000e+03 8.328120000000001077e-01
5.500000000000000000e+03 8.248640000000000416e-01
5.600000000000000000e+03 8.051200000000000578e-01
5.700000000000000000e+03 8.179520000000000124e-01
5.800000000000000000e+03 8.439119999999999955e-01
5.900000000000000000e+03 8.171999999999999265e-01
6.000000000000000000e+03 8.041599999999999859e-01
6.100000000000000000e+03 8.241760000000000197e-01
6.200000000000000000e+03 8.324920000000000098e-01
6.300000000000000000e+03 8.330880000000000507e-01
6.400000000000000000e+03 8.437760000000000815e-01
6.500000000000000000e+03 8.282160000000000633e-01
6.600000000000000000e+03 8.400679999999999259e-01
6.700000000000000000e+03 8.232319999999999638e-01
6.800000000000000000e+03 8.574520000000001030e-01
6.900000000000000000e+03 8.338479999999999226e-01
7.000000000000000000e+03 8.647080000000000322e-01
7.100000000000000000e+03 8.508119999999999017e-01
7.200000000000000000e+03 8.450840000000000574e-01
7.300000000000000000e+03 8.593359999999999888e-01
7.400000000000000000e+03 8.488160000000000149e-01
7.500000000000000000e+03 8.774439999999998907e-01
7.600000000000000000e+03 8.633199999999998653e-01
7.700000000000000000e+03 8.597560000000000757e-01
7.800000000000000000e+03 8.678760000000000918e-01
7.900000000000000000e+03 8.756319999999999659e-01
8.000000000000000000e+03 8.912360000000001392e-01
8.100000000000000000e+03 8.797120000000000495e-01
8.200000000000000000e+03 8.636880000000000113e-01
8.300000000000000000e+03 8.684439999999999937e-01
8.400000000000000000e+03 8.829799999999998761e-01
8.500000000000000000e+03 8.734799999999999232e-01
8.600000000000000000e+03 8.746119999999999450e-01
8.700000000000000000e+03 8.695519999999999916e-01
8.800000000000000000e+03 8.726079999999999393e-01
8.900000000000000000e+03 8.833840000000000581e-01
9.000000000000000000e+03 8.823119999999999852e-01
9.100000000000000000e+03 8.753159999999999830e-01
9.200000000000000000e+03 8.842760000000000620e-01
9.300000000000000000e+03 8.879840000000001066e-01
9.400000000000000000e+03 8.877279999999999616e-01
9.500000000000000000e+03 9.143719999999999626e-01
9.600000000000000000e+03 9.093320000000000292e-01
9.700000000000000000e+03 9.099960000000000271e-01
9.800000000000000000e+03 9.088319999999999732e-01
9.900000000000000000e+03 8.958840000000000137e-01
1.000000000000000000e+04 9.013959999999999750e-01
1.010000000000000000e+04 8.985639999999999183e-01
1.020000000000000000e+04 9.095079999999999831e-01
1.030000000000000000e+04 8.997880000000000322e-01
1.040000000000000000e+04 9.162439999999999474e-01
1.050000000000000000e+04 9.330439999999999845e-01
1.060000000000000000e+04 9.228959999999999386e-01
1.070000000000000000e+04 9.266119999999999912e-01
1.080000000000000000e+04 9.312320000000000597e-01
1.090000000000000000e+04 9.316679999999999406e-01
1.100000000000000000e+04 9.380239999999999689e-01
1.110000000000000000e+04 9.256079999999999863e-01
1.120000000000000000e+04 9.321880000000000166e-01
1.130000000000000000e+04 9.396120000000000028e-01
1.140000000000000000e+04 9.383079999999999199e-01
1.150000000000000000e+04 9.559879999999999489e-01
1.160000000000000000e+04 9.413199999999999346e-01
1.170000000000000000e+04 9.435919999999999863e-01
1.180000000000000000e+04 9.364799999999999791e-01
1.190000000000000000e+04 9.524319999999999453e-01
1.200000000000000000e+04 9.476159999999999028e-01
1.210000000000000000e+04 9.563080000000000469e-01
1.220000000000000000e+04 9.507879999999999665e-01
1.230000000000000000e+04 9.503239999999999466e-01
1.240000000000000000e+04 9.559800000000000519e-01
1.250000000000000000e+04 9.496240000000000236e-01
1.260000000000000000e+04 9.532920000000000282e-01
1.270000000000000000e+04 9.492760000000000087e-01
1.280000000000000000e+04 9.521359999999999824e-01
1.290000000000000000e+04 9.651079999999999659e-01
1.300000000000000000e+04 9.682959999999999345e-01
1.310000000000000000e+04 9.549639999999999240e-01
1.320000000000000000e+04 9.564120000000000399e-01
1.330000000000000000e+04 9.638999999999999790e-01
1.340000000000000000e+04 9.711880000000001623e-01
1.350000000000000000e+04 9.780119999999999925e-01
1.360000000000000000e+04 9.674639999999999906e-01
1.370000000000000000e+04 9.672039999999998416e-01
1.380000000000000000e+04 9.699200000000001154e-01
1.390000000000000000e+04 9.721719999999999251e-01
1.400000000000000000e+04 9.691839999999999344e-01
1.410000000000000000e+04 9.769399999999999196e-01
1.420000000000000000e+04 9.628600000000000492e-01
1.430000000000000000e+04 9.672799999999999176e-01
1.440000000000000000e+04 9.732799999999999230e-01
1.450000000000000000e+04 9.733079999999999510e-01
1.460000000000000000e+04 9.699640000000000484e-01
1.470000000000000000e+04 9.767319999999999336e-01
1.480000000000000000e+04 9.775079999999999325e-01
1.490000000000000000e+04 9.753560000000000008e-01
1.500000000000000000e+04 9.731559999999999100e-01
1.510000000000000000e+04 9.724200000000000621e-01
1.520000000000000000e+04 9.806719999999999882e-01
1.530000000000000000e+04 9.765719999999999956e-01
1.540000000000000000e+04 9.784920000000000284e-01
1.550000000000000000e+04 9.792680000000000273e-01
1.560000000000000000e+04 9.800560000000000382e-01
1.570000000000000000e+04 9.785759999999998904e-01
1.580000000000000000e+04 9.760159999999998837e-01
1.590000000000000000e+04 9.780400000000000205e-01
1.600000000000000000e+04 9.805960000000000232e-01
1.610000000000000000e+04 9.805400000000000782e-01
1.620000000000000000e+04 9.778399999999999315e-01
1.630000000000000000e+04 9.789959999999999773e-01
1.640000000000000000e+04 9.752360000000001028e-01
1.650000000000000000e+04 9.853079999999999616e-01
1.660000000000000000e+04 9.793239999999999723e-01
1.670000000000000000e+04 9.801239999999999952e-01
1.680000000000000000e+04 9.834359999999998658e-01
1.690000000000000000e+04 9.782480000000001175e-01
1.700000000000000000e+04 9.793320000000000913e-01
1.710000000000000000e+04 9.790439999999999143e-01
1.720000000000000000e+04 9.807639999999998581e-01
1.730000000000000000e+04 9.785399999999999654e-01
1.740000000000000000e+04 9.732960000000000500e-01
1.750000000000000000e+04 9.797720000000000873e-01
1.760000000000000000e+04 9.814319999999999711e-01
1.770000000000000000e+04 9.777559999999999585e-01
1.780000000000000000e+04 9.802799999999999292e-01
1.790000000000000000e+04 9.808999999999999941e-01
1.800000000000000000e+04 9.790919999999999623e-01
1.810000000000000000e+04 9.888080000000001313e-01
1.820000000000000000e+04 9.832400000000000029e-01
1.830000000000000000e+04 9.791600000000000303e-01
1.840000000000000000e+04 9.855400000000000826e-01
1.850000000000000000e+04 9.812519999999999021e-01
1.860000000000000000e+04 9.840160000000000018e-01
1.870000000000000000e+04 9.842159999999998687e-01
1.880000000000000000e+04 9.821400000000000130e-01
1.890000000000000000e+04 9.812359999999998861e-01
1.900000000000000000e+04 9.864279999999998605e-01
1.910000000000000000e+04 9.842319999999999958e-01
1.920000000000000000e+04 9.855199999999999516e-01
1.930000000000000000e+04 9.857159999999999256e-01
1.940000000000000000e+04 9.800480000000000302e-01
1.950000000000000000e+04 9.826999999999999069e-01
1.960000000000000000e+04 9.787120000000000264e-01
1.970000000000000000e+04 9.842800000000000438e-01
1.980000000000000000e+04 9.806479999999999642e-01
1.990000000000000000e+04 9.817960000000001131e-01
2.000000000000000000e+04 9.814079999999999471e-01
2.010000000000000000e+04 9.792039999999999633e-01
2.020000000000000000e+04 9.846519999999999717e-01
2.030000000000000000e+04 9.860760000000000636e-01
2.040000000000000000e+04 9.848719999999999697e-01
2.050000000000000000e+04 9.861039999999999806e-01
2.060000000000000000e+04 9.828680000000000749e-01
2.070000000000000000e+04 9.852279999999999927e-01
2.080000000000000000e+04 9.821840000000000570e-01
2.090000000000000000e+04 9.845439999999999747e-01
2.100000000000000000e+04 9.831119999999999859e-01
2.110000000000000000e+04 9.850119999999999987e-01
2.120000000000000000e+04 9.838680000000000758e-01
2.130000000000000000e+04 9.798719999999999652e-01
2.140000000000000000e+04 9.886080000000000423e-01
2.150000000000000000e+04 9.873119999999999674e-01
2.160000000000000000e+04 9.822239999999999860e-01
2.170000000000000000e+04 9.830480000000000329e-01
2.180000000000000000e+04 9.854160000000000696e-01
2.190000000000000000e+04 9.811440000000000161e-01
2.200000000000000000e+04 9.836359999999999548e-01
2.210000000000000000e+04 9.840240000000000098e-01
2.220000000000000000e+04 9.825599999999999890e-01
2.230000000000000000e+04 9.862560000000000215e-01
2.240000000000000000e+04 9.830319999999999059e-01
2.250000000000000000e+04 9.840360000000000218e-01
2.260000000000000000e+04 9.844340000000001423e-01
2.270000000000000000e+04 9.885759999999998993e-01
2.280000000000000000e+04 9.841480000000000228e-01
2.290000000000000000e+04 9.837119999999999198e-01
2.300000000000000000e+04 9.876559999999999784e-01
2.310000000000000000e+04 9.880759999999999543e-01
2.320000000000000000e+04 9.842160000000000908e-01
2.330000000000000000e+04 9.830919999999999659e-01
2.340000000000000000e+04 9.857839999999999936e-01
2.350000000000000000e+04 9.793720000000000203e-01
2.360000000000000000e+04 9.801079999999999792e-01
2.370000000000000000e+04 9.815560000000000951e-01
2.380000000000000000e+04 9.842159999999999798e-01
2.390000000000000000e+04 9.834719999999999018e-01
2.400000000000000000e+04 9.803680000000000172e-01
2.410000000000000000e+04 9.799679999999999502e-01
2.420000000000000000e+04 9.858839999999999826e-01
2.430000000000000000e+04 9.865080000000000515e-01
2.440000000000000000e+04 9.834879999999999178e-01
2.450000000000000000e+04 9.863560000000001216e-01
2.460000000000000000e+04 9.830680000000000529e-01
2.470000000000000000e+04 9.840039999999999898e-01
2.480000000000000000e+04 9.852000000000000757e-01
2.490000000000000000e+04 9.819039999999999990e-01
2.500000000000000000e+04 9.815119999999999401e-01
2.510000000000000000e+04 9.843239999999999768e-01
2.520000000000000000e+04 9.872360000000000024e-01
2.530000000000000000e+04 9.835160000000000569e-01
2.540000000000000000e+04 9.855599999999999916e-01
2.550000000000000000e+04 9.824599999999998889e-01
2.560000000000000000e+04 9.833199999999999719e-01
2.570000000000000000e+04 9.883399999999999963e-01
2.580000000000000000e+04 9.832239999999999869e-01
2.590000000000000000e+04 9.791239999999999943e-01
2.600000000000000000e+04 9.821159999999999890e-01
2.610000000000000000e+04 9.793439999999999923e-01
2.620000000000000000e+04 9.843720000000000248e-01
2.630000000000000000e+04 9.817200000000000371e-01
2.640000000000000000e+04 9.859680000000000666e-01
2.650000000000000000e+04 9.842680000000000318e-01
2.660000000000000000e+04 9.853800000000000336e-01
2.670000000000000000e+04 9.844319999999999737e-01
2.680000000000000000e+04 9.856000000000000316e-01
2.690000000000000000e+04 9.814319999999999711e-01
2.700000000000000000e+04 9.881320000000000103e-01
2.710000000000000000e+04 9.849680000000000657e-01
2.720000000000000000e+04 9.899999999999999911e-01
2.730000000000000000e+04 9.870240000000000125e-01
2.740000000000000000e+04 9.840919999999999668e-01
2.750000000000000000e+04 9.811760000000000481e-01
2.760000000000000000e+04 9.841319999999998958e-01
2.770000000000000000e+04 9.797960000000000003e-01
2.780000000000000000e+04 9.819999999999999840e-01
2.790000000000000000e+04 9.824519999999999920e-01
2.800000000000000000e+04 9.820039999999999880e-01
2.810000000000000000e+04 9.810400000000000231e-01
2.820000000000000000e+04 9.875799999999999024e-01
2.830000000000000000e+04 9.806479999999999642e-01
2.840000000000000000e+04 9.846000000000000307e-01
2.850000000000000000e+04 9.832840000000000469e-01
2.860000000000000000e+04 9.857560000000000766e-01
2.870000000000000000e+04 9.792159999999999753e-01
2.880000000000000000e+04 9.854720000000000146e-01
2.890000000000000000e+04 9.840480000000000338e-01
2.900000000000000000e+04 9.846639999999999837e-01
2.910000000000000000e+04 9.840639999999999388e-01
2.920000000000000000e+04 9.842799999999999327e-01
2.930000000000000000e+04 9.875879999999999104e-01
2.940000000000000000e+04 9.817599999999999660e-01
2.950000000000000000e+04 9.825080000000000480e-01
2.960000000000000000e+04 9.837080000000000268e-01
2.970000000000000000e+04 9.801239999999999952e-01
2.980000000000000000e+04 9.857239999999999336e-01
2.990000000000000000e+04 9.832879999999999399e-01
3.000000000000000000e+04 9.854879999999999196e-01
