0.000000000000000000e+00 4.512517625260583642e-01
1.000000000000000000e+02 3.686125337462330398e-01
2.000000000000000000e+02 3.989565859354840538e-01
3.000000000000000000e+02 4.088434862778714818e-01
4.000000000000000000e+02 4.210214628235763867e-01
5.000000000000000000e+02 4.455699593475566656e-01
6.000000000000000000e+02 4.615613598863247402e-01
7.000000000000000000e+02 4.694876104748147427e-01
8.000000000000000000e+02 4.605014341069495476e-01
9.000000000000000000e+02 4.954819640447983842e-01
1.000000000000000000e+03 4.833598166861186041e-01
1.100000000000000000e+03 5.022486253288837021e-01
1.200000000000000000e+03 5.193672804670017573e-01
1.300000000000000000e+03 5.181382238127001383e-01
1.400000000000000000e+03 5.478925444021739422e-01
1.500000000000000000e+03 5.582316168751925156e-01
1.600000000000000000e+03 5.667066816166553833e-01
1.700000000000000000e+03 6.209354539975283638e-01
1.800000000000000000e+03 5.847474147089678498e-01
1.900000000000000000e+03 5.818395866654789694e-01
2.000000000000000000e+03 6.371580342702753974e-01
2.100000000000000000e+03 6.365991518227429591e-01
2.200000000000000000e+03 6.157017116406930946e-01
2.300000000000000000e+03 6.518269363440777342e-01
2.400000000000000000e+03 6.698892869782775428e-01
2.500000000000000000e+03 6.847030141096370759e-01
2.600000000000000000e+03 6.550566754976425710e-01
2.700000000000000000e+03 6.947318679075336068e-01
2.800000000000000000e+03 6.947347426697747519e-01
2.900000000000000000e+03 7.111238243277001603e-01
3.000000000000000000e+03 7.114383800290831061e-01
3.100000000000000000e+03 7.342494596303279497e-01
3.200000000000000000e+03 7.347638224339743118e-01
3.300000000000000000e+03 7.458053230122886346e-01
3.400000000000000000e+03 7.461686517165063703e-01
3.500000000000000000e+03 7.705091873956388948e-01
3.600000000000000000e+03 7.533387581460035953e-01
3.700000000000000000e+03 7.665058078875737202e-01
3.800000000000000000e+03 7.938788096774331837e-01
3.900000000000000000e+03 7.821210594528555937e-01
4.000000000000000000e+03 8.030293343176454490e-01
4.100000000000000000e+03 8.109181609146720593e-01
4.200000000000000000e+03 8.123880467598241228e-01
4.300000000000000000e+03 8.036485589578383770e-01
4.400000000000000000e+03 8.035023173225636084e-01
4.500000000000000000e+03 8.211488234646409090e-01
4.600000000000000000e+03 8.255958573678425783e-01
4.700000000000000000e+03 8.178056694940343263e-01
4.800000000000000000e+03 8.422573621358631080e-01
4.900000000000000000e+03 8.385575292055698071e-01
5.000000000000000000e+03 8.282820799184552607e-01
5.100000000000000000e+03 8.383115624089529927e-01
5.200000000000000000e+03 8.388477448358213628e-01
5.300000000000000000e+03 8.469456139947755258e-01
5.400000000000000000e+03 8.673192261398090519e-01
5.500000000000000000e+03 8.632121647147388277e-01
5.600000000000000000e+03 8.480352943639590801e-01
5.700000000000000000e+03 8.517042166229107369e-01
5.800000000000000000e+03 8.546194409144786119e-01
5.900000000000000000e+03 8.677521865248110089e-01
6.000000000000000000e+03 8.744400174961797223e-01
6.100000000000000000e+03 8.797578203233895611e-01
6.200000000000000000e+03 8.709538498254875138e-01
6.300000000000000000e+03 8.631723576487602134e-01
6.400000000000000000e+03 8.723654583705128251e-01
6.500000000000000000e+03 8.766977897081381643e-01
6.600000000000000000e+03 8.677497754592427004e-01
6.700000000000000000e+03 8.850255203717718455e-01
6.800000000000000000e+03 8.807217360628867286e-01
6.900000000000000000e+03 8.812337022096079497e-01
7.000000000000000000e+03 8.852385980100587748e-01
7.100000000000000000e+03 8.820302134256239324e-01
7.200000000000000000e+03 8.768430737010313170e-01
7.300000000000000000e+03 8.931197573167224402e-01
7.400000000000000000e+03 8.917974510213497741e-01
7.500000000000000000e+03 8.992505235729750801e-01
7.600000000000000000e+03 8.977999560870683071e-01
7.700000000000000000e+03 8.878037604103516944e-01
7.800000000000000000e+03 9.069214104765991324e-01
7.900000000000000000e+03 8.910609573389487448e-01
8.000000000000000000e+03 9.048063477564860513e-01
8.100000000000000000e+03 9.050939780367219800e-01
8.200000000000000000e+03 9.022969118000068178e-01
8.300000000000000000e+03 9.011247978387341151e-01
8.400000000000000000e+03 8.993851968902795146e-01
8.500000000000000000e+03 9.037828906216412994e-01
8.600000000000000000e+03 9.121170774981679497e-01
8.700000000000000000e+03 9.249144035387812934e-01
8.800000000000000000e+03 9.225563020280231896e-01
8.900000000000000000e+03 9.183682619588322549e-01
9.000000000000000000e+03 9.120731419150516217e-01
9.100000000000000000e+03 9.150651908313705007e-01
9.200000000000000000e+03 9.285458680368825490e-01
9.300000000000000000e+03 9.183452116855514991e-01
9.400000000000000000e+03 9.140781976391821884e-01
9.500000000000000000e+03 9.251408301704922010e-01
9.600000000000000000e+03 9.194723643075217723e-01
9.700000000000000000e+03 9.192447622928674456e-01
9.800000000000000000e+03 9.200665725530814409e-01
9.900000000000000000e+03 9.286889463624969920e-01
1.000000000000000000e+04 9.246943569810421870e-01
1.010000000000000000e+04 9.252028886502673410e-01
1.020000000000000000e+04 9.287465317396943476e-01
1.030000000000000000e+04 9.314079558938334058e-01
1.040000000000000000e+04 9.362247069369549202e-01
1.050000000000000000e+04 9.280417520706535361e-01
1.060000000000000000e+04 9.335820157256744523e-01
1.070000000000000000e+04 9.333512508019727871e-01
1.080000000000000000e+04 9.356159105904504614e-01
1.090000000000000000e+04 9.334914455768107411e-01
1.100000000000000000e+04 9.362970077702752469e-01
1.110000000000000000e+04 9.376602950812035209e-01
1.120000000000000000e+04 9.334408936158671288e-01
1.130000000000000000e+04 9.370736888742609016e-01
1.140000000000000000e+04 9.390238534411828875e-01
1.150000000000000000e+04 9.262459774032020254e-01
1.160000000000000000e+04 9.429369559688709490e-01
1.170000000000000000e+04 9.381035283881138387e-01
1.180000000000000000e+04 9.394845982098180004e-01
1.190000000000000000e+04 9.413560573425654443e-01
1.200000000000000000e+04 9.479370466348426838e-01
1.210000000000000000e+04 9.434491174836540095e-01
1.220000000000000000e+04 9.435476176443784446e-01
1.230000000000000000e+04 9.460309161014334167e-01
1.240000000000000000e+04 9.446827051603241543e-01
1.250000000000000000e+04 9.377871086844368209e-01
1.260000000000000000e+04 9.510482932329653583e-01
1.270000000000000000e+04 9.493408489628369917e-01
1.280000000000000000e+04 9.559698505581455397e-01
1.290000000000000000e+04 9.556905021572503767e-01
1.300000000000000000e+04 9.461542887402721869e-01
1.310000000000000000e+04 9.483384950083488807e-01
1.320000000000000000e+04 9.546917989488311607e-01
1.330000000000000000e+04 9.499500293905074333e-01
1.340000000000000000e+04 9.474235140670943522e-01
1.350000000000000000e+04 9.605166657218212611e-01
1.360000000000000000e+04 9.588611495096797110e-01
1.370000000000000000e+04 9.647197268590124164e-01
1.380000000000000000e+04 9.539633583491948787e-01
1.390000000000000000e+04 9.602678331429636005e-01
1.400000000000000000e+04 9.588401214853001786e-01
1.410000000000000000e+04 9.647016911207222378e-01
1.420000000000000000e+04 9.669172182396744697e-01
1.430000000000000000e+04 9.657211582212344991e-01
1.440000000000000000e+04 9.623379963058065201e-01
1.450000000000000000e+04 9.612221445103923401e-01
1.460000000000000000e+04 9.620264687303724527e-01
1.470000000000000000e+04 9.660914178122914642e-01
1.480000000000000000e+04 9.651786568063438487e-01
1.490000000000000000e+04 9.672589914747558026e-01
1.500000000000000000e+04 9.639456309428054981e-01
1.510000000000000000e+04 9.633300065459382555e-01
1.520000000000000000e+04 9.669749243324756716e-01
1.530000000000000000e+04 9.685685277647562152e-01
1.540000000000000000e+04 9.681340682221966087e-01
1.550000000000000000e+04 9.719712549628117815e-01
1.560000000000000000e+04 9.721798043381573162e-01
1.570000000000000000e+04 9.690350088583452592e-01
1.580000000000000000e+04 9.721712241251242448e-01
1.590000000000000000e+04 9.699376790737034293e-01
1.600000000000000000e+04 9.763359058004537072e-01
1.610000000000000000e+04 9.765273327946528692e-01
1.620000000000000000e+04 9.731229502579124002e-01
1.630000000000000000e+04 9.757834644574188143e-01
1.640000000000000000e+04 9.775702289671596157e-01
1.650000000000000000e+04 9.739850621496348726e-01
1.660000000000000000e+04 9.768621761398909031e-01
1.670000000000000000e+04 9.769061647210707244e-01
1.680000000000000000e+04 9.801933434205095663e-01
1.690000000000000000e+04 9.795283530653262627e-01
1.700000000000000000e+04 9.789276716248879184e-01
1.710000000000000000e+04 9.780251348694373181e-01
1.720000000000000000e+04 9.808164633881315542e-01
1.730000000000000000e+04 9.766659031933223600e-01
1.740000000000000000e+04 9.767055213131679015e-01
1.750000000000000000e+04 9.795646849481782770e-01
1.760000000000000000e+04 9.774340629327281649e-01
1.770000000000000000e+04 9.785145207299296155e-01
1.780000000000000000e+04 9.820635777143158496e-01
1.790000000000000000e+04 9.807628122970337703e-01
1.800000000000000000e+04 9.805971847378278650e-01
1.810000000000000000e+04 9.825622914770881788e-01
1.820000000000000000e+04 9.790053015906593492e-01
1.830000000000000000e+04 9.824598395375018223e-01
1.840000000000000000e+04 9.839711841412043247e-01
1.850000000000000000e+04 9.813695342921371356e-01
1.860000000000000000e+04 9.819903617076090052e-01
1.870000000000000000e+04 9.793405732180191503e-01
1.880000000000000000e+04 9.804903737918179152e-01
1.890000000000000000e+04 9.829527853882352728e-01
1.900000000000000000e+04 9.796642669832837935e-01
1.910000000000000000e+04 9.815028437225045144e-01
1.920000000000000000e+04 9.800614264963207756e-01
1.930000000000000000e+04 9.817106585541737207e-01
1.940000000000000000e+04 9.825193414277515469e-01
1.950000000000000000e+04 9.841123340913481288e-01
1.960000000000000000e+04 9.793596174365650775e-01
1.970000000000000000e+04 9.851191435305723942e-01
1.980000000000000000e+04 9.832026008444013643e-01
1.990000000000000000e+04 9.856666923898765864e-01
2.000000000000000000e+04 9.821928857620148001e-01
2.010000000000000000e+04 9.842551414660134501e-01
2.020000000000000000e+04 9.815132301285200978e-01
2.030000000000000000e+04 9.832182193278850013e-01
2.040000000000000000e+04 9.866743818401897403e-01
2.050000000000000000e+04 9.834373295024005923e-01
2.060000000000000000e+04 9.864908932963785126e-01
2.070000000000000000e+04 9.853798446033746883e-01
2.080000000000000000e+04 9.859827909569407467e-01
2.090000000000000000e+04 9.876823392012016312e-01
2.100000000000000000e+04 9.859183255851646788e-01
2.110000000000000000e+04 9.846237188163889931e-01
2.120000000000000000e+04 9.852527464407141444e-01
2.130000000000000000e+04 9.827977433587363754e-01
2.140000000000000000e+04 9.856695283885079650e-01
2.150000000000000000e+04 9.899767556044709593e-01
2.160000000000000000e+04 9.889427547032770827e-01
2.170000000000000000e+04 9.855092559016793707e-01
2.180000000000000000e+04 9.863264771015515242e-01
2.190000000000000000e+04 9.899431602153142551e-01
2.200000000000000000e+04 9.861807210975199744e-01
2.210000000000000000e+04 9.847496236074533282e-01
2.220000000000000000e+04 9.879927375686293756e-01
2.230000000000000000e+04 9.874474941944578754e-01
2.240000000000000000e+04 9.894435891370604308e-01
2.250000000000000000e+04 9.904110224326794221e-01
2.260000000000000000e+04 9.893618389353925346e-01
2.270000000000000000e+04 9.870707375995736443e-01
2.280000000000000000e+04 9.886404469911704851e-01
2.290000000000000000e+04 9.906625622969520428e-01
2.300000000000000000e+04 9.886194820409220929e-01
2.310000000000000000e+04 9.889150482221086280e-01
2.320000000000000000e+04 9.880443543859919187e-01
2.330000000000000000e+04 9.863203311319834743e-01
2.340000000000000000e+04 9.892731907709946260e-01
2.350000000000000000e+04 9.882218555479752586e-01
2.360000000000000000e+04 9.881230040286105298e-01
2.370000000000000000e+04 9.932250548007989233e-01
2.380000000000000000e+04 9.857481170188320263e-01
2.390000000000000000e+04 9.904962041206792911e-01
2.400000000000000000e+04 9.906333492434500343e-01
2.410000000000000000e+04 9.923786884400581654e-01
2.420000000000000000e+04 9.902629850412677515e-01
2.430000000000000000e+04 9.896322605246091753e-01
2.440000000000000000e+04 9.878545568426142509e-01
2.450000000000000000e+04 9.919745708970573173e-01
2.460000000000000000e+04 9.909146908888113447e-01
2.470000000000000000e+04 9.878537492948140653e-01
2.480000000000000000e+04 9.917082413053538437e-01
2.490000000000000000e+04 9.883552185604002061e-01
2.500000000000000000e+04 9.914523681356993690e-01
2.510000000000000000e+04 9.905401699635788537e-01
2.520000000000000000e+04 9.901713428239257153e-01
2.530000000000000000e+04 9.915733081450177622e-01
2.540000000000000000e+04 9.888356502333095488e-01
2.550000000000000000e+04 9.914342980737370636e-01
2.560000000000000000e+04 9.908848001039501918e-01
2.570000000000000000e+04 9.882231353307264765e-01
2.580000000000000000e+04 9.880567800146196067e-01
2.590000000000000000e+04 9.892672658820801379e-01
2.600000000000000000e+04 9.906385197763084571e-01
2.610000000000000000e+04 9.850203120822574876e-01
2.620000000000000000e+04 9.882637125524100785e-01
2.630000000000000000e+04 9.863759941835889000e-01
2.640000000000000000e+04 9.848368949005683604e-01
2.650000000000000000e+04 9.896335831731277732e-01
2.660000000000000000e+04 9.894575564636189924e-01
2.670000000000000000e+04 9.928897494244781630e-01
2.680000000000000000e+04 9.881434448195115516e-01
2.690000000000000000e+04 9.912926151888632464e-01
2.700000000000000000e+04 9.904330543651761465e-01
2.710000000000000000e+04 9.917881641239952861e-01
2.720000000000000000e+04 9.902664606336875064e-01
2.730000000000000000e+04 9.907842179032291252e-01
2.740000000000000000e+04 9.877291915232971897e-01
2.750000000000000000e+04 9.891590469374890171e-01
2.760000000000000000e+04 9.912828420559768317e-01
2.770000000000000000e+04 9.944453064119540553e-01
2.780000000000000000e+04 9.909514707882298712e-01
2.790000000000000000e+04 9.908261537343244774e-01
2.800000000000000000e+04 9.883954272137993602e-01
2.810000000000000000e+04 9.915028087304499360e-01
2.820000000000000000e+04 9.918290283208061053e-01
2.830000000000000000e+04 9.903693581571073601e-01
2.840000000000000000e+04 9.908250140849422793e-01
2.850000000000000000e+04 9.905500891554931409e-01
2.860000000000000000e+04 9.926140948411046327e-01
2.870000000000000000e+04 9.905825073194004515e-01
2.880000000000000000e+04 9.903801491755178654e-01
2.890000000000000000e+04 9.906269768367371720e-01
2.900000000000000000e+04 9.902063662322970750e-01
2.910000000000000000e+04 9.904090650025092479e-01
2.920000000000000000e+04 9.913151207609093296e-01
2.930000000000000000e+04 9.948978118160964890e-01
2.940000000000000000e+04 9.934909177241684208e-01
2.950000000000000000e+04 9.916352977086067000e-01
2.960000000000000000e+04 9.929744931846390399e-01
2.970000000000000000e+04 9.911719437514978637e-01
2.980000000000000000e+04 9.898302230081832409e-01
2.990000000000000000e+04 9.915387722878192811e-01
3.000000000000000000e+04 9.924738524475027468e-01
