0.000000000000000000e+00 4.464239999999999875e-01
1.000000000000000000e+02 2.767120000000000135e-01
2.000000000000000000e+02 3.541840000000000543e-01
3.000000000000000000e+02 3.739319999999999311e-01
4.000000000000000000e+02 4.000000000000000222e-01
5.000000000000000000e+02 4.424319999999999919e-01
6.000000000000000000e+02 4.509319999999999995e-01
7.000000000000000000e+02 4.781320000000000014e-01
8.000000000000000000e+02 4.652680000000000149e-01
9.000000000000000000e+02 5.124919999999999476e-01
1.000000000000000000e+03 5.047999999999999154e-01
1.100000000000000000e+03 5.146760000000000224e-01
1.200000000000000000e+03 5.293999999999999817e-01
1.300000000000000000e+03 5.337520000000000042e-01
1.400000000000000000e+03 5.786560000000000592e-01
1.500000000000000000e+03 5.674479999999999524e-01
1.600000000000000000e+03 5.679320000000001034e-01
1.700000000000000000e+03 6.230799999999999672e-01
1.800000000000000000e+03 5.891239999999999810e-01
1.900000000000000000e+03 6.015040000000000386e-01
2.000000000000000000e+03 6.431160000000000210e-01
2.100000000000000000e+03 6.412120000000000042e-01
2.200000000000000000e+03 6.390840000000000964e-01
2.300000000000000000e+03 6.420080000000000231e-01
2.400000000000000000e+03 6.615400000000000169e-01
2.500000000000000000e+03 6.904719999999999747e-01
2.600000000000000000e+03 6.530999999999999028e-01
2.700000000000000000e+03 6.840119999999999534e-01
2.800000000000000000e+03 6.892080000000000428e-01
2.900000000000000000e+03 7.122479999999999922e-01
3.000000000000000000e+03 7.057439999999999269e-01
3.100000000000000000e+03 7.201040000000000774e-01
3.200000000000000000e+03 7.117519999999999403e-01
3.300000000000000000e+03 7.332920000000000549e-01
3.400000000000000000e+03 7.339599999999999458e-01
3.500000000000000000e+03 7.454119999999999635e-01
3.600000000000000000e+03 7.469239999999999213e-01
3.700000000000000000e+03 7.480320000000000302e-01
3.800000000000000000e+03 7.675559999999999050e-01
3.900000000000000000e+03 7.545720000000000205e-01
4.000000000000000000e+03 7.906239999999999934e-01
4.100000000000000000e+03 7.822120000000001294e-01
4.200000000000000000e+03 7.912639999999999674e-01
4.300000000000000000e+03 7.745639999999999192e-01
4.400000000000000000e+03 7.768120000000000580e-01
4.500000000000000000e+03 7.910760000000000014e-01
4.600000000000000000e+03 7.925719999999999432e-01
4.700000000000000000e+03 7.874360000000000248e-01
4.800000000000000000e+03 8.130759999999999099e-01
4.900000000000000000e+03 8.125279999999999170e-01
5.000000000000000000e+03 7.990919999999999135e-01
5.100000000000000000e+03 8.121359999999998580e-01
5.200000000000000000e+03 8.024639999999999551e-01
5.300000000000000000e+03 8.224240000000000439e-01
5.400000000000000000e+03 8.347319999999999185e-01
5.500000000000000000e+03 8.321720000000000228e-01
5.600000000000000000e+03 8.272160000000001734e-01
5.700000000000000000e+03 8.215559999999999530e-01
5.800000000000000000e+03 8.248720000000000496e-01
5.900000000000000000e+03 8.364160000000000483e-01
6.000000000000000000e+03 8.452159999999999673e-01
6.100000000000000000e+03 8.449400000000000244e-01
6.200000000000000000e+03 8.470599999999999241e-01
6.300000000000000000e+03 8.314359999999999529e-01
6.400000000000000000e+03 8.422199999999999687e-01
6.500000000000000000e+03 8.485279999999999490e-01
6.600000000000000000e+03 8.441919999999999424e-01
6.700000000000000000e+03 8.603800000000001447e-01
6.800000000000000000e+03 8.524320000000000785e-01
6.900000000000000000e+03 8.587759999999999838e-01
7.000000000000000000e+03 8.607560000000000766e-01
7.100000000000000000e+03 8.546679999999999833e-01
7.200000000000000000e+03 8.493759999999999089e-01
7.300000000000000000e+03 8.702600000000000335e-01
7.400000000000000000e+03 8.608279999999999266e-01
7.500000000000000000e+03 8.750440000000000440e-01
7.600000000000000000e+03 8.682279999999998887e-01
7.700000000000000000e+03 8.563399999999999901e-01
7.800000000000000000e+03 8.846480000000001009e-01
7.900000000000000000e+03 8.644840000000000302e-01
8.000000000000000000e+03 8.811720000000000663e-01
8.100000000000000000e+03 8.867919999999998026e-01
8.200000000000000000e+03 8.839399999999999480e-01
8.300000000000000000e+03 8.701999999999998625e-01
8.400000000000000000e+03 8.773400000000000087e-01
8.500000000000000000e+03 8.772400000000000198e-01
8.600000000000000000e+03 8.876560000000000006e-01
8.700000000000000000e+03 9.063679999999999515e-01
8.800000000000000000e+03 9.022919999999998719e-01
8.900000000000000000e+03 8.972280000000000255e-01
9.000000000000000000e+03 8.900919999999998833e-01
9.100000000000000000e+03 8.885919999999999375e-01
9.200000000000000000e+03 9.067800000000000304e-01
9.300000000000000000e+03 8.968639999999998835e-01
9.400000000000000000e+03 8.900200000000000333e-01
9.500000000000000000e+03 9.056799999999998185e-01
9.600000000000000000e+03 9.006960000000000521e-01
9.700000000000000000e+03 8.985199999999998743e-01
9.800000000000000000e+03 8.995680000000001453e-01
9.900000000000000000e+03 9.123639999999999528e-01
1.000000000000000000e+04 9.063599999999999435e-01
1.010000000000000000e+04 9.054919999999999636e-01
1.020000000000000000e+04 9.062399999999999345e-01
1.030000000000000000e+04 9.101239999999999331e-01
1.040000000000000000e+04 9.187200000000000921e-01
1.050000000000000000e+04 9.109079999999999400e-01
1.060000000000000000e+04 9.122919999999999918e-01
1.070000000000000000e+04 9.133000000000000007e-01
1.080000000000000000e+04 9.210440000000000849e-01
1.090000000000000000e+04 9.161439999999999584e-01
1.100000000000000000e+04 9.196879999999999500e-01
1.110000000000000000e+04 9.212519999999999598e-01
1.120000000000000000e+04 9.166760000000000463e-01
1.130000000000000000e+04 9.229360000000000896e-01
1.140000000000000000e+04 9.238039999999998475e-01
1.150000000000000000e+04 9.103360000000000340e-01
1.160000000000000000e+04 9.252920000000000034e-01
1.170000000000000000e+04 9.250519999999999854e-01
1.180000000000000000e+04 9.255919999999999703e-01
1.190000000000000000e+04 9.252160000000000384e-01
1.200000000000000000e+04 9.329039999999999555e-01
1.210000000000000000e+04 9.278840000000001531e-01
1.220000000000000000e+04 9.318919999999998316e-01
1.230000000000000000e+04 9.312239999999999407e-01
1.240000000000000000e+04 9.328240000000000975e-01
1.250000000000000000e+04 9.230760000000000076e-01
1.260000000000000000e+04 9.365760000000000751e-01
1.270000000000000000e+04 9.331199999999999495e-01
1.280000000000000000e+04 9.444120000000000292e-01
1.290000000000000000e+04 9.449160000000000892e-01
1.300000000000000000e+04 9.312239999999999407e-01
1.310000000000000000e+04 9.364479999999999471e-01
1.320000000000000000e+04 9.439200000000000923e-01
1.330000000000000000e+04 9.389199999999999768e-01
1.340000000000000000e+04 9.344639999999998503e-01
1.350000000000000000e+04 9.506160000000001276e-01
1.360000000000000000e+04 9.476720000000000699e-01
1.370000000000000000e+04 9.549160000000000981e-01
1.380000000000000000e+04 9.406400000000000317e-01
1.390000000000000000e+04 9.507799999999999585e-01
1.400000000000000000e+04 9.465640000000000720e-01
1.410000000000000000e+04 9.541760000000000241e-01
1.420000000000000000e+04 9.584399999999999586e-01
1.430000000000000000e+04 9.571920000000000428e-01
1.440000000000000000e+04 9.525559999999999583e-01
1.450000000000000000e+04 9.519079999999999764e-01
1.460000000000000000e+04 9.519679999999999254e-01
1.470000000000000000e+04 9.556919999999999860e-01
1.480000000000000000e+04 9.565240000000000409e-01
1.490000000000000000e+04 9.597240000000000215e-01
1.500000000000000000e+04 9.541200000000000792e-01
1.510000000000000000e+04 9.541720000000000201e-01
1.520000000000000000e+04 9.574039999999999218e-01
1.530000000000000000e+04 9.580399999999998917e-01
1.540000000000000000e+04 9.598320000000000185e-01
1.550000000000000000e+04 9.651800000000000379e-01
1.560000000000000000e+04 9.640839999999999410e-01
1.570000000000000000e+04 9.604639999999999844e-01
1.580000000000000000e+04 9.640759999999999330e-01
1.590000000000000000e+04 9.651359999999999939e-01
1.600000000000000000e+04 9.699999999999998623e-01
1.610000000000000000e+04 9.705679999999998753e-01
1.620000000000000000e+04 9.658999999999998698e-01
1.630000000000000000e+04 9.700360000000000094e-01
1.640000000000000000e+04 9.718679999999999541e-01
1.650000000000000000e+04 9.681840000000000446e-01
1.660000000000000000e+04 9.719199999999998951e-01
1.670000000000000000e+04 9.707880000000000953e-01
1.680000000000000000e+04 9.741840000000000499e-01
1.690000000000000000e+04 9.745479999999998588e-01
1.700000000000000000e+04 9.731119999999999770e-01
1.710000000000000000e+04 9.732159999999999700e-01
1.720000000000000000e+04 9.757440000000001668e-01
1.730000000000000000e+04 9.716839999999998811e-01
1.740000000000000000e+04 9.693479999999999874e-01
1.750000000000000000e+04 9.739679999999999449e-01
1.760000000000000000e+04 9.720760000000000511e-01
1.770000000000000000e+04 9.727239999999999220e-01
1.780000000000000000e+04 9.779560000000000475e-01
1.790000000000000000e+04 9.773959999999999315e-01
1.800000000000000000e+04 9.747799999999998688e-01
1.810000000000000000e+04 9.789240000000000164e-01
1.820000000000000000e+04 9.735680000000001000e-01
1.830000000000000000e+04 9.789719999999999533e-01
1.840000000000000000e+04 9.801599999999999202e-01
1.850000000000000000e+04 9.759600000000000497e-01
1.860000000000000000e+04 9.796960000000000113e-01
1.870000000000000000e+04 9.750199999999998868e-01
1.880000000000000000e+04 9.765480000000000826e-01
1.890000000000000000e+04 9.787239999999999274e-01
1.900000000000000000e+04 9.753119999999999568e-01
1.910000000000000000e+04 9.777639999999998555e-01
1.920000000000000000e+04 9.762680000000000247e-01
1.930000000000000000e+04 9.773359999999999825e-01
1.940000000000000000e+04 9.784039999999999404e-01
1.950000000000000000e+04 9.816360000000000641e-01
1.960000000000000000e+04 9.744639999999999969e-01
1.970000000000000000e+04 9.810640000000000471e-01
1.980000000000000000e+04 9.804680000000000062e-01
1.990000000000000000e+04 9.841760000000000508e-01
2.000000000000000000e+04 9.786920000000000064e-01
2.010000000000000000e+04 9.807399999999999451e-01
2.020000000000000000e+04 9.778160000000000185e-01
2.030000000000000000e+04 9.797639999999999683e-01
2.040000000000000000e+04 9.848439999999999417e-01
2.050000000000000000e+04 9.805920000000000192e-01
2.060000000000000000e+04 9.846480000000000787e-01
2.070000000000000000e+04 9.819719999999998450e-01
2.080000000000000000e+04 9.825599999999999890e-01
2.090000000000000000e+04 9.852239999999999887e-01
2.100000000000000000e+04 9.860160000000000036e-01
2.110000000000000000e+04 9.814079999999999471e-01
2.120000000000000000e+04 9.836759999999999948e-01
2.130000000000000000e+04 9.802559999999999052e-01
2.140000000000000000e+04 9.827599999999999669e-01
2.150000000000000000e+04 9.874959999999999294e-01
2.160000000000000000e+04 9.869480000000000475e-01
2.170000000000000000e+04 9.826719999999999899e-01
2.180000000000000000e+04 9.839240000000000208e-01
2.190000000000000000e+04 9.881039999999999823e-01
2.200000000000000000e+04 9.841840000000000588e-01
2.210000000000000000e+04 9.820640000000000480e-01
2.220000000000000000e+04 9.861480000000000246e-01
2.230000000000000000e+04 9.842159999999999798e-01
2.240000000000000000e+04 9.865920000000001355e-01
2.250000000000000000e+04 9.879160000000000164e-01
2.260000000000000000e+04 9.885080000000000533e-01
2.270000000000000000e+04 9.841120000000000978e-01
2.280000000000000000e+04 9.864159999999999595e-01
2.290000000000000000e+04 9.890120000000000022e-01
2.300000000000000000e+04 9.866679999999999895e-01
2.310000000000000000e+04 9.875399999999999734e-01
2.320000000000000000e+04 9.853279999999998706e-01
2.330000000000000000e+04 9.840239999999998988e-01
2.340000000000000000e+04 9.866719999999999935e-01
2.350000000000000000e+04 9.860719999999999485e-01
2.360000000000000000e+04 9.853879999999999306e-01
2.370000000000000000e+04 9.917679999999999829e-01
2.380000000000000000e+04 9.830760000000000609e-01
2.390000000000000000e+04 9.879519999999999413e-01
2.400000000000000000e+04 9.883480000000001153e-01
2.410000000000000000e+04 9.915400000000000880e-01
2.420000000000000000e+04 9.892479999999999052e-01
2.430000000000000000e+04 9.878480000000000594e-01
2.440000000000000000e+04 9.861079999999999846e-01
2.450000000000000000e+04 9.915999999999999259e-01
2.460000000000000000e+04 9.899400000000000421e-01
2.470000000000000000e+04 9.849439999999999307e-01
2.480000000000000000e+04 9.911119999999999930e-01
2.490000000000000000e+04 9.861200000000001076e-01
2.500000000000000000e+04 9.908719999999999750e-01
2.510000000000000000e+04 9.892520000000001312e-01
2.520000000000000000e+04 9.889320000000000332e-01
2.530000000000000000e+04 9.905880000000000241e-01
2.540000000000000000e+04 9.872399999999998954e-01
2.550000000000000000e+04 9.904519999999999991e-01
2.560000000000000000e+04 9.895359999999999712e-01
2.570000000000000000e+04 9.860999999999999766e-01
2.580000000000000000e+04 9.864359999999999795e-01
2.590000000000000000e+04 9.874720000000000164e-01
2.600000000000000000e+04 9.901480000000000281e-01
2.610000000000000000e+04 9.835519999999999818e-01
2.620000000000000000e+04 9.866439999999999655e-01
2.630000000000000000e+04 9.848599999999999577e-01
2.640000000000000000e+04 9.831199999999999939e-01
2.650000000000000000e+04 9.880240000000000133e-01
2.660000000000000000e+04 9.879080000000000084e-01
2.670000000000000000e+04 9.920960000000000889e-01
2.680000000000000000e+04 9.870999999999999774e-01
2.690000000000000000e+04 9.898599999999998511e-01
2.700000000000000000e+04 9.891159999999999952e-01
2.710000000000000000e+04 9.906919999999999060e-01
2.720000000000000000e+04 9.893439999999998902e-01
2.730000000000000000e+04 9.906120000000000481e-01
2.740000000000000000e+04 9.868000000000000105e-01
2.750000000000000000e+04 9.879360000000000364e-01
2.760000000000000000e+04 9.900520000000000431e-01
2.770000000000000000e+04 9.933600000000000207e-01
2.780000000000000000e+04 9.904840000000000311e-01
2.790000000000000000e+04 9.897200000000000442e-01
2.800000000000000000e+04 9.866040000000000365e-01
2.810000000000000000e+04 9.902079999999998661e-01
2.820000000000000000e+04 9.903279999999999861e-01
2.830000000000000000e+04 9.889440000000000452e-01
2.840000000000000000e+04 9.896519999999999762e-01
2.850000000000000000e+04 9.900959999999999761e-01
2.860000000000000000e+04 9.922159999999999869e-01
2.870000000000000000e+04 9.893000000000000682e-01
2.880000000000000000e+04 9.890400000000000302e-01
2.890000000000000000e+04 9.890359999999999152e-01
2.900000000000000000e+04 9.887279999999999403e-01
2.910000000000000000e+04 9.890960000000000862e-01
2.920000000000000000e+04 9.898799999999998711e-01
2.930000000000000000e+04 9.944880000000000386e-01
2.940000000000000000e+04 9.921240000000000059e-01
2.950000000000000000e+04 9.919200000000000239e-01
2.960000000000000000e+04 9.930559999999999388e-01
2.970000000000000000e+04 9.900680000000000591e-01
2.980000000000000000e+04 9.883560000000000123e-01
2.990000000000000000e+04 9.907080000000000330e-01
3.000000000000000000e+04 9.912160000000002080e-01
