1
3
4
5
6
7
11
12
14
15
16
17
18
19
22
24
25
26
28
29
35
38
41
45
51
54
56
57
60
61
63
70
71
72
73
75
76
77
78
79
80
81
82
83
87
88
90
93
96
97
98
99
100
101
104
105
107
109
110
111
112
116
120
121
123
126
128
130
131
132
135
136
137
138
140
142
143
145
146
147
148
151
152
154
155
156
157
158
160
161
162
163
165
167
168
170
172
174
176
178
180
181
182
183
184
185
186
187
188
189
190
191
192
193
194
195
196
197
198
200
201
202
204
206
207
209
210
211
212
213
217
219
220
221
222
223
224
225
226
227
230
231
234
235
236
238
239
240
241
242
243
245
246
248
249
250
251
252
253
254
256
258
259
260
261
262
263
264
265
266
268
269
270
273
275
276
277
278
279
280
281
282
283
284
285
286
287
288
289
291
292
293
294
295
296
297
298
301
302
303
304
305
306
307
308
309
310
312
313
314
315
316
317
318
319
320
321
322
323
325
327
330
332
333
335
336
337
338
340
341
342
343
344
345
346
347
348
349
350
351
352
353
354
356
357
358
359
360
362
363
365
366
367
368
369
370
371
372
374
375
376
377
378
379
380
383
384
386
388
389
390
391
392
393
394
395
396
397
398
399
401
407
408
409
410
411
412
413
414
415
416
418
419
420
421
424
425
426
428
430
432
433
435
439
442
443
444
445
446
447
449
450
451
453
456
457
458
459
461
462
463
464
466
467
468
469
470
471
472
473
474
475
476
477
478
479
480
481
482
484
485
486
487
488
489
490
491
492
493
495
496
498
499
501
502
503
504
505
508
509
510
513
514
515
516
517
518
519
521
522
524
525
527
529
530
532
533
535
536
539
540
542
543
544
545
546
547
548
549
550
551
552
553
554
555
556
558
559
560
561
562
563
564
565
566
567
568
569
570
571
572
573
574
575
576
577
578
579
581
582
583
584
585
586
587
589
590
591
592
593
594
595
598
599
600
601
602
605
606
607
611
612
613
615
616
617
618
620
621
622
623
624
626
627
628
629
630
631
632
633
634
635
636
637
638
639
641
642
644
645
647
648
653
655
656
657
658
659
660
661
662
663
664
665
667
668
669
670
671
672
673
674
675
677
678
679
680
681
682
683
684
685
688
689
690
691
692
693
694
695
696
697
698
699
700
701
702
703
704
705
706
707
708
709
710
711
712
714
715
716
717
718
719
720
721
722
723
724
725
726
727
728
729
730
731
732
733
734
735
736
737
738
739
740
741
743
744
745
746
747
748
749
750
751
752
754
755
756
757
758
759
761
762
763
764
766
767
768
769
770
771
772
773
775
777
778
779
780
781
782
783
784
785
786
787
790
791
792
793
794
795
796
797
798
799
800
801
802
804
805
806
807
808
809
810
811
813
814
815
816
817
818
819
820
822
824
825
826
827
828
829
830
831
832
833
834
835
836
837
838
839
840
841
842
843
844
846
847
848
849
851
853
854
855
856
857
860
861
862
863
864
865
866
867
868
869
870
871
872
873
874
875
876
878
880
881
882
883
884
885
886
887
888
889
890
892
893
894
895
897
898
899
901
902
903
904
905
907
908
909
910
911
912
913
915
917
918
919
920
921
922
923
924
926
927
928
929
930
931
933
936
937
938
939
940
941
942
943
944
945
946
947
948
949
950
952
953
954
955
956
957
958
961
962
963
964
965
969
970
971
972
974
980
981
982
983
984
985
986
987
988
989
990
991
992
993
994
995
996
998
999
1001
1002
1004
1005
1007
1008
1009
1010
1011
1012
1015
1016
1017
1018
1020
1021
1022
1023
1025
1027
1028
1029
1030
1032
1033
1034
1035
1037
1038
1039
1040
1041
1043
1048
1049
1050
1051
1052
1053
1055
1056
1059
1060
1061
1064
1066
1069
1070
1071
1072
1073
1074
1075
1076
1077
1078
1079
1081
1082
1083
1084
1085
1086
1087
1088
1089
1090
1091
1092
1093
1095
1096
1097
1098
1099
1100
1101
1102
1103
1107
1108
1109
1110
1111
1112
1113
1114
1117
1120
1121
1122
1124
1125
1126
1127
1129
1131
1132
1133
1135
1137
1138
1139
1140
1141
1142
1143
1144
1145
1146
1149
1150
1152
1153
1154
1155
1156
1157
1159
1160
1161
1168
1169
1170
1171
1172
1173
1174
1176
1178
1179
1181
1183
1184
1185
1186
1188
1190
1192
1193
1194
1195
1196
1198
1199
1201
1202
1203
1205
1206
1207
1210
1211
1212
1213
1215
1217
1219
1224
1225
1226
1227
1229
1231
1232
1234
1235
1236
1237
1238
1239
1240
1241
1244
1245
1246
1248
1249
1251
1252
1257
1263
1266
1267
1268
1269
1270
1272
1273
1277
1279
1280
1281
1283
1284
1286
1289
1295
1296
1300
1301
1306
1309
1311
1313
1315
1316
1323
1326
1327
1328
1330
1338
1339
1342
1344
1345
1346
1347
1348
1349
1351
1352
1353
1355
1356
1358
1360
1361
1362
1364
1371
1373
1374
1375
1377
1378
1382
1383
1384
1386
1390
1392
1394
1395
1397
1398
1400
1401
1403
1404
1410
1412
1413
1416
1417
1418
1419
1422
1423
1424
1427
1428
1429
1432
1434
1439
1440
1441
1449
1450
1451
1452
1453
1455
1457
1458
1459
1460
1466
1467
1468
1469
1470
1472
1478
1483
1485
1486
1488
1490
1491
1492
1493
1494
1495
1497
1499
1500
1501
1503
1504
1508
1509
1513
1518
1521
1523
1524
1529
1531
1537
1539
1540
1541
1542
1544
1547
1549
1553
1556
1560
1561
1562
1563
1564
1565
1566
1567
1568
1570
1573
1575
1577
1579
1583
1584
1585
1586
1588
1592
1595
1597
1600
1601
1605
1606
1608
1609
1611
1612
1613
1616
1617
1619
1620
1629
1631
1633
1638
1639
1646
1648
1649
1654
1656
1657
1658
1661
1662
1663
1664
1665
1666
1667
1668
1669
1670
1672
1677
1678
1679
1681
1682
1683
1684
1686
1689
1692
1696
1697
1699
1701
1703
1704
1705
1708
1710
1712
1713
1714
1717
1721
1729
1731
1732
1733
1734
1735
1736
1740
1742
1745
1746
1747
1748
1751
1754
1756
1757
1758
1761
1764
1765
1766
1767
1768
1769
1771
1772
1775
1777
1778
1781
1782
1785
1786
1789
1791
1793
1797
1799
1801
1802
1806
1807
1808
1810
1811
1812
1814
1815
1817
1818
1819
1820
1822
1823
1826
1827
1828
1830
1833
1839
1840
1842
1845
1848
1849
1852
1853
1855
1857
1859
1861
1862
1863
1864
1865
1869
1872
1873
1874
1876
1877
1878
1880
1881
1882
1884
1885
1888
1889
1890
1891
1892
1893
1894
1896
1898
1900
1901
1902
1903
1904
1905
1908
1910
1912
1916
1919
1921
1922
1923
1924
1925
1928
1929
1930
1932
1933
1934
1935
1936
1938
1939
1940
1944
1945
1946
1948
1949
1950
1952
1953
1954
1955
1957
1958
1959
1960
1961
1962
1963
1965
1967
1968
1969
1970
1971
1974
1975
1976
1977
1978
1979
1980
1981
1982
1983
1984
1986
1987
1988
1992
1993
1994
1995
1996
1997
1998
2000
2004
2006
2010
2011
2014
2017
2018
2020
2023
2028
2030
2031
2032
2033
2039
2040
2041
2042
2043
2044
2046
2052
2054
2055
2056
2057
2058
2061
2062
2063
2067
2068
2069
2070
2071
2072
2077
2078
2079
2082
2085
2086
2087
2088
2091
2092
2095
2101
2103
2104
2106
2107
2108
2109
2110
2111
2112
2114
2115
2117
2118
2120
2121
2123
2124
2125
2126
2128
2132
2133
2134
2136
2137
2143
2145
2146
2148
2150
2156
2157
2158
2160
2161
2163
2164
2166
2167
2169
2170
2171
2173
2174
2176
2177
2178
2179
2180
2181
2183
2184
2185
2188
2189
2190
2191
2193
2197
2198
2200
2201
2202
2203
2205
2206
2208
2210
2212
2213
2214
2215
2218
2219
2220
2221
2222
2223
2224
2225
2226
2227
2228
2230
2231
2234
2235
2236
2237
2238
2240
2241
2242
2243
2244
2245
2246
2247
2248
2250
2251
2252
2253
2254
2255
2256
2258
2260
2261
2262
2263
2264
2266
2267
2268
2272
2273
2276
2277
2278
2279
2280
2281
2282
2283
2286
2287
2290
2291
2292
2293
2295
2296
2298
2299
2300
2302
2303
2304
2305
2306
2310
2311
2312
2313
2315
2317
2319
2320
2321
2322
2323
2324
2326
2327
2328
2329
2333
2336
2337
2338
2341
2343
2344
2345
2352
2353
2357
2358
2359
2361
2364
2365
2366
2369
2370
2372
2373
2374
2376
2379
2381
2386
2387
2390
2391
2392
2393
2394
2395
2396
2398
2399
2401
2402
2404
2405
2407
2408
2409
2410
2411
2412
2413
2414
2415
2416
2417
2418
2420
2421
2422
2423
2424
2425
2429
2431
2432
2433
2435
2438
2439
2443
2444
2445
2446
2447
2448
2449
2450
2451
2452
2453
2454
2457
2459
2460
2461
2463
2465
2466
2468
2470
2472
2473
2474
2478
2479
2480
2481
2483
2487
2489
2490
2491
2493
2494
2499
2501
2505
2506
2507
2510
2511
2512
2513
2514
2515
2518
2519
2520
2521
2522
2523
2526
2528
2529
2530
2531
2532
2533
2534
2535
2536
2537
2538
2539
2541
2542
2544
2547
2548
2549
2550
2554
2556
2557
2558
2560
2561
2563
2564
2565
2567
2570
2571
2573
2574
2575
2577
2578
2579
2580
2582
2583
2584
2589
2590
2593
2594
2596
2597
2598
2602
2603
2607
2609
2610
2613
2616
2617
2618
2619
2623
2624
2626
2628
2629
2630
2633
2635
2641
2643
2644
2649
2650
2655
2659
2662
2665
2667
2670
2671
2674
2675
2682
2683
2684
2685
2686
2688
2693
2694
2695
2696
2697
2699
2700
2701
2702
2703
2704
2705
2707
2710
2712
2713
2714
2717
2719
2725
2726
2728
2731
2732
2733
2736
2738
2739
2741
2743
2746
2747
2748
2750
2751
2752
2754
2755
2757
2758
2759
2760
2762
2763
2767
2769
2770
2771
2772
2775
2776
2777
2778
2779
2781
2785
2787
2789
2792
2793
2795
2796
2797
2803
2805
2806
2809
2813
2814
2815
2817
2818
2821
2823
2824
2827
2828
2829
2830
2833
2834
2835
2836
2838
2839
2840
2841
2843
2844
2845
2847
2848
2849
2850
2851
2852
2856
2858
2859
2860
2862
2863
2864
2867
2871
2872
2873
2874
2875
2879
2882
2883
2885
2887
2891
2893
2894
2895
2898
2902
2903
2906
2907
2908
2910
2912
2914
2915
2917
2919
2920
2921
2922
2924
2925
2926
2927
2929
2930
2931
2932
2933
2934
2936
2938
2940
2941
2942
2944
2946
2948
2949
2953
2955
2956
2957
2959
2961
2963
2964
2965
2968
2969
2970
2971
2972
2973
2974
2977
2979
2980
2983
2984
2987
2988
2992
2993
2995
2998
2999
3003
3004
3005
3006
3007
3008
3009
3016
3017
3022
3023
3024
3025
3027
3031
3032
3033
3036
3039
3042
3043
3047
3052
3054
3055
3056
3057
3061
3063
3066
3069
3070
3071
3073
3075
3076
3079
3080
3081
3082
3084
3085
3086
3096
3097
3098
3099
3100
3101
3102
3104
3107
3108
3112
3113
3114
3116
3117
3118
3119
3120
3122
3124
3126
3128
3129
3130
3135
3136
3137
3138
3139
3140
3141
3142
3143
3144
3145
3146
3147
3148
3149
3150
3151
3152
3153
3155
3156
3157
3158
3159
3160
3161
3162
3163
3164
3166
3167
3168
3169
3170
3173
3174
3175
3177
3180
3181
3183
3184
3185
3186
3187
3188
3189
3190
3191
3192
3194
3195
3196
3197
3198
3201
3202
3208
3209
3211
3212
3213
3215
3219
3221
3222
3224
3225
3230
3232
3233
3234
3235
3237
3238
3239
3242
3244
3246
3251
3252
3254
3256
3257
3259
3260
3261
3263
3264
3267
3269
3270
3272
3276
3278
3279
3280
3281
3282
3285
3286
3288
3289
3290
3292
3295
3297
3300
3305
3307
3308
3309
3311
3313
3314
3315
3316
3321
3322
3323
3324
3326
3327
3328
3329
3330
3331
3332
3333
3334
3337
3338
3339
3340
3342
3343
3346
3347
3348
3349
3351
3353
3354
3357
3359
3360
3362
3363
3365
3366
3368
3372
3374
3376
3377
3378
3379
3380
3382
3384
3385
3386
3388
3389
3390
3391
3392
3394
3396
3401
3403
3404
3405
3406
3408
3409
3411
3412
3414
3415
3416
3418
3420
3421
3424
3425
3426
3428
3429
3431
3432
3433
3434
3436
3437
3438
3440
3441
3442
3443
3445
3446
3447
3449
3451
3452
3453
3454
3456
3457
3458
3459
3462
3463
3465
3466
3467
3468
3469
3470
3472
3473
3474
3475
3477
3478
3479
3480
3481
3482
3483
3484
3485
3486
3489
3490
3491
3492
3494
3495
3496
3498
3499
3501
3502
3503
3505
3508
3509
3510
3511
3512
3513
3514
3515
3518
3520
3521
3522
3525
3526
3527
3528
3529
3530
3532
3533
3534
3535
3536
3537
3538
3539
3540
3541
3543
3545
3546
3547
3548
3550
3551
3552
3553
3556
3557
3558
3559
3560
3561
3562
3563
3564
3567
3568
3571
3576
3577
3578
3579
3580
3581
3582
3583
3584
3588
3591
3592
3593
3594
3595
3596
3597
3599
3600
3601
3602
3603
3604
3608
3610
3612
3613
3615
3616
3617
3618
3621
3622
3626
3627
3630
3632
3633
3634
3637
3638
3639
3640
3643
3645
3646
3647
3650
3651
3653
3656
3659
3660
3664
3665
3670
3671
3674
3678
3679
3680
3681
3682
3683
3684
3685
3686
3687
3688
3689
3690
3691
3692
3695
3697
3698
3699
3705
3707
3709
3710
3711
3712
3713
3714
3716
3718
3719
3726
3727
3730
3732
3734
3737
3740
3742
3744
3745
3748
3749
3750
3752
3753
3754
3755
3756
3757
3758
3759
3762
3765
3766
3769
3770
3771
3773
3774
3779
3780
3782
3786
3787
3789
3790
3792
3795
3797
3798
3799
3800
3801
3802
3804
3805
3806
3808
3810
3811
3812
3814
3816
3817
3820
3823
3824
3825
3826
3828
3831
3835
3836
3837
3838
3839
3840
3842
3844
3845
3846
3847
3849
3851
3852
3854
3857
3858
3861
3863
3864
3865
3866
3871
3872
3873
3874
3875
3877
3878
3879
3881
3882
3885
3888
3889
3890
3891
3893
3895
3896
3899
3901
3902
3903
3904
3905
3906
3911
3913
3914
3915
3916
3920
3921
3923
3924
3925
3927
3928
3929
3932
3934
3936
3937
3938
3939
3941
3942
3943
3944
3946
3948
3949
3950
3951
3952
3953
3955
3956
3959
3960
3962
3965
3966
3967
3968
3969
3971
3972
3973
3974
3977
3978
3980
3982
3983
3984
3985
3986
3987
3989
3990
3991
3992
3993
3994
3995
3997
4000
4001
4003
4004
4007
4009
4010
4011
4012
4013
4014
4015
4017
4018
4020
4022
4024
4025
4026
4027
4028
4029
4030
4031
4032
4034
4035
4039
4040
4041
4042
4043
4044
4047
4048
4050
4052
4053
4054
4055
4056
4057
4058
4059
4061
4062
4063
4064
4065
4066
4067
4068
4070
4072
4073
4074
4076
4078
4079
4081
4083
4084
4085
4087
4089
4091
4093
4094
4096
4097
4099
4100
4101
4102
4103
4105
4106
4111
4112
4118
4119
4123
4124
4125
4126
4128
4129
4130
4131
4132
4133
4135
4136
4137
4140
4141
4143
4145
4146
4147
4148
4150
4151
4152
4155
4157
4158
4159
4160
4161
4162
4164
4165
4167
4168
4169
4170
4171
4172
4174
4176
4177
4179
4180
4181
4182
4183
4184
4185
4187
4189
4190
4191
4192
4196
4197
4199
4201
4203
4206
4208
4210
4212
4214
4216
4218
4220
4221
4223
4224
4225
4226
4227
4228
4229
4230
4231
4232
4233
4235
4236
4237
4238
4240
4241
4242
4243
4244
4245
4248
4250
4251
4252
4253
4255
4256
4257
4260
4262
4263
4264
4265
4266
4268
4270
4272
4274
4275
4277
4278
4279
4280
4281
4284
4285
4288
4290
4292
4293
4294
4296
4297
4301
4302
4303
4304
4305
4307
4308
4309
4312
4313
4314
4315
4317
4319
4321
4323
4327
4328
4329
4330
4331
4332
4334
4335
4339
4340
4343
4347
4348
4349
4350
4353
4356
4359
4360
4361
4362
4364
4365
4366
4367
4368
4370
4372
4373
4374
4375
4377
4379
4381
4383
4384
4388
4389
4390
4392
4395
4396
4398
4399
4400
4401
4403
4407
4409
4411
4415
4417
4418
4420
4421
4422
4423
4424
4426
4427
4428
4429
4430
4432
4435
4436
4437
4439
4440
4442
4444
4445
4448
4449
4450
4451
4452
4453
4455
4457
4458
4459
4464
4466
4469
4471
4472
4473
4474
4476
4477
4479
4480
4481
4483
4485
4488
4490
4491
4492
4497
4498
4499
4500
4502
4504
4505
4508
4509
4510
4511
4513
4514
4515
4516
4517
4518
4519
4520
4521
4522
4523
4525
4526
4527
4528
4529
4530
4532
4533
4534
4536
4539
4540
4541
4542
4543
4544
4545
4549
4550
4552
4553
4554
4555
4556
4558
4559
4561
4566
4567
4568
4569
4570
4571
4574
4575
4579
4584
4585
4586
4588
4589
4594
4596
4598
4599
4600
4602
4603
4605
4606
4607
4609
4610
4611
4612
4613
4614
4615
4616
4617
4618
4620
4621
4622
4624
4625
4626
4627
4628
4630
4631
4632
4633
4634
4635
4637
4638
4639
4641
4642
4643
4644
4646
4647
4649
4650
4651
4652
4655
4656
4657
4658
4659
4660
4661
4662
4665
4667
4668
4669
4670
4671
4672
4673
4674
4677
4678
4679
4680
4681
4684
4685
4688
4689
4690
4691
4693
4694
4695
4696
4698
4699
4700
4701
4702
4703
4706
4707
4710
4711
4712
4713
4716
4717
4720
4721
4722
4725
4726
4727
4728
4729
4730
4731
4732
4733
4737
4738
4740
4741
4742
4744
4748
4749
4750
4753
4755
4757
4758
4760
4763
4764
4768
4770
4772
4773
4777
4778
4780
4782
4784
4785
4788
4789
4790
4791
4793
4795
4797
4798
4800
4801
4805
4806
4811
4812
4813
4814
4816
4817
4819
4820
4821
4822
4823
4824
4825
4826
4827
4829
4830
4836
4837
4838
4839
4840
4841
4842
4844
4845
4846
4849
4851
4853
4854
4855
4858
4859
4860
4863
4866
4867
4870
4871
4872
4875
4876
4877
4878
4879
4881
4882
4883
4884
4894
4895
4897
4898
4900
4901
4902
4903
4904
4905
4907
4910
4914
4915
4917
4918
4920
4922
4925
4926
4927
4928
4929
4930
4932
4934
4935
4938
4943
4944
4945
4949
4950
4951
4952
4956
4958
4959
4960
4961
4962
4963
4965
4967
4968
4969
4970
4971
4973
4974
4979
4981
4982
4983
4984
4987
4988
4989
4991
4996
4997
4998
5003
5004
5005
5006
5007
5009
5010
5011
5013
5014
5017
5020
5021
5023
5024
5026
5027
5028
5029
5030
5032
5033
5034
5035
5036
5037
5038
5039
5040
5041
5043
5044
5046
5047
5048
5051
5054
5056
5057
5059
5060
5061
5063
5064
5065
5066
5067
5068
5069
5072
5073
5074
5075
5076
5077
5079
5080
5081
5082
5084
5085
5086
5087
5088
5089
5091
5092
5094
5095
5096
5097
5098
5100
5102
5103
5104
5106
5107
5108
5110
5113
5114
5116
5118
5123
5124
5125
5127
5128
5130
5131
5133
5134
5140
5141
5146
5147
5148
5149
5152
5153
5156
5157
5158
5159
5160
5161
5162
5166
5167
5168
5170
5172
5174
5175
5176
5178
5179
5182
5185
5186
5187
5188
5189
5190
5191
5192
5195
5196
5198
5199
5201
5204
5205
5206
5207
5208
5210
5212
5213
5214
5215
5216
5217
5218
5221
5222
5223
5226
5227
5230
5231
5232
5233
5238
5239
5240
5241
5243
5244
5245
5246
5248
5249
5252
5253
5256
5258
5259
5260
5262
5263
5265
5267
5268
5269
5270
5271
5273
5274
5275
5276
5277
5278
5282
5283
5284
5285
5286
5288
5289
5290
5291
5292
5294
5295
5297
5298
5299
5300
5301
5303
5305
5306
5308
5310
5312
5314
5315
5316
5319
5328
5329
5331
5332
5333
5335
5338
5339
5340
5341
5342
5343
5344
5345
5346
5348
5349
5350
5351
5352
5353
5354
5355
5356
5357
5358
5359
5364
5365
5366
5367
5368
5369
5371
5372
5373
5374
5375
5378
5382
5386
5387
5388
5391
5393
5397
5398
5399
5400
5401
5402
5403
5405
5406
5407
5409
5410
5411
5412
5413
5414
5415
5416
5418
5419
5420
5421
5423
5425
5426
5427
5428
5430
5432
5437
5438
5439
5440
5441
5442
5445
5446
5447
5449
5450
5451
5453
5455
5457
5458
5460
5463
5464
5466
5467
5468
5469
5471
5472
5474
5475
5477
5478
5479
5480
5482
5483
5484
5486
5487
5490
5493
5494
5496
5499
5501
5503
5504
5509
5510
5511
5512
5513
5515
5516
5517
5518
5519
5520
5521
5524
5526
5528
5529
5531
5532
5535
5537
5538
5541
5547
5548
5550
5551
5552
5555
5556
5558
5559
5562
5563
5564
5565
5566
5570
5571
5572
5574
5575
5576
5579
5580
5581
5582
5584
5585
5586
5588
5589
5590
5591
5594
5595
5597
5600
5602
5603
5604
5605
5607
5609
5610
5611
5612
5613
5615
5616
5617
5618
5619
5621
5622
5624
5625
5627
5628
5629
5631
5633
5634
5635
5639
5642
5643
5644
5645
5646
5647
5648
5649
5650
5651
5653
5654
5655
5656
5657
5658
5659
5660
5661
5662
5664
5665
5666
5667
5668
5672
5673
5674
5676
5678
5679
5680
5681
5683
5684
5685
5686
5687
5689
5690
5691
5693
5694
5695
5698
5699
5700
5703
5705
5706
5708
5709
5711
5712
5713
5714
5716
5717
5719
5720
5722
5724
5725
5726
5727
5728
5729
5730
5731
5733
5734
5735
5736
5737
5738
5739
5741
5742
5743
5745
5746
5747
5749
5750
5752
5753
5754
5756
5757
5759
5760
5761
5762
5763
5764
5765
5766
5767
5768
5769
5770
5772
5773
5774
5775
5776
5778
5779
5780
5782
5783
5784
5785
5786
5787
5788
5789
5790
5791
5792
5793
5794
5795
5798
5799
5800
5801
5802
5804
5808
5812
5814
5815
5817
5818
5821
5822
5823
5824
5826
5827
5828
5829
5830
5831
5832
5833
5834
5835
5836
5837
5838
5841
5844
5845
5846
5847
5851
5852
5854
5856
5857
5859
5863
5864
5865
5866
5867
5869
5870
5872
5873
5874
5875
5876
5877
5879
5881
5882
5883
5884
5886
5887
5890
5893
5895
5896
5897
5898
5899
5900
5901
5903
5904
5907
5908
5911
5912
5913
5914
5915
5917
5918
5920
5921
5927
5928
5929
5932
5935
5937
5938
5941
5942
5944
5945
5946
5948
5950
5951
5953
5954
5955
5956
5957
5958
5959
5960
5961
5962
5963
5964
5965
5966
5967
5968
5970
5971
5972
5973
5974
5975
5976
5977
5978
5979
5980
5982
5984
5985
5986
5987
5988
5990
5991
5992
5993
5994
5995
5996
5997
5998
5999
6000
6001
6002
6004
6006
6008
6010
6011
6014
6018
6019
6020
6021
6022
6023
6025
6026
6028
6032
6033
6035
6037
6038
6040
6041
6043
6044
6045
6046
6047
6049
6052
6053
6056
6059
6061
6062
6063
6066
6068
6070
6072
6073
6074
6075
6077
6080
6081
6082
6084
6086
6087
6089
6090
6091
6092
6093
6095
6097
6098
6099
6102
6104
6106
6108
6109
6110
6112
6113
6115
6116
6117
6119
6120
6124
6126
6128
6133
6134
6137
6138
6139
6141
6143
6144
6146
6147
6148
6150
6151
6153
6155
6157
6158
6159
6160
6161
6162
6163
6165
6167
6168
6170
6171
6172
6173
6174
6180
6181
6182
6183
6185
6186
6187
6188
6189
6190
6192
6193
6194
6195
6196
6197
6198
6199
6200
6201
6202
6203
6205
6209
6211
6216
6218
6219
6222
6223
6224
6228
6229
6230
6231
6232
6233
6235
6240
6241
6245
6246
6247
6249
6250
6251
6253
6254
6257
6258
6260
6262
6263
6264
6265
6266
6267
6268
6273
6275
6276
6277
6280
6283
6285
6286
6287
6289
6290
6291
6292
6294
6295
6296
6297
6300
6301
6302
6303
6304
6305
6306
6307
6308
6310
6311
6312
6313
6314
6315
6316
6317
6318
6319
6321
6323
6324
6325
6326
6327
6330
6332
6336
6337
6339
6341
6342
6344
6345
6346
6347
6348
6350
6351
6352
6353
6354
6362
6363
6364
6365
6367
6368
6371
6372
6375
6377
6378
6380
6383
6385
6386
6388
6391
6393
6394
6395
6396
6400
6401
6402
6403
6404
6406
6407
6411
6414
6416
6417
6418
6422
6423
6424
6426
6428
6430
6434
6435
6437
6438
6443
6445
6447
6448
6451
6453
6456
6458
6459
6460
6461
6463
6467
6468
6470
6471
6472
6473
6474
6475
6477
6478
6479
6480
6481
6482
6483
6484
6485
6486
6487
6489
6492
6493
6494
6495
6496
6498
6499
6501
6503
6504
6505
6506
6508
6509
6511
6512
6513
6514
6515
6516
6518
6519
6520
6521
6522
6523
6524
6529
6530
6532
6533
6535
6539
6540
6543
6545
6546
6551
6552
6553
6555
6556
6557
6559
6560
6561
6563
6565
6566
6567
6568
6569
6571
6572
6573
6576
6577
6578
6580
6581
6587
6588
6589
6590
6592
6593
6594
6595
6596
6597
6600
6602
6603
6604
6605
6607
6609
6610
6611
6612
6613
6614
6615
6617
6619
6620
6624
6625
6626
6628
6629
6630
6631
6632
6633
6636
6638
6639
6642
6645
6646
6647
6649
6651
6654
6655
6656
6657
6658
6659
6660
6661
6662
6663
6666
6667
6669
6670
6671
6675
6676
6681
6685
6687
6688
6689
6690
6691
6692
6693
6694
6695
6696
6697
6698
6699
6700
6703
6704
6705
6706
6708
6710
6711
6713
6715
6717
6718
6719
6720
6722
6723
6724
6725
6726
6728
6730
6731
6732
6735
6736
6737
6738
6740
6741
6742
6743
6744
6745
6746
6747
6749
6750
6751
6752
6753
6754
6755
6758
6759
6760
6761
6762
6763
6764
6766
6768
6769
6770
6771
6773
6774
6775
6776
6777
6782
6783
6785
6788
6789
6791
6792
6795
6796
6797
6798
6799
6800
6801
6806
6807
6809
6810
6811
6812
6814
6821
6822
6823
6824
6825
6826
6828
6829
6830
6831
6833
6834
6835
6836
6837
6838
6839
6840
6841
6842
6844
6846
6848
6849
6850
6851
6852
6853
6854
6855
6856
6857
6858
6859
6861
6863
6864
6866
6868
6869
6870
6871
6872
6873
6875
6877
6879
6880
6881
6882
6883
6885
6886
6887
6889
6890
6891
6892
6894
6897
6898
6899
6900
6901
6902
6903
6904
6906
6908
6909
6910
6912
6913
6914
6917
6918
6921
6924
6925
6926
6929
6930
6932
6933
6937
6938
6940
6942
6943
6944
6945
6946
6947
6951
6952
6953
6954
6957
6958
6960
6961
6962
6963
6965
6966
6967
6968
6970
6971
6972
6973
6975
6976
6977
6978
6981
6984
6985
6986
6987
6989
6990
6991
6993
6994
6997
6998
7001
7002
7003
7006
7007
7008
7010
7011
7012
7013
7014
7015
7016
7017
7018
7019
7020
7021
7022
7023
7024
7025
7026
7028
7029
7030
7031
7032
7035
7036
7040
7042
7046
7048
7050
7051
7052
7055
7058
7059
7060
7061
7063
7064
7068
7069
7070
7071
7073
7074
7076
7078
7079
7080
7081
7082
7084
7085
7086
7087
7088
7090
7092
7093
7094
7096
7097
7098
7099
7100
7101
7102
7103
7107
7108
7109
7110
7111
7112
7113
7114
7115
7117
7118
7120
7121
7123
7125
7126
7127
7128
7129
7130
7131
7132
7133
7136
7137
7138
7139
7141
7142
7143
7144
7145
7146
7149
7150
7152
7154
7155
7156
7157
7158
7159
7160
7162
7163
7164
7165
7166
7167
7168
7169
7170
7171
7174
7176
7179
7180
7181
7182
7183
7184
7185
7186
7187
7188
7189
7191
7193
7194
7195
7196
7197
7199
7200
7201
7203
7204
7205
7206
7208
7209
7210
7211
7212
7214
7215
7216
7217
7218
7219
7220
7221
7223
7225
7226
7228
7229
7230
7231
7237
7238
7239
7241
7243
7244
7247
7248
7250
7251
7252
7253
7254
7256
7259
7263
7264
7266
7269
7270
7271
7272
7274
7275
7276
7278
7279
7280
7281
7285
7291
7292
7293
7295
7299
7301
7302
7303
7304
7306
7307
7308
7309
7310
7311
7312
7315
7317
7318
7321
7323
7324
7325
7328
7332
7334
7335
7337
7338
7339
7340
7341
7342
7344
7345
7348
7349
7350
7353
7354
7355
7356
7358
7359
7360
7361
7362
7363
7364
7366
7367
7368
7369
7370
7371
7372
7373
7374
7375
7377
7378
7380
7381
7382
7383
7385
7386
7388
7390
7391
7392
7395
7396
7400
7402
7403
7404
7406
7407
7408
7410
7411
7412
7413
7416
7417
7419
7420
7421
7422
7424
7425
7428
7429
7430
7432
7433
7434
7435
7436
7437
7439
7440
7441
7442
7443
7444
7446
7447
7448
7450
7453
7455
7456
7457
7460
7461
7462
7463
7465
7468
7469
7470
7472
7474
7475
7476
7480
7481
7482
7483
7484
7485
7491
7492
7493
7494
7496
7497
7498
7499
7500
7502
7503
7504
7505
7506
7507
7508
7509
7510
7511
7513
7515
7516
7517
7518
7519
7520
7521
7522
7523
7524
7525
7526
7527
7530
7532
7533
7534
7535
7536
7538
7539
7540
7542
7544
7545
7548
7549
7552
7553
7554
7555
7556
7559
7561
7562
7563
7564
7565
7567
7569
7570
7571
7572
7575
7576
7577
7579
7580
7581
7582
7583
7584
7585
7586
7587
7588
7589
7590
7591
7592
7593
7594
7595
7596
7597
7598
7599
7600
7601
7602
7604
7605
7606
7607
7608
7609
7610
7611
7616
7617
7618
7619
7620
7621
7622
7625
7626
7628
7629
7630
7631
7632
7633
7634
7635
7636
7637
7638
7639
7640
7641
7642
7643
7644
7645
7646
7647
7648
7649
7650
7651
7652
7653
7654
7655
7656
7659
7660
7661
7662
7665
7667
7668
7669
7670
7671
7672
7673
7675
7677
7678
7680
7681
7682
7683
7684
7685
7686
7687
7689
7690
7692
7695
7696
7697
7702
7703
7705
7707
7708
7710
7711
7713
7715
7716
7717
7721
7723
7724
7725
7726
7727
7728
7729
7730
7731
7732
7733
7737
7739
7741
7743
7744
7745
7746
7747
7748
7750
7751
7754
7756
7758
7759
7760
7762
7765
7766
7768
7770
7772
7774
7775
7776
7777
7778
7779
7780
7781
7782
7783
7785
7786
7788
7789
7790
7792
7793
7794
7796
7797
7799
7801
7802
7804
7805
7806
7808
7809
7810
7811
7813
7816
7818
7819
7820
7823
7824
7826
7827
7831
7832
7834
7835
7836
7839
7840
7841
7842
7843
7844
7846
7847
7848
7850
7851
7852
7853
7854
7855
7856
7857
7858
7859
7860
7861
7862
7863
7864
7865
7866
7867
7868
7869
7870
7871
7873
7874
7875
7876
7877
7878
7879
7880
7881
7882
7883
7885
7886
7888
7890
7891
7892
7893
7894
7895
7896
7897
7898
7899
7900
7903
7904
7905
7906
7907
7908
7909
7910
7911
7912
7913
7914
7915
7916
7917
7918
7919
7920
7921
7922
7923
7924
7925
7926
7927
7928
7929
7931
7932
7933
7934
7935
7938
7940
7941
7942
7943
7945
7946
7947
7948
7949
7952
7953
7954
7956
7957
7958
7959
7960
7961
7963
7964
7965
7966
7967
7969
7970
7973
7974
7975
7976
7977
7979
7980
7981
7982
7983
7984
7985
7987
7988
7992
7993
7998
8000
8001
8002
8003
8004
8005
8006
8007
8008
8010
8011
8012
8013
8016
8017
8018
8021
8022
8023
8024
8025
8026
8027
8028
8029
8030
8032
8033
8036
8037
8038
8040
8041
8042
8043
8044
8047
8048
8049
8050
8051
8052
8053
8054
8056
8057
8058
8059
8060
8062
8063
8064
8066
8067
8069
8070
8071
8072
8073
8074
8075
8076
8077
8079
8081
8082
8083
8084
8085
8086
8087
8088
8091
8092
8093
8094
8095
8096
8098
8099
8101
8102
8103
8104
8105
8106
8107
8109
8110
8113
8114
8115
8116
8117
8118
8119
8121
8122
8123
8124
8127
8128
8130
8131
8132
8133
8135
8137
8138
8139
8141
8142
8143
8144
8145
8146
8147
8148
8149
8150
8153
8156
8158
8159
8162
8163
8164
8166
8167
8168
8169
8170
8171
8172
8173
8174
8175
8176
8177
8178
8179
8180
8181
8182
8183
8184
8185
8186
8187
8188
8189
8190
8191
8193
8195
8196
8197
8198
8200
8201
8203
8204
8206
8207
8208
8209
8210
8212
8213
8214
8215
8216
8218
8219
8220
8221
8223
8224
8225
8226
8228
8230
8231
8233
8234
8235
8237
8238
8239
8241
8242
8243
8244
8245
8246
8247
8248
8249
8250
8255
8256
8257
8258
8259
8260
8261
8262
8263
8264
8267
8268
8269
8270
8271
8272
8273
8274
8276
8277
8278
8279
8280
8281
8282
8283
8284
8285
8290
8292
8294
8296
8297
8298
8299
8300
8301
8302
8303
8304
8305
8307
8308
8310
8311
8312
8313
8314
8315
8316
8319
8321
8322
8324
8325
8326
8327
8328
8329
8330
8332
8333
8334
8335
8336
8337
8338
8339
8340
8341
8343
8344
8345
8346
8347
8348
8350
8352
8353
8354
8356
8357
8358
8359
8360
8361
8362
8364
8365
8366
8367
8368
8370
8371
8373
8374
8375
8376
8378
8379
8381
8382
8385
8387
8390
8391
8392
8394
8395
8397
8400
8401
8404
8406
8407
8408
8410
8413
8414
8415
8416
8417
8418
8419
8420
8421
8422
8423
8424
8425
8426
8428
8429
8430
8431
8432
8433
8434
8435
8436
8437
8438
8439
8440
8441
8442
8443
8444
8445
8446
8447
8448
8449
8450
8451
8452
8453
8454
8455
8457
8459
8460
8461
8463
8466
8470
8472
8474
8475
8476
8477
8478
8479
8480
8481
8482
8483
8484
8486
8487
8489
8490
8491
8493
8495
8497
8498
8499
8501
8502
8503
8504
8506
8507
8508
8509
8510
8514
8515
8517
8518
8519
8520
8521
8522
8523
8524
8525
8526
8527
8528
8531
8532
8534
8535
8536
8540
8542
8544
8546
8547
8548
8549
8550
8553
8554
8556
8557
8560
8561
8562
8563
8567
8569
8571
8573
8574
8575
8577
8578
8579
8581
8582
8583
8584
8585
8586
8587
8588
8589
8590
8591
8592
8593
8594
8595
8596
8597
8598
8599
8600
8601
8602
8603
8605
8607
8608
8609
8610
8611
8612
8613
8614
8615
8616
8618
8619
8620
8622
8624
8625
8627
8628
8630
8631
8632
8633
8635
8636
8638
8639
8640
8641
8644
8646
8647
8648
8649
8651
8652
8653
8654
8655
8656
8658
8659
8660
8661
8663
8664
8665
8666
8667
8668
8671
8673
8674
8676
8677
8678
8679
8680
8681
8683
8686
8687
8688
8689
8690
8693
8694
8695
8696
8697
8698
8699
8701
8702
8703
8704
8705
8706
8707
8708
8709
8710
8711
8713
8714
8715
8717
8718
8719
8720
8722
8723
8725
8728
8729
8731
8732
8734
8735
8738
8739
8742
8743
8744
8745
8746
8747
8748
8749
8750
8751
8752
8753
8754
8755
8757
8758
8759
8760
8761
8762
8763
8764
8765
8767
8768
8769
8772
8773
8774
8775
8776
8777
8778
8779
8780
8781
8783
8784
8785
8786
8787
8789
8790
8791
8792
8793
8794
8795
8798
8799
8801
8802
8803
8804
8806
8808
8809
8810
8811
8812
8814
8815
8816
8817
8818
8819
8820
8821
8822
8823
8824
8825
8826
8828
8829
8830
8831
8832
8833
8834
8835
8836
8837
8840
8842
8843
8844
8848
8849
8851
8856
8857
8859
8861
8862
8863
8864
8865
8867
8868
8869
8873
8875
8876
8877
8883
8885
8886
8887
8889
8891
8892
8894
8899
8900
8901
8902
8905
8906
8907
8908
8909
8910
8911
8912
8913
8914
8915
8916
8917
8918
8920
8921
8922
8923
8924
8925
8926
8929
8930
8931
8932
8933
8934
8935
8936
8937
8938
8940
8941
8943
8945
8947
8948
8949
8950
8951
8953
8954
8955
8957
8958
8959
8961
8963
8966
8967
8968
8969
8970
8972
8974
8975
8976
8977
8979
8981
8982
8983
8984
8987
8988
8989
8990
8991
8992
8993
8994
8995
8996
8997
8998
9000
9001
9002
9003
9004
9005
9006
9010
9014
9015
9016
9018
9020
9021
9022
9024
9026
9029
9030
9031
9033
9035
9036
9037
9040
9041
9042
9043
9044
9048
9049
9051
9054
9055
9058
9060
9061
9062
9063
9064
9065
9066
9067
9068
9069
9071
9072
9073
9074
9075
9076
9079
9080
9083
9085
9088
9089
9090
9091
9093
9095
9096
9097
9098
9099
9101
9102
9103
9104
9106
9109
9111
9112
9113
9116
9117
9118
9119
9121
9123
9124
9128
9129
9131
9132
9133
9134
9135
9138
9139
9142
9143
9144
9145
9146
9147
9149
9150
9151
9152
9153
9154
9156
9157
9158
9160
9161
9162
9163
9165
9166
9167
9169
9172
9173
9176
9177
9178
9179
9180
9181
9182
9184
9185
9186
9188
9189
9190
9191
9192
9193
9195
9196
9197
9199
9200
9201
9206
9207
9209
9210
9211
9212
9215
9218
9219
9220
9221
9222
9223
9224
9229
9230
9231
9233
9234
9235
9236
9237
9238
9239
9240
9241
9242
9243
9244
9245
9247
9248
9249
9250
9251
9252
9253
9255
9256
9257
9258
9259
9261
9262
9263
9264
9265
9267
9268
9270
9271
9272
9273
9274
9276
9277
9278
9279
9280
9281
9282
9283
9284
9285
9286
9287
9288
9290
9291
9292
9294
9295
9296
9297
9299
9301
9302
9303
9304
9305
9307
9308
9310
9311
9316
9317
9318
9319
9321
9322
9323
9324
9325
9327
9328
9329
9331
9332
9333
9336
9337
9338
9339
9341
9343
9344
9345
9347
9348
9349
9350
9351
9352
9353
9358
9359
9361
9362
9363
9367
9368
9370
9371
9372
9373
9374
9375
9376
9377
9378
9380
9381
9382
9385
9387
9388
9389
9390
9391
9392
9393
9394
9395
9396
9397
9399
9400
9401
9402
9403
9404
9405
9406
9407
9408
9409
9410
9411
9413
9414
9415
9416
9418
9419
9420
9427
9429
9430
9431
9432
9434
9435
9438
9439
9440
9441
9442
9443
9444
9446
9448
9450
9451
9452
9453
9454
9455
9456
9457
9458
9460
9461
9462
9463
9464
9467
9469
9470
9472
9474
9475
9477
9478
9480
9483
9484
9486
9487
9489
9490
9492
9493
9494
9495
9496
9498
9500
9501
9502
9504
9505
9507
9508
9509
9511
9513
9515
9516
9517
9518
9521
9522
9523
9524
9526
9528
9530
9531
9532
9533
9534
9535
9536
9537
9538
9539
9542
9543
9545
9547
9548
9550
9551
9552
9553
9554
9555
9556
9557
9558
9559
9562
9567
9568
9569
9570
9571
9572
9574
9575
9577
9578
9579
9580
9581
9583
9584
9586
9587
9590
9593
9594
9596
9599
9600
9601
9602
9603
9604
9605
9606
9607
9609
9610
9611
9612
9613
9614
9615
9616
9617
9618
9619
9621
9623
9624
9625
9628
9629
9630
9631
9633
9634
9636
9638
9640
9641
9643
9644
9645
9647
9648
9649
9650
9652
9654
9655
9657
9658
9659
9661
9662
9663
9665
9666
9667
9669
9670
9671
9672
9674
9679
9680
9681
9682
9683
9685
9686
9687
9689
9691
9693
9694
9695
9696
9697
9699
9700
9701
9703
9705
9706
9707
9708
9709
9712
9713
9714
9717
9718
9721
9722
9723
9725
9726
9729
9731
9732
9733
9734
9735
9736
9737
9738
9739
9740
9741
9742
9743
9744
9745
9746
9748
9752
9754
9757
9759
9763
9764
9765
9766
9768
9770
9771
9772
9773
9776
9777
9781
9782
9783
9784
9786
9790
9792
9793
9795
9797
9798
9801
9802
9803
9804
9806
9807
9808
9809
9810
9811
9812
9813
9815
9816
9817
9820
9821
9822
9823
9824
9825
9826
9827
9828
9829
9830
9831
9832
9833
9834
9835
9836
9838
9839
9840
9841
9843
9844
9845
9846
9847
9848
9849
9850
9853
9855
9856
9857
9858
9859
9860
9862
9863
9865
9866
9867
9868
9869
9870
9872
9875
9876
9877
9879
9880
9881
9882
9883
9884
9885
9886
9887
9888
9889
9890
9891
9892
9894
9895
9897
9898
9899
9901
9902
9903
9904
9905
9906
9908
9909
9910
9911
9912
9914
9915
9916
9917
9919
9921
9922
9926
9927
9929
9931
9932
9933
9935
9936
9937
9938
9940
9941
9943
9944
9946
9947
9949
9950
9951
9953
9954
9955
9956
9958
9960
9962
9964
9965
9966
9967
9970
9971
9972
9975
9976
9977
9978
9979
9980
9981
9983
9985
9986
9987
9988
9989
9991
9992
9994
9995
9996
9997
9999
10000
10001
10002
10003
10004
10006
10008
10010
10013
10014
10015
10016
10018
10023
10024
10025
10026
10027
10028
10033
10034
10035
10036
10038
10040
10042
10043
10045
10047
10049
10050
10051
10052
10053
10054
10057
10058
10059
10060
10061
10062
10063
10064
10065
10066
10067
10068
10069
10070
10071
10072
10073
10074
10075
10078
10083
10084
10085
10086
10087
10089
10090
10091
10092
10094
10096
10097
10098
10099
10100
10101
10102
10104
10108
10109
10110
10111
10112
10116
10117
10119
10120
10122
10123
10124
10125
10126
10130
10131
10133
10134
10135
10136
10137
10138
10139
10140
10142
10143
10146
10147
10148
10149
10151
10152
10153
10154
10155
10156
10157
10158
10159
10161
10162
10163
10164
10166
10168
10169
10170
10171
10172
10173
10174
10175
10177
10179
10181
10183
10184
10185
10186
10188
10190
10191
10192
10193
10194
10196
10197
10198
10199
10201
10202
10203
10204
10205
10208
10210
10211
10212
10214
10217
10218
10219
10220
10223
10224
10226
10227
10228
10229
10232
10233
10235
10236
10239
10240
10241
10244
10245
10246
10247
10248
10249
10252
10253
10256
10258
10259
10260
10263
10265
10266
10268
10270
10271
10272
10273
10274
10275
10276
10277
10278
10279
10280
10281
10283
10284
10287
10288
10289
10290
10291
10292
10293
10294
10295
10296
10297
10298
10299
10300
10301
10302
10303
10304
10305
10306
10307
10308
10309
10311
10313
10314
10315
10316
10317
10318
10320
10321
10322
10324
10325
10326
10328
10329
10330
10331
10332
10333
10334
10335
10336
10337
10339
10340
10341
10342
10343
10344
10345
10346
10348
10350
10351
10352
10353
10354
10355
10356
10358
10359
10360
10361
10362
10363
10364
10365
10366
10367
10368
10369
10370
10371
10373
10376
10377
10378
10379
10381
10382
10383
10384
10385
10386
10387
10388
10390
10392
10394
10398
10400
10401
10402
10406
10407
10408
10409
10410
10411
10412
10414
10415
10416
10417
10418
10419
10422
10424
10426
10427
10428
10429
10430
10433
10434
10436
10437
10438
10439
10440
10441
10442
10444
10445
10447
10448
10449
10450
10451
10453
10454
10455
10456
10458
10459
10460
10461
10463
10464
10465
10466
10467
10468
10469
10470
10471
10472
10473
10474
10475
10476
10478
10479
10480
10481
10483
10484
10486
10487
10488
10490
10493
10498
10499
10505
10507
10508
10514
10516
10517
10519
10520
10521
10522
10523
10524
10525
10526
10528
10530
10532
10533
10534
10535
10537
10538
10539
10541
10543
10544
10545
10546
10548
10550
10551
10553
10554
10555
10556
10558
10559
10562
10563
10564
10565
10566
10567
10568
10569
10570
10571
10574
10575
10576
10577
10578
10579
10580
10581
10582
10583
10585
10586
10587
10588
10589
10590
10591
10592
10593
10594
10596
10597
10598
10600
10601
10603
10604
10606
10608
10609
10610
10611
10612
10613
10614
10615
10617
10618
10619
10621
10622
10623
10625
10627
10628
10631
10632
10633
10634
10635
10636
10637
10638
10639
10641
10642
10643
10645
10646
10647
10648
10649
10650
10651
10652
10653
10656
10657
10659
10660
10661
10662
10663
10664
10666
10668
10669
10670
10671
10672
10673
10674
10675
10676
10677
10678
10679
10680
10681
10684
10685
10686
10687
10690
10691
10692
10693
10694
10697
10698
10701
10702
10703
10704
10705
10708
10710
10711
10713
10714
10716
10717
10718
10719
10721
10722
10724
10726
10727
10728
10729
10730
10735
10736
10737
10738
10739
10741
10742
10743
10744
10745
10746
10748
10751
10753
10755
10756
10757
10758
10760
10761
10762
10763
10764
10765
10766
10767
10768
10770
10771
10772
10773
10774
10775
10776
10778
10779
10780
10781
10784
10785
10786
10787
10788
10789
10790
10791
10792
10794
10795
10796
10803
10804
10805
10808
10809
10810
10811
10812
10813
10814
10815
10817
10820
10821
10823
10824
10825
10827
10828
10830
10831
10833
10835
10837
10838
10842
10843
10844
10845
10846
10849
10850
10851
10853
10854
10855
10856
10859
10860
10861
10863
10865
10866
10868
10869
10871
10872
10873
10875
10876
10879
10880
10881
10882
10883
10884
10885
10886
10888
10889
10892
10893
10894
10898
10899
10902
10903
10910
10911
10913
10915
10916
10917
10919
10920
10921
10923
10925
10927
10928
10929
10930
10931
10932
10933
10934
10935
10936
10937
10938
10939
10940
10941
10942
10943
10948
10950
10951
10953
10955
10956
10957
10960
10961
10963
10964
10965
10966
10967
10968
10971
10972
10973
10974
10975
10977
10978
10979
10980
10982
10983
10984
10987
10989
10990
10991
10992
10993
10994
10995
10996
10997
10999
11000
11001
11002
11006
11007
11008
11009
11010
11011
11012
11013
11017
11018
11019
11022
11024
11025
11026
11027
11028
11029
11030
11031
11032
11033
11036
11038
11039
11046
11047
11048
11049
11050
11051
11053
11054
11056
11057
11058
11060
11061
11063
11065
11066
11068
11069
11070
11071
11072
11073
11074
11075
11076
11077
11079
11080
11081
11082
11083
11084
11085
11086
11087
11088
11091
11093
11094
11095
11097
11098
11099
11100
11101
11102
11103
11104
11105
11106
11107
11108
11109
11110
11112
11113
11114
11116
11117
11118
11120
11121
11123
11124
11125
11126
11127
11128
11130
11131
11132
11133
11134
11135
11136
11137
11138
11139
11140
11141
11143
11144
11145
11146
11147
11148
11149
11150
11151
11153
11154
11156
11157
11158
11159
11161
11162
11163
11164
11165
11166
11167
11168
11169
11170
11171
11172
11174
11175
11176
11177
11178
11180
11181
11182
11183
11184
11185
11186
11187
11188
11189
11192
11193
11194
11195
11196
11197
11200
11201
11202
11203
11204
11205
11206
11208
11209
11210
11211
11212
11213
11214
11215
11217
11218
11220
11221
11222
11225
11226
11227
11228
11229
11231
11232
11233
11234
11235
11236
11237
11238
11240
11241
11242
11243
11245
11246
11247
11248
11249
11250
11251
11252
11253
11254
11255
11256
11257
11258
11259
11261
11262
11263
11265
11266
11267
11268
11269
11270
11272
11273
11274
11275
11276
11277
11278
11279
11280
11282
11283
11284
11285
11286
11287
11288
11291
11292
11293
11295
11297
11299
11301
11302
11303
11305
11306
11307
11309
11311
11313
11314
11315
11316
11317
11318
11319
11320
11321
11323
11324
11325
11326
11327
11328
11329
11330
11331
11333
11334
11335
11336
11338
11339
11340
11342
11343
11346
11347
11348
11349
11351
11352
11353
11354
11355
11356
11357
11359
11360
11361
11363
11364
11367
11369
11371
11372
11373
11374
11376
11377
11378
11379
11380
11382
11384
11386
11387
11388
11389
11390
11391
11392
11393
11394
11395
11396
11397
11398
11399
11400
11401
11403
11404
11405
11406
11408
11409
11410
11411
11412
11415
11416
11417
11418
11419
11420
11421
11422
11423
11424
11425
11426
11427
11428
11429
11430
11431
11432
11433
11434
11436
11437
11438
11440
11441
11442
11443
11444
11445
11446
11447
11449
11450
11451
11452
11453
11454
11455
11456
11457
11458
11461
11462
11463
11464
11465
11466
11467
11468
11469
11470
11472
11473
11474
11475
11476
11477
11478
11480
11481
11482
11483
11484
11485
11487
11488
11489
11490
11491
11492
11493
11494
11496
11497
11498
11499
11500
11501
11502
11503
11504
11505
11506
11507
11508
11509
11510
11511
11512
11513
11514
11515
11516
11517
11518
11519
11520
11521
11522
11523
11524
11525
11526
11527
11528
11529
11530
11531
11532
11533
11534
11535
11536
11537
11538
11539
11540
11541
11542
11543
11544
11545
11546
11547
11548
11549
11550
11551
11552
11553
11554
11555
11556
11557
11558
11559
11560
11561
11562
11563
11564
11565
11566
11567
11569
11571
11572
11573
11574
11575
11576
11577
11578
11579
11581
11582
11583
11584
11585
11586
11587
11588
11589
11590
11591
11592
11593
11594
11595
11596
11597
11598
11599
11600
11601
11602
11603
11604
11605
11606
11607
11608
11614
11615
11617
11618
11619
11620
11622
11624
11625
11627
11628
11630
11631
11633
11634
11635
11636
11637
11638
11639
11641
11642
11644
11647
11648
11649
11650
11651
11652
11653
11654
11656
11657
11658
11659
11660
11662
11663
11664
11665
11666
11670
11671
11672
11674
11675
11676
11677
11678
11679
11681
11682
11683
11685
11686
11689
11690
11691
11694
11695
11696
11697
11699
11700
11701
11703
11705
11706
11707
11708
11710
11711
11712
11714
11715
11717
11718
11719
11721
11722
11723
11724
11725
11726
11728
11729
11731
11734
11735
11736
11737
11738
11739
11740
11742
11743
11744
11746
11747
11748
11750
11751
11752
11753
11754
11755
11756
11757
11758
11759
11760
11761
11762
11763
11764
11765
11766
11768
11769
11770
11771
11772
11773
11774
11775
11776
11777
11778
11779
11780
11781
11782
11783
11784
11785
11786
11787
11788
11789
11790
11791
11792
11793
11794
11796
11798
11799
11800
11801
11802
11803
11804
11805
11806
11809
11810
11811
11812
11813
11814
11815
11816
11818
11819
11820
11821
11823
11824
11825
11826
11827
11828
11829
11830
11831
11834
11835
11836
11837
11839
11840
11841
11842
11843
11844
11845
11846
11847
11848
11849
11850
11851
11852
11853
11854
11856
11857
11858
11859
11860
11861
11862
11863
11864
11865
11866
11868
11869
11870
11873
11874
11875
11876
11877
11878
11879
11880
11881
11882
11883
11884
11885
11886
11887
11890
11891
11892
11894
11895
11896
11897
11898
11899
11900
11902
11903
11904
11905
11906
11907
11908
11909
11910
11911
11912
11913
11914
11915
11916
11917
11919
11921
11922
11923
11924
11925
11926
11928
11929
11930
11931
11932
11933
11934
11935
11936
11937
11938
11939
11940
11941
11942
11943
11944
11945
11947
11948
11949
11951
11952
11953
11954
11956
11957
11958
11960
11961
11962
11963
11964
11965
11966
11967
11968
11969
11970
11972
11975
11976
11977
11978
11979
11980
11981
11982
11983
11984
11985
11986
11988
11989
11991
11993
11995
11996
11997
11998
12001
12003
12004
12005
12006
12007
12008
12009
12010
12011
12012
12013
12014
12016
12017
12018
12020
12021
12022
12023
12024
12025
12027
12028
12029
12030
12031
12032
12033
12034
12036
12038
12039
12040
12041
12043
12044
12045
12047
12048
12049
12050
12051
12052
12053
12055
12056
12058
12061
12063
12064
12066
12067
12068
12071
12072
12073
12074
12076
12077
12078
12080
12081
12082
12083
12084
12085
12088
12089
12090
12091
12094
12095
12096
12097
12098
12099
12100
12104
12105
12106
12107
12108
12109
12110
12111
12113
12114
12115
12116
12117
12119
12120
12121
12122
12123
12125
12126
12127
12128
12129
12130
12131
12132
12133
12134
12135
12136
12137
12138
12139
12141
12142
12144
12145
12147
12148
12149
12150
12152
12153
12154
12155
12156
12157
12159
12160
12162
12163
12164
12165
12167
12170
12171
12175
12176
12177
12178
12179
12180
12181
12182
12183
12184
12186
12188
12189
12190
12191
12192
12193
12194
12196
12197
12198
12199
12200
12201
12202
12206
12207
12208
12209
12210
12211
12212
12213
12214
12215
12217
12218
12219
12220
12221
12222
12223
12224
12225
12226
12227
12228
12229
12230
12231
12232
12233
12234
12235
12236
12237
12238
12239
12240
12242
12243
12245
12246
12247
12248
12249
12250
12251
12252
12253
12254
12255
12256
12257
12258
12261
12262
12263
12265
12266
12268
12269
12270
12271
12274
12276
12281
12284
12285
12286
12287
12288
12290
12291
12292
12294
12295
12296
12297
12298
12299
12300
12301
12302
12303
12304
12305
12306
12307
12309
12312
12313
12314
12315
12316
12317
12318
12319
12320
12321
12322
12323
12324
12326
12329
12330
12332
12333
12335
12336
12337
12340
12343
12344
12345
12348
12349
12351
12352
12353
12354
12355
12356
12357
12358
12359
12361
12362
12363
12364
12365
12366
12367
12368
12369
12370
12371
12373
12374
12377
12382
12383
12384
12385
12386
12387
12388
12389
12390
12391
12392
12393
12394
12395
12396
12397
12398
12399
12400
12401
12402
12403
12404
12405
12406
12408
12409
12410
12411
12412
12413
12414
12415
12416
12417
12418
12419
12420
12421
12422
12423
12424
12425
12426
12428
12429
12430
12431
12432
12433
12434
12435
12436
12437
12438
12443
12444
12445
12446
12447
12448
12449
12450
12451
12452
12455
12457
12458
12459
12460
12462
12463
12464
12465
12466
12467
12470
12471
12472
12473
12475
12476
12477
12478
12479
12480
12481
12482
12483
12484
12486
12487
12488
12490
12492
12493
12499
12500
12501
12502
12503
12505
12506
12507
12508
12509
12510
12511
12512
12513
12514
12515
12516
12517
12518
12519
12520
12521
12522
12523
12524
12525
12526
12527
12528
12529
12530
12533
12534
12535
12536
12537
12539
12540
12541
12542
12543
12544
12545
12546
12547
12548
12549
12551
12552
12553
12554
12555
12557
12558
12559
12562
12563
12564
12565
12566
12567
12568
12569
12570
12571
12574
12575
12577
12578
12581
12582
12583
12585
12586
12587
12588
12589
12590
12591
12593
12594
12595
12596
12597
12599
12600
12601
12602
12603
12604
12606
12607
12609
12610
12611
12612
12613
12614
12616
12617
12618
12619
12620
12622
12623
12624
12625
12626
12628
12629
12631
12632
12633
12634
12635
12636
12637
12640
12641
12643
12644
12645
12646
12648
12649
12650
12651
12652
12653
12654
12655
12656
12657
12658
12660
12661
12662
12663
12664
12665
12666
12667
12668
12669
12671
12672
12673
12674
12675
12676
12677
12678
12679
12681
12682
12683
12684
12685
12686
12687
12689
12691
12692
12695
12696
12697
12698
12699
12700
12701
12702
12703
12704
12705
12706
12707
12708
12709
12710
12711
12712
12713
12714
12715
12716
12717
12718
12719
12720
12721
12722
12723
12724
12725
12726
12727
12728
12729
12730
12731
12732
12733
12734
12737
12740
12743
12744
12745
12746
12747
12749
12751
12752
12753
12754
12756
12757
12758
12760
12761
12762
12763
12764
12765
12766
12767
12768
12770
12771
12772
12773
12774
12775
12776
12777
12778
12779
12781
12782
12785
12788
12789
12790
12791
12792
12793
12794
12796
12797
12798
12799
12800
12802
12803
12804
12805
12806
12807
12809
12810
12811
12812
12813
12814
12818
12819
12820
12821
12822
12823
12824
12825
12826
12827
12828
12829
12830
12831
12832
12833
12834
12835
12836
12838
12839
12840
12841
12842
12843
12844
12845
12848
12849
12850
12851
12852
12854
12855
12856
12857
12858
12859
12861
12862
12864
12865
12866
12867
12869
12870
12871
12872
12873
12875
12876
12877
12879
12881
12882
12883
12884
12885
12886
12889
12890
12891
12892
12895
12898
12899
12900
12902
12903
12904
12905
12906
12907
12908
12909
12910
12911
12914
12915
12916
12917
12918
12920
12922
12926
12927
12929
12932
12933
12934
12935
12936
12937
12938
12939
12941
12942
12945
12946
12947
12948
12949
12950
12952
12954
12955
12956
12957
12958
12959
12961
12962
12963
12965
12966
12967
12968
12970
12971
12972
12974
12975
12976
12977
12978
12980
12981
12982
12983
12985
12987
12988
12990
12991
12993
12994
12996
12999
13001
13002
13003
13004
13005
13006
13007
13009
13010
13012
13013
13014
13016
13017
13018
13019
13020
13021
13022
13024
13025
13026
13027
13028
13030
13031
13032
13034
13036
13037
13038
13039
13041
13042
13043
13046
13048
13049
13050
13051
13052
13053
13055
13056
13057
13058
13059
13060
13061
13062
13063
13064
13065
13066
13067
13068
13070
13072
13073
13074
13075
13076
13077
13078
13079
13080
13081
13082
13083
13084
13085
13086
13087
13088
13089
13090
13093
13094
13095
13096
13097
13098
13099
13100
13101
13102
13104
13105
13106
13107
13108
13109
13110
13111
13113
13114
13116
13117
13119
13120
13121
13123
13124
13125
13126
13127
13128
13129
13130
13131
13132
13134
13135
13136
13137
13138
13139
13140
13141
13142
13143
13144
13145
13146
13147
13148
13149
13150
13151
13153
13154
13156
13158
13159
13160
13161
13162
13163
13165
13166
13167
13168
13169
13170
13172
13173
13174
13175
13176
13177
13178
13179
13180
13182
13183
13184
13185
13187
13188
13189
13191
13192
13194
13196
13197
13198
13199
13200
13201
13202
13205
13206
13208
13209
13211
13212
13213
13214
13215
13216
13217
13218
13219
13220
13221
13223
13224
13225
13229
13231
13232
13233
13234
13235
13236
13237
13238
13239
13240
13241
13242
13243
13244
13245
13246
13247
13249
13250
13252
13254
13255
13258
13259
13260
13262
13263
13264
13265
13266
13267
13268
13270
13271
13272
13273
13274
13276
13277
13278
13279
13281
13282
13283
13284
13285
13286
13288
13289
13291
13292
13293
13294
13295
13296
13298
13299
13300
13302
13303
13305
13306
13307
13309
13310
13311
13312
13313
13314
13315
13316
13319
13320
13322
13324
13325
13326
13328
13329
13330
13334
13335
13336
13337
13338
13341
13343
13344
13346
13347
13348
13349
13350
13351
13352
13353
13354
13356
13357
13358
13359
13360
13362
13364
13365
13366
13367
13368
13369
13370
13371
13373
13374
13375
13376
13379
13380
13381
13382
13383
13384
13385
13386
13387
13388
13389
13390
13391
13393
13394
13395
13396
13397
13398
13399
13400
13401
13402
13403
13404
13405
13406
13407
13408
13409
13410
13411
13412
13413
13416
13417
13418
13419
13421
13422
13423
13424
13425
13427
13428
13431
13432
13433
13436
13437
13438
13441
13442
13443
13444
13445
13446
13447
13448
13449
13450
13452
13453
13454
13455
13456
13457
13458
13459
13460
13461
13462
13463
13464
13465
13466
13467
13468
13472
13473
13474
13475
13477
13478
13480
13481
13483
13484
13485
13486
13487
13488
13489
13491
13493
13494
13495
13496
13497
13498
13499
13501
13503
13504
13506
13507
13508
13509
13510
13511
13512
13513
13515
13516
13517
13518
13520
13521
13522
13523
13524
13525
13526
13527
13528
13531
13532
13533
13534
13535
13536
13537
13538
13539
13540
13541
13542
13543
13544
13546
13547
13548
13549
13550
13552
13553
13556
13557
13558
13559
13561
13562
13563
13565
13566
13567
13568
13569
13570
13571
13572
13573
13574
13575
13576
13577
13578
13579
13580
13581
13582
13583
13584
13585
13586
13587
13588
13589
13591
13592
13593
13594
13595
13596
13597
13598
13599
13601
13602
13605
13606
13607
13608
13609
13610
13611
13612
13613
13614
13615
13616
13617
13618
13619
13620
13621
13622
13623
13624
13625
13627
13628
13629
13633
13634
13637
13640
13642
13643
13644
13645
13646
13647
13648
13649
13650
13651
13652
13653
13654
13655
13656
13657
13658
13659
13660
13661
13662
13663
13664
13665
13666
13667
13668
13669
13671
13672
13674
13675
13676
13677
13678
13679
13680
13681
13683
13684
13686
13687
13688
13689
13690
13691
13693
13694
13695
13696
13697
13698
13699
13700
13702
13703
13704
13706
13707
13708
13709
13710
13711
13714
13715
13716
13717
13718
13719
13720
13722
13723
13725
13726
13727
13728
13729
13730
13732
13733
13734
13735
13737
13738
13739
13740
13741
13742
13743
13744
13745
13746
13747
13748
13749
13750
13751
13752
13753
13754
13755
13756
13757
13758
13760
13761
13762
13763
13764
13766
13767
13768
13770
13772
13773
13774
13775
13776
13778
13779
13780
13781
13782
13783
13785
13786
13788
13790
13791
13792
13793
13794
13795
13796
13797
13798
13802
13803
13804
13806
13807
13808
13810
13812
13813
13814
13815
13816
13817
13819
13820
13821
13822
13823
13824
13825
13826
13828
13829
13831
13832
13833
13835
13836
13837
13838
13839
13840
13841
13842
13844
13845
13846
13848
13849
13850
13851
13852
13854
13855
13857
13858
13860
13861
13862
13864
13867
13868
13870
13872
13873
13874
13876
13878
13879
13880
13881
13882
13883
13885
13886
13887
13889
13891
13892
13893
13894
13895
13896
13898
13899
13901
13902
13903
13904
13905
13906
13907
13908
13909
13910
13911
13914
13915
13916
13917
13918
13919
13920
13921
13922
13923
13924
13925
13926
13927
13928
13929
13930
13932
13933
13935
13936
13938
13939
13940
13942
13943
13944
13946
13947
13950
13951
13954
13955
13956
13957
13958
13962
13963
13964
13965
13966
13967
13969
13972
13973
13975
13976
13977
13978
13980
13981
13982
13983
13984
13985
13986
13988
13990
13991
13992
13993
13994
13995
13998
13999
14000
14001
14002
14003
14004
14005
14006
14007
14009
14010
14011
14012
14015
14016
14018
14019
14020
14021
14022
14023
14024
14025
14027
14028
14029
14030
14032
14036
14037
14039
14041
14042
14043
14044
14045
14046
14047
14048
14052
14053
14054
14055
14056
14057
14058
14059
14061
14062
14063
14064
14065
14066
14067
14068
14069
14070
14071
14072
14073
14074
14076
14077
14078
14080
14081
14082
14083
14085
14086
14087
14088
14089
14091
14092
14093
14094
14095
14096
14097
14098
14099
14100
14101
14102
14103
14104
14106
14107
14110
14111
14112
14114
14115
14116
14118
14119
14120
14121
14123
14125
14127
14131
14132
14133
14134
14136
14137
14139
14140
14141
14142
14143
14145
14146
14147
14148
14149
14150
14151
14154
14156
14157
14158
14159
14160
14161
14163
14164
14167
14168
14169
14171
14172
14173
14174
14175
14176
14177
14179
14180
14181
14183
14184
14185
14186
14187
14189
14190
14191
14192
14193
14194
14196
14197
14198
14199
14200
14201
14203
14204
14205
14206
14207
14208
14209
14210
14212
14215
14216
14217
14218
14219
14220
14221
14222
14223
14224
14225
14228
14230
14231
14232
14233
14234
14235
14237
14238
14240
14241
14242
14244
14245
14246
14247
14248
14249
14250
14251
14255
14256
14257
14258
14259
14260
14261
14262
14263
14264
14265
14266
14267
14268
14269
14272
14275
14278
14279
14280
14282
14283
14284
14285
14286
14288
14289
14290
14291
14292
14293
14294
14296
14297
14298
14299
14300
14301
14303
14304
14305
14307
14308
14309
14311
14312
14313
14315
14316
14318
14319
14321
14322
14323
14324
14325
14327
14328
14329
14332
14333
14334
14335
14336
14337
14338
14339
14340
14341
14342
14343
14344
14345
14346
14347
14348
14349
14350
14351
14353
14355
14356
14357
14358
14359
14360
14361
14362
14363
14364
14365
14366
14367
14368
14369
14371
14372
14373
14375
14376
14377
14378
14379
14380
14381
14382
14383
14384
14385
14386
14387
14388
14389
14391
14392
14393
14394
14395
14396
14398
14399
14400
14401
14402
14403
14404
14405
14406
14407
14408
14409
14410
14411
14412
14413
14414
14415
14416
14418
14419
14420
14421
14422
14423
14424
14426
14427
14428
14429
14430
14431
14432
14433
14434
14435
14436
14438
14439
14440
14442
14443
14445
14446
14448
14449
14450
14451
14452
14453
14454
14455
14457
14458
14459
14460
14461
14462
14463
14464
14465
14466
14467
14468
14469
14470
14471
14472
14473
14474
14475
14476
14477
14480
14481
14482
14483
14484
14485
14487
14488
14490
14492
14494
14495
14496
14497
14498
14499
14500
14501
14502
14503
14504
14505
14506
14507
14508
14509
14510
14511
14512
14513
14514
14517
14519
14520
14521
14522
14523
14524
14525
14526
14527
14528
14529
14530
14531
14533
14534
14535
14537
14539
14540
14541
14542
14543
14544
14545
14546
14547
14548
14549
14550
14551
14553
14554
14556
14558
14559
14560
14561
14562
14563
14564
14565
14566
14567
14568
14569
14570
14571
14572
14573
14574
14575
14576
14577
14578
14579
14580
14581
14583
14584
14585
14586
14587
14588
14589
14590
14591
14592
14593
14594
14595
14597
14598
14600
14601
14605
14606
14607
14608
14609
14610
14611
14612
14613
14614
14615
14616
14617
14618
14619
14621
14623
14624
14625
14626
14627
14628
14629
14630
14632
14634
14635
14637
14638
14640
14641
14642
14643
14644
14645
14646
14648
14649
14652
14653
14655
14656
14658
14659
14661
14662
14666
14667
14668
14669
14670
14672
14673
14674
14675
14676
14677
14678
14680
14681
14682
14683
14684
14687
14688
14690
14691
14692
14693
14695
14696
14697
14699
14700
14701
14702
14703
14704
14705
14706
14707
14708
14709
14710
14711
14712
14713
14714
14716
14717
14718
14720
14721
14723
14724
14725
14726
14727
14728
14729
14730
14731
14732
14734
14735
14736
14737
14738
14739
14740
14741
14742
14744
14745
14746
14747
14748
14749
14750
14751
14752
14753
14754
14755
14756
14757
14758
14761
14763
14764
14765
14766
14767
14768
14769
14770
14773
14775
14777
14778
14779
14780
14781
14782
14783
14784
14785
14788
14789
14790
14791
14792
14793
14794
14795
14796
14797
14798
14802
14803
14804
14805
14806
14807
14808
14809
14811
14813
14814
14815
14816
14820
14821
14822
14823
14824
14825
14826
14827
14828
14830
14831
14832
14835
14836
14837
14838
14839
14840
14841
14842
14844
14845
14846
14848
14850
14851
14852
14853
14854
14855
14856
14857
14858
14860
14861
14862
14864
14866
14867
14868
14869
14870
14871
14872
14873
14874
14877
14878
14879
14880
14881
14882
14883
14884
14886
14888
14889
14890
14891
14893
14896
14897
14898
14899
14900
14901
14902
14905
14906
14907
14909
14912
14914
14916
14917
14918
14919
14920
14921
14922
14923
14924
14925
14926
14927
14928
14929
14930
14931
14932
14933
14934
14935
14936
14941
14942
14944
14945
14947
14948
14949
14950
14951
14952
14953
14954
14955
14957
14958
14959
14960
14961
14962
14963
14964
14965
14966
14967
14968
14969
14970
14971
14972
14974
14975
14977
14978
14979
14980
14981
14983
14984
14985
14987
14988
14989
14990
14991
14992
14993
14994
14995
14996
14997
14998
14999
15001
15002
15004
15005
15006
15008
15009
15010
15011
15013
15014
15015
15017
15019
15020
15021
15022
15024
15025
15026
15027
15028
15029
15030
15031
15032
15033
15034
15035
15036
15037
15038
15042
15043
15044
15045
15046
15047
15048
15049
15050
15051
15052
15053
15054
15055
15056
15057
15058
15059
15060
15061
15062
15063
15064
15065
15066
15068
15069
15070
15071
15072
15073
15074
15075
15077
15078
15079
15080
15081
15082
15083
15084
15085
15086
15088
15090
15091
15092
15093
15095
15096
15097
15098
15099
15100
15101
15102
15103
15104
