0
1
2
4
5
6
8
9
11
14
15
18
20
21
25
27
28
29
31
34
36
38
39
40
42
43
46
49
51
52
54
66
70
71
72
73
74
75
76
77
79
80
82
83
85
86
87
88
89
90
91
92
96
97
98
101
102
104
105
108
109
110
111
113
114
115
118
120
121
125
126
127
129
130
132
135
136
138
142
144
146
149
150
152
154
155
160
161
162
165
168
169
170
175
176
178
179
180
182
183
185
187
188
189
190
191
192
193
194
195
197
199
200
202
203
204
205
206
207
210
211
213
215
216
217
220
222
223
225
227
228
229
230
232
236
237
238
246
247
248
249
252
255
258
259
260
262
263
264
265
269
275
277
282
283
284
286
287
289
292
293
295
297
298
299
301
302
304
307
311
312
313
314
315
318
319
320
323
324
325
326
327
328
329
330
331
335
336
337
338
339
342
344
346
347
348
350
351
353
356
357
358
360
361
362
363
364
365
366
367
368
369
370
375
376
378
379
380
381
382
385
386
387
389
391
393
395
396
397
398
400
401
402
403
404
408
410
411
413
414
415
416
419
421
422
423
426
427
428
429
430
431
432
434
437
438
442
443
444
446
450
454
456
458
459
473
475
478
479
485
486
487
488
493
495
496
498
500
510
517
519
520
521
524
533
536
538
540
541
542
544
553
556
557
559
561
563
573
580
585
605
608
610
611
612
614
616
620
624
626
627
631
633
634
650
653
654
655
659
661
671
682
687
690
693
697
698
702
703
708
709
710
711
712
721
724
726
731
736
737
741
742
743
744
746
747
751
756
761
762
765
770
772
781
782
783
784
786
790
793
796
797
799
801
807
808
809
812
813
817
819
820
821
828
832
837
841
842
844
845
846
847
848
849
850
852
853
854
855
861
862
870
871
873
875
877
878
879
887
888
889
890
897
900
902
903
904
907
908
911
912
914
915
925
928
931
938
940
943
945
948
950
959
961
963
964
966
968
969
971
975
976
980
981
984
986
992
1004
1005
1006
1009
1020
1024
1025
1028
1031
1035
1036
1037
1038
1040
1041
1043
1044
1048
1050
1053
1055
1056
1057
1058
1060
1061
1063
1067
1068
1076
1078
1080
1094
1095
1096
1097
1106
1116
1122
1125
1131
1138
1144
1145
1146
1152
1153
1154
1160
1164
1166
1168
1170
1176
1180
1181
1186
1187
1192
1194
1196
1199
1200
1201
1203
1204
1209
1211
1213
1214
1218
1219
1220
1221
1223
1224
1225
1229
1231
1237
1239
1241
1242
1244
1245
1246
1253
1256
1264
1267
1273
1274
1277
1279
1287
1288
1292
1294
1295
1299
1303
1306
1314
1317
1319
1324
1325
1327
1328
1329
1332
1334
1336
1337
1342
1345
1349
1351
1352
1354
1357
1364
1374
1375
1376
1377
1378
1380
1381
1384
1385
1386
1388
1389
1390
1391
1392
1398
1402
1403
1404
1405
1406
1407
1411
1413
1416
1418
1420
1422
1425
1428
1430
1431
1432
1433
1434
1438
1439
1442
1443
1444
1446
1447
1449
1450
1455
1456
1458
1459
1460
1462
1467
1468
1472
1474
1475
1476
1478
1479
1482
1483
1487
1489
1499
1503
1504
1512
1514
1515
1517
1519
1521
1523
1528
1529
1530
1531
1532
1533
1534
1537
1538
1541
1544
1545
1546
1548
1549
1551
1552
1553
1554
1557
1559
1561
1563
1566
1567
1568
1575
1576
1577
1580
1581
1584
1585
1588
1591
1599
1600
1601
1603
1606
1607
1608
1610
1616
1622
1623
1626
1627
1640
1644
1653
1663
1666
1670
1674
1676
1685
1686
1687
1695
1699
1702
1704
1706
1707
1708
1709
1713
1719
1727
1728
1729
1731
1732
1734
1737
1740
1743
1745
1748
1750
1753
1754
1755
1759
1761
1762
1763
1765
1767
1768
1771
1772
1775
1776
1777
1780
1781
1782
1784
1786
1789
1790
1791
1792
1793
1799
1802
1803
1805
1806
1808
1813
1814
1815
1820
1821
1823
1824
1825
1826
1828
1829
1830
1833
1834
1836
1837
1841
1842
1843
1845
1846
1849
1850
1852
1853
1854
1855
1856
1857
1858
1859
1860
1861
1864
1865
1866
1869
1870
1871
1872
1873
1876
1880
1882
1887
1889
1892
1893
1897
1898
1899
1900
1901
1902
1905
1906
1907
1908
1909
1910
1913
1915
1916
1919
1920
1921
1923
1926
1928
1933
1934
1935
1936
1937
1938
1939
1940
1943
1944
1945
1948
1950
1951
1952
1953
1956
1957
1959
1962
1963
1964
1965
1966
1969
1971
1972
1973
1975
1982
1990
1992
1993
1996
1997
2000
2004
2007
2010
2011
2019
2020
2021
2022
2024
2025
2026
2028
2032
2033
2035
2036
2037
2038
2039
2040
2042
2043
2046
2047
2048
2049
2052
2058
2061
2062
2063
2068
2069
2071
2077
2080
2081
2082
2083
2085
2090
2093
2094
2096
2103
2108
2114
2117
2118
2120
2121
2123
2124
2127
2132
2133
2134
2135
2136
2137
2139
2140
2144
2148
2149
2151
2153
2156
2157
2158
2159
2160
2161
2163
2164
2165
2166
2167
2168
2169
2170
2171
2173
2174
2178
2180
2181
2183
2184
2186
2188
2191
2192
2202
2209
2211
2212
2216
2217
2220
2223
2224
2228
2230
2231
2232
2233
2234
2241
2242
2245
2246
2253
2254
2255
2260
2269
2272
2278
2284
2289
2294
2296
2297
2298
2300
2304
2305
2307
2309
2310
2311
2316
2317
2320
2321
2325
2328
2334
2337
2338
2339
2341
2343
2344
2347
2348
2350
2351
2358
2360
2361
2363
2364
2366
2367
2368
2369
2370
2371
2372
2377
2378
2382
2384
2386
2387
2389
2390
2392
2395
2396
2400
2401
2404
2405
2407
2408
2410
2411
2415
2421
2423
2424
2425
2426
2427
2428
2429
2434
2436
2440
2443
2445
2449
2454
2456
2457
2458
2459
2460
2463
2464
2466
2467
2469
2470
2471
2472
2475
2476
2477
2481
2485
2486
2488
2493
2498
2501
2506
2507
2508
2509
2513
2515
2516
2517
2519
2523
2524
2525
2526
2527
2528
2530
2531
2534
2536
2537
2538
2539
2541
2542
2544
2545
2546
2548
2551
2552
2553
2554
2559
2562
2563
2565
2566
2567
2568
2569
2574
2575
2577
2578
2579
2581
2583
2584
2585
2586
2587
2589
2592
2593
2594
2595
2600
2601
2605
2606
2607
2608
2613
2614
2617
2620
2621
2624
2625
2631
2633
2635
2636
2638
2639
2640
2641
2642
2643
2644
2645
2647
2648
2651
2652
2659
2661
2662
2663
2665
2666
2668
2673
2681
2682
2684
2685
2690
2691
2693
2702
2703
2704
2705
2706
2709
2711
2712
2714
2715
2716
2717
2720
2723
2724
2725
2726
2727
2728
2729
2730
2733
2737
2742
2743
2744
2746
2750
2752
2753
2756
2758
2760
2766
2776
2778
2781
2782
2783
2785
2787
2788
2789
2793
2795
2796
2797
2798
2800
2801
2802
2803
2805
2808
2810
2811
2812
2816
2821
2822
2825
2829
2830
2831
2832
2833
2837
2840
2841
2843
2848
2849
2852
2856
2857
2860
2862
2867
2868
2873
2875
2876
2878
2881
2882
2886
2887
2889
2892
2893
2895
2899
2901
2903
2905
2906
2907
2912
2914
2915
2916
2917
2918
2919
2923
2924
2926
2929
2930
2932
2939
2941
2949
2950
2952
2956
2957
2960
2961
2963
2964
2965
2966
2967
2969
2970
2975
2977
2978
2979
2980
2981
2983
2986
2990
2992
2994
2995
2997
2998
2999
3000
3001
3005
3006
3010
3013
3015
3019
3020
3023
3027
3028
3029
3031
3032
3034
3038
3039
3040
3041
3043
3047
3049
3050
3052
3056
3059
3060
3061
3062
3063
3067
3068
3071
3074
3077
3082
3083
3084
3085
3086
3088
3089
3091
3092
3095
3096
3098
3104
3105
3106
3115
3116
3117
3118
3119
3121
3123
3128
3131
3137
3139
3141
3142
3146
3147
3150
3152
3153
3158
3160
3162
3165
3170
3171
3172
3173
3176
3177
3178
3183
3184
3185
3186
3187
3189
3191
3193
3198
3203
3204
3205
3206
3207
3208
3210
3211
3212
3213
3214
3217
3218
3220
3222
3224
3225
3227
3228
3229
3234
3241
3244
3245
3247
3253
3254
3255
3256
3257
3258
3260
3263
3265
3269
3270
3271
3273
3276
3280
3281
3284
3286
3287
3289
3290
3292
3296
3297
3298
3300
3304
3305
3308
3310
3311
3313
3314
3316
3320
3322
3325
3327
3334
3336
3337
3339
3340
3341
3344
3345
3347
3353
3358
3360
3361
3364
3367
3368
3369
3371
3372
3374
3375
3377
3379
3380
3381
3382
3383
3385
3386
3387
3388
3389
3390
3392
3394
3395
3396
3397
3401
3403
3405
3406
3414
3415
3417
3427
3429
3430
3431
3435
3438
3439
3440
3441
3445
3447
3448
3449
3451
3452
3454
3455
3457
3459
3460
3462
3464
3465
3467
3468
3469
3470
3471
3476
3478
3479
3483
3485
3487
3488
3489
3492
3494
3496
3498
3500
3501
3503
3504
3507
3508
3512
3513
3515
3516
3518
3519
3520
3521
3522
3523
3525
3527
3529
3530
3531
3532
3533
3540
3541
3542
3544
3546
3547
3549
3551
3554
3557
3558
3560
3561
3562
3564
3565
3567
3573
3576
3578
3580
3581
3582
3584
3585
3586
3587
3588
3589
3590
3593
3594
3595
3596
3597
3598
3599
3600
3601
3602
3603
3605
3606
3608
3610
3611
3612
3617
3621
3622
3623
3627
3632
3633
3634
3636
3640
3641
3642
3644
3645
3646
3648
3649
3650
3651
3654
3655
3658
3659
3661
3662
3663
3665
3666
3667
3668
3669
3670
3675
3678
3679
3684
3690
3691
3693
3695
3697
3702
3703
3704
3705
3707
3708
3712
3713
3715
3716
3717
3718
3719
3720
3722
3724
3725
3726
3728
3731
3734
3737
3739
3740
3741
3742
3745
3746
3747
3752
3754
3755
3758
3759
3760
3761
3767
3772
3773
3775
3776
3777
3781
3782
3787
3789
3791
3792
3793
3794
3796
3797
3799
3800
3802
3804
3806
3807
3810
3811
3812
3814
3815
3816
3818
3821
3822
3823
3824
3828
3829
3830
3831
3832
3835
3836
3837
3838
3841
3843
3847
3849
3851
3852
3853
3854
3855
3859
3860
3861
3862
3864
3872
3874
3876
3878
3879
3886
3887
3888
3891
3892
3893
3894
3896
3897
3898
3900
3904
3905
3907
3909
3912
3914
3915
3916
3918
3919
3920
3922
3923
3928
3930
3931
3932
3933
3934
3936
3939
3942
3943
3944
3946
3947
3949
3951
3953
3956
3957
3958
3959
3960
3964
3965
3966
3968
3970
3975
3976
3977
3978
3979
3980
3981
3982
3983
3984
3986
3987
3988
3989
3990
3991
3992
3993
3996
3998
4001
4003
4004
4006
4009
4010
4011
4012
4014
4015
4016
4023
4024
4026
4027
4029
4030
4031
4032
4040
4041
4042
4043
4044
4045
4048
4053
4056
4061
4064
4065
4069
4070
4071
4072
4075
4077
4078
4079
4080
4084
4085
4089
4090
4091
4092
4095
4096
4098
4099
4101
4104
4105
4106
4112
4113
4114
4115
4116
4118
4121
4123
4124
4125
4127
4128
4130
4131
4132
4133
4135
4138
4139
4142
4143
4147
4149
4151
4152
4153
4157
4158
4159
4160
4162
4163
4164
4167
4170
4171
4172
4173
4178
4179
4180
4181
4183
4192
4193
4195
4197
4203
4204
4205
4206
4209
4210
4215
4216
4221
4222
4223
4224
4225
4226
4227
4232
4235
4237
4239
4240
4241
4242
4244
4250
4254
4257
4258
4259
4260
4265
4267
4268
4269
4272
4273
4274
4276
4277
4278
4280
4281
4287
4288
4289
4290
4291
4292
4295
4296
4297
4298
4299
4300
4301
4302
4303
4304
4305
4306
4307
4309
4311
4312
4313
4314
4315
4316
4319
4320
4321
4325
4326
4327
4329
4332
4333
4335
4337
4340
4344
4345
4351
4353
4354
4359
4362
4364
4365
4366
4367
4368
4370
4372
4374
4375
4378
4379
4380
4383
4386
4392
4394
4395
4397
4398
4400
4404
4405
4409
4412
4415
4416
4417
4421
4422
4428
4431
4433
4434
4436
4438
4440
4441
4443
4451
4452
4454
4455
4456
4457
4458
4459
4462
4465
4467
4468
4469
4470
4471
4472
4476
4477
4478
4479
4480
4482
4483
4484
4485
4486
4488
4489
4490
4492
4493
4494
4495
4496
4497
4498
4500
4501
4502
4503
4504
4505
4506
4507
4508
4509
4510
4511
4512
4513
4515
4517
4519
4521
4522
4524
4525
4529
4531
4534
4537
4538
4541
4542
4544
4546
4547
4548
4553
4559
4560
4563
4565
4566
4572
4575
4576
4577
4578
4581
4583
4584
4586
4593
4594
4597
4598
4599
4606
4607
4609
4612
4615
4616
4617
4619
4620
4621
4627
4630
4635
4639
4641
4642
4644
4646
4647
4654
4657
4658
4660
4661
4662
4663
4665
4666
4667
4669
4670
4672
4673
4674
4677
4678
4680
4681
4683
4684
4685
4686
4689
4690
4691
4694
4702
4705
4706
4708
4710
4712
4714
4715
4716
4717
4718
4720
4722
4723
4725
4726
4727
4728
4733
4734
4735
4736
4739
4740
4741
4742
4744
4745
4746
4749
4750
4751
4752
4754
4756
4758
4759
4760
4761
4763
4764
4765
4767
4768
4769
4770
4771
4772
4773
4774
4775
4777
4778
4779
4782
4783
4785
4786
4787
4789
4791
4792
4793
4795
4796
4798
4801
4803
4804
4805
4807
4808
4809
4810
4812
4816
4818
4819
4820
4821
4822
4823
4824
4825
4826
4827
4828
4829
4830
4831
4834
4835
4836
4837
4840
4841
4842
4843
4844
4845
4846
4848
4849
4850
4851
4852
4853
4854
4855
4856
4857
4858
4859
4860
4861
4862
4863
4864
4865
4866
4867
4868
4871
4873
4874
4875
4876
4877
4878
4879
4881
4882
4883
4884
4885
4886
4887
4888
4890
4891
4892
4893
4894
4895
4896
4897
4898
4899
4900
4901
4902
4904
4905
4906
4907
4909
4910
4911
4912
4913
4914
4921
4922
4923
4924
4925
4926
4927
4928
4929
4930
4931
4934
4937
4938
4939
4940
4941
4942
4943
4945
4949
4950
4951
4953
4955
4956
4962
4963
4967
4968
4971
4972
4973
4974
4976
4980
4981
4983
4984
4985
4986
4987
4988
4989
4990
4992
4993
4997
4998
4999
5001
5003
5004
5005
5006
5007
5008
5009
5010
5011
5012
5013
5014
5015
5016
5018
5019
5020
5021
5023
5024
5027
5029
5030
5031
5035
5037
5040
5041
5045
5049
5050
5052
5053
5054
5057
5058
5060
5061
5062
5063
5064
5066
5067
5070
5075
5076
5077
5078
5079
5080
5081
5084
5087
5089
5091
5092
5100
5101
5102
5103
5105
5106
5108
5111
5112
5113
5114
5115
5116
5117
5118
5119
5120
5121
5122
5125
5126
5128
5129
5130
5131
5134
5135
5137
5138
5139
5140
5141
5143
5144
5145
5147
5148
5149
5152
5153
5154
5155
5156
5157
5159
5163
5165
5166
5167
5168
5169
5172
5173
5175
5178
5179
5180
5181
5185
5186
5187
5189
5190
5191
5192
5193
5194
5195
5196
5197
5198
5199
5200
5201
5202
5203
5204
5207
5208
5209
5210
5211
5213
5214
5215
5216
5217
5218
5220
5221
5222
5223
5225
5226
5231
5236
5237
5240
5241
5242
5243
5244
5245
5252
5254
5257
5258
5260
5261
5264
5265
5268
5272
5273
5278
5281
5282
5286
5287
5294
5296
5297
5299
5300
5301
5303
5304
5305
5312
5314
5316
5317
5318
5320
5321
5322
5323
5324
5325
5327
5329
5330
5331
5332
5334
5335
5336
5337
5338
5339
5340
5341
5343
5344
5345
5346
5347
5348
5350
5351
5352
5356
5357
5361
5363
5364
5365
5366
5367
5369
5371
5372
5374
5377
5379
5382
5385
5387
5388
5390
5391
5394
5396
5398
5399
5400
5402
5408
5415
5416
5417
5419
5421
5423
5424
5425
5428
5432
5434
5435
5436
5437
5438
5440
5442
5443
5444
5445
5446
5451
5452
5453
5455
5456
5457
5459
5462
5463
5466
5473
5474
5476
5478
5481
5484
5485
5487
5488
5490
5491
5493
5494
5495
5496
5498
5499
5501
5502
5503
5504
5505
5507
5510
5511
5514
5516
5518
5523
5525
5526
5527
5529
5535
5536
5538
5543
5546
5547
5550
5551
5554
5556
5558
5559
5560
5562
5564
5565
5566
5567
5568
5571
5572
5575
5576
5577
5578
5579
5580
5581
5582
5583
5589
5590
5591
5594
5597
5598
5599
5601
5603
5604
5608
5609
5610
5611
5612
5613
5614
5615
5616
5617
5618
5619
5620
5622
5623
5624
5625
5626
5628
5629
5630
5631
5636
5637
5639
5640
5642
5645
5648
5649
5650
5651
5653
5654
5656
5657
5658
5659
5661
5662
5668
5670
5675
5678
5679
5680
5685
5686
5687
5688
5689
5690
5691
5693
5694
5698
5702
5704
5705
5709
5713
5714
5716
5717
5718
5720
5722
5723
5724
5725
5726
5728
5730
5731
5733
5735
5739
5740
5741
5742
5743
5748
5752
5755
5765
5766
5768
5769
5771
5773
5774
5775
5776
5777
5778
5780
5782
5784
5785
5789
5792
5793
5794
5795
5796
5797
5799
5800
5801
5802
5806
5807
5810
5811
5812
5814
5815
5816
5818
5821
5822
5824
5827
5828
5830
5831
5832
5834
5835
5836
5838
5839
5840
5842
5844
5845
5846
5847
5848
5849
5851
5852
5854
5856
5857
5858
5861
5863
5864
5865
5867
5868
5869
5871
5874
5875
5877
5878
5879
5880
5881
5882
5885
5886
5887
5890
5892
5894
5895
5896
5899
5901
5902
5903
5904
5905
5906
5907
5908
5909
5910
5911
5914
5916
5917
5918
5922
5923
5924
5925
5926
5927
5928
5929
5930
5931
5934
5937
5938
5942
5943
5944
5946
5948
5949
5950
5951
5952
5954
5955
5956
5957
5958
5961
5962
5963
5965
5966
5969
5970
5971
5972
5973
5974
5975
5976
5977
5978
5979
5981
5982
5987
5992
5993
5994
5999
6003
6005
6006
6008
6010
6012
6014
6016
6017
6019
6021
6029
6030
6031
6032
6034
6035
6036
6037
6039
6040
6041
6044
6045
6046
6048
6050
6051
6053
6054
6057
6059
6060
6061
6062
6063
6064
6065
6066
6067
6071
6073
6075
6077
6079
6081
6082
6083
6084
6085
6087
6088
6090
6091
6093
6095
6096
6100
6102
6105
6106
6107
6109
6110
6111
6113
6114
6115
6119
6120
6122
6123
6126
6127
6128
6129
6130
6134
6135
6138
6141
6142
6143
6144
6145
6146
6149
6150
6152
6153
6154
6155
6156
6159
6161
6162
6164
6165
6167
6170
6171
6174
6176
6183
6185
6186
6187
6189
6190
6191
6192
6193
6194
6195
6198
6199
6200
6202
6204
6207
6208
6209
6210
6215
6218
6219
6220
6221
6222
6223
6225
6226
6227
6228
6229
6233
6234
6235
6236
6237
6238
6239
6240
6242
6243
6244
6245
6246
6248
6251
6253
6255
6256
6257
6258
6262
6263
6266
6269
6271
6273
6278
6279
6282
6283
6284
6285
6287
6289
6290
6292
6293
6294
6295
6296
6302
6308
6309
6311
6315
6316
6317
6319
6321
6322
6325
6328
6330
6333
6334
6337
6338
6339
6340
6342
6348
6350
6351
6352
6353
6354
6355
6356
6357
6358
6363
6364
6365
6366
6368
6373
6377
6380
6381
6387
6389
6390
6393
6394
6395
6396
6397
6398
6399
6400
6403
6404
6407
6408
6409
6410
6411
6412
6413
6414
6415
6416
6417
6418
6419
6420
6421
6422
6423
6424
6425
6427
6428
6430
6431
6432
6433
6434
6436
6437
6439
6440
6446
6447
6448
6452
6453
6454
6455
6458
6463
6464
6467
6469
6471
6472
6473
6474
6475
6478
6479
6481
6482
6485
6488
6490
6493
6497
6499
6500
6501
6502
6503
6506
6507
6508
6509
6514
6517
6518
6522
6523
6524
6525
6526
6527
6529
6530
6531
6533
6535
6536
6537
6539
6540
6541
6542
6543
6545
6547
6550
6551
6553
6555
6556
6559
6561
6562
6563
6565
6566
6567
6570
6573
6574
6575
6579
6580
6581
6583
6584
6585
6586
6587
6588
6591
6592
6594
6595
6596
6598
6599
6600
6601
6602
6603
6604
6610
6611
6612
6613
6615
6616
6617
6620
6621
6622
6623
6624
6627
6628
6632
6634
6635
6636
6637
6638
6640
6642
6643
6645
6646
6647
6648
6649
6650
6653
6655
6659
6661
6662
6663
6664
6666
6667
6668
6669
6670
6672
6673
6675
6676
6677
6680
6681
6682
6683
6684
6686
6687
6688
6689
6691
6692
6693
6694
6695
6696
6698
6699
6700
6703
6704
6705
6707
6708
6709
6710
6712
6713
6719
6720
6721
6722
6723
6724
6725
6727
6728
6729
6730
6734
6736
6738
6739
6740
6742
6745
6746
6747
6748
6749
6750
6751
6752
6753
6754
6755
6758
6759
6761
6762
6764
6765
6767
6768
6769
6770
6771
6772
6773
6775
6776
6777
6778
6779
6780
6782
6784
6785
6788
6790
6792
6793
6795
6796
6798
6799
6801
6803
6804
6805
6806
6807
6808
6810
6811
6812
6813
6816
6818
6822
6824
6826
6827
6828
6831
6833
6835
6836
6837
6840
6841
6842
6844
6845
6846
6848
6849
6850
6851
6852
6854
6856
6858
6860
6861
6862
6864
6866
6867
6868
6873
6874
6875
6876
6878
6879
6880
6882
6883
6884
6885
6886
6887
6888
6892
6894
6895
6896
6897
6904
6905
6908
6913
6915
6916
6917
6918
6919
6921
6925
6926
6929
6930
6931
6932
6933
6934
6936
6937
6938
6939
6940
6941
6942
6943
6944
6945
6946
6947
6948
6950
6952
6953
6955
6956
6957
6958
6960
6961
6962
6964
6965
6966
6967
6968
6970
6971
6972
6975
6977
6980
6981
6982
6983
6984
6985
6988
6991
6993
6996
6997
6999
7001
7002
7004
7005
7012
7013
7016
7020
7023
7024
7026
7029
7030
7031
7032
7034
7035
7037
7038
7039
7040
7046
7047
7051
7053
7055
7057
7060
7062
7063
7066
7069
7070
7071
7072
7074
7076
7078
7081
7083
7084
7085
7087
7089
7091
7092
7094
7095
7096
7098
7099
7100
7101
7102
7103
7104
7106
7107
7108
7110
7112
7115
7119
7121
7122
7126
7128
7129
7130
7131
7132
7134
7136
7138
7139
7143
7144
7147
7155
7156
7157
7160
7161
7162
7163
7164
7169
7170
7172
7174
7175
7176
7177
7178
7179
7180
7181
7182
7183
7185
7186
7187
7188
7190
7191
7192
7193
7194
7195
7196
7197
7198
7199
7200
7202
7203
7204
7205
7206
7207
7208
7209
7210
7213
7216
7217
7219
7220
7223
7224
7225
7226
7227
7228
7229
7231
7233
7238
7239
7240
7241
7242
7243
7244
7246
7247
7248
7249
7252
7253
7254
7255
7256
7257
7258
7259
7260
7262
7263
7264
7266
7268
7269
7270
7272
7273
7275
7276
7277
7279
7282
7283
7284
7285
7287
7288
7289
7290
7292
7293
7294
7295
7296
7298
7299
7300
7301
7302
7303
7304
7305
7306
7307
7308
7312
7314
7319
7321
7324
7326
7327
7329
7330
7332
7333
7334
7335
7336
7337
7339
7340
7342
7344
7345
7346
7347
7348
7349
7350
7352
7356
7357
7359
7360
7361
7363
7364
7365
7368
7369
7370
7372
7373
7374
7376
7378
7379
7380
7383
7384
7385
7386
7388
7392
7394
7395
7396
7397
7398
7399
7400
7401
7402
7403
7404
7405
7406
7407
7408
7410
7412
7414
7415
7416
7420
7421
7422
7423
7424
7425
7426
7427
7429
7430
7431
7435
7436
7437
7438
7439
7440
7441
7443
7445
7447
7448
7452
7454
7455
7456
7457
7458
7459
7460
7463
7464
7465
7467
7468
7469
7470
7471
7475
7476
7478
7479
7480
7481
7482
7483
7484
7485
7487
7496
7500
7505
7507
7510
7511
7513
7515
7516
7517
7518
7519
7520
7522
7524
7526
7527
7528
7529
7530
7532
7533
7534
7535
7537
7538
7539
7541
7544
7545
7547
7548
7549
7550
7551
7552
7553
7554
7555
7556
7558
7560
7561
7562
7564
7565
7566
7569
7571
7572
7573
7574
7575
7576
7577
7578
7584
7585
7591
7592
7594
7595
7596
7597
7599
7601
7602
7603
7604
7605
7606
7607
7608
7609
7610
7611
7612
7613
7614
7615
7616
7617
7618
7619
7620
7621
7622
7623
7624
7625
7626
7627
7629
7630
7631
7633
7635
7636
7637
7638
7639
7640
7643
7644
7645
7646
7647
7649
7651
7652
7653
7654
7655
7656
7657
7658
7659
7664
7667
7669
7670
7672
7673
7674
7676
7682
7684
7687
7688
7691
7692
7693
7695
7696
7697
7698
7699
7701
7703
7704
7705
7706
7707
7708
7710
7711
7712
7715
7716
7717
7718
7720
7722
7723
7724
7725
7726
7727
7728
7729
7730
7731
7732
7733
7734
7737
7738
7739
7742
7747
7748
7750
7751
7752
7753
7754
7756
7761
7765
7766
7768
7771
7772
7773
7774
7776
7777
7778
7780
7782
7783
7784
7785
7789
7792
7793
7795
7796
7797
7798
7799
7800
7801
7803
7805
7807
7808
7809
7810
7811
7812
7813
7814
7815
7818
7819
7820
7821
7822
7824
7825
7826
7827
7829
7830
7833
7836
7837
7838
7843
7845
7847
7848
7849
7852
7854
7855
7856
7857
7858
7859
7860
7861
7862
7864
7865
7866
7867
7869
7870
7871
7872
7873
7874
7876
7877
7878
7879
7883
7884
7886
7887
7889
7890
7893
7894
7895
7896
7897
7898
7899
7900
7901
7903
7904
7906
7911
7913
7914
7916
7917
7919
7922
7923
7924
7925
7926
7927
7929
7930
7932
7933
7934
7935
7936
7937
7939
7940
7941
7945
7946
7948
7950
7951
7952
7955
7956
7957
7960
7962
7963
7964
7966
7967
7968
7970
7972
7973
7974
7975
7976
7977
7978
7979
7980
7981
7983
7984
7985
7987
7989
7990
7991
7992
7993
7994
7995
7996
7997
7998
7999
8000
8002
8003
8004
8005
8006
8007
8009
8010
8012
8015
8016
8017
8018
8019
8021
8022
8024
8025
8026
8027
8028
8030
8031
8032
8033
8035
8036
8037
8039
8042
8045
8047
8049
8051
8052
8053
8055
8056
8057
8058
8060
8061
8064
8066
8067
8068
8069
8072
8074
8076
8079
8080
8082
8083
8086
8087
8088
8089
8090
8091
8092
8093
8094
8096
8097
8103
8104
8105
8106
8107
8108
8109
8110
8111
8113
8114
8115
8116
8117
8118
8119
8121
8122
8123
8124
8125
8126
8130
8132
8134
8135
8136
8137
8138
8140
8141
8142
8143
8144
8145
8146
8147
8148
8149
8151
8154
8155
8156
8157
8158
8159
8161
8163
8164
8165
8166
8167
8168
8170
8171
8173
8174
8175
8176
8177
8178
8179
8180
8181
8183
8184
8185
8187
8188
8189
8190
8191
8192
8193
8194
8195
8196
8197
8198
8199
8201
8203
8204
8205
8206
8207
8211
8212
8213
8214
8215
8216
8219
8220
8221
8223
8224
8225
8226
8227
8228
8229
8232
8234
8235
8236
8238
8239
8240
8241
8242
8243
8245
8246
8248
8250
8252
8253
8254
8255
8257
8258
8260
8261
8262
8263
8265
8266
8267
8269
8270
8271
8272
8273
8274
8275
8276
8277
8278
8279
8280
8281
8282
8283
8284
8288
8289
8290
8291
8292
8294
8295
8296
8297
8298
8300
8302
8307
8308
8309
8310
8311
8312
8313
8314
8315
8316
8317
8318
8319
8320
8321
8322
8324
8325
8328
8329
8331
8333
8334
8335
8336
8337
8338
8339
8340
8342
8343
8346
8349
8351
8353
8354
8356
8358
8359
8360
8361
8362
8363
8364
8365
8367
8370
8371
8375
8376
8378
8379
8380
8381
8382
8384
8385
8386
8387
8388
8390
8392
8395
8396
8397
8398
8399
8400
8402
8403
8405
8406
8407
8409
8410
8412
8413
8415
8416
8417
8419
8420
8421
8423
8424
8425
8426
8427
8428
8429
8430
8431
8432
8433
8434
8435
8436
8437
8438
8439
8440
8441
8442
8443
8445
8446
8447
8448
8450
8451
8456
8457
8458
8459
8461
8462
8463
8464
8465
8466
8467
8468
8469
8470
8472
8475
8476
8479
8480
8481
8482
8483
8484
8485
8486
8488
8489
8490
8492
8493
8495
8496
8497
8498
8500
8503
8504
8505
8506
8507
8508
8509
8511
8513
8514
8515
8517
8518
8519
8520
8521
8523
8525
8529
8531
8532
8533
8535
8536
8537
8540
8541
8542
8543
8544
8545
8546
8550
8551
8552
8553
8556
8557
8558
8559
8560
8561
8562
8563
8564
8565
8566
8567
8568
8569
8570
8571
8572
8573
8574
8575
8578
8579
8580
8581
8582
8583
8584
8587
8589
8590
8592
8593
8595
8596
8598
8600
8603
8605
8606
8607
8608
8609
8612
8613
8614
8615
8616
8617
8618
8619
8621
8622
8627
8628
8629
8630
8631
8632
8633
8634
8635
8636
8639
8640
8641
8642
8643
8644
8645
8646
8647
8648
8649
8651
8652
8653
8654
8655
8657
8658
8659
8660
8661
8662
8664
8665
8666
8667
8669
8670
8672
8673
8674
8675
8676
8677
8679
8680
8681
8683
8684
8685
8687
8689
8691
8692
8693
8694
8695
8696
8697
8698
8699
8700
8701
8703
8704
8705
8707
8709
8710
8711
8712
8713
8714
8715
8716
8717
8718
8719
8721
8722
8723
8724
8725
8727
8728
8729
8730
8731
8733
8734
8735
8736
8737
8738
8741
8742
8743
8745
8746
8748
8749
8750
8751
8752
8755
8757
8759
8761
8762
8765
8766
8768
8769
8770
8772
8773
8774
8777
8778
8781
8782
8787
8789
8790
8791
8793
8794
8795
8796
8799
8802
8803
8804
8805
8806
8807
8809
8810
8811
8812
8813
8814
8815
8816
8817
8818
8819
8821
8822
8823
8824
8827
8828
8832
8833
8834
8836
8838
8839
8843
8844
8845
8846
8848
8849
8850
8854
8856
8859
8861
8863
8864
8865
8866
8870
8872
8875
8876
8877
8878
8880
8881
8882
8883
8886
8887
8888
8889
8890
8892
8895
8896
8897
8899
8901
8902
8903
8904
8905
8906
8907
8908
8909
8913
8914
8915
8918
8920
8922
8923
8924
8925
8926
8935
8936
8937
8938
8939
8941
8942
8943
8944
8945
8946
8947
8948
8949
8950
8951
8955
8957
8958
8960
8962
8963
8964
8965
8966
8967
8968
8969
8970
8971
8975
8976
8977
8978
8980
8981
8982
8984
8985
8988
8989
8990
8991
8994
8996
8997
8998
8999
9000
9001
9002
9003
9004
9005
9006
9008
9009
9010
9011
9012
9013
9014
9018
9019
9020
9021
9022
9024
9025
9026
9027
9028
9031
9033
9034
9036
9038
9039
9040
9041
9042
9043
9044
9045
9046
9047
9048
9049
9050
9051
9052
9053
9055
9057
9058
9059
9060
9061
9062
9063
9064
9065
9067
9068
9069
9071
9072
9073
9076
9077
9078
9080
9081
9082
9083
9085
9086
9088
9089
9090
9091
9094
9095
9097
9099
9100
9101
9102
9103
9104
9105
9106
9107
9108
9109
9110
9111
9112
9113
9114
9115
9116
9118
9119
9120
9121
9123
9124
9125
9126
9127
9130
9131
9132
9134
9135
9136
9139
9141
9142
9143
9144
9145
9146
9147
9148
9151
9153
9155
9156
9157
9158
9159
9160
9162
9163
9165
9166
9167
9168
9169
9170
9171
9173
9174
9176
9178
9179
9180
9181
9182
9183
9184
9185
9187
9188
9190
9193
9194
9195
9196
9197
9198
9199
9200
9201
9202
9205
9206
9208
9209
9210
9211
9212
9213
9214
9218
9219
9220
9221
9225
9228
9229
9231
9233
9235
9237
9238
9240
9241
9242
9244
9245
9246
9247
9248
9249
9251
9252
9253
9254
9255
9256
9257
9258
9259
9260
9261
9262
9263
9264
9265
9266
9267
9269
9270
9271
9272
9274
9275
9276
9277
9278
9281
9282
9283
9284
9285
9286
9287
9289
9290
9291
9292
9293
9296
9297
9298
9301
9304
9306
9307
9308
9311
9312
9313
9314
9318
9319
9323
9324
9325
9326
9327
9328
9329
9330
9331
9332
9333
9335
9336
9337
9338
9339
9340
9341
9342
9343
9344
9345
9346
9347
9348
9349
9352
9354
9355
9356
9358
9361
9362
9363
9364
9365
9366
9369
9370
9371
9373
9374
9376
9377
9380
9382
9383
9385
9389
9390
9391
9392
9393
9394
9397
9398
9399
9400
9401
9402
9404
9405
9406
9407
9408
9410
9411
9412
9413
9414
9415
9416
9417
9418
9419
9421
9423
9426
9427
9428
9429
9431
9432
9433
9434
9435
9436
9437
9438
9439
9442
9443
9444
9445
9446
9447
9448
9449
9451
9452
9454
9455
9456
9459
9460
9463
9464
9465
9469
9470
9471
9472
9473
9474
9475
9476
9477
9478
9480
9481
9483
9484
9486
9491
9492
9494
9495
9496
9497
9498
9499
9500
9501
9502
9503
9504
9505
9507
9508
9510
9511
9513
9514
9515
9516
9517
9518
9519
9523
9528
9529
9530
9531
9532
9533
9534
9535
9536
9537
9538
9539
9540
9541
9542
9543
9544
9545
9546
9547
9548
9549
9550
9551
9552
9553
9554
9555
9556
9558
9561
9562
9563
9564
9565
9566
9567
9570
9571
9572
9573
9574
9575
9576
9577
9578
9579
9580
9581
9582
9584
9586
9587
9588
9589
9590
9592
9595
9596
9597
9599
9600
9602
9607
9608
9610
9611
9612
9613
9615
9616
9617
9618
9619
9621
9622
9623
9624
9625
9626
9627
9628
9629
9630
9631
9632
9633
9634
9635
9636
9638
9639
9640
9641
9642
9643
9646
9650
9651
9653
9657
9658
9660
9661
9663
9664
9665
9666
9668
9669
9670
9671
9673
9675
9676
9679
9680
9681
9682
9683
9685
9686
9687
9688
9689
9690
9692
9693
9694
9695
9697
9698
9699
9700
9701
9703
9704
9708
9710
9712
9713
9714
9715
9716
9718
9720
9722
9723
9724
9728
9729
9731
9732
9733
9734
9736
9737
9738
9739
9743
9744
9745
9746
9747
9748
9749
9751
9754
9755
9756
9758
9759
9760
9761
9762
9763
9765
9766
9767
9769
9770
9771
9772
9773
9774
9775
9776
9778
9779
9780
9781
9782
9783
9785
9786
9788
9790
9793
9795
9796
9797
9799
9800
9801
9802
9803
9804
9805
9807
9808
9809
9810
9811
9812
9813
9814
9815
9816
9818
9820
9821
9822
9823
9824
9825
9826
9827
9828
9829
9830
9832
9833
9834
9835
9836
9837
9838
9841
9842
9843
9844
9845
9846
9847
9849
9850
9851
9854
9855
9856
9857
9858
9859
9860
9861
9862
9863
9864
9867
9868
9869
9870
9873
9874
9875
9877
9878
9879
9881
9882
9883
9886
9887
9888
9890
9892
9893
9894
9895
9896
9897
9898
9901
9902
9904
9905
9906
9909
9910
9911
9912
9913
9914
9915
9916
9917
9919
9920
9921
9922
9924
9925
9926
9927
9928
9929
9930
9932
9933
9934
9935
9936
9937
9938
9939
9940
9941
9942
9943
9944
9945
9947
9949
9950
9951
9952
9954
9955
9957
9958
9959
9962
9964
9965
9966
9968
9969
9970
9971
9972
9973
9974
9976
9977
9978
9979
9980
9981
9982
9983
9984
9986
9987
9988
9989
9992
9993
9994
9995
9996
9997
9998
9999
10000
10001
10002
10004
10005
10008
10009
10010
10011
10012
10013
10014
10015
10017
10018
10019
10020
10021
10022
10024
10026
10029
10030
10031
10032
10033
10034
10035
10036
10037
10038
10039
10041
10042
10043
10049
10050
10051
10052
10055
10056
10058
10059
10060
10062
10063
10064
10066
10067
10068
10069
10070
10071
10073
10074
10075
10076
10077
10078
10079
10080
10081
10082
10083
10084
10085
10087
10088
10089
10090
10092
10099
10102
10103
10104
10105
10106
10107
10111
10112
10113
10114
10116
10117
10118
10120
10121
10122
10123
10124
10125
10126
10127
10128
10129
10130
10131
10133
10134
10135
10136
10137
10138
10139
10140
10141
10142
10143
10144
10145
10146
10147
10148
10149
10150
10151
10152
10154
10155
10156
10157
10158
10161
10162
10163
10164
10166
10167
10168
10169
10170
10171
10172
10173
10174
10177
10178
10179
10180
10181
10182
10184
10185
10186
10187
10188
10189
10190
10191
10193
10194
10195
10197
10198
10199
10200
10201
10202
10204
10205
10206
10207
10208
10209
10210
10211
10212
10213
10214
10215
10217
10218
10219
10220
10221
10222
10223
10224
10225
10226
10228
10229
10230
10233
10235
10236
10238
10239
10240
10242
10244
10245
10246
10247
10248
10249
10250
10251
10254
10255
10256
10257
10258
10261
10262
10264
10269
10271
10272
10273
10274
10275
10276
10277
10278
10280
10281
10282
10283
10284
10285
10286
10287
10288
10289
10290
10291
10293
10294
10296
10297
10298
10301
10304
10305
10306
10307
10309
10310
10311
10312
10313
10314
10315
10316
10317
10318
10319
10320
10321
10322
10323
10324
10325
10326
10327
10328
10329
10330
10331
10332
10333
10334
10335
10337
10338
10339
10342
10344
10345
10347
10348
10349
10350
