0.000000000000000000e+00 5.099319782887318242e-01
1.000000000000000000e+02 4.521774240256093980e-01
2.000000000000000000e+02 6.046556671144226458e-01
3.000000000000000000e+02 6.420040698637357046e-01
4.000000000000000000e+02 7.568680606617081974e-01
5.000000000000000000e+02 7.496266622667284718e-01
6.000000000000000000e+02 7.915276656326659666e-01
7.000000000000000000e+02 7.835634134811926277e-01
8.000000000000000000e+02 7.824040152586062558e-01
9.000000000000000000e+02 7.959302168059175786e-01
1.000000000000000000e+03 8.370399976479294679e-01
1.100000000000000000e+03 8.224809824975725103e-01
1.200000000000000000e+03 8.523318121813783232e-01
1.300000000000000000e+03 8.325457424803401896e-01
1.400000000000000000e+03 8.312382240937956634e-01
1.500000000000000000e+03 8.480334299272134224e-01
1.600000000000000000e+03 8.687326855401072967e-01
1.700000000000000000e+03 8.798693166716162750e-01
1.800000000000000000e+03 8.749048143800408628e-01
1.900000000000000000e+03 8.730779991168140519e-01
2.000000000000000000e+03 8.839025562591230623e-01
2.100000000000000000e+03 8.714273580168885314e-01
2.200000000000000000e+03 8.840901970408654442e-01
2.300000000000000000e+03 8.985266635094528720e-01
2.400000000000000000e+03 8.814958869572679934e-01
2.500000000000000000e+03 8.935899273705806278e-01
2.600000000000000000e+03 8.758021884856608263e-01
2.700000000000000000e+03 8.980076022406116021e-01
2.800000000000000000e+03 8.887915568069899575e-01
2.900000000000000000e+03 9.036029712217443777e-01
3.000000000000000000e+03 9.081047312535226457e-01
3.100000000000000000e+03 9.016661080956926977e-01
3.200000000000000000e+03 9.048460611475304116e-01
3.300000000000000000e+03 9.145951854814503568e-01
3.400000000000000000e+03 9.027948566849124390e-01
3.500000000000000000e+03 8.873218262390634159e-01
3.600000000000000000e+03 9.102218955285950042e-01
3.700000000000000000e+03 9.114878933646296533e-01
3.800000000000000000e+03 9.090989196471577216e-01
3.900000000000000000e+03 9.058843284248458971e-01
4.000000000000000000e+03 8.960323214344090292e-01
4.100000000000000000e+03 9.225065259316380661e-01
4.200000000000000000e+03 9.092934676841795127e-01
4.300000000000000000e+03 9.117910923787546640e-01
4.400000000000000000e+03 9.016808631326682644e-01
4.500000000000000000e+03 9.234117360611189262e-01
4.600000000000000000e+03 9.303167129338700825e-01
4.700000000000000000e+03 9.174097920083346125e-01
4.800000000000000000e+03 9.171962435318042894e-01
4.900000000000000000e+03 9.270158764377673943e-01
5.000000000000000000e+03 9.398516650010702023e-01
5.100000000000000000e+03 9.238755724220605314e-01
5.200000000000000000e+03 9.245399096015792795e-01
5.300000000000000000e+03 9.271331001035982844e-01
5.400000000000000000e+03 9.271112650857942228e-01
5.500000000000000000e+03 9.255407861422163540e-01
5.600000000000000000e+03 9.249411050312059679e-01
5.700000000000000000e+03 9.330569556343634163e-01
5.800000000000000000e+03 9.412336900084052882e-01
5.900000000000000000e+03 9.321257690141638852e-01
6.000000000000000000e+03 9.381723622551059183e-01
6.100000000000000000e+03 9.345150952864224037e-01
6.200000000000000000e+03 9.379960707725142344e-01
6.300000000000000000e+03 9.148628142401254992e-01
6.400000000000000000e+03 9.283633062971354821e-01
6.500000000000000000e+03 9.306141176323086128e-01
6.600000000000000000e+03 9.214477660816374760e-01
6.700000000000000000e+03 9.385409020940590485e-01
6.800000000000000000e+03 9.178596851330732553e-01
6.900000000000000000e+03 9.366721201569203625e-01
7.000000000000000000e+03 9.201467999640754458e-01
7.100000000000000000e+03 9.374429672120576651e-01
7.200000000000000000e+03 9.436007021420425023e-01
7.300000000000000000e+03 9.241105398516042957e-01
7.400000000000000000e+03 9.261334283824141922e-01
7.500000000000000000e+03 9.366724116185356497e-01
7.600000000000000000e+03 9.325385456877626211e-01
7.700000000000000000e+03 9.383511077366433195e-01
7.800000000000000000e+03 9.307284229218644178e-01
7.900000000000000000e+03 9.424570615194395318e-01
8.000000000000000000e+03 9.382200817064271225e-01
8.100000000000000000e+03 9.405842050889076100e-01
8.200000000000000000e+03 9.482230841813650279e-01
8.300000000000000000e+03 9.275091132661164028e-01
8.400000000000000000e+03 9.319564589617690409e-01
8.500000000000000000e+03 9.315962103476195244e-01
8.600000000000000000e+03 9.462917448811039023e-01
8.700000000000000000e+03 9.387531430989547454e-01
8.800000000000000000e+03 9.352474093072945527e-01
8.900000000000000000e+03 9.330915538041988366e-01
9.000000000000000000e+03 9.385910490177089560e-01
9.100000000000000000e+03 9.271749410197280827e-01
9.200000000000000000e+03 9.305023776239206290e-01
9.300000000000000000e+03 9.300491642315124041e-01
9.400000000000000000e+03 9.363640664771790689e-01
9.500000000000000000e+03 9.394131604103420630e-01
9.600000000000000000e+03 9.434409305091183695e-01
9.700000000000000000e+03 9.448644856024771554e-01
9.800000000000000000e+03 9.268562244851612508e-01
9.900000000000000000e+03 9.323167252706217045e-01
1.000000000000000000e+04 9.357213153481673817e-01
1.010000000000000000e+04 9.322007987883228486e-01
1.020000000000000000e+04 9.398645858941510056e-01
1.030000000000000000e+04 9.444381101492984598e-01
1.040000000000000000e+04 9.259096462236824365e-01
1.050000000000000000e+04 9.398817981062193017e-01
1.060000000000000000e+04 9.426499363137870180e-01
1.070000000000000000e+04 9.345689936472417747e-01
1.080000000000000000e+04 9.273823883474475727e-01
1.090000000000000000e+04 9.445083970063850032e-01
1.100000000000000000e+04 9.432247008795079379e-01
1.110000000000000000e+04 9.423471117839938849e-01
1.120000000000000000e+04 9.407982204657718839e-01
1.130000000000000000e+04 9.291578778739189026e-01
1.140000000000000000e+04 9.303763083416755064e-01
1.150000000000000000e+04 9.360868586190089768e-01
1.160000000000000000e+04 9.361246622054313349e-01
1.170000000000000000e+04 9.516889327763475848e-01
1.180000000000000000e+04 9.540095954768922359e-01
1.190000000000000000e+04 9.436420906566114208e-01
1.200000000000000000e+04 9.410580319011707662e-01
1.210000000000000000e+04 9.402570311275683101e-01
1.220000000000000000e+04 9.456446158816603775e-01
1.230000000000000000e+04 9.473861327029158286e-01
1.240000000000000000e+04 9.269909704741859935e-01
1.250000000000000000e+04 9.440118242299685436e-01
1.260000000000000000e+04 9.395246342374455883e-01
1.270000000000000000e+04 9.408745744878401762e-01
1.280000000000000000e+04 9.352803609188393708e-01
1.290000000000000000e+04 9.329434962495717354e-01
1.300000000000000000e+04 9.302563126421513617e-01
1.310000000000000000e+04 9.402954298717872694e-01
1.320000000000000000e+04 9.419126736301239866e-01
1.330000000000000000e+04 9.521576720805354777e-01
1.340000000000000000e+04 9.398530294816769270e-01
1.350000000000000000e+04 9.422461040877413430e-01
1.360000000000000000e+04 9.331536050932307536e-01
1.370000000000000000e+04 9.429188480780088533e-01
1.380000000000000000e+04 9.394985712291773483e-01
1.390000000000000000e+04 9.438468114319409352e-01
1.400000000000000000e+04 9.397904881088554596e-01
1.410000000000000000e+04 9.389535721623936126e-01
1.420000000000000000e+04 9.348182177220791811e-01
1.430000000000000000e+04 9.299868627870203630e-01
1.440000000000000000e+04 9.462138737348656514e-01
1.450000000000000000e+04 9.479893519900043364e-01
1.460000000000000000e+04 9.431893881959867443e-01
1.470000000000000000e+04 9.461603101205771083e-01
1.480000000000000000e+04 9.418814644972526295e-01
1.490000000000000000e+04 9.341083385291708563e-01
1.500000000000000000e+04 9.381383594969574524e-01
1.510000000000000000e+04 9.385466826593691358e-01
1.520000000000000000e+04 9.365571961517312749e-01
1.530000000000000000e+04 9.306899374160386706e-01
1.540000000000000000e+04 9.340333538914644684e-01
1.550000000000000000e+04 9.442526549092632449e-01
1.560000000000000000e+04 9.536561025309517881e-01
1.570000000000000000e+04 9.481904358249431120e-01
1.580000000000000000e+04 9.409592344712843781e-01
1.590000000000000000e+04 9.379648556636160928e-01
1.600000000000000000e+04 9.475655680387976565e-01
1.610000000000000000e+04 9.407092584278909930e-01
1.620000000000000000e+04 9.364824476581481427e-01
1.630000000000000000e+04 9.475103418193211446e-01
1.640000000000000000e+04 9.338438902178465284e-01
1.650000000000000000e+04 9.356318654696229586e-01
1.660000000000000000e+04 9.357411276857960925e-01
1.670000000000000000e+04 9.403855967422295459e-01
1.680000000000000000e+04 9.471739651482754541e-01
1.690000000000000000e+04 9.474374527111423250e-01
1.700000000000000000e+04 9.373019801213594571e-01
1.710000000000000000e+04 9.448881769015641252e-01
1.720000000000000000e+04 9.416214797224986555e-01
1.730000000000000000e+04 9.431123914637188355e-01
1.740000000000000000e+04 9.475609412614063309e-01
1.750000000000000000e+04 9.382419974088955783e-01
1.760000000000000000e+04 9.488984977462935344e-01
1.770000000000000000e+04 9.482734045721153970e-01
1.780000000000000000e+04 9.290213232298678570e-01
1.790000000000000000e+04 9.367947052692016108e-01
1.800000000000000000e+04 9.419835719387186224e-01
1.810000000000000000e+04 9.351862677094417986e-01
1.820000000000000000e+04 9.538927649348785121e-01
1.830000000000000000e+04 9.411317288791348767e-01
1.840000000000000000e+04 9.423499275083911941e-01
1.850000000000000000e+04 9.431910141384565183e-01
1.860000000000000000e+04 9.445793370709090198e-01
1.870000000000000000e+04 9.366296529646342961e-01
1.880000000000000000e+04 9.338377841135352408e-01
1.890000000000000000e+04 9.554092146152797227e-01
1.900000000000000000e+04 9.512235062304997824e-01
1.910000000000000000e+04 9.486360071019699358e-01
1.920000000000000000e+04 9.456041449199471538e-01
1.930000000000000000e+04 9.417658610809921393e-01
1.940000000000000000e+04 9.476392868454119878e-01
1.950000000000000000e+04 9.456316688841576168e-01
1.960000000000000000e+04 9.375205148873400063e-01
1.970000000000000000e+04 9.471936362187143299e-01
1.980000000000000000e+04 9.436904082254221615e-01
1.990000000000000000e+04 9.443164889206705492e-01
2.000000000000000000e+04 9.436814193928397820e-01
2.010000000000000000e+04 9.466452262301865428e-01
2.020000000000000000e+04 9.493794103142392249e-01
2.030000000000000000e+04 9.330790561710023967e-01
2.040000000000000000e+04 9.386146873688077097e-01
2.050000000000000000e+04 9.399121736620469347e-01
2.060000000000000000e+04 9.426135118908561816e-01
2.070000000000000000e+04 9.459777993016377229e-01
2.080000000000000000e+04 9.511465244949974807e-01
2.090000000000000000e+04 9.470572549418024844e-01
2.100000000000000000e+04 9.410180437438466772e-01
2.110000000000000000e+04 9.524681467981479521e-01
2.120000000000000000e+04 9.378924201645375547e-01
2.130000000000000000e+04 9.559430318972357288e-01
2.140000000000000000e+04 9.383021289257218456e-01
2.150000000000000000e+04 9.485940019474790041e-01
2.160000000000000000e+04 9.438147647624246517e-01
2.170000000000000000e+04 9.405209445128042134e-01
2.180000000000000000e+04 9.421224959093530416e-01
2.190000000000000000e+04 9.389305537475535202e-01
2.200000000000000000e+04 9.383029719286072323e-01
2.210000000000000000e+04 9.441370155905930428e-01
2.220000000000000000e+04 9.382303765779308469e-01
2.230000000000000000e+04 9.402869509516398328e-01
2.240000000000000000e+04 9.395043652461801953e-01
2.250000000000000000e+04 9.406489832273055018e-01
2.260000000000000000e+04 9.324708994385229044e-01
2.270000000000000000e+04 9.409779431449277753e-01
2.280000000000000000e+04 9.308494663465864960e-01
2.290000000000000000e+04 9.411850199610861667e-01
2.300000000000000000e+04 9.382210543623652477e-01
2.310000000000000000e+04 9.467425237125859372e-01
2.320000000000000000e+04 9.487818031317092338e-01
2.330000000000000000e+04 9.352967371594536061e-01
2.340000000000000000e+04 9.258313441038701352e-01
2.350000000000000000e+04 9.420641038363772868e-01
2.360000000000000000e+04 9.407334894330450226e-01
2.370000000000000000e+04 9.367156352164371924e-01
2.380000000000000000e+04 9.326094737361215747e-01
2.390000000000000000e+04 9.477838714505513185e-01
2.400000000000000000e+04 9.532719951775324718e-01
2.410000000000000000e+04 9.400142484219793371e-01
2.420000000000000000e+04 9.361515224213065034e-01
2.430000000000000000e+04 9.437320626901093412e-01
2.440000000000000000e+04 9.426031495516526970e-01
2.450000000000000000e+04 9.390455935014427880e-01
2.460000000000000000e+04 9.362298022041066758e-01
2.470000000000000000e+04 9.491237162223177259e-01
2.480000000000000000e+04 9.280443423527323654e-01
2.490000000000000000e+04 9.415174481900812076e-01
2.500000000000000000e+04 9.274457567216165543e-01
2.510000000000000000e+04 9.395609939289272239e-01
2.520000000000000000e+04 9.362815932584378498e-01
2.530000000000000000e+04 9.462812029663671964e-01
2.540000000000000000e+04 9.501933904506693063e-01
2.550000000000000000e+04 9.478428692647764553e-01
2.560000000000000000e+04 9.508471368042081817e-01
2.570000000000000000e+04 9.432657112165485636e-01
2.580000000000000000e+04 9.533483982376785848e-01
2.590000000000000000e+04 9.511803065891052400e-01
2.600000000000000000e+04 9.405780110626340562e-01
2.610000000000000000e+04 9.465862183687803189e-01
2.620000000000000000e+04 9.371910563270390293e-01
2.630000000000000000e+04 9.457793291653677770e-01
2.640000000000000000e+04 9.395016036054713027e-01
2.650000000000000000e+04 9.319434908502399750e-01
2.660000000000000000e+04 9.334567792292760569e-01
2.670000000000000000e+04 9.311280226076077415e-01
2.680000000000000000e+04 9.462236459239721231e-01
2.690000000000000000e+04 9.469461059569833639e-01
2.700000000000000000e+04 9.461873776479736708e-01
2.710000000000000000e+04 9.444964977361236524e-01
2.720000000000000000e+04 9.408387568260068168e-01
2.730000000000000000e+04 9.492582841318261133e-01
2.740000000000000000e+04 9.441624967760455789e-01
2.750000000000000000e+04 9.535193603374542137e-01
2.760000000000000000e+04 9.337470130670579849e-01
2.770000000000000000e+04 9.358582253590269628e-01
2.780000000000000000e+04 9.443144712227825588e-01
2.790000000000000000e+04 9.390740336188201365e-01
2.800000000000000000e+04 9.488348452935945199e-01
2.810000000000000000e+04 9.397355294943324777e-01
2.820000000000000000e+04 9.501468024126991097e-01
2.830000000000000000e+04 9.432096859815839451e-01
2.840000000000000000e+04 9.458252400402651361e-01
2.850000000000000000e+04 9.483185612118832930e-01
2.860000000000000000e+04 9.577423500884343355e-01
2.870000000000000000e+04 9.445178924033139634e-01
2.880000000000000000e+04 9.446296270785530247e-01
2.890000000000000000e+04 9.325052335552724836e-01
2.900000000000000000e+04 9.503420380675746681e-01
2.910000000000000000e+04 9.387338438112198258e-01
2.920000000000000000e+04 9.499283508695636202e-01
2.930000000000000000e+04 9.571244548599353585e-01
2.940000000000000000e+04 9.482875117735841686e-01
2.950000000000000000e+04 9.349331364109504383e-01
2.960000000000000000e+04 9.529346877846489594e-01
2.970000000000000000e+04 9.250271921915905748e-01
2.980000000000000000e+04 9.375889296247684745e-01
2.990000000000000000e+04 9.443615190215000066e-01
3.000000000000000000e+04 9.409082386926369557e-01
