0.000000000000000000e+00 4.984439999999999982e-01
1.000000000000000000e+02 4.277720000000000411e-01
2.000000000000000000e+02 5.984519999999999840e-01
3.000000000000000000e+02 6.511599999999999611e-01
4.000000000000000000e+02 7.388080000000000203e-01
5.000000000000000000e+02 7.331119999999999859e-01
6.000000000000000000e+02 7.648480000000000834e-01
7.000000000000000000e+02 7.563680000000000403e-01
8.000000000000000000e+02 7.534720000000000306e-01
9.000000000000000000e+02 7.619839999999999947e-01
1.000000000000000000e+03 8.061920000000000197e-01
1.100000000000000000e+03 7.892199999999999216e-01
1.200000000000000000e+03 8.214160000000000350e-01
1.300000000000000000e+03 7.992520000000000735e-01
1.400000000000000000e+03 7.985499999999999821e-01
1.500000000000000000e+03 8.122240000000000570e-01
1.600000000000000000e+03 8.333359999999999657e-01
1.700000000000000000e+03 8.566919999999998980e-01
1.800000000000000000e+03 8.481080000000000840e-01
1.900000000000000000e+03 8.475479999999999681e-01
2.000000000000000000e+03 8.574519999999999920e-01
2.100000000000000000e+03 8.479200000000001181e-01
2.200000000000000000e+03 8.582920000000000549e-01
2.300000000000000000e+03 8.781160000000001187e-01
2.400000000000000000e+03 8.647679999999999811e-01
2.500000000000000000e+03 8.666599999999999859e-01
2.600000000000000000e+03 8.481760000000000410e-01
2.700000000000000000e+03 8.794799999999998175e-01
2.800000000000000000e+03 8.670519999999999339e-01
2.900000000000000000e+03 8.829360000000001651e-01
3.000000000000000000e+03 8.903719999999999413e-01
3.100000000000000000e+03 8.907919999999999172e-01
3.200000000000000000e+03 8.949280000000000568e-01
3.300000000000000000e+03 9.002399999999999292e-01
3.400000000000000000e+03 8.865279999999999827e-01
3.500000000000000000e+03 8.703279999999999905e-01
3.600000000000000000e+03 8.883799999999998365e-01
3.700000000000000000e+03 8.924599999999999200e-01
3.800000000000000000e+03 8.909759999999999902e-01
3.900000000000000000e+03 8.935799999999999299e-01
4.000000000000000000e+03 8.800960000000001004e-01
4.100000000000000000e+03 9.046840000000000437e-01
4.200000000000000000e+03 8.969840000000001146e-01
4.300000000000000000e+03 8.945080000000000808e-01
4.400000000000000000e+03 8.828919999999998991e-01
4.500000000000000000e+03 9.094800000000000662e-01
4.600000000000000000e+03 9.158159999999999634e-01
4.700000000000000000e+03 9.016520000000000090e-01
4.800000000000000000e+03 9.028959999999999209e-01
4.900000000000000000e+03 9.160239999999999494e-01
5.000000000000000000e+03 9.325079999999998925e-01
5.100000000000000000e+03 9.104919999999998570e-01
5.200000000000000000e+03 9.086680000000000312e-01
5.300000000000000000e+03 9.180679999999998842e-01
5.400000000000000000e+03 9.157759999999999234e-01
5.500000000000000000e+03 9.113359999999999239e-01
5.600000000000000000e+03 9.077280000000000904e-01
5.700000000000000000e+03 9.195920000000000760e-01
5.800000000000000000e+03 9.303759999999999808e-01
5.900000000000000000e+03 9.192799999999998750e-01
6.000000000000000000e+03 9.297880000000000589e-01
6.100000000000000000e+03 9.253120000000000234e-01
6.200000000000000000e+03 9.246520000000000294e-01
6.300000000000000000e+03 9.000720000000000942e-01
6.400000000000000000e+03 9.188280000000000891e-01
6.500000000000000000e+03 9.133120000000000127e-01
6.600000000000000000e+03 9.095720000000000471e-01
6.700000000000000000e+03 9.318279999999999896e-01
6.800000000000000000e+03 9.056199999999998695e-01
6.900000000000000000e+03 9.252839999999999954e-01
7.000000000000000000e+03 9.064039999999999875e-01
7.100000000000000000e+03 9.275679999999999481e-01
7.200000000000000000e+03 9.311120000000000507e-01
7.300000000000000000e+03 9.076879999999999393e-01
7.400000000000000000e+03 9.143919999999999826e-01
7.500000000000000000e+03 9.299560000000001159e-01
7.600000000000000000e+03 9.222319999999999407e-01
7.700000000000000000e+03 9.262040000000000273e-01
7.800000000000000000e+03 9.185840000000000671e-01
7.900000000000000000e+03 9.311039999999999317e-01
8.000000000000000000e+03 9.292799999999999949e-01
8.100000000000000000e+03 9.327199999999999935e-01
8.200000000000000000e+03 9.405919999999999837e-01
8.300000000000000000e+03 9.189760000000000151e-01
8.400000000000000000e+03 9.216159999999999908e-01
8.500000000000000000e+03 9.179959999999999232e-01
8.600000000000000000e+03 9.371680000000001121e-01
8.700000000000000000e+03 9.268399999999999972e-01
8.800000000000000000e+03 9.235080000000002176e-01
8.900000000000000000e+03 9.252439999999999554e-01
9.000000000000000000e+03 9.255679999999999463e-01
9.100000000000000000e+03 9.149479999999999835e-01
9.200000000000000000e+03 9.174959999999999782e-01
9.300000000000000000e+03 9.196079999999999810e-01
9.400000000000000000e+03 9.233320000000000416e-01
9.500000000000000000e+03 9.357600000000000362e-01
9.600000000000000000e+03 9.347759999999998293e-01
9.700000000000000000e+03 9.353279999999999372e-01
9.800000000000000000e+03 9.139839999999999076e-01
9.900000000000000000e+03 9.241639999999999855e-01
1.000000000000000000e+04 9.262000000000001343e-01
1.010000000000000000e+04 9.210399999999999698e-01
1.020000000000000000e+04 9.262439999999999563e-01
1.030000000000000000e+04 9.369480000000000031e-01
1.040000000000000000e+04 9.120359999999999578e-01
1.050000000000000000e+04 9.290119999999999489e-01
1.060000000000000000e+04 9.310679999999998957e-01
1.070000000000000000e+04 9.270920000000000272e-01
1.080000000000000000e+04 9.165239999999998943e-01
1.090000000000000000e+04 9.375120000000000120e-01
1.100000000000000000e+04 9.355359999999999232e-01
1.110000000000000000e+04 9.314000000000000057e-01
1.120000000000000000e+04 9.326359999999999095e-01
1.130000000000000000e+04 9.187319999999998821e-01
1.140000000000000000e+04 9.174279999999999102e-01
1.150000000000000000e+04 9.231079999999999286e-01
1.160000000000000000e+04 9.258640000000000203e-01
1.170000000000000000e+04 9.454239999999999311e-01
1.180000000000000000e+04 9.452039999999999331e-01
1.190000000000000000e+04 9.327719999999999345e-01
1.200000000000000000e+04 9.325319999999999165e-01
1.210000000000000000e+04 9.303799999999999848e-01
1.220000000000000000e+04 9.389519999999998978e-01
1.230000000000000000e+04 9.393120000000000358e-01
1.240000000000000000e+04 9.148959999999999315e-01
1.250000000000000000e+04 9.350200000000000733e-01
1.260000000000000000e+04 9.297320000000000029e-01
1.270000000000000000e+04 9.331319999999999615e-01
1.280000000000000000e+04 9.242319999999999425e-01
1.290000000000000000e+04 9.223719999999999697e-01
1.300000000000000000e+04 9.202839999999999909e-01
1.310000000000000000e+04 9.309240000000000848e-01
1.320000000000000000e+04 9.351119999999999433e-01
1.330000000000000000e+04 9.432760000000000034e-01
1.340000000000000000e+04 9.291440000000000810e-01
1.350000000000000000e+04 9.348239999999998773e-01
1.360000000000000000e+04 9.202319999999999389e-01
1.370000000000000000e+04 9.329320000000000945e-01
1.380000000000000000e+04 9.267880000000000562e-01
1.390000000000000000e+04 9.316079999999999917e-01
1.400000000000000000e+04 9.275399999999999201e-01
1.410000000000000000e+04 9.252599999999999714e-01
1.420000000000000000e+04 9.253000000000000114e-01
1.430000000000000000e+04 9.167680000000000273e-01
1.440000000000000000e+04 9.378759999999999319e-01
1.450000000000000000e+04 9.384959999999999969e-01
1.460000000000000000e+04 9.326959999999999695e-01
1.470000000000000000e+04 9.377439999999999110e-01
1.480000000000000000e+04 9.299119999999998498e-01
1.490000000000000000e+04 9.221639999999998727e-01
1.500000000000000000e+04 9.254799999999999693e-01
1.510000000000000000e+04 9.259600000000000053e-01
1.520000000000000000e+04 9.241200000000000525e-01
1.530000000000000000e+04 9.205080000000001039e-01
1.540000000000000000e+04 9.228319999999999856e-01
1.550000000000000000e+04 9.354719999999999702e-01
1.560000000000000000e+04 9.454199999999999271e-01
1.570000000000000000e+04 9.385919999999999819e-01
1.580000000000000000e+04 9.350840000000000263e-01
1.590000000000000000e+04 9.267159999999999842e-01
1.600000000000000000e+04 9.402319999999999567e-01
1.610000000000000000e+04 9.317520000000000246e-01
1.620000000000000000e+04 9.273639999999999661e-01
1.630000000000000000e+04 9.388960000000001749e-01
1.640000000000000000e+04 9.207840000000000469e-01
1.650000000000000000e+04 9.262960000000000083e-01
1.660000000000000000e+04 9.312359999999999527e-01
1.670000000000000000e+04 9.285279999999999090e-01
1.680000000000000000e+04 9.386120000000000019e-01
1.690000000000000000e+04 9.385399999999999299e-01
1.700000000000000000e+04 9.262399999999999523e-01
1.710000000000000000e+04 9.353640000000000843e-01
1.720000000000000000e+04 9.331799999999998985e-01
1.730000000000000000e+04 9.341959999999999154e-01
1.740000000000000000e+04 9.389160000000000839e-01
1.750000000000000000e+04 9.299279999999999768e-01
1.760000000000000000e+04 9.362759999999999971e-01
1.770000000000000000e+04 9.373080000000000300e-01
1.780000000000000000e+04 9.206480000000001329e-01
1.790000000000000000e+04 9.235440000000001426e-01
1.800000000000000000e+04 9.319879999999999276e-01
1.810000000000000000e+04 9.218159999999998577e-01
1.820000000000000000e+04 9.459560000000000191e-01
1.830000000000000000e+04 9.328119999999999745e-01
1.840000000000000000e+04 9.335040000000001115e-01
1.850000000000000000e+04 9.326160000000000005e-01
1.860000000000000000e+04 9.325080000000000036e-01
1.870000000000000000e+04 9.265400000000001413e-01
1.880000000000000000e+04 9.210479999999999778e-01
1.890000000000000000e+04 9.478560000000000318e-01
1.900000000000000000e+04 9.440239999999999743e-01
1.910000000000000000e+04 9.362759999999999971e-01
1.920000000000000000e+04 9.356880000000000752e-01
1.930000000000000000e+04 9.329639999999999045e-01
1.940000000000000000e+04 9.433399999999998453e-01
1.950000000000000000e+04 9.371519999999999850e-01
1.960000000000000000e+04 9.301479999999998638e-01
1.970000000000000000e+04 9.386919999999999709e-01
1.980000000000000000e+04 9.323159999999999226e-01
1.990000000000000000e+04 9.349119999999999653e-01
2.000000000000000000e+04 9.327119999999999855e-01
2.010000000000000000e+04 9.371600000000001041e-01
2.020000000000000000e+04 9.417360000000001286e-01
2.030000000000000000e+04 9.204280000000000239e-01
2.040000000000000000e+04 9.295480000000000409e-01
2.050000000000000000e+04 9.274839999999999751e-01
2.060000000000000000e+04 9.338880000000000514e-01
2.070000000000000000e+04 9.381439999999998669e-01
2.080000000000000000e+04 9.411000000000000476e-01
2.090000000000000000e+04 9.370840000000000281e-01
2.100000000000000000e+04 9.345120000000000093e-01
2.110000000000000000e+04 9.447280000000000122e-01
2.120000000000000000e+04 9.255439999999999223e-01
2.130000000000000000e+04 9.497519999999999296e-01
2.140000000000000000e+04 9.282440000000000691e-01
2.150000000000000000e+04 9.394559999999999578e-01
2.160000000000000000e+04 9.349920000000000453e-01
2.170000000000000000e+04 9.293759999999999799e-01
2.180000000000000000e+04 9.354039999999999022e-01
2.190000000000000000e+04 9.276319999999997901e-01
2.200000000000000000e+04 9.299479999999999968e-01
2.210000000000000000e+04 9.356200000000001182e-01
2.220000000000000000e+04 9.275239999999997931e-01
2.230000000000000000e+04 9.294759999999999689e-01
2.240000000000000000e+04 9.262440000000000673e-01
2.250000000000000000e+04 9.309999999999998277e-01
2.260000000000000000e+04 9.216320000000000068e-01
2.270000000000000000e+04 9.308440000000000047e-01
2.280000000000000000e+04 9.254200000000000204e-01
2.290000000000000000e+04 9.337480000000000224e-01
2.300000000000000000e+04 9.283839999999997650e-01
2.310000000000000000e+04 9.395279999999999188e-01
2.320000000000000000e+04 9.408879999999999466e-01
2.330000000000000000e+04 9.256159999999999943e-01
2.340000000000000000e+04 9.168039999999999523e-01
2.350000000000000000e+04 9.319039999999998436e-01
2.360000000000000000e+04 9.290399999999999769e-01
2.370000000000000000e+04 9.263479999999999492e-01
2.380000000000000000e+04 9.202760000000000939e-01
2.390000000000000000e+04 9.400920000000000387e-01
2.400000000000000000e+04 9.457759999999999501e-01
2.410000000000000000e+04 9.269399999999999862e-01
2.420000000000000000e+04 9.242559999999999665e-01
2.430000000000000000e+04 9.350240000000000773e-01
2.440000000000000000e+04 9.324239999999999196e-01
2.450000000000000000e+04 9.307360000000000078e-01
2.460000000000000000e+04 9.239399999999999835e-01
2.470000000000000000e+04 9.398319999999998897e-01
2.480000000000000000e+04 9.174400000000000333e-01
2.490000000000000000e+04 9.349880000000000413e-01
2.500000000000000000e+04 9.210839999999999028e-01
2.510000000000000000e+04 9.315159999999997886e-01
2.520000000000000000e+04 9.265400000000001413e-01
2.530000000000000000e+04 9.340680000000000094e-01
2.540000000000000000e+04 9.421879999999999145e-01
2.550000000000000000e+04 9.386760000000000659e-01
2.560000000000000000e+04 9.423999999999999044e-01
2.570000000000000000e+04 9.335120000000000084e-01
2.580000000000000000e+04 9.432959999999999123e-01
2.590000000000000000e+04 9.427400000000000224e-01
2.600000000000000000e+04 9.305839999999999668e-01
2.610000000000000000e+04 9.374879999999999880e-01
2.620000000000000000e+04 9.303360000000000518e-01
2.630000000000000000e+04 9.368879999999999431e-01
2.640000000000000000e+04 9.326679999999999415e-01
2.650000000000000000e+04 9.191960000000000131e-01
2.660000000000000000e+04 9.238039999999999585e-01
2.670000000000000000e+04 9.193000000000000060e-01
2.680000000000000000e+04 9.356879999999999642e-01
2.690000000000000000e+04 9.372240000000000570e-01
2.700000000000000000e+04 9.338640000000000274e-01
2.710000000000000000e+04 9.364079999999999071e-01
2.720000000000000000e+04 9.304679999999999618e-01
2.730000000000000000e+04 9.433960000000000123e-01
2.740000000000000000e+04 9.378479999999999039e-01
2.750000000000000000e+04 9.473279999999999479e-01
2.760000000000000000e+04 9.218880000000000408e-01
2.770000000000000000e+04 9.247199999999998754e-01
2.780000000000000000e+04 9.330800000000000205e-01
2.790000000000000000e+04 9.259560000000000013e-01
2.800000000000000000e+04 9.357640000000000402e-01
2.810000000000000000e+04 9.272559999999999691e-01
2.820000000000000000e+04 9.422319999999999585e-01
2.830000000000000000e+04 9.349640000000000173e-01
2.840000000000000000e+04 9.367159999999999931e-01
2.850000000000000000e+04 9.398360000000001158e-01
2.860000000000000000e+04 9.485000000000001208e-01
2.870000000000000000e+04 9.357720000000000482e-01
2.880000000000000000e+04 9.381679999999998909e-01
2.890000000000000000e+04 9.217440000000000078e-01
2.900000000000000000e+04 9.410960000000000436e-01
2.910000000000000000e+04 9.273199999999999221e-01
2.920000000000000000e+04 9.403160000000001517e-01
2.930000000000000000e+04 9.524599999999999733e-01
2.940000000000000000e+04 9.400799999999999157e-01
2.950000000000000000e+04 9.244840000000000835e-01
2.960000000000000000e+04 9.453599999999998671e-01
2.970000000000000000e+04 9.173799999999999732e-01
2.980000000000000000e+04 9.273720000000000852e-01
2.990000000000000000e+04 9.320079999999999476e-01
3.000000000000000000e+04 9.286959999999998550e-01
