0.000000000000000000e+00 4.976128386262451131e-01
1.000000000000000000e+02 4.084786107515832598e-01
2.000000000000000000e+02 4.346668735056929966e-01
3.000000000000000000e+02 5.222870308637297398e-01
4.000000000000000000e+02 5.688296626904183473e-01
5.000000000000000000e+02 5.972908701803820719e-01
6.000000000000000000e+02 6.006645527980901678e-01
7.000000000000000000e+02 6.332602495242332097e-01
8.000000000000000000e+02 6.509136454825700246e-01
9.000000000000000000e+02 6.865290869471195601e-01
1.000000000000000000e+03 7.193461932655105251e-01
1.100000000000000000e+03 7.157326593127457670e-01
1.200000000000000000e+03 7.199023366516476008e-01
1.300000000000000000e+03 7.422863732911901824e-01
1.400000000000000000e+03 7.632114523671666984e-01
1.500000000000000000e+03 7.249006966009439168e-01
1.600000000000000000e+03 7.471974589330743211e-01
1.700000000000000000e+03 7.766690718926834158e-01
1.800000000000000000e+03 8.056887474160316920e-01
1.900000000000000000e+03 7.697533823660025476e-01
2.000000000000000000e+03 7.872715463724837548e-01
2.100000000000000000e+03 8.003768416453389545e-01
2.200000000000000000e+03 7.695089916409667552e-01
2.300000000000000000e+03 7.977198150786657393e-01
2.400000000000000000e+03 8.162701629489926836e-01
2.500000000000000000e+03 7.967570272406341303e-01
2.600000000000000000e+03 7.863075463253613728e-01
2.700000000000000000e+03 7.834554930619324065e-01
2.800000000000000000e+03 8.130391468851430048e-01
2.900000000000000000e+03 8.046466208930447284e-01
3.000000000000000000e+03 8.100783965505732320e-01
3.100000000000000000e+03 8.365453302082868081e-01
3.200000000000000000e+03 8.176782150236669988e-01
3.300000000000000000e+03 8.224238346761687524e-01
3.400000000000000000e+03 7.951097399738578098e-01
3.500000000000000000e+03 8.027797515270213013e-01
3.600000000000000000e+03 8.405769035547303591e-01
3.700000000000000000e+03 8.224410157795876142e-01
3.800000000000000000e+03 8.479991584853935338e-01
3.900000000000000000e+03 8.515285469157556353e-01
4.000000000000000000e+03 8.236198028775152391e-01
4.100000000000000000e+03 8.350124232955604686e-01
4.200000000000000000e+03 8.684658689312274582e-01
4.300000000000000000e+03 8.535865401107461947e-01
4.400000000000000000e+03 8.344478754671152965e-01
4.500000000000000000e+03 8.531637193463155189e-01
4.600000000000000000e+03 8.493280584246774012e-01
4.700000000000000000e+03 8.746236368444724185e-01
4.800000000000000000e+03 8.516837480354418899e-01
4.900000000000000000e+03 8.699509629548456413e-01
5.000000000000000000e+03 8.585524785952600713e-01
5.100000000000000000e+03 8.672158459731601488e-01
5.200000000000000000e+03 8.783975603282019318e-01
5.300000000000000000e+03 8.616727585038137516e-01
5.400000000000000000e+03 8.736718672033034760e-01
5.500000000000000000e+03 8.837002695406372954e-01
5.600000000000000000e+03 8.905454197977276110e-01
5.700000000000000000e+03 8.734558276256306764e-01
5.800000000000000000e+03 8.892340372472440357e-01
5.900000000000000000e+03 8.647715304661189872e-01
6.000000000000000000e+03 8.879552198562431498e-01
6.100000000000000000e+03 8.750166887700583374e-01
6.200000000000000000e+03 9.094255029487834374e-01
6.300000000000000000e+03 8.965878780970413242e-01
6.400000000000000000e+03 8.964705051293354598e-01
6.500000000000000000e+03 8.927796496746702726e-01
6.600000000000000000e+03 8.912421125276943634e-01
6.700000000000000000e+03 9.076730426855823541e-01
6.800000000000000000e+03 9.094983957242863681e-01
6.900000000000000000e+03 8.989999311700445084e-01
7.000000000000000000e+03 8.850611329299620245e-01
7.100000000000000000e+03 8.949280881051810965e-01
7.200000000000000000e+03 9.093131962649213529e-01
7.300000000000000000e+03 9.124835304294922622e-01
7.400000000000000000e+03 9.019051630397388886e-01
7.500000000000000000e+03 9.122125572225072698e-01
7.600000000000000000e+03 9.209132206688441791e-01
7.700000000000000000e+03 9.260503866179645716e-01
7.800000000000000000e+03 9.067964994521444666e-01
7.900000000000000000e+03 9.384646939936324150e-01
8.000000000000000000e+03 9.220443286768275071e-01
8.100000000000000000e+03 9.242897098464365468e-01
8.200000000000000000e+03 9.273916752940851715e-01
8.300000000000000000e+03 9.258602192503768702e-01
8.400000000000000000e+03 9.279678921205049003e-01
8.500000000000000000e+03 9.344371133808937469e-01
8.600000000000000000e+03 9.179579375530891872e-01
8.700000000000000000e+03 9.366457112163454335e-01
8.800000000000000000e+03 9.242244116840515611e-01
8.900000000000000000e+03 9.260494300635040421e-01
9.000000000000000000e+03 9.287869548336717962e-01
9.100000000000000000e+03 9.421699143721256053e-01
9.200000000000000000e+03 9.279770826431978925e-01
9.300000000000000000e+03 9.207361679790535547e-01
9.400000000000000000e+03 9.361866941966549005e-01
9.500000000000000000e+03 9.361579709284180151e-01
9.600000000000000000e+03 9.329208370413095697e-01
9.700000000000000000e+03 9.398410094901652467e-01
9.800000000000000000e+03 9.353486444857876947e-01
9.900000000000000000e+03 9.358774970541621219e-01
1.000000000000000000e+04 9.220791804500967359e-01
1.010000000000000000e+04 9.414186651551369467e-01
1.020000000000000000e+04 9.262700763370665946e-01
1.030000000000000000e+04 9.334751181887038785e-01
1.040000000000000000e+04 9.407859493198008627e-01
1.050000000000000000e+04 9.365043884608152958e-01
1.060000000000000000e+04 9.394621175710378136e-01
1.070000000000000000e+04 9.400370425626750626e-01
1.080000000000000000e+04 9.401915048264112285e-01
1.090000000000000000e+04 9.324248909458138224e-01
1.100000000000000000e+04 9.373304438051177634e-01
1.110000000000000000e+04 9.393169565092973627e-01
1.120000000000000000e+04 9.377378922340315892e-01
1.130000000000000000e+04 9.326406178355222121e-01
1.140000000000000000e+04 9.344330948365398015e-01
1.150000000000000000e+04 9.386353552861624872e-01
1.160000000000000000e+04 9.310228855648913227e-01
1.170000000000000000e+04 9.560226418366707390e-01
1.180000000000000000e+04 9.303054947431640409e-01
1.190000000000000000e+04 9.450947534657623272e-01
1.200000000000000000e+04 9.384443029518780843e-01
1.210000000000000000e+04 9.350985660718551529e-01
1.220000000000000000e+04 9.498734947233452575e-01
1.230000000000000000e+04 9.445942095620487589e-01
1.240000000000000000e+04 9.423617326671440697e-01
1.250000000000000000e+04 9.467051106345846234e-01
1.260000000000000000e+04 9.404327198785524811e-01
1.270000000000000000e+04 9.368673367329085622e-01
1.280000000000000000e+04 9.298789624755309235e-01
1.290000000000000000e+04 9.438500756936594183e-01
1.300000000000000000e+04 9.423432307536192543e-01
1.310000000000000000e+04 9.265607234317876362e-01
1.320000000000000000e+04 9.384515942583250281e-01
1.330000000000000000e+04 9.340178569035921807e-01
1.340000000000000000e+04 9.504509444581895616e-01
1.350000000000000000e+04 9.338955223962928098e-01
1.360000000000000000e+04 9.532489068344395244e-01
1.370000000000000000e+04 9.477961152817291346e-01
1.380000000000000000e+04 9.508159069353848691e-01
1.390000000000000000e+04 9.487277547573440550e-01
1.400000000000000000e+04 9.427392209806870760e-01
1.410000000000000000e+04 9.466764158166440790e-01
1.420000000000000000e+04 9.387353767436704688e-01
1.430000000000000000e+04 9.422151800250262443e-01
1.440000000000000000e+04 9.574592393291594394e-01
1.450000000000000000e+04 9.485960680402502065e-01
1.460000000000000000e+04 9.464020215008188686e-01
1.470000000000000000e+04 9.304374863240392202e-01
1.480000000000000000e+04 9.447764548408341678e-01
1.490000000000000000e+04 9.431912088616299927e-01
1.500000000000000000e+04 9.469660326794331340e-01
1.510000000000000000e+04 9.530419706802369939e-01
1.520000000000000000e+04 9.416918113243627486e-01
1.530000000000000000e+04 9.402009347385849036e-01
1.540000000000000000e+04 9.423882768789352271e-01
1.550000000000000000e+04 9.405470071489074879e-01
1.560000000000000000e+04 9.454119152932720649e-01
1.570000000000000000e+04 9.575533366224080467e-01
1.580000000000000000e+04 9.512661654260706756e-01
1.590000000000000000e+04 9.390274411374377461e-01
1.600000000000000000e+04 9.449191797404900006e-01
1.610000000000000000e+04 9.397180922636581002e-01
1.620000000000000000e+04 9.388484148744711266e-01
1.630000000000000000e+04 9.399594064121642445e-01
1.640000000000000000e+04 9.454871673526833442e-01
1.650000000000000000e+04 9.570332812768355124e-01
1.660000000000000000e+04 9.411440068882298560e-01
1.670000000000000000e+04 9.517943220129547743e-01
1.680000000000000000e+04 9.543218456867599286e-01
1.690000000000000000e+04 9.402240820669935939e-01
1.700000000000000000e+04 9.448533172265101143e-01
1.710000000000000000e+04 9.504223588760636332e-01
1.720000000000000000e+04 9.415972203947600150e-01
1.730000000000000000e+04 9.514102158890490601e-01
1.740000000000000000e+04 9.610006327105622415e-01
1.750000000000000000e+04 9.504108963352525530e-01
1.760000000000000000e+04 9.399588196554937714e-01
1.770000000000000000e+04 9.411880205240099606e-01
1.780000000000000000e+04 9.478948016188152303e-01
1.790000000000000000e+04 9.574457977887895765e-01
1.800000000000000000e+04 9.557460371524244547e-01
1.810000000000000000e+04 9.498641905303685240e-01
1.820000000000000000e+04 9.450316123952784420e-01
1.830000000000000000e+04 9.490320524949774628e-01
1.840000000000000000e+04 9.512372076820061473e-01
1.850000000000000000e+04 9.501560854022821356e-01
1.860000000000000000e+04 9.559590831193540694e-01
1.870000000000000000e+04 9.510743168330091368e-01
1.880000000000000000e+04 9.421442331739942055e-01
1.890000000000000000e+04 9.426082931779923291e-01
1.900000000000000000e+04 9.430013961482037743e-01
1.910000000000000000e+04 9.469085561624484004e-01
1.920000000000000000e+04 9.452628171475144780e-01
1.930000000000000000e+04 9.504826790061108310e-01
1.940000000000000000e+04 9.495302279694757264e-01
1.950000000000000000e+04 9.395446827797352407e-01
1.960000000000000000e+04 9.431157199151181114e-01
1.970000000000000000e+04 9.442893435912449451e-01
1.980000000000000000e+04 9.578722078236201476e-01
1.990000000000000000e+04 9.522810717009506654e-01
2.000000000000000000e+04 9.382117358217889613e-01
2.010000000000000000e+04 9.423155965615797047e-01
2.020000000000000000e+04 9.447792458892073642e-01
2.030000000000000000e+04 9.424522474758156854e-01
2.040000000000000000e+04 9.654510734912372660e-01
2.050000000000000000e+04 9.482749302226407551e-01
2.060000000000000000e+04 9.533944693748119814e-01
2.070000000000000000e+04 9.495729410102489165e-01
2.080000000000000000e+04 9.588781564560007187e-01
2.090000000000000000e+04 9.503350639933031418e-01
2.100000000000000000e+04 9.539533348606553664e-01
2.110000000000000000e+04 9.480297751837181153e-01
2.120000000000000000e+04 9.517687519400603868e-01
2.130000000000000000e+04 9.473387206220887924e-01
2.140000000000000000e+04 9.397845687915187263e-01
2.150000000000000000e+04 9.523724564410845916e-01
2.160000000000000000e+04 9.468234535714880051e-01
2.170000000000000000e+04 9.532240590033631555e-01
2.180000000000000000e+04 9.496310946971906475e-01
2.190000000000000000e+04 9.570396766799840194e-01
2.200000000000000000e+04 9.488159109217072507e-01
2.210000000000000000e+04 9.493684547794346562e-01
2.220000000000000000e+04 9.568356267770139478e-01
2.230000000000000000e+04 9.525575085246178464e-01
2.240000000000000000e+04 9.505983641186648292e-01
2.250000000000000000e+04 9.513826314875764023e-01
2.260000000000000000e+04 9.474247409245704077e-01
2.270000000000000000e+04 9.435485547197365319e-01
2.280000000000000000e+04 9.503519937890814173e-01
2.290000000000000000e+04 9.424408377429834838e-01
2.300000000000000000e+04 9.496039288995099525e-01
2.310000000000000000e+04 9.497468440292091696e-01
2.320000000000000000e+04 9.587842135008464162e-01
2.330000000000000000e+04 9.522987432398621888e-01
2.340000000000000000e+04 9.452856967793921150e-01
2.350000000000000000e+04 9.430956242126432576e-01
2.360000000000000000e+04 9.557058040069744687e-01
2.370000000000000000e+04 9.358940684507286445e-01
2.380000000000000000e+04 9.554478281919704941e-01
2.390000000000000000e+04 9.467767625343579407e-01
2.400000000000000000e+04 9.509600815175441868e-01
2.410000000000000000e+04 9.572195361634158184e-01
2.420000000000000000e+04 9.476389952686777862e-01
2.430000000000000000e+04 9.477294484318881107e-01
2.440000000000000000e+04 9.546356098206947305e-01
2.450000000000000000e+04 9.537717223869139893e-01
2.460000000000000000e+04 9.446555262208611303e-01
2.470000000000000000e+04 9.529534579919026749e-01
2.480000000000000000e+04 9.344131402505287953e-01
2.490000000000000000e+04 9.449429565381997076e-01
2.500000000000000000e+04 9.456387910703770716e-01
2.510000000000000000e+04 9.475006933054080926e-01
2.520000000000000000e+04 9.494857239426028883e-01
2.530000000000000000e+04 9.454473042418547468e-01
2.540000000000000000e+04 9.448267980451536818e-01
2.550000000000000000e+04 9.448619146546447523e-01
2.560000000000000000e+04 9.436155146359127555e-01
2.570000000000000000e+04 9.368739037288827953e-01
2.580000000000000000e+04 9.499082544428977259e-01
2.590000000000000000e+04 9.430092794413731383e-01
2.600000000000000000e+04 9.490940125737805655e-01
2.610000000000000000e+04 9.442701432766686942e-01
2.620000000000000000e+04 9.524316867420513644e-01
2.630000000000000000e+04 9.599744814538485604e-01
2.640000000000000000e+04 9.465888494172182144e-01
2.650000000000000000e+04 9.389937661858291928e-01
2.660000000000000000e+04 9.426124862758130662e-01
2.670000000000000000e+04 9.496995325944873612e-01
2.680000000000000000e+04 9.599509634232261668e-01
2.690000000000000000e+04 9.407020455233904288e-01
2.700000000000000000e+04 9.454979712384090629e-01
2.710000000000000000e+04 9.546872249453564052e-01
2.720000000000000000e+04 9.581510375861843620e-01
2.730000000000000000e+04 9.580249108903430288e-01
2.740000000000000000e+04 9.579595989816942492e-01
2.750000000000000000e+04 9.557961736442495138e-01
2.760000000000000000e+04 9.452580395801976065e-01
2.770000000000000000e+04 9.562280642188700774e-01
2.780000000000000000e+04 9.507916928118227418e-01
2.790000000000000000e+04 9.468370384523474570e-01
2.800000000000000000e+04 9.385091126310971532e-01
2.810000000000000000e+04 9.433123925944592036e-01
2.820000000000000000e+04 9.531443753163858501e-01
2.830000000000000000e+04 9.547628864450338204e-01
2.840000000000000000e+04 9.472535071082426317e-01
2.850000000000000000e+04 9.467505745778170834e-01
2.860000000000000000e+04 9.369656025597223881e-01
2.870000000000000000e+04 9.651836433172402696e-01
2.880000000000000000e+04 9.535188776315365322e-01
2.890000000000000000e+04 9.547120176255246005e-01
2.900000000000000000e+04 9.507891069850381571e-01
2.910000000000000000e+04 9.524149873307070635e-01
2.920000000000000000e+04 9.556546743806514366e-01
2.930000000000000000e+04 9.426278435734457561e-01
2.940000000000000000e+04 9.546867407367677361e-01
2.950000000000000000e+04 9.490748195753704319e-01
2.960000000000000000e+04 9.553511837927664008e-01
2.970000000000000000e+04 9.564466025776364733e-01
2.980000000000000000e+04 9.576477151086225659e-01
2.990000000000000000e+04 9.556440534625081362e-01
3.000000000000000000e+04 9.516281815950153877e-01
