0.000000000000000000e+00 4.945840000000000236e-01
1.000000000000000000e+02 3.632040000000000823e-01
2.000000000000000000e+02 4.051799999999999846e-01
3.000000000000000000e+02 5.190200000000000369e-01
4.000000000000000000e+02 5.667280000000000095e-01
5.000000000000000000e+02 6.080799999999999539e-01
6.000000000000000000e+02 5.967879999999999852e-01
7.000000000000000000e+02 6.270039999999998948e-01
8.000000000000000000e+02 6.626280000000001058e-01
9.000000000000000000e+02 6.722759999999998737e-01
1.000000000000000000e+03 7.132240000000000801e-01
1.100000000000000000e+03 7.091520000000000046e-01
1.200000000000000000e+03 6.980279999999999818e-01
1.300000000000000000e+03 7.143279999999999630e-01
1.400000000000000000e+03 7.341839999999999478e-01
1.500000000000000000e+03 7.069800000000000528e-01
1.600000000000000000e+03 7.257400000000000517e-01
1.700000000000000000e+03 7.599959999999998939e-01
1.800000000000000000e+03 7.828960000000000363e-01
1.900000000000000000e+03 7.366999999999999105e-01
2.000000000000000000e+03 7.613919999999998467e-01
2.100000000000000000e+03 7.702079999999998927e-01
2.200000000000000000e+03 7.454999999999999405e-01
2.300000000000000000e+03 7.801839999999999886e-01
2.400000000000000000e+03 7.926760000000000472e-01
2.500000000000000000e+03 7.714839999999999476e-01
2.600000000000000000e+03 7.731319999999999304e-01
2.700000000000000000e+03 7.506640000000001089e-01
2.800000000000000000e+03 7.876959999999999518e-01
2.900000000000000000e+03 7.877639999999999088e-01
3.000000000000000000e+03 7.834560000000000413e-01
3.100000000000000000e+03 8.147800000000000598e-01
3.200000000000000000e+03 7.908800000000000274e-01
3.300000000000000000e+03 7.956520000000000259e-01
3.400000000000000000e+03 7.726720000000000255e-01
3.500000000000000000e+03 7.840680000000000982e-01
3.600000000000000000e+03 8.133599999999999719e-01
3.700000000000000000e+03 8.052560000000000828e-01
3.800000000000000000e+03 8.215599999999998460e-01
3.900000000000000000e+03 8.341119999999999646e-01
4.000000000000000000e+03 8.021800000000000042e-01
4.100000000000000000e+03 8.118279999999999941e-01
4.200000000000000000e+03 8.414759999999998907e-01
4.300000000000000000e+03 8.312840000000000229e-01
4.400000000000000000e+03 8.051439999999998598e-01
4.500000000000000000e+03 8.307400000000000340e-01
4.600000000000000000e+03 8.237520000000000397e-01
4.700000000000000000e+03 8.586840000000000028e-01
4.800000000000000000e+03 8.322680000000000078e-01
4.900000000000000000e+03 8.488520000000000509e-01
5.000000000000000000e+03 8.253200000000000536e-01
5.100000000000000000e+03 8.553479999999999972e-01
5.200000000000000000e+03 8.623680000000000234e-01
5.300000000000000000e+03 8.418360000000000287e-01
5.400000000000000000e+03 8.532879999999999354e-01
5.500000000000000000e+03 8.663719999999999200e-01
5.600000000000000000e+03 8.776039999999999397e-01
5.700000000000000000e+03 8.535519999999999774e-01
5.800000000000000000e+03 8.741120000000001111e-01
5.900000000000000000e+03 8.397199999999999109e-01
6.000000000000000000e+03 8.723639999999999173e-01
6.100000000000000000e+03 8.629359999999999253e-01
6.200000000000000000e+03 8.955199999999999827e-01
6.300000000000000000e+03 8.799680000000000835e-01
6.400000000000000000e+03 8.689479999999999427e-01
6.500000000000000000e+03 8.799639999999998574e-01
6.600000000000000000e+03 8.738759999999998751e-01
6.700000000000000000e+03 8.885279999999999845e-01
6.800000000000000000e+03 8.894119999999999804e-01
6.900000000000000000e+03 8.829120000000000301e-01
7.000000000000000000e+03 8.651640000000000441e-01
7.100000000000000000e+03 8.808199999999999363e-01
7.200000000000000000e+03 8.907119999999999482e-01
7.300000000000000000e+03 8.981959999999999944e-01
7.400000000000000000e+03 8.881000000000001116e-01
7.500000000000000000e+03 9.041879999999999917e-01
7.600000000000000000e+03 9.081320000000000503e-01
7.700000000000000000e+03 9.119160000000001709e-01
7.800000000000000000e+03 8.961799999999999766e-01
7.900000000000000000e+03 9.260519999999999863e-01
8.000000000000000000e+03 9.060079999999999245e-01
8.100000000000000000e+03 9.082159999999999123e-01
8.200000000000000000e+03 9.150079999999999325e-01
8.300000000000000000e+03 9.074279999999999013e-01
8.400000000000000000e+03 9.158959999999999324e-01
8.500000000000000000e+03 9.184840000000000781e-01
8.600000000000000000e+03 9.056639999999999135e-01
8.700000000000000000e+03 9.234880000000000866e-01
8.800000000000000000e+03 9.173600000000001753e-01
8.900000000000000000e+03 9.151119999999999255e-01
9.000000000000000000e+03 9.150959999999999095e-01
9.100000000000000000e+03 9.275679999999999481e-01
9.200000000000000000e+03 9.202919999999999989e-01
9.300000000000000000e+03 9.139159999999999506e-01
9.400000000000000000e+03 9.293239999999998169e-01
9.500000000000000000e+03 9.274320000000000341e-01
9.600000000000000000e+03 9.191559999999998620e-01
9.700000000000000000e+03 9.296480000000000299e-01
9.800000000000000000e+03 9.202680000000000859e-01
9.900000000000000000e+03 9.279519999999999991e-01
1.000000000000000000e+04 9.066839999999999344e-01
1.010000000000000000e+04 9.338879999999999404e-01
1.020000000000000000e+04 9.150639999999999885e-01
1.030000000000000000e+04 9.213119999999999088e-01
1.040000000000000000e+04 9.287279999999999980e-01
1.050000000000000000e+04 9.236679999999999335e-01
1.060000000000000000e+04 9.336680000000000534e-01
1.070000000000000000e+04 9.309279999999999777e-01
1.080000000000000000e+04 9.297480000000000189e-01
1.090000000000000000e+04 9.259679999999999023e-01
1.100000000000000000e+04 9.283880000000001020e-01
1.110000000000000000e+04 9.324320000000001496e-01
1.120000000000000000e+04 9.297719999999999319e-01
1.130000000000000000e+04 9.169719999999998983e-01
1.140000000000000000e+04 9.194919999999998650e-01
1.150000000000000000e+04 9.315719999999999557e-01
1.160000000000000000e+04 9.214720000000000688e-01
1.170000000000000000e+04 9.474280000000001589e-01
1.180000000000000000e+04 9.267000000000000792e-01
1.190000000000000000e+04 9.360239999999999672e-01
1.200000000000000000e+04 9.251680000000001014e-01
1.210000000000000000e+04 9.275679999999999481e-01
1.220000000000000000e+04 9.384759999999999769e-01
1.230000000000000000e+04 9.316199999999998926e-01
1.240000000000000000e+04 9.333120000000001415e-01
1.250000000000000000e+04 9.386999999999999789e-01
1.260000000000000000e+04 9.307079999999999798e-01
1.270000000000000000e+04 9.307279999999999998e-01
1.280000000000000000e+04 9.180240000000001732e-01
1.290000000000000000e+04 9.324999999999999956e-01
1.300000000000000000e+04 9.364160000000000261e-01
1.310000000000000000e+04 9.222399999999999487e-01
1.320000000000000000e+04 9.272079999999999211e-01
1.330000000000000000e+04 9.252559999999999674e-01
1.340000000000000000e+04 9.402679999999999927e-01
1.350000000000000000e+04 9.207560000000000189e-01
1.360000000000000000e+04 9.449039999999999662e-01
1.370000000000000000e+04 9.388759999999998218e-01
1.380000000000000000e+04 9.422320000000001805e-01
1.390000000000000000e+04 9.408199999999998786e-01
1.400000000000000000e+04 9.347320000000000073e-01
1.410000000000000000e+04 9.366879999999999651e-01
1.420000000000000000e+04 9.351639999999999953e-01
1.430000000000000000e+04 9.333679999999998644e-01
1.440000000000000000e+04 9.498199999999997756e-01
1.450000000000000000e+04 9.364599999999998481e-01
1.460000000000000000e+04 9.437079999999999913e-01
1.470000000000000000e+04 9.243799999999999795e-01
1.480000000000000000e+04 9.403400000000000647e-01
1.490000000000000000e+04 9.380879999999999219e-01
1.500000000000000000e+04 9.386520000000000419e-01
1.510000000000000000e+04 9.455080000000000151e-01
1.520000000000000000e+04 9.390959999999999308e-01
1.530000000000000000e+04 9.285319999999999130e-01
1.540000000000000000e+04 9.308560000000000167e-01
1.550000000000000000e+04 9.327720000000000455e-01
1.560000000000000000e+04 9.399399999999998867e-01
1.570000000000000000e+04 9.522479999999999833e-01
1.580000000000000000e+04 9.398599999999999177e-01
1.590000000000000000e+04 9.331720000000000015e-01
1.600000000000000000e+04 9.390800000000001369e-01
1.610000000000000000e+04 9.278839999999999311e-01
1.620000000000000000e+04 9.354279999999999262e-01
1.630000000000000000e+04 9.335360000000000325e-01
1.640000000000000000e+04 9.380640000000001200e-01
1.650000000000000000e+04 9.488079999999999847e-01
1.660000000000000000e+04 9.304559999999999498e-01
1.670000000000000000e+04 9.444919999999999982e-01
1.680000000000000000e+04 9.485799999999999788e-01
1.690000000000000000e+04 9.285639999999999450e-01
1.700000000000000000e+04 9.419440000000001145e-01
1.710000000000000000e+04 9.425359999999999294e-01
1.720000000000000000e+04 9.343560000000000754e-01
1.730000000000000000e+04 9.439759999999999263e-01
1.740000000000000000e+04 9.544639999999999791e-01
1.750000000000000000e+04 9.401759999999999007e-01
1.760000000000000000e+04 9.316659999999998831e-01
1.770000000000000000e+04 9.336439999999999184e-01
1.780000000000000000e+04 9.406600000000000517e-01
1.790000000000000000e+04 9.502479999999999816e-01
1.800000000000000000e+04 9.509760000000000435e-01
1.810000000000000000e+04 9.416400000000000325e-01
1.820000000000000000e+04 9.322639999999999816e-01
1.830000000000000000e+04 9.431479999999999864e-01
1.840000000000000000e+04 9.392639999999999878e-01
1.850000000000000000e+04 9.423000000000000265e-01
1.860000000000000000e+04 9.486719999999999597e-01
1.870000000000000000e+04 9.431560000000001054e-01
1.880000000000000000e+04 9.316920000000000757e-01
1.890000000000000000e+04 9.346159999999998913e-01
1.900000000000000000e+04 9.359360000000001012e-01
1.910000000000000000e+04 9.377279999999998950e-01
1.920000000000000000e+04 9.385040000000000049e-01
1.930000000000000000e+04 9.435640000000000693e-01
1.940000000000000000e+04 9.408440000000000136e-01
1.950000000000000000e+04 9.285559999999999370e-01
1.960000000000000000e+04 9.367159999999998821e-01
1.970000000000000000e+04 9.394439999999999458e-01
1.980000000000000000e+04 9.516159999999999064e-01
1.990000000000000000e+04 9.465360000000000440e-01
2.000000000000000000e+04 9.335440000000000405e-01
2.010000000000000000e+04 9.358600000000000252e-01
2.020000000000000000e+04 9.349640000000000173e-01
2.030000000000000000e+04 9.417239999999998945e-01
2.040000000000000000e+04 9.622279999999999722e-01
2.050000000000000000e+04 9.401080000000000547e-01
2.060000000000000000e+04 9.488519999999999177e-01
2.070000000000000000e+04 9.402760000000000007e-01
2.080000000000000000e+04 9.503760000000001096e-01
2.090000000000000000e+04 9.454799999999998761e-01
2.100000000000000000e+04 9.497360000000000246e-01
2.110000000000000000e+04 9.409719999999999196e-01
2.120000000000000000e+04 9.397919999999999607e-01
2.130000000000000000e+04 9.404159999999999187e-01
2.140000000000000000e+04 9.333080000000001375e-01
2.150000000000000000e+04 9.459239999999999871e-01
2.160000000000000000e+04 9.342120000000000424e-01
2.170000000000000000e+04 9.479719999999999258e-01
2.180000000000000000e+04 9.411680000000000046e-01
2.190000000000000000e+04 9.509920000000000595e-01
2.200000000000000000e+04 9.405440000000000467e-01
2.210000000000000000e+04 9.430639999999999024e-01
2.220000000000000000e+04 9.493080000000000407e-01
2.230000000000000000e+04 9.449560000000000182e-01
2.240000000000000000e+04 9.453239999999999421e-01
2.250000000000000000e+04 9.446200000000000152e-01
2.260000000000000000e+04 9.429880000000000484e-01
2.270000000000000000e+04 9.335999999999998744e-01
2.280000000000000000e+04 9.459199999999999831e-01
2.290000000000000000e+04 9.338319999999998844e-01
2.300000000000000000e+04 9.439759999999999263e-01
2.310000000000000000e+04 9.411039999999999406e-01
2.320000000000000000e+04 9.531039999999999512e-01
2.330000000000000000e+04 9.454280000000000461e-01
2.340000000000000000e+04 9.382160000000000499e-01
2.350000000000000000e+04 9.342120000000000424e-01
2.360000000000000000e+04 9.500319999999998766e-01
2.370000000000000000e+04 9.297199999999999909e-01
2.380000000000000000e+04 9.478800000000000558e-01
2.390000000000000000e+04 9.408199999999999896e-01
2.400000000000000000e+04 9.472639999999998839e-01
2.410000000000000000e+04 9.521000000000000574e-01
2.420000000000000000e+04 9.370239999999998570e-01
2.430000000000000000e+04 9.403959999999998987e-01
2.440000000000000000e+04 9.460880000000000400e-01
2.450000000000000000e+04 9.507520000000000415e-01
2.460000000000000000e+04 9.338839999999999364e-01
2.470000000000000000e+04 9.498040000000000926e-01
2.480000000000000000e+04 9.326680000000000526e-01
2.490000000000000000e+04 9.340600000000000014e-01
2.500000000000000000e+04 9.418639999999998125e-01
2.510000000000000000e+04 9.384119999999999129e-01
2.520000000000000000e+04 9.424279999999999324e-01
2.530000000000000000e+04 9.367159999999999931e-01
2.540000000000000000e+04 9.377480000000000260e-01
2.550000000000000000e+04 9.356799999999998452e-01
2.560000000000000000e+04 9.400080000000000657e-01
2.570000000000000000e+04 9.304999999999999938e-01
2.580000000000000000e+04 9.410400000000000986e-01
2.590000000000000000e+04 9.346840000000001814e-01
2.600000000000000000e+04 9.404919999999999947e-01
2.610000000000000000e+04 9.376680000000000570e-01
2.620000000000000000e+04 9.446039999999999992e-01
2.630000000000000000e+04 9.549480000000000190e-01
2.640000000000000000e+04 9.409080000000000776e-01
2.650000000000000000e+04 9.329960000000000475e-01
2.660000000000000000e+04 9.381999999999999229e-01
2.670000000000000000e+04 9.459839999999999360e-01
2.680000000000000000e+04 9.544120000000000381e-01
2.690000000000000000e+04 9.327439999999999065e-01
2.700000000000000000e+04 9.420520000000000005e-01
2.710000000000000000e+04 9.512520000000000975e-01
2.720000000000000000e+04 9.508119999999999905e-01
2.730000000000000000e+04 9.516480000000000494e-01
2.740000000000000000e+04 9.527520000000000433e-01
2.750000000000000000e+04 9.495719999999999716e-01
2.760000000000000000e+04 9.369359999999999911e-01
2.770000000000000000e+04 9.472160000000000579e-01
2.780000000000000000e+04 9.434200000000000363e-01
2.790000000000000000e+04 9.385759999999998549e-01
2.800000000000000000e+04 9.311360000000000747e-01
2.810000000000000000e+04 9.358879999999999422e-01
2.820000000000000000e+04 9.464040000000000230e-01
2.830000000000000000e+04 9.458119999999998750e-01
2.840000000000000000e+04 9.382719999999999949e-01
2.850000000000000000e+04 9.388639999999999208e-01
2.860000000000000000e+04 9.271319999999999562e-01
2.870000000000000000e+04 9.581800000000000317e-01
2.880000000000000000e+04 9.476399999999998158e-01
2.890000000000000000e+04 9.514720000000000955e-01
2.900000000000000000e+04 9.464599999999999680e-01
2.910000000000000000e+04 9.480479999999998908e-01
2.920000000000000000e+04 9.527560000000000473e-01
2.930000000000000000e+04 9.361720000000000041e-01
2.940000000000000000e+04 9.475359999999998228e-01
2.950000000000000000e+04 9.421640000000000015e-01
2.960000000000000000e+04 9.503759999999999986e-01
2.970000000000000000e+04 9.493400000000000727e-01
2.980000000000000000e+04 9.552999999999999270e-01
2.990000000000000000e+04 9.498679999999999346e-01
3.000000000000000000e+04 9.443679999999998742e-01
