0.000000000000000000e+00 4.743702894938373049e-01
1.000000000000000000e+02 4.245287569601999267e-01
2.000000000000000000e+02 4.585963070380141282e-01
3.000000000000000000e+02 5.271468735576783082e-01
4.000000000000000000e+02 5.907683482310983614e-01
5.000000000000000000e+02 6.684807847107077095e-01
6.000000000000000000e+02 6.889371307185718774e-01
7.000000000000000000e+02 7.092497908126930151e-01
8.000000000000000000e+02 7.108107332869011419e-01
9.000000000000000000e+02 7.353837324952761101e-01
1.000000000000000000e+03 7.526700180186748357e-01
1.100000000000000000e+03 7.736359731127048223e-01
1.200000000000000000e+03 7.721351454872236175e-01
1.300000000000000000e+03 7.796875948364504483e-01
1.400000000000000000e+03 8.134681046765959156e-01
1.500000000000000000e+03 8.403664135648747369e-01
1.600000000000000000e+03 8.147145455806675818e-01
1.700000000000000000e+03 8.143274241405012992e-01
1.800000000000000000e+03 8.222337337656021594e-01
1.900000000000000000e+03 8.324302911460985666e-01
2.000000000000000000e+03 8.530657957902788580e-01
2.100000000000000000e+03 8.442412775110345047e-01
2.200000000000000000e+03 8.542280285460894795e-01
2.300000000000000000e+03 8.572487152576661051e-01
2.400000000000000000e+03 8.589764185814389164e-01
2.500000000000000000e+03 8.527354049996506147e-01
2.600000000000000000e+03 8.709398879258714032e-01
2.700000000000000000e+03 8.607795378448850343e-01
2.800000000000000000e+03 8.791722783099349403e-01
2.900000000000000000e+03 8.545156384677925487e-01
3.000000000000000000e+03 8.669573833078763059e-01
3.100000000000000000e+03 8.899826536828081558e-01
3.200000000000000000e+03 8.839577702023018180e-01
3.300000000000000000e+03 8.813402973528737805e-01
3.400000000000000000e+03 8.939918743452178740e-01
3.500000000000000000e+03 8.777336616262176872e-01
3.600000000000000000e+03 8.892082796449294335e-01
3.700000000000000000e+03 8.965360461137975578e-01
3.800000000000000000e+03 8.695933016136117022e-01
3.900000000000000000e+03 8.897988186289631507e-01
4.000000000000000000e+03 8.816122654636844302e-01
4.100000000000000000e+03 9.010729909980972341e-01
4.200000000000000000e+03 8.993781952092719800e-01
4.300000000000000000e+03 8.876139936691941346e-01
4.400000000000000000e+03 8.935774472964613802e-01
4.500000000000000000e+03 8.900351711720688730e-01
4.600000000000000000e+03 8.971663970800699550e-01
4.700000000000000000e+03 9.011099086189293672e-01
4.800000000000000000e+03 8.941707902202833402e-01
4.900000000000000000e+03 8.980234442653329818e-01
5.000000000000000000e+03 9.117589613161815043e-01
5.100000000000000000e+03 9.028703437755879468e-01
5.200000000000000000e+03 9.001021684687703361e-01
5.300000000000000000e+03 8.972174653530478050e-01
5.400000000000000000e+03 9.055812782053174192e-01
5.500000000000000000e+03 9.095468835446141043e-01
5.600000000000000000e+03 8.902326051895274039e-01
5.700000000000000000e+03 8.964996935130180589e-01
5.800000000000000000e+03 9.191342097461238092e-01
5.900000000000000000e+03 9.106041980492932675e-01
6.000000000000000000e+03 9.063889937241514927e-01
6.100000000000000000e+03 9.123979157104327165e-01
6.200000000000000000e+03 9.110639829925855082e-01
6.300000000000000000e+03 9.186004698990100081e-01
6.400000000000000000e+03 9.162764792916368028e-01
6.500000000000000000e+03 9.170192562834011962e-01
6.600000000000000000e+03 8.862176360266242892e-01
6.700000000000000000e+03 9.138127174441983414e-01
6.800000000000000000e+03 9.227084213045486649e-01
6.900000000000000000e+03 9.184388101413837324e-01
7.000000000000000000e+03 9.164420118463383336e-01
7.100000000000000000e+03 9.167532233984005963e-01
7.200000000000000000e+03 9.140136850308847594e-01
7.300000000000000000e+03 9.176965441064983686e-01
7.400000000000000000e+03 9.135129303501070552e-01
7.500000000000000000e+03 9.076087505346147610e-01
7.600000000000000000e+03 9.174925565353142520e-01
7.700000000000000000e+03 9.199712110956898004e-01
7.800000000000000000e+03 9.161053922928810156e-01
7.900000000000000000e+03 9.100714224209228709e-01
8.000000000000000000e+03 9.285941169928664252e-01
8.100000000000000000e+03 9.185036634263971100e-01
8.200000000000000000e+03 9.188596809569772317e-01
8.300000000000000000e+03 9.123530289050409969e-01
8.400000000000000000e+03 9.173488472553948947e-01
8.500000000000000000e+03 9.132216604218387213e-01
8.600000000000000000e+03 9.350055245517473468e-01
8.700000000000000000e+03 9.222503689691923245e-01
8.800000000000000000e+03 9.242937208674057992e-01
8.900000000000000000e+03 9.179357358059448968e-01
9.000000000000000000e+03 9.302592534582257988e-01
9.100000000000000000e+03 9.248828826613674225e-01
9.200000000000000000e+03 9.245527349605391354e-01
9.300000000000000000e+03 9.227330429203952633e-01
9.400000000000000000e+03 9.125921433988196663e-01
9.500000000000000000e+03 9.262478904515341060e-01
9.600000000000000000e+03 9.184683344426002316e-01
9.700000000000000000e+03 9.157516645615662032e-01
9.800000000000000000e+03 9.255519149731359363e-01
9.900000000000000000e+03 9.197461697032665029e-01
1.000000000000000000e+04 9.316373550252290414e-01
1.010000000000000000e+04 9.331251109398243093e-01
1.020000000000000000e+04 9.079424654535854788e-01
1.030000000000000000e+04 9.286396025080289052e-01
1.040000000000000000e+04 9.326882431690987074e-01
1.050000000000000000e+04 9.327727277995649935e-01
1.060000000000000000e+04 9.219054250025348063e-01
1.070000000000000000e+04 9.270876537344836521e-01
1.080000000000000000e+04 9.254351063273429379e-01
1.090000000000000000e+04 9.366213752585148544e-01
1.100000000000000000e+04 9.258072125788874285e-01
1.110000000000000000e+04 9.235641885781487037e-01
1.120000000000000000e+04 9.366024334307314625e-01
1.130000000000000000e+04 9.130926445932989743e-01
1.140000000000000000e+04 9.242676801618661120e-01
1.150000000000000000e+04 9.328472041611233223e-01
1.160000000000000000e+04 9.298823868711968421e-01
1.170000000000000000e+04 9.366778652187194298e-01
1.180000000000000000e+04 9.163269889828895565e-01
1.190000000000000000e+04 9.270277401692549324e-01
1.200000000000000000e+04 9.193651740496009417e-01
1.210000000000000000e+04 9.325886114184688269e-01
1.220000000000000000e+04 9.380987588337830196e-01
1.230000000000000000e+04 9.344308169487771654e-01
1.240000000000000000e+04 9.299633324123255385e-01
1.250000000000000000e+04 9.342394303601389005e-01
1.260000000000000000e+04 9.285850144947159768e-01
1.270000000000000000e+04 9.220684014666414852e-01
1.280000000000000000e+04 9.277594508271547191e-01
1.290000000000000000e+04 9.345903213414193944e-01
1.300000000000000000e+04 9.286374174983829111e-01
1.310000000000000000e+04 9.300741518171560251e-01
1.320000000000000000e+04 9.343100520952131172e-01
1.330000000000000000e+04 9.168125053425798532e-01
1.340000000000000000e+04 9.277372546405567855e-01
1.350000000000000000e+04 9.242870207431573837e-01
1.360000000000000000e+04 9.367867925333587253e-01
1.370000000000000000e+04 9.179667819737837853e-01
1.380000000000000000e+04 9.340435254631349604e-01
1.390000000000000000e+04 9.262974244524596612e-01
1.400000000000000000e+04 9.305391872449170210e-01
1.410000000000000000e+04 9.347620808551770910e-01
1.420000000000000000e+04 9.207636498221942745e-01
1.430000000000000000e+04 9.217501075300259528e-01
1.440000000000000000e+04 9.381045330008546124e-01
1.450000000000000000e+04 9.148715474610698006e-01
1.460000000000000000e+04 9.212898874504062974e-01
1.470000000000000000e+04 9.192965940476665043e-01
1.480000000000000000e+04 9.104906285357651230e-01
1.490000000000000000e+04 9.176009032241172481e-01
1.500000000000000000e+04 9.258583006656810888e-01
1.510000000000000000e+04 9.233243871000518244e-01
1.520000000000000000e+04 9.303108177042755944e-01
1.530000000000000000e+04 9.226797075220738442e-01
1.540000000000000000e+04 9.242324011981094545e-01
1.550000000000000000e+04 9.303654075746765617e-01
1.560000000000000000e+04 9.315996221789912823e-01
1.570000000000000000e+04 9.364171305074513452e-01
1.580000000000000000e+04 9.333861411496733318e-01
1.590000000000000000e+04 9.350276518988808183e-01
1.600000000000000000e+04 9.348208634109760329e-01
1.610000000000000000e+04 9.327848305756698544e-01
1.620000000000000000e+04 9.283172787287952143e-01
1.630000000000000000e+04 9.175105338085974838e-01
1.640000000000000000e+04 9.364884054317685891e-01
1.650000000000000000e+04 9.346774711718830453e-01
1.660000000000000000e+04 9.290640446219275983e-01
1.670000000000000000e+04 9.326335318846828981e-01
1.680000000000000000e+04 9.241919074845961202e-01
1.690000000000000000e+04 9.194581681517546290e-01
1.700000000000000000e+04 9.192637872093621931e-01
1.710000000000000000e+04 9.140025662528898920e-01
1.720000000000000000e+04 9.168950146708262361e-01
1.730000000000000000e+04 9.297369091648949313e-01
1.740000000000000000e+04 9.207652722671452183e-01
1.750000000000000000e+04 9.211317334488076103e-01
1.760000000000000000e+04 9.360104385997044529e-01
1.770000000000000000e+04 9.165554606959075423e-01
1.780000000000000000e+04 9.290295413581834971e-01
1.790000000000000000e+04 9.292194674724594261e-01
1.800000000000000000e+04 9.374383025887537135e-01
1.810000000000000000e+04 9.225243767439457176e-01
1.820000000000000000e+04 9.153944031722656138e-01
1.830000000000000000e+04 9.288846909306516242e-01
1.840000000000000000e+04 9.246597810850070154e-01
1.850000000000000000e+04 9.280629005795097974e-01
1.860000000000000000e+04 9.182059031805580585e-01
1.870000000000000000e+04 9.243500219222779979e-01
1.880000000000000000e+04 9.227363185831388703e-01
1.890000000000000000e+04 9.440121700931161097e-01
1.900000000000000000e+04 9.182118403408953133e-01
1.910000000000000000e+04 9.306746575424222900e-01
1.920000000000000000e+04 9.385979039939413848e-01
1.930000000000000000e+04 9.403061123811019550e-01
1.940000000000000000e+04 9.117917041320943161e-01
1.950000000000000000e+04 9.321256947128091497e-01
1.960000000000000000e+04 9.385050487852669709e-01
1.970000000000000000e+04 9.280776215778812066e-01
1.980000000000000000e+04 9.311931092759251349e-01
1.990000000000000000e+04 9.349956530432244062e-01
2.000000000000000000e+04 9.322392265495460517e-01
2.010000000000000000e+04 9.278582146915995699e-01
2.020000000000000000e+04 9.141514489735482751e-01
2.030000000000000000e+04 9.268569198925877828e-01
2.040000000000000000e+04 9.208771590948832131e-01
2.050000000000000000e+04 9.272602515662753397e-01
2.060000000000000000e+04 9.209391773924890945e-01
2.070000000000000000e+04 9.295525447905855776e-01
2.080000000000000000e+04 9.254624550077945599e-01
2.090000000000000000e+04 9.335192843862758494e-01
2.100000000000000000e+04 9.350820056747954911e-01
2.110000000000000000e+04 9.157401307985154615e-01
2.120000000000000000e+04 9.328010114698063182e-01
2.130000000000000000e+04 9.304058628980541590e-01
2.140000000000000000e+04 9.203689109864745532e-01
2.150000000000000000e+04 9.316798697831947251e-01
2.160000000000000000e+04 9.318509826115805028e-01
2.170000000000000000e+04 9.412192124752417621e-01
2.180000000000000000e+04 9.375255785560732136e-01
2.190000000000000000e+04 9.319807384523435267e-01
2.200000000000000000e+04 9.328215312371237466e-01
2.210000000000000000e+04 9.295099490257565655e-01
2.220000000000000000e+04 9.283404966720022466e-01
2.230000000000000000e+04 9.161123456064920179e-01
2.240000000000000000e+04 9.201463723148808338e-01
2.250000000000000000e+04 9.223992642446622314e-01
2.260000000000000000e+04 9.370248394411514470e-01
2.270000000000000000e+04 9.317640833207261331e-01
2.280000000000000000e+04 9.301430010905433754e-01
2.290000000000000000e+04 9.289139127500889437e-01
2.300000000000000000e+04 9.305758811242680340e-01
2.310000000000000000e+04 9.400904490382886447e-01
2.320000000000000000e+04 9.348099629492121476e-01
2.330000000000000000e+04 9.215849797257911202e-01
2.340000000000000000e+04 9.269936168311884161e-01
2.350000000000000000e+04 9.255546544421500155e-01
2.360000000000000000e+04 9.262626285245114666e-01
2.370000000000000000e+04 9.282775463238492897e-01
2.380000000000000000e+04 9.151017800746303887e-01
2.390000000000000000e+04 9.405325985196230087e-01
2.400000000000000000e+04 9.294763329823249043e-01
2.410000000000000000e+04 9.284149925201169440e-01
2.420000000000000000e+04 9.220441391783130713e-01
2.430000000000000000e+04 9.323342944550001565e-01
2.440000000000000000e+04 9.308095178305227924e-01
2.450000000000000000e+04 9.291499177962204703e-01
2.460000000000000000e+04 9.229852277412621264e-01
2.470000000000000000e+04 9.229615632668175529e-01
2.480000000000000000e+04 9.204974967686451182e-01
2.490000000000000000e+04 9.377585515575781461e-01
2.500000000000000000e+04 9.336804286701633204e-01
2.510000000000000000e+04 9.281604139708370393e-01
2.520000000000000000e+04 9.309957088153357763e-01
2.530000000000000000e+04 9.202101430338167631e-01
2.540000000000000000e+04 9.273643986512143389e-01
2.550000000000000000e+04 9.168415154855336091e-01
2.560000000000000000e+04 9.343458199575943590e-01
2.570000000000000000e+04 9.288704728854327852e-01
2.580000000000000000e+04 9.213003519466520519e-01
2.590000000000000000e+04 9.299554125022853057e-01
2.600000000000000000e+04 9.240409228888102344e-01
2.610000000000000000e+04 9.342051989349753338e-01
2.620000000000000000e+04 9.220979931074382296e-01
2.630000000000000000e+04 9.275856147866762269e-01
2.640000000000000000e+04 9.249144455196136594e-01
2.650000000000000000e+04 9.229793940034457522e-01
2.660000000000000000e+04 9.240623794805333802e-01
2.670000000000000000e+04 9.310690962708532137e-01
2.680000000000000000e+04 9.403534501391197509e-01
2.690000000000000000e+04 9.356198458648739003e-01
2.700000000000000000e+04 9.262490613897726988e-01
2.710000000000000000e+04 9.393797555708237601e-01
2.720000000000000000e+04 9.254445365499517351e-01
2.730000000000000000e+04 9.274229333858844404e-01
2.740000000000000000e+04 9.454212200246623343e-01
2.750000000000000000e+04 9.282440537352990573e-01
2.760000000000000000e+04 9.293710552336719166e-01
2.770000000000000000e+04 9.365229612486619670e-01
2.780000000000000000e+04 9.293684951178293741e-01
2.790000000000000000e+04 9.329390827884163073e-01
2.800000000000000000e+04 9.310405195147262170e-01
2.810000000000000000e+04 9.280770675956493410e-01
2.820000000000000000e+04 9.370807496642801215e-01
2.830000000000000000e+04 9.460000700110686722e-01
2.840000000000000000e+04 9.320645254566091165e-01
2.850000000000000000e+04 9.387499451125648209e-01
2.860000000000000000e+04 9.105120006435180047e-01
2.870000000000000000e+04 9.192243731327383038e-01
2.880000000000000000e+04 9.264694724932597270e-01
2.890000000000000000e+04 9.354741614276261830e-01
2.900000000000000000e+04 9.380406760769184338e-01
2.910000000000000000e+04 9.275986107124897240e-01
2.920000000000000000e+04 9.230665866423903854e-01
2.930000000000000000e+04 9.409421193393899818e-01
2.940000000000000000e+04 9.188911651236046918e-01
2.950000000000000000e+04 9.228411368464730646e-01
2.960000000000000000e+04 9.377688840332339959e-01
2.970000000000000000e+04 9.312456805140529870e-01
2.980000000000000000e+04 9.241596438907453415e-01
2.990000000000000000e+04 9.232092117584544955e-01
3.000000000000000000e+04 9.136903473939611553e-01
