0.000000000000000000e+00 4.792159999999999753e-01
1.000000000000000000e+02 3.979679999999999884e-01
2.000000000000000000e+02 4.713159999999999572e-01
3.000000000000000000e+02 5.177160000000000650e-01
4.000000000000000000e+02 5.934960000000000235e-01
5.000000000000000000e+02 6.534159999999999968e-01
6.000000000000000000e+02 6.632320000000000437e-01
7.000000000000000000e+02 6.779399999999999871e-01
8.000000000000000000e+02 6.848559999999999093e-01
9.000000000000000000e+02 6.985559999999999548e-01
1.000000000000000000e+03 7.075079999999999147e-01
1.100000000000000000e+03 7.419480000000000519e-01
1.200000000000000000e+03 7.321759999999999380e-01
1.300000000000000000e+03 7.430959999999999788e-01
1.400000000000000000e+03 7.663120000000001042e-01
1.500000000000000000e+03 8.077799999999999425e-01
1.600000000000000000e+03 7.870639999999998748e-01
1.700000000000000000e+03 7.833999999999999853e-01
1.800000000000000000e+03 7.891120000000000356e-01
1.900000000000000000e+03 7.966919999999999558e-01
2.000000000000000000e+03 8.189920000000000533e-01
2.100000000000000000e+03 8.082759999999999945e-01
2.200000000000000000e+03 8.177799999999999514e-01
2.300000000000000000e+03 8.273160000000000514e-01
2.400000000000000000e+03 8.313359999999998529e-01
2.500000000000000000e+03 8.260559999999999015e-01
2.600000000000000000e+03 8.366560000000000663e-01
2.700000000000000000e+03 8.291720000000000201e-01
2.800000000000000000e+03 8.520360000000000156e-01
2.900000000000000000e+03 8.281599999999997852e-01
3.000000000000000000e+03 8.358240000000000114e-01
3.100000000000000000e+03 8.559919999999999751e-01
3.200000000000000000e+03 8.584680000000001199e-01
3.300000000000000000e+03 8.514919999999999156e-01
3.400000000000000000e+03 8.642879999999999452e-01
3.500000000000000000e+03 8.447119999999999074e-01
3.600000000000000000e+03 8.648160000000000291e-01
3.700000000000000000e+03 8.807920000000000194e-01
3.800000000000000000e+03 8.418559999999999377e-01
3.900000000000000000e+03 8.612079999999999735e-01
4.000000000000000000e+03 8.579840000000000799e-01
4.100000000000000000e+03 8.827519999999999811e-01
4.200000000000000000e+03 8.765680000000000138e-01
4.300000000000000000e+03 8.634560000000001123e-01
4.400000000000000000e+03 8.667240000000000499e-01
4.500000000000000000e+03 8.664399999999999880e-01
4.600000000000000000e+03 8.719639999999998503e-01
4.700000000000000000e+03 8.782079999999999886e-01
4.800000000000000000e+03 8.790200000000000236e-01
4.900000000000000000e+03 8.782920000000000726e-01
5.000000000000000000e+03 8.920479999999999521e-01
5.100000000000000000e+03 8.868080000000000407e-01
5.200000000000000000e+03 8.815680000000000183e-01
5.300000000000000000e+03 8.783199999999999896e-01
5.400000000000000000e+03 8.877840000000000176e-01
5.500000000000000000e+03 8.906120000000001813e-01
5.600000000000000000e+03 8.636760000000001103e-01
5.700000000000000000e+03 8.752959999999999630e-01
5.800000000000000000e+03 9.025520000000000209e-01
5.900000000000000000e+03 8.928039999999999310e-01
6.000000000000000000e+03 8.866599999999998927e-01
6.100000000000000000e+03 8.904199999999999893e-01
6.200000000000000000e+03 8.985440000000000094e-01
6.300000000000000000e+03 9.009959999999999081e-01
6.400000000000000000e+03 8.967279999999999696e-01
6.500000000000000000e+03 9.057399999999999896e-01
6.600000000000000000e+03 8.682000000000000828e-01
6.700000000000000000e+03 8.971640000000000725e-01
6.800000000000000000e+03 9.090439999999999632e-01
6.900000000000000000e+03 9.004079999999999862e-01
7.000000000000000000e+03 8.967159999999999576e-01
7.100000000000000000e+03 9.039119999999999377e-01
7.200000000000000000e+03 8.963399999999999146e-01
7.300000000000000000e+03 9.016640000000001320e-01
7.400000000000000000e+03 8.940239999999999299e-01
7.500000000000000000e+03 8.994519999999999182e-01
7.600000000000000000e+03 9.014999999999999680e-01
7.700000000000000000e+03 9.006759999999999211e-01
7.800000000000000000e+03 9.002600000000000602e-01
7.900000000000000000e+03 8.917160000000000641e-01
8.000000000000000000e+03 9.167679999999999163e-01
8.100000000000000000e+03 9.036800000000000388e-01
8.200000000000000000e+03 9.055719999999999326e-01
8.300000000000000000e+03 8.955720000000000347e-01
8.400000000000000000e+03 9.054240000000000066e-01
8.500000000000000000e+03 8.951479999999998327e-01
8.600000000000000000e+03 9.219319999999999737e-01
8.700000000000000000e+03 9.057999999999999385e-01
8.800000000000000000e+03 9.128439999999999888e-01
8.900000000000000000e+03 9.027519999999999989e-01
9.000000000000000000e+03 9.179920000000000302e-01
9.100000000000000000e+03 9.146239999999999926e-01
9.200000000000000000e+03 9.049359999999999626e-01
9.300000000000000000e+03 9.094879999999999631e-01
9.400000000000000000e+03 8.955400000000001137e-01
9.500000000000000000e+03 9.103800000000000781e-01
9.600000000000000000e+03 9.022199999999999109e-01
9.700000000000000000e+03 8.991000000000000103e-01
9.800000000000000000e+03 9.116879999999999429e-01
9.900000000000000000e+03 9.052959999999999896e-01
1.000000000000000000e+04 9.180240000000000622e-01
1.010000000000000000e+04 9.219159999999999577e-01
1.020000000000000000e+04 8.908840000000000092e-01
1.030000000000000000e+04 9.118640000000000079e-01
1.040000000000000000e+04 9.178359999999998742e-01
1.050000000000000000e+04 9.184879999999999711e-01
1.060000000000000000e+04 9.115439999999999099e-01
1.070000000000000000e+04 9.132640000000000757e-01
1.080000000000000000e+04 9.120360000000000689e-01
1.090000000000000000e+04 9.229600000000000026e-01
1.100000000000000000e+04 9.124600000000000488e-01
1.110000000000000000e+04 9.084039999999998782e-01
1.120000000000000000e+04 9.256640000000000423e-01
1.130000000000000000e+04 9.002880000000000882e-01
1.140000000000000000e+04 9.105639999999999290e-01
1.150000000000000000e+04 9.209999999999999298e-01
1.160000000000000000e+04 9.142479999999999496e-01
1.170000000000000000e+04 9.238279999999998715e-01
1.180000000000000000e+04 9.007319999999999771e-01
1.190000000000000000e+04 9.107520000000000060e-01
1.200000000000000000e+04 9.060599999999999765e-01
1.210000000000000000e+04 9.174080000000000013e-01
1.220000000000000000e+04 9.300040000000000529e-01
1.230000000000000000e+04 9.214759999999999618e-01
1.240000000000000000e+04 9.130999999999998007e-01
1.250000000000000000e+04 9.216479999999998007e-01
1.260000000000000000e+04 9.163160000000000194e-01
1.270000000000000000e+04 9.072439999999999394e-01
1.280000000000000000e+04 9.124079999999998858e-01
1.290000000000000000e+04 9.236600000000000366e-01
1.300000000000000000e+04 9.172560000000000713e-01
1.310000000000000000e+04 9.186640000000000361e-01
1.320000000000000000e+04 9.227759999999999296e-01
1.330000000000000000e+04 8.983839999999999604e-01
1.340000000000000000e+04 9.146440000000000126e-01
1.350000000000000000e+04 9.096640000000000281e-01
1.360000000000000000e+04 9.250519999999999854e-01
1.370000000000000000e+04 9.008119999999999461e-01
1.380000000000000000e+04 9.175600000000000422e-01
1.390000000000000000e+04 9.132919999999999927e-01
1.400000000000000000e+04 9.182199999999998141e-01
1.410000000000000000e+04 9.235519999999999285e-01
1.420000000000000000e+04 9.066320000000001045e-01
1.430000000000000000e+04 9.066000000000000725e-01
1.440000000000000000e+04 9.299560000000000048e-01
1.450000000000000000e+04 8.993999999999999773e-01
1.460000000000000000e+04 9.080319999999999503e-01
1.470000000000000000e+04 9.029439999999999689e-01
1.480000000000000000e+04 8.914599999999999191e-01
1.490000000000000000e+04 9.023240000000000149e-01
1.500000000000000000e+04 9.114039999999999919e-01
1.510000000000000000e+04 9.086959999999999482e-01
1.520000000000000000e+04 9.164160000000001194e-01
1.530000000000000000e+04 9.069279999999999564e-01
1.540000000000000000e+04 9.147560000000000136e-01
1.550000000000000000e+04 9.183799999999999741e-01
1.560000000000000000e+04 9.174359999999999182e-01
1.570000000000000000e+04 9.231239999999998336e-01
1.580000000000000000e+04 9.218399999999999928e-01
1.590000000000000000e+04 9.213559999999999528e-01
1.600000000000000000e+04 9.232479999999999576e-01
1.610000000000000000e+04 9.198040000000000660e-01
1.620000000000000000e+04 9.131679999999999797e-01
1.630000000000000000e+04 9.028040000000000509e-01
1.640000000000000000e+04 9.260840000000001293e-01
1.650000000000000000e+04 9.220639999999999947e-01
1.660000000000000000e+04 9.149560000000001025e-01
1.670000000000000000e+04 9.177079999999999682e-01
1.680000000000000000e+04 9.097280000000000921e-01
1.690000000000000000e+04 9.020960000000000090e-01
1.700000000000000000e+04 9.061920000000001085e-01
1.710000000000000000e+04 9.042760000000000797e-01
1.720000000000000000e+04 9.032519999999999438e-01
1.730000000000000000e+04 9.142599999999999616e-01
1.740000000000000000e+04 9.039359999999998507e-01
1.750000000000000000e+04 9.081279999999999353e-01
1.760000000000000000e+04 9.271400000000000752e-01
1.770000000000000000e+04 9.037079999999999558e-01
1.780000000000000000e+04 9.128640000000000088e-01
1.790000000000000000e+04 9.181559999999999722e-01
1.800000000000000000e+04 9.276440000000000241e-01
1.810000000000000000e+04 9.054040000000000976e-01
1.820000000000000000e+04 9.073240000000000194e-01
1.830000000000000000e+04 9.180359999999999632e-01
1.840000000000000000e+04 9.119599999999999929e-01
1.850000000000000000e+04 9.141639999999999766e-01
1.860000000000000000e+04 8.984039999999999804e-01
1.870000000000000000e+04 9.128359999999998697e-01
1.880000000000000000e+04 9.080120000000000413e-01
1.890000000000000000e+04 9.323200000000000376e-01
1.900000000000000000e+04 9.001239999999999242e-01
1.910000000000000000e+04 9.200839999999999019e-01
1.920000000000000000e+04 9.299479999999999968e-01
1.930000000000000000e+04 9.234200000000000186e-01
1.940000000000000000e+04 8.943039999999998768e-01
1.950000000000000000e+04 9.145840000000000636e-01
1.960000000000000000e+04 9.234280000000000266e-01
1.970000000000000000e+04 9.127879999999999328e-01
1.980000000000000000e+04 9.123920000000000918e-01
1.990000000000000000e+04 9.216159999999999908e-01
2.000000000000000000e+04 9.190120000000000511e-01
2.010000000000000000e+04 9.121839999999998838e-01
2.020000000000000000e+04 8.909359999999999502e-01
2.030000000000000000e+04 9.124120000000000008e-01
2.040000000000000000e+04 9.045480000000000187e-01
2.050000000000000000e+04 9.130279999999998397e-01
2.060000000000000000e+04 9.024919999999999609e-01
2.070000000000000000e+04 9.139359999999999706e-01
2.080000000000000000e+04 9.091560000000000752e-01
2.090000000000000000e+04 9.154480000000000395e-01
2.100000000000000000e+04 9.223839999999999817e-01
2.110000000000000000e+04 8.979519999999998614e-01
2.120000000000000000e+04 9.199399999999999800e-01
2.130000000000000000e+04 9.148920000000000385e-01
2.140000000000000000e+04 9.000639999999999752e-01
2.150000000000000000e+04 9.154080000000001105e-01
2.160000000000000000e+04 9.173079999999999012e-01
2.170000000000000000e+04 9.303040000000000198e-01
2.180000000000000000e+04 9.251080000000000414e-01
2.190000000000000000e+04 9.195880000000000720e-01
2.200000000000000000e+04 9.176320000000001142e-01
2.210000000000000000e+04 9.179760000000001252e-01
2.220000000000000000e+04 9.169079999999999453e-01
2.230000000000000000e+04 9.000440000000000662e-01
2.240000000000000000e+04 9.032199999999999118e-01
2.250000000000000000e+04 9.067879999999999274e-01
2.260000000000000000e+04 9.238399999999997725e-01
2.270000000000000000e+04 9.173400000000000443e-01
2.280000000000000000e+04 9.122080000000001299e-01
2.290000000000000000e+04 9.137759999999999216e-01
2.300000000000000000e+04 9.120719999999998828e-01
2.310000000000000000e+04 9.250600000000001044e-01
2.320000000000000000e+04 9.260439999999998673e-01
2.330000000000000000e+04 9.075320000000000054e-01
2.340000000000000000e+04 9.132679999999999687e-01
2.350000000000000000e+04 9.065880000000000605e-01
2.360000000000000000e+04 9.130159999999999387e-01
2.370000000000000000e+04 9.121599999999999708e-01
2.380000000000000000e+04 8.966840000000000366e-01
2.390000000000000000e+04 9.301519999999998678e-01
2.400000000000000000e+04 9.144119999999998916e-01
2.410000000000000000e+04 9.133559999999999457e-01
2.420000000000000000e+04 9.021680000000000810e-01
2.430000000000000000e+04 9.154680000000000595e-01
2.440000000000000000e+04 9.177840000000001552e-01
2.450000000000000000e+04 9.132279999999999287e-01
2.460000000000000000e+04 9.086720000000001463e-01
2.470000000000000000e+04 9.082999999999998852e-01
2.480000000000000000e+04 9.035600000000000298e-01
2.490000000000000000e+04 9.252000000000000224e-01
2.500000000000000000e+04 9.197920000000000540e-01
2.510000000000000000e+04 9.128519999999999968e-01
2.520000000000000000e+04 9.160920000000001284e-01
2.530000000000000000e+04 9.049880000000000146e-01
2.540000000000000000e+04 9.118680000000000119e-01
2.550000000000000000e+04 8.975960000000000605e-01
2.560000000000000000e+04 9.259640000000000093e-01
2.570000000000000000e+04 9.131439999999998447e-01
2.580000000000000000e+04 9.054560000000000386e-01
2.590000000000000000e+04 9.147999999999999465e-01
2.600000000000000000e+04 9.097200000000000841e-01
2.610000000000000000e+04 9.187400000000000011e-01
2.620000000000000000e+04 9.030759999999999899e-01
2.630000000000000000e+04 9.126119999999999788e-01
2.640000000000000000e+04 9.067159999999999664e-01
2.650000000000000000e+04 9.067640000000000144e-01
2.660000000000000000e+04 9.112680000000000780e-01
2.670000000000000000e+04 9.170559999999999823e-01
2.680000000000000000e+04 9.309839999999999227e-01
2.690000000000000000e+04 9.226560000000000317e-01
2.700000000000000000e+04 9.133160000000000167e-01
2.710000000000000000e+04 9.281840000000001201e-01
2.720000000000000000e+04 9.106400000000000050e-01
2.730000000000000000e+04 9.061079999999999135e-01
2.740000000000000000e+04 9.326960000000001916e-01
2.750000000000000000e+04 9.116079999999999739e-01
2.760000000000000000e+04 9.156400000000000095e-01
2.770000000000000000e+04 9.187319999999999931e-01
2.780000000000000000e+04 9.097559999999998981e-01
2.790000000000000000e+04 9.137960000000000527e-01
2.800000000000000000e+04 9.200559999999999850e-01
2.810000000000000000e+04 9.133720000000000727e-01
2.820000000000000000e+04 9.244040000000000035e-01
2.830000000000000000e+04 9.376760000000000650e-01
2.840000000000000000e+04 9.144519999999998205e-01
2.850000000000000000e+04 9.231599999999998696e-01
2.860000000000000000e+04 8.936479999999999979e-01
2.870000000000000000e+04 9.036440000000001138e-01
2.880000000000000000e+04 9.120200000000000529e-01
2.890000000000000000e+04 9.196639999999999260e-01
2.900000000000000000e+04 9.260960000000000303e-01
2.910000000000000000e+04 9.102360000000000451e-01
2.920000000000000000e+04 9.055720000000000436e-01
2.930000000000000000e+04 9.311919999999999087e-01
2.940000000000000000e+04 9.024079999999999879e-01
2.950000000000000000e+04 9.095879999999999521e-01
2.960000000000000000e+04 9.219159999999999577e-01
2.970000000000000000e+04 9.154959999999999765e-01
2.980000000000000000e+04 9.083360000000000323e-01
2.990000000000000000e+04 9.047760000000000247e-01
3.000000000000000000e+04 8.968840000000001256e-01
