0
1
2
3
5
6
10
12
13
14
15
16
17
18
21
23
24
25
27
29
31
33
34
35
39
40
41
42
46
51
52
53
55
56
58
59
60
63
65
66
71
72
73
75
79
80
81
83
88
89
91
92
93
94
96
97
98
99
101
103
104
105
106
112
113
115
117
122
123
124
125
126
127
129
131
132
136
138
139
140
142
143
146
152
154
155
156
157
159
162
163
166
168
169
173
174
177
181
182
183
184
186
189
190
193
194
196
197
198
202
203
206
207
209
211
212
213
214
217
220
224
225
227
229
231
233
234
237
238
240
241
243
244
245
246
247
248
250
252
254
259
260
261
263
264
265
266
267
268
270
271
272
273
274
275
277
278
279
280
282
284
285
286
287
289
292
293
295
297
299
300
302
305
306
307
310
312
313
314
316
319
321
323
326
327
328
329
330
331
332
333
334
338
344
348
351
352
354
355
356
357
358
361
362
365
367
368
369
371
373
375
376
377
378
380
381
382
384
385
386
387
389
390
391
392
393
396
398
399
401
402
405
407
409
410
411
414
415
416
417
418
419
420
421
422
423
424
425
427
428
429
433
435
436
437
438
439
440
444
445
446
447
448
449
451
452
456
458
468
470
471
474
476
477
478
481
482
483
486
487
491
492
493
495
497
498
500
501
502
505
507
508
509
510
511
512
513
514
517
518
519
520
521
522
523
524
525
526
527
529
530
531
535
540
543
544
549
554
556
560
561
564
565
569
570
574
575
576
579
581
583
585
586
588
589
594
596
597
598
599
601
604
605
606
607
608
609
610
613
615
620
621
624
626
627
628
629
631
632
638
639
640
641
642
643
644
646
647
648
649
650
651
652
653
654
655
657
659
660
661
662
663
664
665
667
669
670
671
672
673
674
675
676
679
682
684
685
686
687
688
689
691
692
694
695
696
697
698
699
700
701
702
706
709
710
714
715
716
717
721
722
725
726
728
729
732
736
738
739
740
742
743
744
747
751
754
755
756
759
760
763
764
765
766
767
768
771
773
774
775
779
780
782
783
784
789
790
794
798
799
801
805
806
809
810
813
815
818
819
821
824
825
827
829
833
834
835
837
838
846
849
851
855
856
857
858
859
860
864
865
868
869
870
873
874
878
881
882
884
887
889
890
894
895
896
897
901
903
904
905
907
908
911
913
914
915
916
918
919
920
922
925
926
928
929
931
933
934
937
938
942
946
947
948
949
950
951
954
956
957
959
964
966
967
970
972
980
983
984
985
986
987
988
989
990
993
996
998
1000
1002
1006
1008
1009
1010
1011
1012
1015
1016
1017
1018
1020
1021
1024
1027
1028
1032
1034
1035
1036
1037
1038
1041
1043
1050
1053
1054
1058
1061
1063
1064
1065
1066
1067
1070
1071
1072
1074
1075
1076
1078
1079
1084
1086
1088
1090
1093
1099
1100
1101
1102
1105
1106
1107
1108
1110
1112
1114
1115
1121
1122
1123
1124
1126
1127
1129
1133
1134
1135
1139
1140
1141
1143
1145
1146
1148
1149
1151
1152
1156
1160
1163
1164
1165
1168
1169
1172
1174
1178
1180
1181
1183
1185
1186
1190
1191
1195
1196
1198
1200
1202
1207
1210
1218
1220
1221
1225
1227
1228
1229
1230
1231
1234
1235
1236
1237
1239
1240
1241
1245
1246
1248
1249
1251
1252
1256
1257
1258
1260
1264
1265
1267
1270
1271
1272
1273
1275
1276
1277
1278
1279
1280
1281
1282
1285
1286
1287
1288
1289
1290
1291
1292
1293
1294
1295
1297
1299
1301
1302
1303
1304
1307
1308
1309
1311
1312
1314
1316
1317
1318
1320
1322
1324
1326
1328
1329
1332
1333
1335
1336
1337
1338
1341
1343
1345
1346
1347
1348
1349
1350
1351
1353
1355
1357
1359
1360
1361
1362
1363
1365
1366
1370
1371
1379
1381
1384
1385
1386
1393
1394
1395
1396
1397
1398
1401
1406
1407
1408
1415
1417
1423
1424
1425
1426
1430
1431
1432
1433
1434
1435
1437
1438
1439
1440
1441
1442
1444
1445
1446
1447
1448
1450
1452
1453
1454
1455
1457
1459
1460
1465
1466
1467
1469
1470
1472
1475
1477
1479
1480
1481
1482
1483
1485
1487
1488
1492
1493
1495
1497
1505
1507
1508
1509
1510
1511
1512
1513
1515
1518
1519
1521
1522
1523
1526
1527
1529
1530
1532
1533
1535
1537
1538
1539
1540
1541
1543
1544
1545
1546
1549
1555
1556
1557
1559
1562
1563
1565
1567
1569
1570
1571
1574
1576
1577
1578
1579
1580
1582
1583
1584
1585
1586
1587
1588
1589
1590
1591
1594
1595
1596
1598
1601
1602
1604
1605
1608
1609
1610
1613
1614
1615
1616
1617
1619
1622
1623
1624
1625
1626
1628
1629
1630
1632
1634
1635
1636
1639
1641
1642
1645
1646
1647
1648
1650
1651
1652
1658
1660
1661
1662
1663
1666
1668
1669
1671
1672
1673
1674
1675
1676
1677
1678
1679
1680
1681
1682
1685
1686
1690
1693
1694
1695
1696
1698
1702
1703
1704
1707
1708
1709
1710
1713
1715
1719
1724
1727
1728
1731
1732
1733
1735
1738
1740
1746
1747
1749
1752
1754
1755
1760
1761
1762
1763
1765
1767
1768
1769
1774
1775
1776
1777
1779
1780
1781
1782
1783
1784
1786
1787
1788
1789
1790
1791
1792
1793
1794
1796
1798
1799
1800
1802
1803
1804
1805
1810
1811
1812
1813
1815
1816
1817
1818
1819
1820
1821
1827
1830
1835
1836
1839
1840
1842
1843
1844
1845
1846
1847
1848
1849
1852
1853
1854
1855
1856
1858
1859
1860
1861
1862
1863
1865
1866
1867
1869
1870
1871
1872
1873
1874
1875
1877
1879
1880
1881
1882
1883
1886
1887
1888
1889
1890
1892
1893
1897
1898
1900
1902
1903
1904
1905
1906
1907
1908
1912
1914
1915
1916
1917
1920
1923
1924
1925
1928
1929
1930
1931
1933
1934
1935
1936
1938
1939
1940
1942
1943
1944
1945
1946
1947
1949
1950
1952
1953
1954
1955
1957
1959
1963
1964
1965
1966
1967
1968
1969
1970
1971
1972
1974
1975
1977
1978
1979
1980
1983
1984
1985
1987
1988
1989
1990
1994
1995
1996
1997
1999
2000
2001
2002
2003
2006
2009
2010
2011
2012
2013
2014
2015
2017
2018
2019
2020
2022
2024
2026
2027
2029
2031
2034
2035
2036
2038
2039
2040
2042
2043
2046
2047
2048
2050
2051
2052
2053
2054
2055
2057
2058
2060
2061
2064
2066
2067
2068
2069
2071
2073
2074
2076
2077
2078
2079
2080
2085
2086
2088
2089
2092
2093
2096
2100
2102
2105
2106
2107
2108
2109
2110
2111
2112
2113
2115
2116
2117
2120
2121
2126
2128
2130
2131
2134
2135
2136
2137
2138
2139
2141
2142
2143
2146
2148
2150
2151
2156
2157
2158
2159
2161
2165
2167
2169
2172
2175
2177
2179
2180
2181
2182
2183
2185
2188
2189
2190
2192
2193
2194
2195
2196
2197
2199
2200
2201
2203
2204
2205
2206
2207
2209
2211
2214
2215
2216
2217
2219
2220
2221
2222
2223
2224
2225
2226
2227
2228
2229
2230
2231
2233
2236
2237
2238
2240
2242
2244
2248
2249
2250
2251
2252
2253
2254
2255
2256
2257
2258
2259
2260
2262
2264
2265
2267
2268
2270
2271
2272
2273
2274
2275
2277
2278
2280
2283
2284
2285
2286
2287
2291
2292
2293
2294
2298
2300
2301
2302
2305
2306
2308
2312
2313
2314
2315
2316
2317
2318
2319
2321
2323
2324
2325
2326
2327
2328
2329
2331
2332
2334
2336
2337
2340
2341
2342
2344
2346
2348
2351
2354
2355
2356
2357
2358
2360
2361
2362
2363
2364
2367
2368
2371
2373
2374
2375
2376
2377
2378
2379
2380
2382
2383
2384
2385
2386
2387
2389
2390
2391
2392
2394
2395
2396
2399
2401
2402
2403
2404
2405
2406
2407
2411
2412
2413
2414
2415
2418
2419
2421
2423
2424
2428
2429
2430
2431
2432
2433
2434
2436
2437
2438
2439
2440
2441
2443
2444
2449
2450
2451
2453
2454
2455
2460
2462
2463
2465
2466
2467
2469
2470
2472
2473
2475
2476
2478
2479
2480
2482
2483
2484
2485
2486
2487
2488
2489
2490
2491
2492
2494
2495
2496
2497
2499
2503
2504
2506
2507
2508
2509
2512
2514
2517
2519
2520
2521
2522
2523
2524
2525
2526
2527
2528
2529
2530
2531
2533
2534
2535
2539
2541
2542
2543
2545
2547
2548
2549
2550
2551
2552
2553
2554
2555
2556
2557
2558
2559
2561
2562
2564
2568
2570
2571
2573
2574
2575
2576
2578
2579
2581
2583
2584
2585
2586
2589
2590
2591
2592
2594
2595
2597
2599
2601
2602
2603
2604
2606
2607
2609
2611
2615
2617
2619
2620
2621
2623
2624
2625
2626
2627
2628
2630
2632
2635
2636
2637
2638
2640
2642
2643
2644
2645
2647
2648
2649
2651
2652
2653
2654
2656
2657
2658
2659
2662
2663
2664
2666
2667
2668
2671
2672
2673
2674
2675
2676
2678
2679
2680
2681
2683
2685
2686
2687
2689
2691
2692
2693
2695
2697
2699
2700
2704
2705
2707
2708
2709
2710
2711
2712
2713
2714
2716
2718
2720
2721
2723
2725
2726
2727
2729
2731
2732
2733
2734
2735
2736
2737
2739
2741
2742
2743
2744
2745
2747
2750
2751
2753
2754
2764
2765
2767
2768
2769
2772
2773
2774
2775
2777
2778
2779
2782
2783
2785
2787
2790
2791
2792
2793
2795
2796
2797
2799
2800
2801
2802
2803
2804
2805
2808
2809
2812
2813
2818
2819
2820
2821
2822
2823
2825
2826
2828
2832
2833
2835
2836
2837
2838
2839
2840
2841
2842
2843
2845
2846
2847
2852
2854
2855
2856
2857
2858
2859
2860
2861
2862
2863
2866
2867
2868
2869
2870
2871
2872
2873
2874
2875
2876
2877
2879
2881
2882
2883
2884
2885
2886
2888
2889
2891
2892
2895
2896
2898
2903
2904
2905
2907
2909
2910
2912
2914
2915
2916
2917
2919
2922
2923
2926
2927
2929
2930
2931
2932
2933
2934
2935
2936
2937
2938
2939
2940
2944
2945
2946
2947
2948
2949
2950
2951
2952
2953
2954
2955
2956
2957
2958
2959
2960
2962
2963
2965
2966
2967
2968
2969
2970
2971
2973
2974
2975
2976
2977
2979
2980
2981
2982
2983
2984
2985
2987
2988
2989
2990
2992
2993
2994
2995
2996
2997
2998
2999
3001
3002
3003
3007
3008
3009
3010
3012
3014
3015
3016
3019
3020
3022
3023
3026
3027
3028
3029
3030
3031
3033
3034
3036
3037
3038
3039
3043
3045
3046
3047
3048
3049
3050
3052
3053
3054
3055
3056
3057
3058
3059
3060
3061
3062
3063
3065
3066
3069
3070
3071
3072
3073
3074
3075
3076
3077
3078
3080
3081
3082
3083
3084
3085
3086
3087
3088
3089
3090
3091
3093
3094
3095
3098
3099
3100
3101
3102
3103
3104
3105
3106
3107
3108
3111
3112
3113
3114
3115
3116
3117
3118
3119
3120
3121
3123
3124
3125
3126
3127
3129
3130
3131
3132
3133
3134
3138
3139
3141
3142
3143
3145
3146
3147
3148
3150
3151
3152
3153
3154
3156
3157
3158
3159
3160
3161
3163
3165
3166
3168
3169
3170
3171
3172
3173
3174
3175
3177
3178
3179
3180
3181
3182
3183
3184
3185
3186
3188
3189
3192
3193
3194
3195
3196
3197
3199
3200
3201
3202
3203
3204
3207
3209
3210
3214
3215
3216
3217
3218
3219
3220
3221
3222
3223
3224
3226
3227
3231
3232
3233
3235
3238
3239
3240
3241
3242
3243
3244
3246
3247
3249
3250
3251
3252
3256
3257
3258
3259
3260
3261
3263
3264
3266
3268
3269
3270
3271
3272
3273
3274
3275
3277
3278
3280
3281
3283
3285
3286
3287
3289
3290
3291
3292
3294
3295
3296
3302
3303
3304
3305
3306
3309
3311
3312
3313
3315
3316
3318
3319
3320
3321
3322
3323
3324
3325
3327
3328
3329
3330
3331
3332
3336
3339
3340
3342
3343
3344
3345
3347
3348
3353
3354
3355
3356
3357
3358
3360
3362
3363
3364
3365
3366
3368
3370
3371
3372
3374
3377
3378
3379
3381
3382
3383
3384
3385
3386
3388
3389
3390
3391
3392
3393
3395
3396
3397
3398
3400
3402
3405
3407
3408
3409
3410
3411
3412
3414
3418
3424
3425
3426
3427
3428
3429
3431
3432
3433
3436
3437
3440
3442
3443
3444
3446
3448
3449
3450
3451
3453
3454
3455
3456
3457
3458
3459
3460
3462
3463
3464
3465
3466
3467
3468
3470
3471
3472
3473
3475
3476
3478
3479
3480
3481
3483
3484
3485
3489
3490
3491
3492
3495
3496
3497
3498
3499
3500
3501
3503
3504
3505
3506
3507
3509
3510
3513
3514
3515
3516
3517
3518
3519
3521
3522
3523
3524
3526
3527
3528
3529
3530
3532
3533
3534
3535
3536
3539
3540
3542
3543
3545
3546
3547
3548
3549
3550
3551
3552
3553
3554
3557
3558
3559
3560
3561
3563
3564
3565
3566
3567
3568
3569
3570
3571
3572
3573
3575
3576
3579
3580
3582
3584
3585
3587
3588
3589
3590
3591
3592
3593
3594
3595
3597
3598
3599
3600
3601
3603
3604
3605
3606
3607
3609
3612
3613
3615
3617
3618
3619
3620
3622
3624
3625
3626
3627
3628
3629
3630
3631
3632
3633
3634
3635
3636
3637
3638
3639
3641
3642
3645
3647
3648
3649
3650
3651
3652
3653
3654
3655
3657
3658
3659
3660
3661
3662
3663
3664
3665
3666
3668
3669
3670
3672
3673
3674
3675
3676
3677
3680
3681
3682
3683
3684
3685
3686
3687
3688
3689
3690
3692
3694
3695
3696
3697
3698
3699
3702
3703
3705
3706
3707
3708
3709
3710
3713
3714
3715
3716
3717
3718
3719
3720
3721
3724
3725
3726
3728
3730
3732
3733
3734
3735
3737
3738
3740
3741
3742
3748
3750
3752
3754
3755
3756
3759
3760
3763
3764
3766
3767
3768
3769
3771
3772
3773
3774
3776
3777
3781
3782
3783
3786
3787
3788
3789
3790
3791
3792
3793
3795
3796
3797
3800
3801
3802
3803
3804
3805
3806
3807
3810
3811
3812
3814
3815
3816
3817
3818
3820
3821
3822
3823
3824
3825
3826
3827
3828
3829
3831
3832
3833
3834
3835
3836
3837
3839
3840
3842
3843
3845
3847
3848
3849
3850
3851
3852
3855
3856
3857
3859
3860
3861
3863
3864
3865
3867
3869
3870
3871
3872
3873
3875
3876
3877
3878
3879
3881
3882
3883
3884
3885
3887
3888
3890
3892
3893
3894
3895
3897
3898
3899
3900
3901
3902
3903
3904
3906
3907
3909
3910
3913
3917
3920
3922
3923
3924
3925
3926
3927
3930
3932
3933
3935
3936
3937
3938
3941
3942
3943
3944
3946
3947
3948
3949
3951
3954
3955
3956
3958
3959
3960
3962
3963
3964
3965
3966
3967
3968
3969
3971
3972
3973
3974
3975
3978
3979
3981
3982
3984
3986
3987
3988
3992
3993
3995
3996
4002
4005
4006
4007
4008
4009
4010
4011
4012
4013
4014
4015
4016
4017
4018
4019
4020
4021
4022
4023
4024
4025
4026
4027
4028
4031
4033
4035
4036
4037
4038
4039
4040
4042
4043
4047
4048
4050
4053
4054
4055
4057
4058
4059
4061
4062
4064
4067
4068
4070
4073
4074
4075
4077
4078
4079
4080
4082
4083
4084
4087
4088
4089
4090
4091
4092
4093
4094
4095
4096
4097
4098
4099
4100
4101
4102
4103
4104
4106
4107
4108
4109
4110
4111
4112
4113
4114
4115
4116
4117
4120
4121
4122
4123
4124
4125
4126
4127
4128
4129
4130
4131
4132
4133
4134
4135
4136
4137
4138
4139
4141
4142
4146
4147
4149
4150
4151
4152
4153
4154
4155
4159
4160
4162
4163
4164
4165
4167
4168
4169
4170
4171
4172
4173
4175
4176
4177
4178
4179
4180
4181
4183
4184
4185
4186
4187
4188
4189
4191
4192
4193
4194
4195
4197
4198
4199
4200
4201
4203
4204
4205
4207
4209
4211
4212
4213
4214
4215
4216
4219
4220
4221
4222
4223
4224
4227
4229
4230
4231
4233
4234
4235
4236
4238
4240
4241
4242
4243
4244
4245
4246
4247
4248
4249
4250
4251
4253
4254
4255
4256
4257
4260
4261
4262
4263
4264
4265
4266
4268
4272
4273
4274
4275
4276
4277
4279
4280
4281
4282
4283
4284
4285
4286
4287
4288
4289
4290
4291
4294
4295
4296
4297
4299
4300
4301
4302
4303
4304
4305
4306
4307
4308
4309
4312
4313
4314
4315
4316
4317
4318
4320
4323
4324
4325
4328
4329
4330
4331
4333
4334
4336
4337
4339
4340
4341
4343
4344
4345
4346
4347
4348
4349
4350
4351
4353
4354
4357
4359
4360
4361
4364
4365
4367
4368
4369
4370
4372
4373
4374
4375
4376
4377
4378
4379
4380
4381
4383
4384
4385
4386
4389
4390
4392
4393
4394
4400
4401
4402
4403
4404
4405
4406
4408
4412
4413
4414
4415
4416
4417
4418
4419
4420
4423
4424
4425
4426
4429
4430
4431
4433
4434
4435
4436
4437
4438
4439
4440
4442
4444
4448
4449
4450
4451
4453
4454
4455
4457
4460
4461
4462
4463
4464
4465
4466
4467
4469
4471
4472
4473
4474
4476
4478
4480
4481
4483
4484
4485
4488
4489
4490
4491
4492
4493
4494
4495
4496
4497
4498
4499
4500
4501
4502
4503
4504
4505
4506
4507
4508
4510
4511
4512
4513
4514
4515
4516
4517
4518
4519
4520
4522
4523
4524
4525
4526
4527
4528
4530
4531
4532
4533
4534
4535
4536
4537
4541
4542
4545
4548
4549
4550
4551
4553
4554
4555
4556
4557
4558
4559
4560
4561
4562
4563
4564
4565
4566
4567
4569
4570
4571
4574
4575
4577
4578
4579
4580
4581
4582
4583
4584
4585
4586
4588
4589
4590
4592
4593
4594
4595
4596
4597
4598
4599
4600
4601
4602
4604
4605
4606
4607
4608
4609
4610
4612
4613
4614
4615
4616
4617
4618
4619
4620
4621
4622
4623
4624
4626
4628
4629
4630
4631
4632
4633
4635
4636
4637
4638
4639
4640
4641
4642
4643
4644
4645
4646
4648
4649
4650
4651
4652
4654
4655
4656
4658
4659
4660
4661
4662
4663
4665
4666
4668
4669
4670
4671
4672
4673
4674
4675
4676
4677
4678
4679
4680
4681
4682
4683
4684
4687
4688
4690
4691
4692
4693
4694
4695
4696
4697
4698
4700
4701
4702
4703
4706
4707
4708
4709
4710
4711
4712
4714
4715
4716
4717
4718
4720
4721
4722
4723
4724
4725
4729
4730
4731
4733
4734
4735
4736
4737
4738
4739
4740
4741
4742
4745
4746
4747
4748
4749
4751
4752
4753
4754
4755
4756
4757
4758
4759
4760
4761
4762
4763
4764
4765
4766
4767
4768
4769
4770
4771
4772
4773
4774
4776
4777
4778
4779
4781
4782
4783
4784
4785
4786
4787
4788
4789
4790
4791
4792
4793
4794
4795
4796
4797
4798
4799
4800
4801
4802
4803
4804
4805
4806
4807
4808
4809
4810
4811
4812
4813
4814
4815
4816
4817
4818
4819
4820
4821
4822
4823
4824
4825
4826
4827
4828
4829
4830
4831
4832
4833
4834
4835
4837
4838
4839
4840
4841
4842
4843
4844
4845
4846
4847
4848
4849
4851
4852
4853
4854
4855
4856
4859
4860
4861
4862
4863
4865
4866
4867
4869
4870
4871
4872
4873
4874
4875
4877
4878
4879
4880
4881
4882
4883
4884
4885
4886
4887
4888
4890
4891
4893
4894
4895
4896
4897
4898
4899
4900
4901
4902
4903
4905
4907
4908
4910
4911
4912
4913
4915
4916
4917
4919
4920
4921
4922
4923
4924
4925
4926
4927
4930
4932
4934
4935
4936
4938
4939
4940
4941
4943
4944
4945
4946
4947
4948
4949
4950
4951
4952
4953
4954
4955
4956
4957
4958
4959
4960
4961
4963
4964
4965
4966
4968
4969
4971
4974
4975
4976
4977
4978
4979
4980
4981
4982
4984
4985
4986
4987
4988
4989
4990
4991
4992
4993
4995
4997
4999
5000
5001
5002
5003
5004
5005
5007
5008
5009
5010
5012
5013
5014
5015
5016
5017
5018
5022
5024
5027
5028
5029
5030
5031
5032
5033
5035
5036
5038
5040
5041
5042
5044
5045
5046
5047
5049
5050
5051
5052
5053
5054
5056
5057
5058
5059
5060
5061
5062
5063
5064
5065
5066
5067
5069
5070
5071
5073
5074
5075
5076
5080
5081
5082
5083
5084
5085
5086
5087
5088
5089
5090
5091
5092
5093
5094
5095
5096
5097
5101
5103
5104
5106
5107
5108
5109
5110
5111
5112
5113
5115
5116
5117
5118
5119
5120
5121
5123
5126
5128
5130
5131
5132
5133
5134
5135
5136
5137
5138
5139
5140
5141
5143
5144
5145
5146
5147
5148
5149
5150
5151
5152
5153
5154
5156
5157
5159
5160
5161
5162
5163
5164
5165
5166
5167
5168
5169
5170
5173
5174
5175
5176
5177
5180
5181
5182
5183
5184
5185
5186
5188
5189
5190
