0.000000000000000000e+00 5.056863710523411548e-01
1.000000000000000000e+02 4.209306621289803929e-01
2.000000000000000000e+02 5.204072246313271588e-01
3.000000000000000000e+02 6.307747880150491593e-01
4.000000000000000000e+02 5.983393578834188542e-01
5.000000000000000000e+02 6.550105362045985924e-01
6.000000000000000000e+02 6.695527843239396093e-01
7.000000000000000000e+02 6.821754911497429630e-01
8.000000000000000000e+02 7.051870576630039356e-01
9.000000000000000000e+02 6.965653515068760404e-01
1.000000000000000000e+03 7.163868991513581141e-01
1.100000000000000000e+03 7.131775518834486682e-01
1.200000000000000000e+03 7.336675273668913366e-01
1.300000000000000000e+03 7.497051400943297583e-01
1.400000000000000000e+03 7.437269196909566116e-01
1.500000000000000000e+03 7.670548985266465447e-01
1.600000000000000000e+03 7.643946278741396982e-01
1.700000000000000000e+03 7.927306453304940881e-01
1.800000000000000000e+03 7.763195947323090484e-01
1.900000000000000000e+03 8.024423707851731091e-01
2.000000000000000000e+03 7.807170240051063415e-01
2.100000000000000000e+03 8.028600600401926135e-01
2.200000000000000000e+03 8.066484435795973074e-01
2.300000000000000000e+03 8.067210104343127686e-01
2.400000000000000000e+03 8.164740464569805178e-01
2.500000000000000000e+03 8.342397537885106740e-01
2.600000000000000000e+03 8.215872874876252174e-01
2.700000000000000000e+03 8.399186368474093056e-01
2.800000000000000000e+03 8.435014652614024611e-01
2.900000000000000000e+03 8.650216949692430823e-01
3.000000000000000000e+03 8.567307830254539125e-01
3.100000000000000000e+03 8.470798483841531779e-01
3.200000000000000000e+03 8.622581475908741577e-01
3.300000000000000000e+03 8.646192914102887039e-01
3.400000000000000000e+03 8.650500053981302617e-01
3.500000000000000000e+03 8.726126725710090515e-01
3.600000000000000000e+03 8.713013544546084344e-01
3.700000000000000000e+03 8.708495247171089693e-01
3.800000000000000000e+03 8.767378480804821628e-01
3.900000000000000000e+03 8.900345902372563955e-01
4.000000000000000000e+03 8.929504489123865074e-01
4.100000000000000000e+03 8.876988196917734442e-01
4.200000000000000000e+03 9.037221278841393035e-01
4.300000000000000000e+03 8.922295312605362794e-01
4.400000000000000000e+03 9.094621443488023482e-01
4.500000000000000000e+03 9.000983123114515427e-01
4.600000000000000000e+03 8.860224358608561612e-01
4.700000000000000000e+03 8.978525049192216390e-01
4.800000000000000000e+03 8.963959276919040153e-01
4.900000000000000000e+03 9.146341928678658473e-01
5.000000000000000000e+03 9.123970435284390890e-01
5.100000000000000000e+03 9.067539377471577344e-01
5.200000000000000000e+03 9.050033210219926572e-01
5.300000000000000000e+03 9.197969505242358235e-01
5.400000000000000000e+03 9.084743330791875682e-01
5.500000000000000000e+03 9.215449764152852108e-01
5.600000000000000000e+03 9.227489357813922766e-01
5.700000000000000000e+03 9.382391274808131731e-01
5.800000000000000000e+03 9.273831856562616549e-01
5.900000000000000000e+03 9.293146591335211815e-01
6.000000000000000000e+03 9.375716544533965191e-01
6.100000000000000000e+03 9.327862440147417500e-01
6.200000000000000000e+03 9.192720617899234892e-01
6.300000000000000000e+03 9.285387318536062473e-01
6.400000000000000000e+03 9.320961745379767738e-01
6.500000000000000000e+03 9.428826281657953778e-01
6.600000000000000000e+03 9.370229093645126017e-01
6.700000000000000000e+03 9.333477109333060406e-01
6.800000000000000000e+03 9.313934381870984103e-01
6.900000000000000000e+03 9.363952582622430132e-01
7.000000000000000000e+03 9.458219443642821300e-01
7.100000000000000000e+03 9.423810600881243893e-01
7.200000000000000000e+03 9.448154332765161811e-01
7.300000000000000000e+03 9.387378646455361020e-01
7.400000000000000000e+03 9.475751522836461938e-01
7.500000000000000000e+03 9.470703064533344540e-01
7.600000000000000000e+03 9.390894783877635765e-01
7.700000000000000000e+03 9.333553047370868327e-01
7.800000000000000000e+03 9.412781212552797649e-01
7.900000000000000000e+03 9.424421162582325984e-01
8.000000000000000000e+03 9.401380302020233559e-01
8.100000000000000000e+03 9.283054206623846394e-01
8.200000000000000000e+03 9.369438361989614883e-01
8.300000000000000000e+03 9.481498959646450508e-01
8.400000000000000000e+03 9.479936358408039832e-01
8.500000000000000000e+03 9.459544596859228438e-01
8.600000000000000000e+03 9.510962307141886951e-01
8.700000000000000000e+03 9.506124978965024841e-01
8.800000000000000000e+03 9.490310813869708984e-01
8.900000000000000000e+03 9.381260262223565238e-01
9.000000000000000000e+03 9.533918738000216608e-01
9.100000000000000000e+03 9.503309410963701742e-01
9.200000000000000000e+03 9.495385455645604100e-01
9.300000000000000000e+03 9.435543393847698468e-01
9.400000000000000000e+03 9.494365306994183573e-01
9.500000000000000000e+03 9.417536471727950831e-01
9.600000000000000000e+03 9.518951055793547500e-01
9.700000000000000000e+03 9.487763940434221777e-01
9.800000000000000000e+03 9.573845802615151834e-01
9.900000000000000000e+03 9.467830683820437354e-01
1.000000000000000000e+04 9.470287828366247274e-01
1.010000000000000000e+04 9.430628040919104560e-01
1.020000000000000000e+04 9.515530897064273796e-01
1.030000000000000000e+04 9.533688076278816759e-01
1.040000000000000000e+04 9.419631961545857912e-01
1.050000000000000000e+04 9.613448947850433690e-01
1.060000000000000000e+04 9.508950255799277773e-01
1.070000000000000000e+04 9.489816938798658619e-01
1.080000000000000000e+04 9.525112544199156872e-01
1.090000000000000000e+04 9.651670871759758796e-01
1.100000000000000000e+04 9.517659776376770076e-01
1.110000000000000000e+04 9.511401521005150572e-01
1.120000000000000000e+04 9.513948719303375601e-01
1.130000000000000000e+04 9.518237712272924478e-01
1.140000000000000000e+04 9.519450209794246831e-01
1.150000000000000000e+04 9.481475196064870214e-01
1.160000000000000000e+04 9.464581299974754725e-01
1.170000000000000000e+04 9.522785383606735543e-01
1.180000000000000000e+04 9.495799871608472387e-01
1.190000000000000000e+04 9.588007004641828646e-01
1.200000000000000000e+04 9.529143973254627920e-01
1.210000000000000000e+04 9.557620092270262546e-01
1.220000000000000000e+04 9.584404970943557478e-01
1.230000000000000000e+04 9.401290823137400388e-01
1.240000000000000000e+04 9.473278209750012335e-01
1.250000000000000000e+04 9.523912390152137197e-01
1.260000000000000000e+04 9.459688134922351610e-01
1.270000000000000000e+04 9.483952387740890444e-01
1.280000000000000000e+04 9.478723015726747692e-01
1.290000000000000000e+04 9.436162123101127230e-01
1.300000000000000000e+04 9.515098743362291334e-01
1.310000000000000000e+04 9.419705490193432951e-01
1.320000000000000000e+04 9.479360736857183056e-01
1.330000000000000000e+04 9.417319797512171409e-01
1.340000000000000000e+04 9.548429122326702601e-01
1.350000000000000000e+04 9.538239784074257210e-01
1.360000000000000000e+04 9.468016281795164080e-01
1.370000000000000000e+04 9.528305807035252206e-01
1.380000000000000000e+04 9.451317140440326225e-01
1.390000000000000000e+04 9.503122324454494896e-01
1.400000000000000000e+04 9.482670126426171464e-01
1.410000000000000000e+04 9.558665852868752921e-01
1.420000000000000000e+04 9.480490215062034043e-01
1.430000000000000000e+04 9.458336153278615877e-01
1.440000000000000000e+04 9.550164422198672565e-01
1.450000000000000000e+04 9.542840593534306359e-01
1.460000000000000000e+04 9.513780208876234656e-01
1.470000000000000000e+04 9.526886040954408719e-01
1.480000000000000000e+04 9.492103112773273565e-01
1.490000000000000000e+04 9.588933573211247952e-01
1.500000000000000000e+04 9.501466578500648019e-01
1.510000000000000000e+04 9.512934605797451759e-01
1.520000000000000000e+04 9.545139522511284502e-01
1.530000000000000000e+04 9.549693985885299163e-01
1.540000000000000000e+04 9.506805345864638435e-01
1.550000000000000000e+04 9.505854960727830871e-01
1.560000000000000000e+04 9.601666713771329631e-01
1.570000000000000000e+04 9.519961316946377039e-01
1.580000000000000000e+04 9.538133701739528458e-01
1.590000000000000000e+04 9.614067356801470066e-01
1.600000000000000000e+04 9.509222500923021348e-01
1.610000000000000000e+04 9.510609461851885493e-01
1.620000000000000000e+04 9.518989122068821640e-01
1.630000000000000000e+04 9.475741320846714499e-01
1.640000000000000000e+04 9.446897834828904550e-01
1.650000000000000000e+04 9.562227155331983752e-01
1.660000000000000000e+04 9.628379644174598351e-01
1.670000000000000000e+04 9.611629602950976237e-01
1.680000000000000000e+04 9.508208456238604889e-01
1.690000000000000000e+04 9.562746586109985847e-01
1.700000000000000000e+04 9.546977981745448094e-01
1.710000000000000000e+04 9.560467935593578437e-01
1.720000000000000000e+04 9.523584294271925099e-01
1.730000000000000000e+04 9.619667478704820862e-01
1.740000000000000000e+04 9.562624033288543712e-01
1.750000000000000000e+04 9.511135560112563558e-01
1.760000000000000000e+04 9.507189906759178077e-01
1.770000000000000000e+04 9.530331574955339669e-01
1.780000000000000000e+04 9.511192349151613712e-01
1.790000000000000000e+04 9.525509474023998724e-01
1.800000000000000000e+04 9.470299655971503583e-01
1.810000000000000000e+04 9.522374644234561369e-01
1.820000000000000000e+04 9.521770027641314194e-01
1.830000000000000000e+04 9.562490452895774373e-01
1.840000000000000000e+04 9.523885337697275411e-01
1.850000000000000000e+04 9.560245598181450477e-01
1.860000000000000000e+04 9.415988345925092595e-01
1.870000000000000000e+04 9.495649595640828222e-01
1.880000000000000000e+04 9.557465271233154258e-01
1.890000000000000000e+04 9.575532499172055845e-01
1.900000000000000000e+04 9.499715150288193799e-01
1.910000000000000000e+04 9.500203547961734163e-01
1.920000000000000000e+04 9.530731988564160595e-01
1.930000000000000000e+04 9.544256204622523221e-01
1.940000000000000000e+04 9.505662862254750101e-01
1.950000000000000000e+04 9.481255613932416670e-01
1.960000000000000000e+04 9.472689499358997178e-01
1.970000000000000000e+04 9.544468823324159246e-01
1.980000000000000000e+04 9.497551631218896784e-01
1.990000000000000000e+04 9.477812573181247924e-01
2.000000000000000000e+04 9.535997046182357328e-01
2.010000000000000000e+04 9.529329057726375618e-01
2.020000000000000000e+04 9.533796945627304176e-01
2.030000000000000000e+04 9.564369216047383659e-01
2.040000000000000000e+04 9.513782686939473709e-01
2.050000000000000000e+04 9.412045637904985496e-01
2.060000000000000000e+04 9.553209942428066981e-01
2.070000000000000000e+04 9.623214425154419382e-01
2.080000000000000000e+04 9.597372389220030220e-01
2.090000000000000000e+04 9.529482624717295902e-01
2.100000000000000000e+04 9.533410535600463920e-01
2.110000000000000000e+04 9.408581781744762562e-01
2.120000000000000000e+04 9.447524405018205007e-01
2.130000000000000000e+04 9.509662648217341863e-01
2.140000000000000000e+04 9.408461044944456120e-01
2.150000000000000000e+04 9.585224015588604818e-01
2.160000000000000000e+04 9.557177877087157380e-01
2.170000000000000000e+04 9.517800875624609080e-01
2.180000000000000000e+04 9.409806474449324831e-01
2.190000000000000000e+04 9.512366112661428952e-01
2.200000000000000000e+04 9.469284401653985661e-01
2.210000000000000000e+04 9.500623307174782539e-01
2.220000000000000000e+04 9.544264644193503067e-01
2.230000000000000000e+04 9.485465893912516933e-01
2.240000000000000000e+04 9.509008164093246673e-01
2.250000000000000000e+04 9.528920516618174519e-01
2.260000000000000000e+04 9.494385530347767554e-01
2.270000000000000000e+04 9.533659767359918824e-01
2.280000000000000000e+04 9.504555649046829702e-01
2.290000000000000000e+04 9.586249093860930159e-01
2.300000000000000000e+04 9.504676769544538883e-01
2.310000000000000000e+04 9.470752631719866477e-01
2.320000000000000000e+04 9.443615855869134101e-01
2.330000000000000000e+04 9.541633040663424215e-01
2.340000000000000000e+04 9.523117640707614573e-01
2.350000000000000000e+04 9.529275063704203408e-01
2.360000000000000000e+04 9.406895590331934009e-01
2.370000000000000000e+04 9.501465746582113958e-01
2.380000000000000000e+04 9.551597646268444874e-01
2.390000000000000000e+04 9.559290955472098394e-01
2.400000000000000000e+04 9.490708926778781418e-01
2.410000000000000000e+04 9.582380343735958927e-01
2.420000000000000000e+04 9.527682659176552882e-01
2.430000000000000000e+04 9.624180888427171787e-01
2.440000000000000000e+04 9.461061304586559917e-01
2.450000000000000000e+04 9.519402288931148037e-01
2.460000000000000000e+04 9.524159575536029765e-01
2.470000000000000000e+04 9.467740601970804359e-01
2.480000000000000000e+04 9.487671609233943038e-01
2.490000000000000000e+04 9.480921037179251831e-01
2.500000000000000000e+04 9.467771260993729232e-01
2.510000000000000000e+04 9.593375681055064108e-01
2.520000000000000000e+04 9.310225905304306826e-01
2.530000000000000000e+04 9.456267018014922199e-01
2.540000000000000000e+04 9.490378259887340961e-01
2.550000000000000000e+04 9.507336478411867464e-01
2.560000000000000000e+04 9.529333154842198894e-01
2.570000000000000000e+04 9.379813816160007534e-01
2.580000000000000000e+04 9.523745720152844152e-01
2.590000000000000000e+04 9.416763625710862229e-01
2.600000000000000000e+04 9.455250462809183798e-01
2.610000000000000000e+04 9.540834487858737001e-01
2.620000000000000000e+04 9.487452414092426567e-01
2.630000000000000000e+04 9.577814044540772231e-01
2.640000000000000000e+04 9.563903141623129045e-01
2.650000000000000000e+04 9.526893712163044814e-01
2.660000000000000000e+04 9.486912018877762254e-01
2.670000000000000000e+04 9.391565953216793883e-01
2.680000000000000000e+04 9.437126451149244755e-01
2.690000000000000000e+04 9.554593168269340797e-01
2.700000000000000000e+04 9.541057068619815951e-01
2.710000000000000000e+04 9.492004053905095384e-01
2.720000000000000000e+04 9.553894946954939460e-01
2.730000000000000000e+04 9.513528440453565826e-01
2.740000000000000000e+04 9.493728271420487363e-01
2.750000000000000000e+04 9.487695685762490561e-01
2.760000000000000000e+04 9.541052693979611421e-01
2.770000000000000000e+04 9.474068818549894466e-01
2.780000000000000000e+04 9.286376004402721041e-01
2.790000000000000000e+04 9.595081418002220364e-01
2.800000000000000000e+04 9.535258667238142305e-01
2.810000000000000000e+04 9.547759142539822275e-01
2.820000000000000000e+04 9.503364735694723731e-01
2.830000000000000000e+04 9.578816284819272608e-01
2.840000000000000000e+04 9.433954557861048418e-01
2.850000000000000000e+04 9.526883789532561986e-01
2.860000000000000000e+04 9.564707951257451768e-01
2.870000000000000000e+04 9.489814942847804025e-01
2.880000000000000000e+04 9.476506450176158669e-01
2.890000000000000000e+04 9.517043241549068000e-01
2.900000000000000000e+04 9.550847860185337490e-01
2.910000000000000000e+04 9.512373933554296723e-01
2.920000000000000000e+04 9.588519366227646890e-01
2.930000000000000000e+04 9.557566506068853052e-01
2.940000000000000000e+04 9.494213260877933935e-01
2.950000000000000000e+04 9.470989345895742817e-01
2.960000000000000000e+04 9.280550085168109975e-01
2.970000000000000000e+04 9.395592171617446198e-01
2.980000000000000000e+04 9.512391065054029982e-01
2.990000000000000000e+04 9.451512496728969870e-01
3.000000000000000000e+04 9.517220315499027583e-01
