0.000000000000000000e+00 5.096960000000000379e-01
1.000000000000000000e+02 3.799799999999999844e-01
2.000000000000000000e+02 5.045160000000000755e-01
3.000000000000000000e+02 5.948759999999999604e-01
4.000000000000000000e+02 5.590040000000000564e-01
5.000000000000000000e+02 6.290919999999999845e-01
6.000000000000000000e+02 6.400679999999999703e-01
7.000000000000000000e+02 6.503719999999999501e-01
8.000000000000000000e+02 6.838560000000000194e-01
9.000000000000000000e+02 6.646760000000000446e-01
1.000000000000000000e+03 6.916320000000000245e-01
1.100000000000000000e+03 6.861800000000000122e-01
1.200000000000000000e+03 7.039039999999998631e-01
1.300000000000000000e+03 7.289899999999999158e-01
1.400000000000000000e+03 7.252639999999999088e-01
1.500000000000000000e+03 7.375039999999999374e-01
1.600000000000000000e+03 7.327999999999998959e-01
1.700000000000000000e+03 7.661559999999999482e-01
1.800000000000000000e+03 7.562719999999999443e-01
1.900000000000000000e+03 7.751240000000000352e-01
2.000000000000000000e+03 7.449359999999999316e-01
2.100000000000000000e+03 7.766319999999999890e-01
2.200000000000000000e+03 7.808319999999999705e-01
2.300000000000000000e+03 7.904400000000000315e-01
2.400000000000000000e+03 7.881120000000001458e-01
2.500000000000000000e+03 8.108800000000000452e-01
2.600000000000000000e+03 8.049520000000000008e-01
2.700000000000000000e+03 8.161159999999999526e-01
2.800000000000000000e+03 8.270360000000001044e-01
2.900000000000000000e+03 8.428720000000000656e-01
3.000000000000000000e+03 8.300799999999999290e-01
3.100000000000000000e+03 8.303040000000000420e-01
3.200000000000000000e+03 8.414400000000000768e-01
3.300000000000000000e+03 8.456000000000000183e-01
3.400000000000000000e+03 8.491319999999999979e-01
3.500000000000000000e+03 8.587239999999999318e-01
3.600000000000000000e+03 8.493040000000000589e-01
3.700000000000000000e+03 8.493640000000000079e-01
3.800000000000000000e+03 8.548799999999999732e-01
3.900000000000000000e+03 8.696039999999999326e-01
4.000000000000000000e+03 8.799160000000000315e-01
4.100000000000000000e+03 8.687320000000000597e-01
4.200000000000000000e+03 8.881520000000000525e-01
4.300000000000000000e+03 8.736999999999999211e-01
4.400000000000000000e+03 8.887279999999999625e-01
4.500000000000000000e+03 8.853999999999999648e-01
4.600000000000000000e+03 8.714680000000000204e-01
4.700000000000000000e+03 8.799839999999999884e-01
4.800000000000000000e+03 8.778800000000001047e-01
4.900000000000000000e+03 9.036520000000001218e-01
5.000000000000000000e+03 9.030840000000001089e-01
5.100000000000000000e+03 8.919479999999999631e-01
5.200000000000000000e+03 8.937039999999999429e-01
5.300000000000000000e+03 9.116040000000000809e-01
5.400000000000000000e+03 8.979160000000000474e-01
5.500000000000000000e+03 9.100319999999999521e-01
5.600000000000000000e+03 9.072479999999999434e-01
5.700000000000000000e+03 9.293119999999999159e-01
5.800000000000000000e+03 9.149399999999999755e-01
5.900000000000000000e+03 9.162120000000000264e-01
6.000000000000000000e+03 9.256960000000000743e-01
6.100000000000000000e+03 9.232759999999999856e-01
6.200000000000000000e+03 9.093519999999999381e-01
6.300000000000000000e+03 9.165280000000000094e-01
6.400000000000000000e+03 9.208839999999999248e-01
6.500000000000000000e+03 9.358640000000000292e-01
6.600000000000000000e+03 9.290800000000000169e-01
6.700000000000000000e+03 9.284999999999998810e-01
6.800000000000000000e+03 9.223680000000000767e-01
6.900000000000000000e+03 9.217759999999999287e-01
7.000000000000000000e+03 9.357520000000000282e-01
7.100000000000000000e+03 9.348279999999999923e-01
7.200000000000000000e+03 9.395320000000000338e-01
7.300000000000000000e+03 9.242479999999998475e-01
7.400000000000000000e+03 9.377280000000000060e-01
7.500000000000000000e+03 9.380280000000000840e-01
7.600000000000000000e+03 9.294079999999999009e-01
7.700000000000000000e+03 9.209160000000000679e-01
7.800000000000000000e+03 9.317820000000001102e-01
7.900000000000000000e+03 9.346000000000000973e-01
8.000000000000000000e+03 9.350279999999999703e-01
8.100000000000000000e+03 9.176759999999999362e-01
8.200000000000000000e+03 9.221639999999999837e-01
8.300000000000000000e+03 9.412119999999999376e-01
8.400000000000000000e+03 9.443799999999999972e-01
8.500000000000000000e+03 9.363799999999999901e-01
8.600000000000000000e+03 9.415359999999998175e-01
8.700000000000000000e+03 9.419040000000000745e-01
8.800000000000000000e+03 9.382319999999999549e-01
8.900000000000000000e+03 9.305959999999998677e-01
9.000000000000000000e+03 9.479640000000000288e-01
9.100000000000000000e+03 9.402440000000000797e-01
9.200000000000000000e+03 9.407520000000000326e-01
9.300000000000000000e+03 9.346680000000000543e-01
9.400000000000000000e+03 9.408159999999999856e-01
9.500000000000000000e+03 9.325680000000000636e-01
9.600000000000000000e+03 9.428839999999999444e-01
9.700000000000000000e+03 9.407759999999998346e-01
9.800000000000000000e+03 9.470799999999999219e-01
9.900000000000000000e+03 9.376399999999999180e-01
1.000000000000000000e+04 9.366240000000000121e-01
1.010000000000000000e+04 9.328839999999999355e-01
1.020000000000000000e+04 9.430360000000000964e-01
1.030000000000000000e+04 9.422920000000000185e-01
1.040000000000000000e+04 9.336280000000000134e-01
1.050000000000000000e+04 9.522599999999998843e-01
1.060000000000000000e+04 9.395360000000001488e-01
1.070000000000000000e+04 9.389840000000000408e-01
1.080000000000000000e+04 9.426640000000000574e-01
1.090000000000000000e+04 9.586720000000000796e-01
1.100000000000000000e+04 9.441039999999999432e-01
1.110000000000000000e+04 9.395439999999999348e-01
1.120000000000000000e+04 9.405479999999999396e-01
1.130000000000000000e+04 9.404639999999999667e-01
1.140000000000000000e+04 9.429720000000000324e-01
1.150000000000000000e+04 9.394639999999998548e-01
1.160000000000000000e+04 9.394919999999999938e-01
1.170000000000000000e+04 9.437759999999999483e-01
1.180000000000000000e+04 9.433479999999999643e-01
1.190000000000000000e+04 9.508600000000000385e-01
1.200000000000000000e+04 9.460880000000000400e-01
1.210000000000000000e+04 9.448559999999999182e-01
1.220000000000000000e+04 9.506559999999999455e-01
1.230000000000000000e+04 9.337720000000000464e-01
1.240000000000000000e+04 9.407839999999998426e-01
1.250000000000000000e+04 9.379159999999999719e-01
1.260000000000000000e+04 9.378040000000000820e-01
1.270000000000000000e+04 9.376640000000000530e-01
1.280000000000000000e+04 9.372960000000000180e-01
1.290000000000000000e+04 9.327719999999999345e-01
1.300000000000000000e+04 9.412400000000000766e-01
1.310000000000000000e+04 9.315719999999999557e-01
1.320000000000000000e+04 9.391079999999999428e-01
1.330000000000000000e+04 9.329600000000000115e-01
1.340000000000000000e+04 9.474639999999999729e-01
1.350000000000000000e+04 9.483000000000000318e-01
1.360000000000000000e+04 9.392679999999999918e-01
1.370000000000000000e+04 9.451359999999999761e-01
1.380000000000000000e+04 9.356640000000000512e-01
1.390000000000000000e+04 9.436720000000001773e-01
1.400000000000000000e+04 9.396160000000000068e-01
1.410000000000000000e+04 9.503000000000001446e-01
1.420000000000000000e+04 9.356919999999998572e-01
1.430000000000000000e+04 9.361480000000000912e-01
1.440000000000000000e+04 9.474359999999999449e-01
1.450000000000000000e+04 9.479399999999998938e-01
1.460000000000000000e+04 9.436039999999999983e-01
1.470000000000000000e+04 9.439919999999998312e-01
1.480000000000000000e+04 9.372440000000001881e-01
1.490000000000000000e+04 9.475559999999999539e-01
1.500000000000000000e+04 9.356279999999999042e-01
1.510000000000000000e+04 9.428360000000000074e-01
1.520000000000000000e+04 9.437759999999999483e-01
1.530000000000000000e+04 9.460760000000000280e-01
1.540000000000000000e+04 9.408279999999999976e-01
1.550000000000000000e+04 9.415479999999999405e-01
1.560000000000000000e+04 9.510800000000000365e-01
1.570000000000000000e+04 9.429240000000000954e-01
1.580000000000000000e+04 9.444080000000000252e-01
1.590000000000000000e+04 9.535200000000000342e-01
1.600000000000000000e+04 9.408799999999999386e-01
1.610000000000000000e+04 9.423239999999998284e-01
1.620000000000000000e+04 9.425760000000000804e-01
1.630000000000000000e+04 9.385439999999999339e-01
1.640000000000000000e+04 9.349880000000000413e-01
1.650000000000000000e+04 9.441559999999999953e-01
1.660000000000000000e+04 9.591399999999999926e-01
1.670000000000000000e+04 9.519560000000000244e-01
1.680000000000000000e+04 9.407320000000000126e-01
1.690000000000000000e+04 9.479720000000000368e-01
1.700000000000000000e+04 9.482199999999999518e-01
1.710000000000000000e+04 9.473279999999999479e-01
1.720000000000000000e+04 9.430959999999999344e-01
1.730000000000000000e+04 9.533799999999998942e-01
1.740000000000000000e+04 9.468839999999999479e-01
1.750000000000000000e+04 9.428919999999999524e-01
1.760000000000000000e+04 9.400800000000000267e-01
1.770000000000000000e+04 9.427760000000000584e-01
1.780000000000000000e+04 9.382639999999999869e-01
1.790000000000000000e+04 9.419719999999999205e-01
1.800000000000000000e+04 9.394640000000000768e-01
1.810000000000000000e+04 9.404000000000000137e-01
1.820000000000000000e+04 9.451560000000001072e-01
1.830000000000000000e+04 9.477599999999999358e-01
1.840000000000000000e+04 9.448839999999999462e-01
1.850000000000000000e+04 9.464559999999999640e-01
1.860000000000000000e+04 9.282920000000000060e-01
1.870000000000000000e+04 9.403359999999999497e-01
1.880000000000000000e+04 9.473159999999999359e-01
1.890000000000000000e+04 9.519479999999999054e-01
1.900000000000000000e+04 9.386079999999999979e-01
1.910000000000000000e+04 9.432439999999999714e-01
1.920000000000000000e+04 9.447600000000000442e-01
1.930000000000000000e+04 9.447239999999997861e-01
1.940000000000000000e+04 9.401480000000000947e-01
1.950000000000000000e+04 9.378760000000000430e-01
1.960000000000000000e+04 9.354080000000000172e-01
1.970000000000000000e+04 9.451800000000000201e-01
1.980000000000000000e+04 9.405999999999999917e-01
1.990000000000000000e+04 9.394559999999999578e-01
2.000000000000000000e+04 9.405959999999999877e-01
2.010000000000000000e+04 9.442679999999999962e-01
2.020000000000000000e+04 9.468360000000000110e-01
2.030000000000000000e+04 9.475480000000000569e-01
2.040000000000000000e+04 9.380359999999998699e-01
2.050000000000000000e+04 9.307600000000000318e-01
2.060000000000000000e+04 9.433079999999999243e-01
2.070000000000000000e+04 9.541479999999998851e-01
2.080000000000000000e+04 9.544920000000001181e-01
2.090000000000000000e+04 9.423719999999999875e-01
2.100000000000000000e+04 9.429359999999999964e-01
2.110000000000000000e+04 9.356079999999999952e-01
2.120000000000000000e+04 9.344519999999999493e-01
2.130000000000000000e+04 9.416999999999999815e-01
2.140000000000000000e+04 9.304360000000000408e-01
2.150000000000000000e+04 9.501760000000000206e-01
2.160000000000000000e+04 9.486520000000000508e-01
2.170000000000000000e+04 9.431399999999998673e-01
2.180000000000000000e+04 9.299999999999999378e-01
2.190000000000000000e+04 9.400320000000000897e-01
2.200000000000000000e+04 9.385200000000000209e-01
2.210000000000000000e+04 9.400880000000000347e-01
2.220000000000000000e+04 9.454960000000001141e-01
2.230000000000000000e+04 9.348359999999998893e-01
2.240000000000000000e+04 9.462199999999999500e-01
2.250000000000000000e+04 9.432919999999999083e-01
2.260000000000000000e+04 9.382360000000000699e-01
2.270000000000000000e+04 9.410959999999999326e-01
2.280000000000000000e+04 9.383439999999998449e-01
2.290000000000000000e+04 9.513199999999999434e-01
2.300000000000000000e+04 9.381599999999999939e-01
2.310000000000000000e+04 9.363839999999999941e-01
2.320000000000000000e+04 9.326200000000001156e-01
2.330000000000000000e+04 9.441120000000000623e-01
2.340000000000000000e+04 9.437759999999999483e-01
2.350000000000000000e+04 9.446999999999998732e-01
2.360000000000000000e+04 9.277959999999998431e-01
2.370000000000000000e+04 9.410640000000001226e-01
2.380000000000000000e+04 9.455519999999998371e-01
2.390000000000000000e+04 9.456399999999999251e-01
2.400000000000000000e+04 9.393279999999999408e-01
2.410000000000000000e+04 9.505679999999999685e-01
2.420000000000000000e+04 9.428999999999999604e-01
2.430000000000000000e+04 9.541079999999999561e-01
2.440000000000000000e+04 9.357839999999998382e-01
2.450000000000000000e+04 9.449640000000000262e-01
2.460000000000000000e+04 9.423719999999999875e-01
2.470000000000000000e+04 9.391680000000000028e-01
2.480000000000000000e+04 9.393119999999999248e-01
2.490000000000000000e+04 9.380080000000000640e-01
2.500000000000000000e+04 9.373479999999999590e-01
2.510000000000000000e+04 9.513960000000000194e-01
2.520000000000000000e+04 9.219679999999998987e-01
2.530000000000000000e+04 9.326360000000000205e-01
2.540000000000000000e+04 9.395640000000000658e-01
2.550000000000000000e+04 9.434479999999999533e-01
2.560000000000000000e+04 9.419959999999999445e-01
2.570000000000000000e+04 9.296520000000000339e-01
2.580000000000000000e+04 9.432319999999998483e-01
2.590000000000000000e+04 9.262239999999999363e-01
2.600000000000000000e+04 9.346079999999998833e-01
2.610000000000000000e+04 9.423920000000000075e-01
2.620000000000000000e+04 9.386039999999999939e-01
2.630000000000000000e+04 9.527559999999999363e-01
2.640000000000000000e+04 9.459559999999999080e-01
2.650000000000000000e+04 9.455839999999999801e-01
2.660000000000000000e+04 9.412920000000000176e-01
2.670000000000000000e+04 9.285799999999999610e-01
2.680000000000000000e+04 9.322679999999999856e-01
2.690000000000000000e+04 9.454960000000000031e-01
2.700000000000000000e+04 9.447200000000000042e-01
2.710000000000000000e+04 9.431559999999999944e-01
2.720000000000000000e+04 9.467119999999999980e-01
2.730000000000000000e+04 9.403080000000000327e-01
2.740000000000000000e+04 9.377039999999998710e-01
2.750000000000000000e+04 9.429359999999999964e-01
2.760000000000000000e+04 9.451999999999999291e-01
2.770000000000000000e+04 9.395719999999999628e-01
2.780000000000000000e+04 9.157999999999999474e-01
2.790000000000000000e+04 9.538239999999998942e-01
2.800000000000000000e+04 9.439960000000000573e-01
2.810000000000000000e+04 9.466679999999999540e-01
2.820000000000000000e+04 9.401519999999998767e-01
2.830000000000000000e+04 9.522960000000000313e-01
2.840000000000000000e+04 9.343119999999999203e-01
2.850000000000000000e+04 9.390080000000000648e-01
2.860000000000000000e+04 9.478719999999999368e-01
2.870000000000000000e+04 9.424039999999999084e-01
2.880000000000000000e+04 9.368439999999998991e-01
2.890000000000000000e+04 9.447079999999999922e-01
2.900000000000000000e+04 9.441680000000000073e-01
2.910000000000000000e+04 9.394919999999999938e-01
2.920000000000000000e+04 9.532760000000000122e-01
2.930000000000000000e+04 9.477160000000000029e-01
2.940000000000000000e+04 9.404080000000000217e-01
2.950000000000000000e+04 9.349399999999998823e-01
2.960000000000000000e+04 9.153560000000000585e-01
2.970000000000000000e+04 9.293880000000001029e-01
2.980000000000000000e+04 9.472000000000000419e-01
2.990000000000000000e+04 9.354319999999999302e-01
3.000000000000000000e+04 9.423680000000000945e-01
