0.000000000000000000e+00 5.141600882956727236e-01
1.000000000000000000e+02 3.864546413783315204e-01
2.000000000000000000e+02 4.131518608813837812e-01
3.000000000000000000e+02 4.295021345349063768e-01
4.000000000000000000e+02 4.451631384986911577e-01
5.000000000000000000e+02 4.496570190847811177e-01
6.000000000000000000e+02 4.358613069460526290e-01
7.000000000000000000e+02 4.283113319214160719e-01
8.000000000000000000e+02 4.700403305161454659e-01
9.000000000000000000e+02 4.886484869216854987e-01
1.000000000000000000e+03 4.798305698486926563e-01
1.100000000000000000e+03 4.834489561141197544e-01
1.200000000000000000e+03 4.746314998915410199e-01
1.300000000000000000e+03 4.629457702691585075e-01
1.400000000000000000e+03 4.612318295123020717e-01
1.500000000000000000e+03 4.925412655499296077e-01
1.600000000000000000e+03 4.596715918021076486e-01
1.700000000000000000e+03 4.708985890239242855e-01
1.800000000000000000e+03 4.438683662991140810e-01
1.900000000000000000e+03 4.554773485193267524e-01
2.000000000000000000e+03 4.682599903378045769e-01
2.100000000000000000e+03 4.829934492424357018e-01
2.200000000000000000e+03 4.644957785453294186e-01
2.300000000000000000e+03 4.768389330433136508e-01
2.400000000000000000e+03 4.959930633307630954e-01
2.500000000000000000e+03 4.922991508344239930e-01
2.600000000000000000e+03 4.753458039562895032e-01
2.700000000000000000e+03 5.169493238450659778e-01
2.800000000000000000e+03 4.780657493618834519e-01
2.900000000000000000e+03 4.913328279814178634e-01
3.000000000000000000e+03 5.016655355662795746e-01
3.100000000000000000e+03 4.848619808995623393e-01
3.200000000000000000e+03 4.955260319642480482e-01
3.300000000000000000e+03 4.862059188100826268e-01
3.400000000000000000e+03 4.804176206149977091e-01
3.500000000000000000e+03 4.865362001066270148e-01
3.600000000000000000e+03 4.926661129680325324e-01
3.700000000000000000e+03 5.119785588333212178e-01
3.800000000000000000e+03 5.041471866361392218e-01
3.900000000000000000e+03 4.984133663435406647e-01
4.000000000000000000e+03 5.122907315557969632e-01
4.100000000000000000e+03 5.295254011902867930e-01
4.200000000000000000e+03 5.041400987020271396e-01
4.300000000000000000e+03 4.893817862469477808e-01
4.400000000000000000e+03 4.950893493963020031e-01
4.500000000000000000e+03 5.440113848943527453e-01
4.600000000000000000e+03 5.088720446809402720e-01
4.700000000000000000e+03 5.345172590927647072e-01
4.800000000000000000e+03 5.355679968993680706e-01
4.900000000000000000e+03 5.689740714598239268e-01
5.000000000000000000e+03 5.154964425827259777e-01
5.100000000000000000e+03 5.604485251899464782e-01
5.200000000000000000e+03 5.515351220501177876e-01
5.300000000000000000e+03 5.550445596579963725e-01
5.400000000000000000e+03 5.675830937757363470e-01
5.500000000000000000e+03 5.366309400020947695e-01
5.600000000000000000e+03 5.285307391006766053e-01
5.700000000000000000e+03 5.549094971369420426e-01
5.800000000000000000e+03 5.813013202329725404e-01
5.900000000000000000e+03 5.647132689377016845e-01
6.000000000000000000e+03 5.509928789788198777e-01
6.100000000000000000e+03 5.561784005605110437e-01
6.200000000000000000e+03 5.368470856900722232e-01
6.300000000000000000e+03 6.099039448013419129e-01
6.400000000000000000e+03 5.856038948150474877e-01
6.500000000000000000e+03 5.949122547290168761e-01
6.600000000000000000e+03 5.922191439851081096e-01
6.700000000000000000e+03 6.057821232102083009e-01
6.800000000000000000e+03 5.929179996777014239e-01
6.900000000000000000e+03 6.066646675134388378e-01
7.000000000000000000e+03 6.135872886980809904e-01
7.100000000000000000e+03 6.023822379959931084e-01
7.200000000000000000e+03 6.248747759342004882e-01
7.300000000000000000e+03 6.130829102883075254e-01
7.400000000000000000e+03 6.027914795660900271e-01
7.500000000000000000e+03 6.120145362202136230e-01
7.600000000000000000e+03 6.252998385902208689e-01
7.700000000000000000e+03 6.411321521233983578e-01
7.800000000000000000e+03 6.318677397074690116e-01
7.900000000000000000e+03 6.436632560722514995e-01
8.000000000000000000e+03 6.214863812442418256e-01
8.100000000000000000e+03 6.323590925799836837e-01
8.200000000000000000e+03 6.526383213342025202e-01
8.300000000000000000e+03 6.717503305590581952e-01
8.400000000000000000e+03 6.245634112825184658e-01
8.500000000000000000e+03 6.568332313599684058e-01
8.600000000000000000e+03 6.658151221525956398e-01
8.700000000000000000e+03 6.480947202901827797e-01
8.800000000000000000e+03 6.628882660702529739e-01
8.900000000000000000e+03 6.523912800456816985e-01
9.000000000000000000e+03 6.555987382519589124e-01
9.100000000000000000e+03 6.700187651374160946e-01
9.200000000000000000e+03 6.764876914519223350e-01
9.300000000000000000e+03 6.696294441532111286e-01
9.400000000000000000e+03 6.827340969840656193e-01
9.500000000000000000e+03 7.092475007455911751e-01
9.600000000000000000e+03 6.748118372884213123e-01
9.700000000000000000e+03 7.018748726718819775e-01
9.800000000000000000e+03 7.451930479845131350e-01
9.900000000000000000e+03 6.922576195745541172e-01
1.000000000000000000e+04 7.105036293180800877e-01
1.010000000000000000e+04 6.955990896168912085e-01
1.020000000000000000e+04 6.825940581951521757e-01
1.030000000000000000e+04 7.408358284566236573e-01
1.040000000000000000e+04 7.110736043847996068e-01
1.050000000000000000e+04 7.139417565535300936e-01
1.060000000000000000e+04 7.427488365189622854e-01
1.070000000000000000e+04 7.316141634258591653e-01
1.080000000000000000e+04 7.314818616620130109e-01
1.090000000000000000e+04 7.461227131890274533e-01
1.100000000000000000e+04 7.358650818467153965e-01
1.110000000000000000e+04 7.590647967516868100e-01
1.120000000000000000e+04 7.215958475830510643e-01
1.130000000000000000e+04 7.536424533955055072e-01
1.140000000000000000e+04 7.260707715154499642e-01
1.150000000000000000e+04 7.321768364198465440e-01
1.160000000000000000e+04 7.327543249754673305e-01
1.170000000000000000e+04 7.458322631616470799e-01
1.180000000000000000e+04 7.650602354291829998e-01
1.190000000000000000e+04 7.129616731715449074e-01
1.200000000000000000e+04 7.379193280467546412e-01
1.210000000000000000e+04 7.541837152939945277e-01
1.220000000000000000e+04 7.360157749108917624e-01
1.230000000000000000e+04 7.426190898835557386e-01
1.240000000000000000e+04 7.505630120486110890e-01
1.250000000000000000e+04 7.601198808038144294e-01
1.260000000000000000e+04 7.502326192504654712e-01
1.270000000000000000e+04 7.788064832958250250e-01
1.280000000000000000e+04 7.630142980349201576e-01
1.290000000000000000e+04 7.679589789554686075e-01
1.300000000000000000e+04 7.520131842085521212e-01
1.310000000000000000e+04 7.616570238931488213e-01
1.320000000000000000e+04 7.682471921639066892e-01
1.330000000000000000e+04 7.894885432243723411e-01
1.340000000000000000e+04 7.593870084434030110e-01
1.350000000000000000e+04 7.919811146356992015e-01
1.360000000000000000e+04 7.811721674317653186e-01
1.370000000000000000e+04 7.963731840516713456e-01
1.380000000000000000e+04 7.711764991047513895e-01
1.390000000000000000e+04 8.011393321591566696e-01
1.400000000000000000e+04 7.822009091399848568e-01
1.410000000000000000e+04 7.833607307829184574e-01
1.420000000000000000e+04 7.830233394702017513e-01
1.430000000000000000e+04 7.771836694560356751e-01
1.440000000000000000e+04 8.024861432669221362e-01
1.450000000000000000e+04 8.143224361803453881e-01
1.460000000000000000e+04 7.810465933765414759e-01
1.470000000000000000e+04 7.776131656650291379e-01
1.480000000000000000e+04 8.122504487598461997e-01
1.490000000000000000e+04 8.099757589941163349e-01
1.500000000000000000e+04 7.853579589265491379e-01
1.510000000000000000e+04 8.029801048222389159e-01
1.520000000000000000e+04 8.091856494608614669e-01
1.530000000000000000e+04 8.029587221019736099e-01
1.540000000000000000e+04 8.281074122535647675e-01
1.550000000000000000e+04 8.322536063603087619e-01
1.560000000000000000e+04 8.229986518667586903e-01
1.570000000000000000e+04 8.327802555784514782e-01
1.580000000000000000e+04 8.186175773181024740e-01
1.590000000000000000e+04 8.270083883021401849e-01
1.600000000000000000e+04 8.303507511190899582e-01
1.610000000000000000e+04 8.592396861744530101e-01
1.620000000000000000e+04 8.565696610206479100e-01
1.630000000000000000e+04 8.346640315002455957e-01
1.640000000000000000e+04 8.700024757970049594e-01
1.650000000000000000e+04 8.493592004646259852e-01
1.660000000000000000e+04 8.465801668640687838e-01
1.670000000000000000e+04 8.581584202418544027e-01
1.680000000000000000e+04 8.443380030016829352e-01
1.690000000000000000e+04 8.701071677000904447e-01
1.700000000000000000e+04 8.677212226431876285e-01
1.710000000000000000e+04 8.645496616075107887e-01
1.720000000000000000e+04 8.844136534661728444e-01
1.730000000000000000e+04 8.555034228084461567e-01
1.740000000000000000e+04 8.573447825721356441e-01
1.750000000000000000e+04 9.084953553095027612e-01
1.760000000000000000e+04 8.938192262089360574e-01
1.770000000000000000e+04 8.812736931351290437e-01
1.780000000000000000e+04 8.818225451695906880e-01
1.790000000000000000e+04 8.915635058735853491e-01
1.800000000000000000e+04 8.850879901900330360e-01
1.810000000000000000e+04 8.884524374779722011e-01
1.820000000000000000e+04 9.057849601627088187e-01
1.830000000000000000e+04 8.955411213344510735e-01
1.840000000000000000e+04 8.896596413512913859e-01
1.850000000000000000e+04 9.150423432624666953e-01
1.860000000000000000e+04 9.017716259754566810e-01
1.870000000000000000e+04 9.106310887155801836e-01
1.880000000000000000e+04 8.921488801176861161e-01
1.890000000000000000e+04 9.003012763411155639e-01
1.900000000000000000e+04 9.211168579316102445e-01
1.910000000000000000e+04 9.055873322796296199e-01
1.920000000000000000e+04 9.149490920017845363e-01
1.930000000000000000e+04 9.167711540828544781e-01
1.940000000000000000e+04 9.089333999014542753e-01
1.950000000000000000e+04 9.118690671736562336e-01
1.960000000000000000e+04 9.097007049585625893e-01
1.970000000000000000e+04 9.308577866768945608e-01
1.980000000000000000e+04 9.249765557426481433e-01
1.990000000000000000e+04 9.372112073240070895e-01
2.000000000000000000e+04 9.190786358791789290e-01
2.010000000000000000e+04 9.187470818886624979e-01
2.020000000000000000e+04 9.107966758873599078e-01
2.030000000000000000e+04 9.204492639136013787e-01
2.040000000000000000e+04 9.388037012878707177e-01
2.050000000000000000e+04 9.267356531091728300e-01
2.060000000000000000e+04 9.158591765428927278e-01
2.070000000000000000e+04 9.325706194376733871e-01
2.080000000000000000e+04 9.292637372503780302e-01
2.090000000000000000e+04 9.274509967001313138e-01
2.100000000000000000e+04 9.224734754747401233e-01
2.110000000000000000e+04 9.236692889075559521e-01
2.120000000000000000e+04 9.252988687254304345e-01
2.130000000000000000e+04 9.229161019235999630e-01
2.140000000000000000e+04 9.231640039891527705e-01
2.150000000000000000e+04 9.256296320331462990e-01
2.160000000000000000e+04 9.358959435072200517e-01
2.170000000000000000e+04 9.210614580904786797e-01
2.180000000000000000e+04 9.398907867162046292e-01
2.190000000000000000e+04 9.348053729682204160e-01
2.200000000000000000e+04 9.410244800720185543e-01
2.210000000000000000e+04 9.371614087110093916e-01
2.220000000000000000e+04 9.299563109564193963e-01
2.230000000000000000e+04 9.286977969599350402e-01
2.240000000000000000e+04 9.430713624716862142e-01
2.250000000000000000e+04 9.439790034910966465e-01
2.260000000000000000e+04 9.349773220120249917e-01
2.270000000000000000e+04 9.311776954054078459e-01
2.280000000000000000e+04 9.241921658031531095e-01
2.290000000000000000e+04 9.193594457370012352e-01
2.300000000000000000e+04 9.309686235260837828e-01
2.310000000000000000e+04 9.352314445622572636e-01
2.320000000000000000e+04 9.380368186444849599e-01
2.330000000000000000e+04 9.249666870892518933e-01
2.340000000000000000e+04 9.436246460981496664e-01
2.350000000000000000e+04 9.340661038186439669e-01
2.360000000000000000e+04 9.299516071451738863e-01
2.370000000000000000e+04 9.341485062406430506e-01
2.380000000000000000e+04 9.276332724308631317e-01
2.390000000000000000e+04 9.360500414397039393e-01
2.400000000000000000e+04 9.450049005399665525e-01
2.410000000000000000e+04 9.415516988760402883e-01
2.420000000000000000e+04 9.347501675080664985e-01
2.430000000000000000e+04 9.424613838512827524e-01
2.440000000000000000e+04 9.358745223890595488e-01
2.450000000000000000e+04 9.400058197678662353e-01
2.460000000000000000e+04 9.325499584214729243e-01
2.470000000000000000e+04 9.485171037936148686e-01
2.480000000000000000e+04 9.224363608685022253e-01
2.490000000000000000e+04 9.386180332691622663e-01
2.500000000000000000e+04 9.333845574571915105e-01
2.510000000000000000e+04 9.150305593436606211e-01
2.520000000000000000e+04 9.373488070479439882e-01
2.530000000000000000e+04 9.268516438393968881e-01
2.540000000000000000e+04 9.451945448481237078e-01
2.550000000000000000e+04 9.337603454875563758e-01
2.560000000000000000e+04 9.284886001402276046e-01
2.570000000000000000e+04 9.286427169408268956e-01
2.580000000000000000e+04 9.420191001876151438e-01
2.590000000000000000e+04 9.445469420416019446e-01
2.600000000000000000e+04 9.363627122522450996e-01
2.610000000000000000e+04 9.394096296009717406e-01
2.620000000000000000e+04 9.497030412823145307e-01
2.630000000000000000e+04 9.575148162204204505e-01
2.640000000000000000e+04 9.433464371435461571e-01
2.650000000000000000e+04 9.358770669361118344e-01
2.660000000000000000e+04 9.373104526078924748e-01
2.670000000000000000e+04 9.436727746781816695e-01
2.680000000000000000e+04 9.409094341793575733e-01
2.690000000000000000e+04 9.410758208827993965e-01
2.700000000000000000e+04 9.443046496260818490e-01
2.710000000000000000e+04 9.417670161774784887e-01
2.720000000000000000e+04 9.490678119067418317e-01
2.730000000000000000e+04 9.359301131795990658e-01
2.740000000000000000e+04 9.429715520491210867e-01
2.750000000000000000e+04 9.441625100057625675e-01
2.760000000000000000e+04 9.286916320588824991e-01
2.770000000000000000e+04 9.243331149557918458e-01
2.780000000000000000e+04 9.423967181260459736e-01
2.790000000000000000e+04 9.466579852447558618e-01
2.800000000000000000e+04 9.515565476423683000e-01
2.810000000000000000e+04 9.427183471551688898e-01
2.820000000000000000e+04 9.552662453166729239e-01
2.830000000000000000e+04 9.378433463570847728e-01
2.840000000000000000e+04 9.280470065547872238e-01
2.850000000000000000e+04 9.395505761465260397e-01
2.860000000000000000e+04 9.495315923232353628e-01
2.870000000000000000e+04 9.279961635275664200e-01
2.880000000000000000e+04 9.334635127979880043e-01
2.890000000000000000e+04 9.466219318029402974e-01
2.900000000000000000e+04 9.466074665674764077e-01
2.910000000000000000e+04 9.507694990120633127e-01
2.920000000000000000e+04 9.418586188881648003e-01
2.930000000000000000e+04 9.288288713335889346e-01
2.940000000000000000e+04 9.433332756595164126e-01
2.950000000000000000e+04 9.459737157867154078e-01
2.960000000000000000e+04 9.320085276165891441e-01
2.970000000000000000e+04 9.446541095052476411e-01
2.980000000000000000e+04 9.412966132648932227e-01
2.990000000000000000e+04 9.481790244851306948e-01
3.000000000000000000e+04 9.229000102292732599e-01
