0.000000000000000000e+00 5.062040000000000983e-01
1.000000000000000000e+02 3.209279999999999911e-01
2.000000000000000000e+02 3.659999999999999920e-01
3.000000000000000000e+02 3.896439999999999904e-01
4.000000000000000000e+02 4.112959999999999949e-01
5.000000000000000000e+02 4.283240000000000380e-01
6.000000000000000000e+02 4.161719999999999864e-01
7.000000000000000000e+02 4.092879999999999852e-01
8.000000000000000000e+02 4.502919999999999701e-01
9.000000000000000000e+02 4.818359999999999865e-01
1.000000000000000000e+03 4.705119999999999858e-01
1.100000000000000000e+03 4.839799999999999658e-01
1.200000000000000000e+03 4.677120000000000166e-01
1.300000000000000000e+03 4.622080000000000632e-01
1.400000000000000000e+03 4.422760000000000025e-01
1.500000000000000000e+03 4.914280000000000870e-01
1.600000000000000000e+03 4.456080000000000041e-01
1.700000000000000000e+03 4.737959999999999949e-01
1.800000000000000000e+03 4.396940000000000293e-01
1.900000000000000000e+03 4.564439999999999609e-01
2.000000000000000000e+03 4.813920000000000421e-01
2.100000000000000000e+03 4.838400000000000478e-01
2.200000000000000000e+03 4.612360000000000348e-01
2.300000000000000000e+03 4.808799999999999741e-01
2.400000000000000000e+03 4.995079999999999520e-01
2.500000000000000000e+03 5.118080000000000407e-01
2.600000000000000000e+03 4.711959999999999482e-01
2.700000000000000000e+03 5.324520000000000364e-01
2.800000000000000000e+03 4.796199999999999908e-01
2.900000000000000000e+03 5.044839999999999325e-01
3.000000000000000000e+03 5.158240000000000602e-01
3.100000000000000000e+03 4.860879999999999646e-01
3.200000000000000000e+03 5.003839999999999399e-01
3.300000000000000000e+03 4.954439999999999955e-01
3.400000000000000000e+03 4.750759999999999983e-01
3.500000000000000000e+03 5.018359999999999488e-01
3.600000000000000000e+03 4.951240000000000085e-01
3.700000000000000000e+03 5.139880000000000004e-01
3.800000000000000000e+03 4.957759999999999945e-01
3.900000000000000000e+03 5.017279999999999518e-01
4.000000000000000000e+03 5.195799999999999308e-01
4.100000000000000000e+03 5.197439999999999838e-01
4.200000000000000000e+03 4.893120000000000247e-01
4.300000000000000000e+03 4.822599999999999665e-01
4.400000000000000000e+03 4.938879999999999937e-01
4.500000000000000000e+03 5.265840000000000520e-01
4.600000000000000000e+03 4.959279999999999244e-01
4.700000000000000000e+03 5.501840000000000064e-01
4.800000000000000000e+03 5.543160000000000309e-01
4.900000000000000000e+03 5.648119999999999807e-01
5.000000000000000000e+03 5.241159999999999153e-01
5.100000000000000000e+03 5.554479999999999418e-01
5.200000000000000000e+03 5.541120000000000489e-01
5.300000000000000000e+03 5.436600000000000321e-01
5.400000000000000000e+03 5.588760000000000394e-01
5.500000000000000000e+03 5.300439999999999596e-01
5.600000000000000000e+03 5.467659999999999743e-01
5.700000000000000000e+03 5.493799999999999795e-01
5.800000000000000000e+03 5.920879999999999477e-01
5.900000000000000000e+03 5.638520000000000199e-01
6.000000000000000000e+03 5.455400000000000249e-01
6.100000000000000000e+03 5.572679999999999856e-01
6.200000000000000000e+03 5.400800000000000045e-01
6.300000000000000000e+03 6.146240000000000592e-01
6.400000000000000000e+03 5.952880000000000393e-01
6.500000000000000000e+03 5.743519999999999737e-01
6.600000000000000000e+03 5.924959999999999116e-01
6.700000000000000000e+03 5.910279999999999978e-01
6.800000000000000000e+03 5.869280000000000053e-01
6.900000000000000000e+03 5.986079999999999179e-01
7.000000000000000000e+03 6.060360000000000191e-01
7.100000000000000000e+03 5.846100000000000740e-01
7.200000000000000000e+03 6.251999999999999780e-01
7.300000000000000000e+03 6.104960000000000386e-01
7.400000000000000000e+03 5.888640000000000541e-01
7.500000000000000000e+03 5.868079999999999963e-01
7.600000000000000000e+03 6.202119999999999855e-01
7.700000000000000000e+03 6.106759999999999966e-01
7.800000000000000000e+03 6.361919999999999797e-01
7.900000000000000000e+03 6.398880000000000123e-01
8.000000000000000000e+03 5.996160000000000379e-01
8.100000000000000000e+03 6.280639999999999556e-01
8.200000000000000000e+03 6.478399999999999714e-01
8.300000000000000000e+03 6.671719999999999873e-01
8.400000000000000000e+03 6.057319999999999371e-01
8.500000000000000000e+03 6.482679999999999554e-01
8.600000000000000000e+03 6.525399999999998979e-01
8.700000000000000000e+03 6.490759999999999863e-01
8.800000000000000000e+03 6.378920000000000146e-01
8.900000000000000000e+03 6.421879999999999811e-01
9.000000000000000000e+03 6.401879999999999793e-01
9.100000000000000000e+03 6.612200000000000299e-01
9.200000000000000000e+03 6.791279999999999539e-01
9.300000000000000000e+03 6.492199999999999083e-01
9.400000000000000000e+03 6.639760000000000106e-01
9.500000000000000000e+03 6.820340000000000291e-01
9.600000000000000000e+03 6.639519999999998756e-01
9.700000000000000000e+03 6.699959999999999249e-01
9.800000000000000000e+03 7.183520000000001016e-01
9.900000000000000000e+03 6.783799999999999830e-01
1.000000000000000000e+04 6.808639999999999137e-01
1.010000000000000000e+04 6.754479999999999373e-01
1.020000000000000000e+04 6.632240000000000357e-01
1.030000000000000000e+04 7.158160000000001189e-01
1.040000000000000000e+04 6.972879999999999079e-01
1.050000000000000000e+04 6.854119999999999102e-01
1.060000000000000000e+04 7.147440000000000460e-01
1.070000000000000000e+04 7.133599999999999941e-01
1.080000000000000000e+04 7.119440000000000213e-01
1.090000000000000000e+04 7.270600000000000396e-01
1.100000000000000000e+04 7.184479999999999755e-01
1.110000000000000000e+04 7.353939999999998811e-01
1.120000000000000000e+04 7.047679999999999501e-01
1.130000000000000000e+04 7.343520000000000048e-01
1.140000000000000000e+04 7.055160000000000320e-01
1.150000000000000000e+04 7.221319999999998851e-01
1.160000000000000000e+04 7.239439999999999209e-01
1.170000000000000000e+04 7.218200000000000172e-01
1.180000000000000000e+04 7.404720000000000191e-01
1.190000000000000000e+04 6.925639999999999574e-01
1.200000000000000000e+04 7.237080000000000179e-01
1.210000000000000000e+04 7.365999999999999215e-01
1.220000000000000000e+04 7.161639999999999118e-01
1.230000000000000000e+04 7.126040000000000152e-01
1.240000000000000000e+04 7.362999999999999545e-01
1.250000000000000000e+04 7.446920000000001316e-01
1.260000000000000000e+04 7.291560000000000263e-01
1.270000000000000000e+04 7.576119999999999521e-01
1.280000000000000000e+04 7.476559999999999873e-01
1.290000000000000000e+04 7.484280000000000932e-01
1.300000000000000000e+04 7.281279999999998864e-01
1.310000000000000000e+04 7.412199999999999900e-01
1.320000000000000000e+04 7.537599999999999856e-01
1.330000000000000000e+04 7.732079999999998954e-01
1.340000000000000000e+04 7.504639999999999089e-01
1.350000000000000000e+04 7.798840000000000217e-01
1.360000000000000000e+04 7.582839999999999581e-01
1.370000000000000000e+04 7.773079999999998879e-01
1.380000000000000000e+04 7.582280000000000131e-01
1.390000000000000000e+04 7.778039999999999399e-01
1.400000000000000000e+04 7.600919999999998788e-01
1.410000000000000000e+04 7.642240000000000144e-01
1.420000000000000000e+04 7.654680000000000373e-01
1.430000000000000000e+04 7.827199999999999713e-01
1.440000000000000000e+04 7.809399999999999675e-01
1.450000000000000000e+04 7.953559999999999519e-01
1.460000000000000000e+04 7.571959999999999802e-01
1.470000000000000000e+04 7.617080000000000517e-01
1.480000000000000000e+04 7.921719999999999873e-01
1.490000000000000000e+04 8.003320000000000434e-01
1.500000000000000000e+04 7.788359999999999728e-01
1.510000000000000000e+04 7.869519999999999849e-01
1.520000000000000000e+04 8.014920000000000933e-01
1.530000000000000000e+04 7.895239999999998926e-01
1.540000000000000000e+04 8.206600000000000561e-01
1.550000000000000000e+04 8.262719999999998954e-01
1.560000000000000000e+04 8.134999999999998899e-01
1.570000000000000000e+04 8.070960000000000356e-01
1.580000000000000000e+04 7.999440000000000994e-01
1.590000000000000000e+04 8.226799999999999669e-01
1.600000000000000000e+04 8.151840000000001307e-01
1.610000000000000000e+04 8.404400000000000759e-01
1.620000000000000000e+04 8.427519999999999456e-01
1.630000000000000000e+04 8.247320000000000206e-01
1.640000000000000000e+04 8.649799999999999711e-01
1.650000000000000000e+04 8.446559999999999624e-01
1.660000000000000000e+04 8.386080000000000201e-01
1.670000000000000000e+04 8.616800000000000015e-01
1.680000000000000000e+04 8.317879999999999718e-01
1.690000000000000000e+04 8.605160000000000586e-01
1.700000000000000000e+04 8.593599999999999017e-01
1.710000000000000000e+04 8.542760000000001464e-01
1.720000000000000000e+04 8.721400000000000263e-01
1.730000000000000000e+04 8.570679999999999410e-01
1.740000000000000000e+04 8.555559999999999832e-01
1.750000000000000000e+04 8.962799999999998546e-01
1.760000000000000000e+04 8.874439999999998996e-01
1.770000000000000000e+04 8.745360000000000911e-01
1.780000000000000000e+04 8.785920000000000396e-01
1.790000000000000000e+04 8.795680000000000165e-01
1.800000000000000000e+04 8.781480000000000397e-01
1.810000000000000000e+04 8.819200000000000372e-01
1.820000000000000000e+04 9.018359999999999710e-01
1.830000000000000000e+04 8.855800000000000338e-01
1.840000000000000000e+04 8.813879999999998383e-01
1.850000000000000000e+04 9.073039999999999994e-01
1.860000000000000000e+04 8.962759999999999616e-01
1.870000000000000000e+04 9.046959999999999447e-01
1.880000000000000000e+04 8.888079999999998204e-01
1.890000000000000000e+04 8.929600000000000870e-01
1.900000000000000000e+04 9.112679999999999669e-01
1.910000000000000000e+04 9.044560000000000377e-01
1.920000000000000000e+04 9.078840000000000243e-01
1.930000000000000000e+04 9.042239999999999167e-01
1.940000000000000000e+04 9.067959999999999354e-01
1.950000000000000000e+04 9.038839999999999097e-01
1.960000000000000000e+04 9.079879999999999063e-01
1.970000000000000000e+04 9.220279999999999587e-01
1.980000000000000000e+04 9.179279999999999662e-01
1.990000000000000000e+04 9.268440000000001122e-01
2.000000000000000000e+04 9.179239999999999622e-01
2.010000000000000000e+04 9.124400000000000288e-01
2.020000000000000000e+04 9.028120000000000589e-01
2.030000000000000000e+04 9.175399999999999112e-01
2.040000000000000000e+04 9.379279999999998729e-01
2.050000000000000000e+04 9.251419999999999089e-01
2.060000000000000000e+04 9.164360000000000284e-01
2.070000000000000000e+04 9.273959999999999981e-01
2.080000000000000000e+04 9.226160000000001027e-01
2.090000000000000000e+04 9.171319999999999473e-01
2.100000000000000000e+04 9.120280000000001719e-01
2.110000000000000000e+04 9.125840000000000618e-01
2.120000000000000000e+04 9.207280000000001019e-01
2.130000000000000000e+04 9.170240000000000613e-01
2.140000000000000000e+04 9.208480000000001109e-01
2.150000000000000000e+04 9.084200000000000053e-01
2.160000000000000000e+04 9.296480000000000299e-01
2.170000000000000000e+04 9.161399999999999544e-01
2.180000000000000000e+04 9.368520000000000181e-01
2.190000000000000000e+04 9.268720000000000292e-01
2.200000000000000000e+04 9.381880000000000219e-01
2.210000000000000000e+04 9.300079999999999458e-01
2.220000000000000000e+04 9.255839999999999623e-01
2.230000000000000000e+04 9.310239999999999627e-01
2.240000000000000000e+04 9.346760000000000623e-01
2.250000000000000000e+04 9.373520000000000740e-01
2.260000000000000000e+04 9.351399999999998602e-01
2.270000000000000000e+04 9.226640000000000397e-01
2.280000000000000000e+04 9.237879999999999425e-01
2.290000000000000000e+04 9.139479999999999826e-01
2.300000000000000000e+04 9.282600000000000851e-01
2.310000000000000000e+04 9.264240000000000252e-01
2.320000000000000000e+04 9.342559999999999754e-01
2.330000000000000000e+04 9.155600000000001515e-01
2.340000000000000000e+04 9.397920000000000718e-01
2.350000000000000000e+04 9.286360000000000170e-01
2.360000000000000000e+04 9.245480000000000365e-01
2.370000000000000000e+04 9.291159999999999419e-01
2.380000000000000000e+04 9.256080000000000974e-01
2.390000000000000000e+04 9.308720000000001438e-01
2.400000000000000000e+04 9.374960000000001070e-01
2.410000000000000000e+04 9.299800000000000288e-01
2.420000000000000000e+04 9.247560000000001335e-01
2.430000000000000000e+04 9.340720000000000134e-01
2.440000000000000000e+04 9.230320000000000746e-01
2.450000000000000000e+04 9.334999999999999964e-01
2.460000000000000000e+04 9.317159999999999886e-01
2.470000000000000000e+04 9.403119999999999257e-01
2.480000000000000000e+04 9.175400000000000222e-01
2.490000000000000000e+04 9.316079999999999917e-01
2.500000000000000000e+04 9.304360000000000408e-01
2.510000000000000000e+04 9.100720000000001031e-01
2.520000000000000000e+04 9.298480000000000079e-01
2.530000000000000000e+04 9.205280000000000129e-01
2.540000000000000000e+04 9.420799999999999175e-01
2.550000000000000000e+04 9.295039999999999969e-01
2.560000000000000000e+04 9.243159999999999155e-01
2.570000000000000000e+04 9.262960000000001193e-01
2.580000000000000000e+04 9.356679999999999442e-01
2.590000000000000000e+04 9.386920000000000819e-01
2.600000000000000000e+04 9.313319999999999377e-01
2.610000000000000000e+04 9.307360000000000078e-01
2.620000000000000000e+04 9.465959999999999930e-01
2.630000000000000000e+04 9.549879999999998370e-01
2.640000000000000000e+04 9.418800000000000505e-01
2.650000000000000000e+04 9.323599999999998555e-01
2.660000000000000000e+04 9.332360000000000655e-01
2.670000000000000000e+04 9.419840000000000435e-01
2.680000000000000000e+04 9.408079999999998666e-01
2.690000000000000000e+04 9.356320000000000192e-01
2.700000000000000000e+04 9.401439999999999797e-01
2.710000000000000000e+04 9.384360000000000479e-01
2.720000000000000000e+04 9.463160000000000460e-01
2.730000000000000000e+04 9.272640000000000882e-01
2.740000000000000000e+04 9.383539999999999104e-01
2.750000000000000000e+04 9.408159999999999856e-01
2.760000000000000000e+04 9.229280000000000816e-01
2.770000000000000000e+04 9.168159999999999643e-01
2.780000000000000000e+04 9.347199999999999953e-01
2.790000000000000000e+04 9.428600000000000314e-01
2.800000000000000000e+04 9.463639999999999830e-01
2.810000000000000000e+04 9.371920000000000250e-01
2.820000000000000000e+04 9.500799999999999246e-01
2.830000000000000000e+04 9.311200000000000587e-01
2.840000000000000000e+04 9.214919999999999778e-01
2.850000000000000000e+04 9.343319999999999403e-01
2.860000000000000000e+04 9.417640000000000455e-01
2.870000000000000000e+04 9.267279999999998852e-01
2.880000000000000000e+04 9.262399999999999523e-01
2.890000000000000000e+04 9.413199999999999346e-01
2.900000000000000000e+04 9.438640000000001473e-01
2.910000000000000000e+04 9.401519999999999877e-01
2.920000000000000000e+04 9.367120000000001001e-01
2.930000000000000000e+04 9.243999999999999995e-01
2.940000000000000000e+04 9.381160000000000609e-01
2.950000000000000000e+04 9.422719999999999985e-01
2.960000000000000000e+04 9.290439999999999809e-01
2.970000000000000000e+04 9.404599999999999627e-01
2.980000000000000000e+04 9.357040000000000912e-01
2.990000000000000000e+04 9.413759999999999906e-01
3.000000000000000000e+04 9.180399999999999672e-01
