0.000000000000000000e+00 4.690579776041519100e-01
1.000000000000000000e+02 4.028692102421922439e-01
2.000000000000000000e+02 4.121516408763031825e-01
3.000000000000000000e+02 4.327345059736161792e-01
4.000000000000000000e+02 4.415916635996201545e-01
5.000000000000000000e+02 4.409673293768698876e-01
6.000000000000000000e+02 4.494191161920979005e-01
7.000000000000000000e+02 4.686497728155277209e-01
8.000000000000000000e+02 4.540508723227215104e-01
9.000000000000000000e+02 4.909209425613390021e-01
1.000000000000000000e+03 4.748246021518758297e-01
1.100000000000000000e+03 4.812294422816783546e-01
1.200000000000000000e+03 4.410368240405182494e-01
1.300000000000000000e+03 4.814309424408472760e-01
1.400000000000000000e+03 4.890545084680342214e-01
1.500000000000000000e+03 5.116206671991549992e-01
1.600000000000000000e+03 4.852130230206549433e-01
1.700000000000000000e+03 5.208355648404933147e-01
1.800000000000000000e+03 5.254764335555870414e-01
1.900000000000000000e+03 5.133984792227572758e-01
2.000000000000000000e+03 5.357204970339404237e-01
2.100000000000000000e+03 5.351427130726224002e-01
2.200000000000000000e+03 5.509067547019921296e-01
2.300000000000000000e+03 5.491301925513270010e-01
2.400000000000000000e+03 5.854719768725132889e-01
2.500000000000000000e+03 5.482568690880305073e-01
2.600000000000000000e+03 5.975622219649712186e-01
2.700000000000000000e+03 5.859257972105906820e-01
2.800000000000000000e+03 6.252596881066128098e-01
2.900000000000000000e+03 5.633901721863716627e-01
3.000000000000000000e+03 6.222213160662098952e-01
3.100000000000000000e+03 6.029170549176812166e-01
3.200000000000000000e+03 6.041250022415841636e-01
3.300000000000000000e+03 6.032021130091503869e-01
3.400000000000000000e+03 6.219470769241395303e-01
3.500000000000000000e+03 6.574875068139875989e-01
3.600000000000000000e+03 6.348100046895189807e-01
3.700000000000000000e+03 6.355539037463708851e-01
3.800000000000000000e+03 6.902380119092100808e-01
3.900000000000000000e+03 6.723366394635768017e-01
4.000000000000000000e+03 6.792091463796865458e-01
4.100000000000000000e+03 6.739734834665047636e-01
4.200000000000000000e+03 6.800179560162749048e-01
4.300000000000000000e+03 6.615478637733344103e-01
4.400000000000000000e+03 7.071384651893987128e-01
4.500000000000000000e+03 7.043112683403968122e-01
4.600000000000000000e+03 7.089936174543276515e-01
4.700000000000000000e+03 6.968864910289389591e-01
4.800000000000000000e+03 6.785918658542346993e-01
4.900000000000000000e+03 6.990488635742913015e-01
5.000000000000000000e+03 7.084051687315248147e-01
5.100000000000000000e+03 7.178343678856969889e-01
5.200000000000000000e+03 7.274282423940309217e-01
5.300000000000000000e+03 7.314365228294560373e-01
5.400000000000000000e+03 7.184339070509138114e-01
5.500000000000000000e+03 7.455468227745349896e-01
5.600000000000000000e+03 7.484519778991317596e-01
5.700000000000000000e+03 7.361774779293418502e-01
5.800000000000000000e+03 7.547814882650800694e-01
5.900000000000000000e+03 7.684854593700234382e-01
6.000000000000000000e+03 7.321777999018163063e-01
6.100000000000000000e+03 7.536320476976957616e-01
6.200000000000000000e+03 7.635902498877693567e-01
6.300000000000000000e+03 7.801048506272846295e-01
6.400000000000000000e+03 7.720343085272726169e-01
6.500000000000000000e+03 7.890590353182262984e-01
6.600000000000000000e+03 8.069709555403196122e-01
6.700000000000000000e+03 7.909002050725941757e-01
6.800000000000000000e+03 7.887338173317540724e-01
6.900000000000000000e+03 8.063392923064003348e-01
7.000000000000000000e+03 7.882680941722949308e-01
7.100000000000000000e+03 7.912054791440100709e-01
7.200000000000000000e+03 8.080209573468295492e-01
7.300000000000000000e+03 8.240006092666072313e-01
7.400000000000000000e+03 8.007067123478557313e-01
7.500000000000000000e+03 8.108830513052559530e-01
7.600000000000000000e+03 8.264813446578471723e-01
7.700000000000000000e+03 8.318599908064340243e-01
7.800000000000000000e+03 8.110864094879723929e-01
7.900000000000000000e+03 8.154075052668834367e-01
8.000000000000000000e+03 8.226795827942864348e-01
8.100000000000000000e+03 8.262798368335226851e-01
8.200000000000000000e+03 8.436565892534564348e-01
8.300000000000000000e+03 8.256471157848183084e-01
8.400000000000000000e+03 8.391641790245009114e-01
8.500000000000000000e+03 8.461258579234050003e-01
8.600000000000000000e+03 8.459845128786229740e-01
8.700000000000000000e+03 8.533623641152860984e-01
8.800000000000000000e+03 8.473911641942234452e-01
8.900000000000000000e+03 8.652777477781541382e-01
9.000000000000000000e+03 8.483228704657633790e-01
9.100000000000000000e+03 8.406334062753562097e-01
9.200000000000000000e+03 8.385612457094639982e-01
9.300000000000000000e+03 8.664194324227254551e-01
9.400000000000000000e+03 8.678725681370149658e-01
9.500000000000000000e+03 8.442692360585283273e-01
9.600000000000000000e+03 8.558352674210991662e-01
9.700000000000000000e+03 8.748162159909219637e-01
9.800000000000000000e+03 8.767387774459233230e-01
9.900000000000000000e+03 8.836736145798035347e-01
1.000000000000000000e+04 8.763953022213131216e-01
1.010000000000000000e+04 8.797282559554080450e-01
1.020000000000000000e+04 8.840987062024900922e-01
1.030000000000000000e+04 8.907650973181566734e-01
1.040000000000000000e+04 8.874346714430121352e-01
1.050000000000000000e+04 8.904750643439539592e-01
1.060000000000000000e+04 8.909097289369898309e-01
1.070000000000000000e+04 9.046174901097328025e-01
1.080000000000000000e+04 8.986584306757914309e-01
1.090000000000000000e+04 9.030917632022995578e-01
1.100000000000000000e+04 9.068111989973444143e-01
1.110000000000000000e+04 9.152084547693550842e-01
1.120000000000000000e+04 8.987003817937733174e-01
1.130000000000000000e+04 8.953994712859079108e-01
1.140000000000000000e+04 9.052504744020447580e-01
1.150000000000000000e+04 9.144233540706608876e-01
1.160000000000000000e+04 9.086124264778188131e-01
1.170000000000000000e+04 9.178664432057337397e-01
1.180000000000000000e+04 8.996481263577857934e-01
1.190000000000000000e+04 9.207323973980956477e-01
1.200000000000000000e+04 9.269556935100227157e-01
1.210000000000000000e+04 9.247204750028377163e-01
1.220000000000000000e+04 9.392668945105530076e-01
1.230000000000000000e+04 9.239124953022556097e-01
1.240000000000000000e+04 9.347901400811543526e-01
1.250000000000000000e+04 9.255923539482577844e-01
1.260000000000000000e+04 9.300673329516326859e-01
1.270000000000000000e+04 9.299013840511490825e-01
1.280000000000000000e+04 9.424612130480584105e-01
1.290000000000000000e+04 9.295309406484109083e-01
1.300000000000000000e+04 9.482232330466060510e-01
1.310000000000000000e+04 9.455421039569560371e-01
1.320000000000000000e+04 9.484119731907783013e-01
1.330000000000000000e+04 9.589987101801134006e-01
1.340000000000000000e+04 9.503788203012004665e-01
1.350000000000000000e+04 9.452019780310050301e-01
1.360000000000000000e+04 9.527437071241915412e-01
1.370000000000000000e+04 9.402950980632077682e-01
1.380000000000000000e+04 9.466987899453507271e-01
1.390000000000000000e+04 9.608887875368842257e-01
1.400000000000000000e+04 9.545751798400450294e-01
1.410000000000000000e+04 9.476869601905972829e-01
1.420000000000000000e+04 9.461823961463614596e-01
1.430000000000000000e+04 9.548876374308119530e-01
1.440000000000000000e+04 9.463804461409539570e-01
1.450000000000000000e+04 9.536077581886428511e-01
1.460000000000000000e+04 9.549528940770397600e-01
1.470000000000000000e+04 9.510343271234829032e-01
1.480000000000000000e+04 9.525922387190183249e-01
1.490000000000000000e+04 9.454634622613924400e-01
1.500000000000000000e+04 9.478806774698981252e-01
1.510000000000000000e+04 9.559863412357587631e-01
1.520000000000000000e+04 9.554245987096772197e-01
1.530000000000000000e+04 9.577792008917285216e-01
1.540000000000000000e+04 9.573492132041773184e-01
1.550000000000000000e+04 9.601353700623255216e-01
1.560000000000000000e+04 9.574762212604873701e-01
1.570000000000000000e+04 9.576942069887962594e-01
1.580000000000000000e+04 9.636780747609341446e-01
1.590000000000000000e+04 9.568175236704964393e-01
1.600000000000000000e+04 9.601360318468561417e-01
1.610000000000000000e+04 9.551493955701223504e-01
1.620000000000000000e+04 9.541555317391871016e-01
1.630000000000000000e+04 9.640073147692285183e-01
1.640000000000000000e+04 9.648981788593266051e-01
1.650000000000000000e+04 9.671436637174746220e-01
1.660000000000000000e+04 9.610406040452885712e-01
1.670000000000000000e+04 9.519988962738610283e-01
1.680000000000000000e+04 9.625333201149246509e-01
1.690000000000000000e+04 9.712920271986028586e-01
1.700000000000000000e+04 9.619359108897064248e-01
1.710000000000000000e+04 9.611897923639810548e-01
1.720000000000000000e+04 9.633963333626044401e-01
1.730000000000000000e+04 9.625895697604704981e-01
1.740000000000000000e+04 9.647530166568111243e-01
1.750000000000000000e+04 9.692697659606054339e-01
1.760000000000000000e+04 9.717157578355822833e-01
1.770000000000000000e+04 9.676644337155110298e-01
1.780000000000000000e+04 9.750547643071814097e-01
1.790000000000000000e+04 9.655667758997342753e-01
1.800000000000000000e+04 9.634551765238603682e-01
1.810000000000000000e+04 9.609727223169639565e-01
1.820000000000000000e+04 9.707506650405691717e-01
1.830000000000000000e+04 9.646541385240843258e-01
1.840000000000000000e+04 9.693242000890615051e-01
1.850000000000000000e+04 9.658028319281578566e-01
1.860000000000000000e+04 9.743767268350170818e-01
1.870000000000000000e+04 9.699246956420688459e-01
1.880000000000000000e+04 9.649664760993685864e-01
1.890000000000000000e+04 9.678928249520319937e-01
1.900000000000000000e+04 9.654348755964592410e-01
1.910000000000000000e+04 9.659892480710811080e-01
1.920000000000000000e+04 9.588828337346738673e-01
1.930000000000000000e+04 9.672241273037768261e-01
1.940000000000000000e+04 9.587800225997203940e-01
1.950000000000000000e+04 9.735503566987224744e-01
1.960000000000000000e+04 9.721926234549572721e-01
1.970000000000000000e+04 9.703119437324508878e-01
1.980000000000000000e+04 9.685228975174440258e-01
1.990000000000000000e+04 9.681387736472407690e-01
2.000000000000000000e+04 9.755603127945802200e-01
2.010000000000000000e+04 9.741326952165618724e-01
2.020000000000000000e+04 9.714725948241890174e-01
2.030000000000000000e+04 9.695036042880675886e-01
2.040000000000000000e+04 9.697931944283115779e-01
2.050000000000000000e+04 9.619457889132447814e-01
2.060000000000000000e+04 9.721849629915803037e-01
2.070000000000000000e+04 9.665342135324143102e-01
2.080000000000000000e+04 9.677970138429013991e-01
2.090000000000000000e+04 9.694439493038753408e-01
2.100000000000000000e+04 9.676262635932788569e-01
2.110000000000000000e+04 9.756008919712596539e-01
2.120000000000000000e+04 9.700479385668442367e-01
2.130000000000000000e+04 9.748011516601842175e-01
2.140000000000000000e+04 9.725679765569574808e-01
2.150000000000000000e+04 9.702360511118037767e-01
2.160000000000000000e+04 9.677819668804197306e-01
2.170000000000000000e+04 9.739715953019737471e-01
2.180000000000000000e+04 9.706834073525021367e-01
2.190000000000000000e+04 9.752147446966754618e-01
2.200000000000000000e+04 9.650380941498039045e-01
2.210000000000000000e+04 9.736747069697717638e-01
2.220000000000000000e+04 9.715271853138330860e-01
2.230000000000000000e+04 9.698794990041735842e-01
2.240000000000000000e+04 9.673414148688637137e-01
2.250000000000000000e+04 9.732681937719773746e-01
2.260000000000000000e+04 9.740534652239050128e-01
2.270000000000000000e+04 9.633329327806874343e-01
2.280000000000000000e+04 9.696087478936467052e-01
2.290000000000000000e+04 9.668451654270039386e-01
2.300000000000000000e+04 9.705184437747086390e-01
2.310000000000000000e+04 9.676438030213438957e-01
2.320000000000000000e+04 9.672928433612592025e-01
2.330000000000000000e+04 9.753192846880534006e-01
2.340000000000000000e+04 9.699983020658589083e-01
2.350000000000000000e+04 9.761929295116730243e-01
2.360000000000000000e+04 9.700411647306271812e-01
2.370000000000000000e+04 9.692085637025035227e-01
2.380000000000000000e+04 9.694699256632091089e-01
2.390000000000000000e+04 9.715448698986752785e-01
2.400000000000000000e+04 9.749582014635282956e-01
2.410000000000000000e+04 9.736205239243125309e-01
2.420000000000000000e+04 9.769713095268695024e-01
2.430000000000000000e+04 9.742085064704910646e-01
2.440000000000000000e+04 9.696016409247729673e-01
2.450000000000000000e+04 9.672953123679666199e-01
2.460000000000000000e+04 9.716996947585505584e-01
2.470000000000000000e+04 9.717229817594971175e-01
2.480000000000000000e+04 9.727379552524657580e-01
2.490000000000000000e+04 9.759383891395767563e-01
2.500000000000000000e+04 9.744758974651269723e-01
2.510000000000000000e+04 9.669813692068942590e-01
2.520000000000000000e+04 9.677398332801949721e-01
2.530000000000000000e+04 9.726039837783599928e-01
2.540000000000000000e+04 9.745100965212771804e-01
2.550000000000000000e+04 9.730577839367192672e-01
2.560000000000000000e+04 9.732186287779350797e-01
2.570000000000000000e+04 9.712308999643061158e-01
2.580000000000000000e+04 9.756996828682392708e-01
2.590000000000000000e+04 9.738946979134280868e-01
2.600000000000000000e+04 9.719218751990470473e-01
2.610000000000000000e+04 9.704357455434979851e-01
2.620000000000000000e+04 9.763680086764117139e-01
2.630000000000000000e+04 9.634919642893765568e-01
2.640000000000000000e+04 9.689265461020765136e-01
2.650000000000000000e+04 9.690175595731702618e-01
2.660000000000000000e+04 9.718303785871020839e-01
2.670000000000000000e+04 9.695952996158260229e-01
2.680000000000000000e+04 9.777094051388843798e-01
2.690000000000000000e+04 9.775907122335387722e-01
2.700000000000000000e+04 9.689665048454831897e-01
2.710000000000000000e+04 9.736453161683141788e-01
2.720000000000000000e+04 9.746901458103796045e-01
2.730000000000000000e+04 9.732407001039354855e-01
2.740000000000000000e+04 9.694552855545419678e-01
2.750000000000000000e+04 9.753537617049390374e-01
2.760000000000000000e+04 9.731773389040527800e-01
2.770000000000000000e+04 9.753362452349543243e-01
2.780000000000000000e+04 9.761819055954548130e-01
2.790000000000000000e+04 9.705152722930789899e-01
2.800000000000000000e+04 9.737309902389288396e-01
2.810000000000000000e+04 9.705068463796080458e-01
2.820000000000000000e+04 9.746679437873383423e-01
2.830000000000000000e+04 9.755273652193925393e-01
2.840000000000000000e+04 9.765118080746516549e-01
2.850000000000000000e+04 9.677420805376342194e-01
2.860000000000000000e+04 9.762476962869173214e-01
2.870000000000000000e+04 9.688564263711495483e-01
2.880000000000000000e+04 9.789579154892236179e-01
2.890000000000000000e+04 9.743235289001662691e-01
2.900000000000000000e+04 9.699857458303540181e-01
2.910000000000000000e+04 9.776088938359620562e-01
2.920000000000000000e+04 9.693870120326248951e-01
2.930000000000000000e+04 9.770875617928712620e-01
2.940000000000000000e+04 9.757449007054099788e-01
2.950000000000000000e+04 9.753992285985203514e-01
2.960000000000000000e+04 9.731858146249859898e-01
2.970000000000000000e+04 9.722782720439994142e-01
2.980000000000000000e+04 9.652872988637791751e-01
2.990000000000000000e+04 9.710418542877155001e-01
3.000000000000000000e+04 9.724028733627720911e-01
