0.000000000000000000e+00 4.683200000000000141e-01
1.000000000000000000e+02 3.391680000000000250e-01
2.000000000000000000e+02 3.698600000000000221e-01
3.000000000000000000e+02 4.046839999999999882e-01
4.000000000000000000e+02 4.207279999999999909e-01
5.000000000000000000e+02 4.220619999999999927e-01
6.000000000000000000e+02 4.374040000000000150e-01
7.000000000000000000e+02 4.747399999999999398e-01
8.000000000000000000e+02 4.501039999999999486e-01
9.000000000000000000e+02 4.922319999999999474e-01
1.000000000000000000e+03 4.753840000000000288e-01
1.100000000000000000e+03 4.834920000000000329e-01
1.200000000000000000e+03 4.361840000000000162e-01
1.300000000000000000e+03 4.809280000000000221e-01
1.400000000000000000e+03 4.927759999999999918e-01
1.500000000000000000e+03 5.117119999999999447e-01
1.600000000000000000e+03 4.880360000000000253e-01
1.700000000000000000e+03 5.286159999999999748e-01
1.800000000000000000e+03 5.364079999999999959e-01
1.900000000000000000e+03 5.190460000000000074e-01
2.000000000000000000e+03 5.480720000000000036e-01
2.100000000000000000e+03 5.496280000000000054e-01
2.200000000000000000e+03 5.429439999999999822e-01
2.300000000000000000e+03 5.578279999999999905e-01
2.400000000000000000e+03 5.870239999999999903e-01
2.500000000000000000e+03 5.390920000000000156e-01
2.600000000000000000e+03 6.235199999999999632e-01
2.700000000000000000e+03 5.858039999999999914e-01
2.800000000000000000e+03 6.307479999999999754e-01
2.900000000000000000e+03 5.716680000000000650e-01
3.000000000000000000e+03 6.190959999999999797e-01
3.100000000000000000e+03 6.140919999999999712e-01
3.200000000000000000e+03 6.127000000000000224e-01
3.300000000000000000e+03 5.958280000000000243e-01
3.400000000000000000e+03 6.329960000000000031e-01
3.500000000000000000e+03 6.470200000000000395e-01
3.600000000000000000e+03 6.282959999999999656e-01
3.700000000000000000e+03 6.360159999999999147e-01
3.800000000000000000e+03 6.779079999999999551e-01
3.900000000000000000e+03 6.604240000000000110e-01
4.000000000000000000e+03 6.695799999999999530e-01
4.100000000000000000e+03 6.700319999999999609e-01
4.200000000000000000e+03 6.775479999999999281e-01
4.300000000000000000e+03 6.606720000000000370e-01
4.400000000000000000e+03 6.891839999999999078e-01
4.500000000000000000e+03 6.844999999999999973e-01
4.600000000000000000e+03 6.821839999999999016e-01
4.700000000000000000e+03 6.779199999999998560e-01
4.800000000000000000e+03 6.768399999999999972e-01
4.900000000000000000e+03 6.955279999999999241e-01
5.000000000000000000e+03 7.086879999999998736e-01
5.100000000000000000e+03 7.045360000000000511e-01
5.200000000000000000e+03 7.046360000000000401e-01
5.300000000000000000e+03 7.213199999999999612e-01
5.400000000000000000e+03 7.075359999999999427e-01
5.500000000000000000e+03 7.177360000000000406e-01
5.600000000000000000e+03 7.354519999999999946e-01
5.700000000000000000e+03 7.270999999999999686e-01
5.800000000000000000e+03 7.459759999999999724e-01
5.900000000000000000e+03 7.391079999999998762e-01
6.000000000000000000e+03 7.229439999999999200e-01
6.100000000000000000e+03 7.300279999999998992e-01
6.200000000000000000e+03 7.532760000000000566e-01
6.300000000000000000e+03 7.732119999999998994e-01
6.400000000000000000e+03 7.533080000000000886e-01
6.500000000000000000e+03 7.660759999999999792e-01
6.600000000000000000e+03 7.822759999999999714e-01
6.700000000000000000e+03 7.695359999999999978e-01
6.800000000000000000e+03 7.653079999999998773e-01
6.900000000000000000e+03 7.849520000000000941e-01
7.000000000000000000e+03 7.781519999999999548e-01
7.100000000000000000e+03 7.763959999999999750e-01
7.200000000000000000e+03 7.933399999999999341e-01
7.300000000000000000e+03 8.008239999999999803e-01
7.400000000000000000e+03 7.836119999999999752e-01
7.500000000000000000e+03 7.845720000000000471e-01
7.600000000000000000e+03 8.073239999999999306e-01
7.700000000000000000e+03 8.155359999999998166e-01
7.800000000000000000e+03 7.931319999999999482e-01
7.900000000000000000e+03 7.840559999999999752e-01
8.000000000000000000e+03 8.021920000000000162e-01
8.100000000000000000e+03 8.131960000000000299e-01
8.200000000000000000e+03 8.176759999999998474e-01
8.300000000000000000e+03 8.046320000000000139e-01
8.400000000000000000e+03 8.173719999999999875e-01
8.500000000000000000e+03 8.242639999999998857e-01
8.600000000000000000e+03 8.282680000000000042e-01
8.700000000000000000e+03 8.353120000000000545e-01
8.800000000000000000e+03 8.219480000000000119e-01
8.900000000000000000e+03 8.453380000000000338e-01
9.000000000000000000e+03 8.243160000000000487e-01
9.100000000000000000e+03 8.102980000000000738e-01
9.200000000000000000e+03 8.151159999999999517e-01
9.300000000000000000e+03 8.434760000000000035e-01
9.400000000000000000e+03 8.464279999999999582e-01
9.500000000000000000e+03 8.261359999999999815e-01
9.600000000000000000e+03 8.372959999999999292e-01
9.700000000000000000e+03 8.495079999999999298e-01
9.800000000000000000e+03 8.566360000000000641e-01
9.900000000000000000e+03 8.624640000000000084e-01
1.000000000000000000e+04 8.560919999999999641e-01
1.010000000000000000e+04 8.608160000000000256e-01
1.020000000000000000e+04 8.647720000000000962e-01
1.030000000000000000e+04 8.758639999999999759e-01
1.040000000000000000e+04 8.700479999999999325e-01
1.050000000000000000e+04 8.710280000000000244e-01
1.060000000000000000e+04 8.775000000000000577e-01
1.070000000000000000e+04 8.860919999999998797e-01
1.080000000000000000e+04 8.795879999999999255e-01
1.090000000000000000e+04 8.793480000000000185e-01
1.100000000000000000e+04 8.881400000000001516e-01
1.110000000000000000e+04 9.011560000000000681e-01
1.120000000000000000e+04 8.846079999999999499e-01
1.130000000000000000e+04 8.826519999999999921e-01
1.140000000000000000e+04 8.888320000000000665e-01
1.150000000000000000e+04 8.943039999999998768e-01
1.160000000000000000e+04 8.952240000000000197e-01
1.170000000000000000e+04 9.021799999999999820e-01
1.180000000000000000e+04 8.851480000000000459e-01
1.190000000000000000e+04 9.096239999999999881e-01
1.200000000000000000e+04 9.127680000000000238e-01
1.210000000000000000e+04 9.154520000000000435e-01
1.220000000000000000e+04 9.286519999999998110e-01
1.230000000000000000e+04 9.127000000000000668e-01
1.240000000000000000e+04 9.221079999999999277e-01
1.250000000000000000e+04 9.143039999999997836e-01
1.260000000000000000e+04 9.209199999999999608e-01
1.270000000000000000e+04 9.209600000000000009e-01
1.280000000000000000e+04 9.286280000000000090e-01
1.290000000000000000e+04 9.158039999999999514e-01
1.300000000000000000e+04 9.367320000000000091e-01
1.310000000000000000e+04 9.350119999999999543e-01
1.320000000000000000e+04 9.383679999999998689e-01
1.330000000000000000e+04 9.482239999999999558e-01
1.340000000000000000e+04 9.420360000000000955e-01
1.350000000000000000e+04 9.374239999999999240e-01
1.360000000000000000e+04 9.439159999999998663e-01
1.370000000000000000e+04 9.271079999999999322e-01
1.380000000000000000e+04 9.390519999999999978e-01
1.390000000000000000e+04 9.540319999999999911e-01
1.400000000000000000e+04 9.449600000000000222e-01
1.410000000000000000e+04 9.341159999999998353e-01
1.420000000000000000e+04 9.359999999999999432e-01
1.430000000000000000e+04 9.438459999999998518e-01
1.440000000000000000e+04 9.334879999999998734e-01
1.450000000000000000e+04 9.404199999999999227e-01
1.460000000000000000e+04 9.472600000000001019e-01
1.470000000000000000e+04 9.403160000000000407e-01
1.480000000000000000e+04 9.443239999999999412e-01
1.490000000000000000e+04 9.327320000000000055e-01
1.500000000000000000e+04 9.373799999999998800e-01
1.510000000000000000e+04 9.494720000000000937e-01
1.520000000000000000e+04 9.469120000000000870e-01
1.530000000000000000e+04 9.497160000000001157e-01
1.540000000000000000e+04 9.495160000000000267e-01
1.550000000000000000e+04 9.523440000000000794e-01
1.560000000000000000e+04 9.491760000000000197e-01
1.570000000000000000e+04 9.469039999999998569e-01
1.580000000000000000e+04 9.577800000000000757e-01
1.590000000000000000e+04 9.474000000000000199e-01
1.600000000000000000e+04 9.553559999999999830e-01
1.610000000000000000e+04 9.472800000000000109e-01
1.620000000000000000e+04 9.462199999999999500e-01
1.630000000000000000e+04 9.543079999999999341e-01
1.640000000000000000e+04 9.581679999999999087e-01
1.650000000000000000e+04 9.602640000000000065e-01
1.660000000000000000e+04 9.536120000000000152e-01
1.670000000000000000e+04 9.423039999999999194e-01
1.680000000000000000e+04 9.528639999999999333e-01
1.690000000000000000e+04 9.651919999999999389e-01
1.700000000000000000e+04 9.542120000000000601e-01
1.710000000000000000e+04 9.554519999999999680e-01
1.720000000000000000e+04 9.549360000000001181e-01
1.730000000000000000e+04 9.557519999999999349e-01
1.740000000000000000e+04 9.575319999999999387e-01
1.750000000000000000e+04 9.642239999999999700e-01
1.760000000000000000e+04 9.654080000000000439e-01
1.770000000000000000e+04 9.625920000000000032e-01
1.780000000000000000e+04 9.693840000000000234e-01
1.790000000000000000e+04 9.566639999999999588e-01
1.800000000000000000e+04 9.554239999999999400e-01
1.810000000000000000e+04 9.530119999999999703e-01
1.820000000000000000e+04 9.650560000000000249e-01
1.830000000000000000e+04 9.574759999999998827e-01
1.840000000000000000e+04 9.640520000000000200e-01
1.850000000000000000e+04 9.571319999999999828e-01
1.860000000000000000e+04 9.682759999999999145e-01
1.870000000000000000e+04 9.647480000000000500e-01
1.880000000000000000e+04 9.585479999999999556e-01
1.890000000000000000e+04 9.621359999999999912e-01
1.900000000000000000e+04 9.621159999999999712e-01
1.910000000000000000e+04 9.608480000000000354e-01
1.920000000000000000e+04 9.529039999999999733e-01
1.930000000000000000e+04 9.630760000000000431e-01
1.940000000000000000e+04 9.544360000000000621e-01
1.950000000000000000e+04 9.686359999999999415e-01
1.960000000000000000e+04 9.678679999999998396e-01
1.970000000000000000e+04 9.669399999999999107e-01
1.980000000000000000e+04 9.654360000000000719e-01
1.990000000000000000e+04 9.618240000000000123e-01
2.000000000000000000e+04 9.692239999999999744e-01
2.010000000000000000e+04 9.707919999999999883e-01
2.020000000000000000e+04 9.675439999999999596e-01
2.030000000000000000e+04 9.637079999999998980e-01
2.040000000000000000e+04 9.647519999999999429e-01
2.050000000000000000e+04 9.572599999999999998e-01
2.060000000000000000e+04 9.672119999999999607e-01
2.070000000000000000e+04 9.619640000000000413e-01
2.080000000000000000e+04 9.634679999999998801e-01
2.090000000000000000e+04 9.666200000000000347e-01
2.100000000000000000e+04 9.635999999999999011e-01
2.110000000000000000e+04 9.717600000000000682e-01
2.120000000000000000e+04 9.641839999999999300e-01
2.130000000000000000e+04 9.702280000000000904e-01
2.140000000000000000e+04 9.677919999999999856e-01
2.150000000000000000e+04 9.659680000000000488e-01
2.160000000000000000e+04 9.632400000000000961e-01
2.170000000000000000e+04 9.698319999999998053e-01
2.180000000000000000e+04 9.659640000000001558e-01
2.190000000000000000e+04 9.723239999999999661e-01
2.200000000000000000e+04 9.616279999999999273e-01
2.210000000000000000e+04 9.679720000000000546e-01
2.220000000000000000e+04 9.649280000000000079e-01
2.230000000000000000e+04 9.666840000000000988e-01
2.240000000000000000e+04 9.627159999999999052e-01
2.250000000000000000e+04 9.691920000000000535e-01
2.260000000000000000e+04 9.716879999999999962e-01
2.270000000000000000e+04 9.575239999999999307e-01
2.280000000000000000e+04 9.659439999999999138e-01
2.290000000000000000e+04 9.583040000000000447e-01
2.300000000000000000e+04 9.662920000000000398e-01
2.310000000000000000e+04 9.624479999999999702e-01
2.320000000000000000e+04 9.621919999999998252e-01
2.330000000000000000e+04 9.699519999999999254e-01
2.340000000000000000e+04 9.629959999999999631e-01
2.350000000000000000e+04 9.735679999999999890e-01
2.360000000000000000e+04 9.654359999999999609e-01
2.370000000000000000e+04 9.643359999999999710e-01
2.380000000000000000e+04 9.625519999999999632e-01
2.390000000000000000e+04 9.668400000000000327e-01
2.400000000000000000e+04 9.714639999999998832e-01
2.410000000000000000e+04 9.711640000000000272e-01
2.420000000000000000e+04 9.720880000000000631e-01
2.430000000000000000e+04 9.722720000000000251e-01
2.440000000000000000e+04 9.655240000000000489e-01
2.450000000000000000e+04 9.623360000000000802e-01
2.460000000000000000e+04 9.691079999999999695e-01
2.470000000000000000e+04 9.669559999999999267e-01
2.480000000000000000e+04 9.690759999999999375e-01
2.490000000000000000e+04 9.720280000000001142e-01
2.500000000000000000e+04 9.719040000000001012e-01
2.510000000000000000e+04 9.600760000000000405e-01
2.520000000000000000e+04 9.648919999999999719e-01
2.530000000000000000e+04 9.694040000000000434e-01
2.540000000000000000e+04 9.696679999999999744e-01
2.550000000000000000e+04 9.668839999999998547e-01
2.560000000000000000e+04 9.686320000000000485e-01
2.570000000000000000e+04 9.674559999999999826e-01
2.580000000000000000e+04 9.722959999999999381e-01
2.590000000000000000e+04 9.694279999999999564e-01
2.600000000000000000e+04 9.667879999999999807e-01
2.610000000000000000e+04 9.677080000000000126e-01
2.620000000000000000e+04 9.727959999999999940e-01
2.630000000000000000e+04 9.572479999999999878e-01
2.640000000000000000e+04 9.652439999999999909e-01
2.650000000000000000e+04 9.650799999999999379e-01
2.660000000000000000e+04 9.672399999999999887e-01
2.670000000000000000e+04 9.656359999999999388e-01
2.680000000000000000e+04 9.752359999999999918e-01
2.690000000000000000e+04 9.756840000000001067e-01
2.700000000000000000e+04 9.636759999999999771e-01
2.710000000000000000e+04 9.709400000000000253e-01
2.720000000000000000e+04 9.707599999999999563e-01
2.730000000000000000e+04 9.703159999999998453e-01
2.740000000000000000e+04 9.653560000000001029e-01
2.750000000000000000e+04 9.720720000000000471e-01
2.760000000000000000e+04 9.695559999999999734e-01
2.770000000000000000e+04 9.711200000000000943e-01
2.780000000000000000e+04 9.731400000000000050e-01
2.790000000000000000e+04 9.662479999999999958e-01
2.800000000000000000e+04 9.686520000000000685e-01
2.810000000000000000e+04 9.642600000000000060e-01
2.820000000000000000e+04 9.705160000000000453e-01
2.830000000000000000e+04 9.716199999999999282e-01
2.840000000000000000e+04 9.719799999999999551e-01
2.850000000000000000e+04 9.649519999999999209e-01
2.860000000000000000e+04 9.720199999999998841e-01
2.870000000000000000e+04 9.647999999999999909e-01
2.880000000000000000e+04 9.767640000000000766e-01
2.890000000000000000e+04 9.715880000000000072e-01
2.900000000000000000e+04 9.676359999999999406e-01
2.910000000000000000e+04 9.737119999999999109e-01
2.920000000000000000e+04 9.627319999999999212e-01
2.930000000000000000e+04 9.720959999999999601e-01
2.940000000000000000e+04 9.730359999999999010e-01
2.950000000000000000e+04 9.710519999999999152e-01
2.960000000000000000e+04 9.678919999999999746e-01
2.970000000000000000e+04 9.671680000000000277e-01
2.980000000000000000e+04 9.611799999999999233e-01
2.990000000000000000e+04 9.682959999999999345e-01
3.000000000000000000e+04 9.682679999999999065e-01
