0.000000000000000000e+00 4.934275223567062829e-01
1.000000000000000000e+02 3.922755675113132057e-01
2.000000000000000000e+02 4.038284319865466654e-01
3.000000000000000000e+02 4.250556082847601891e-01
4.000000000000000000e+02 4.389993335550983478e-01
5.000000000000000000e+02 4.236155515853780029e-01
6.000000000000000000e+02 4.292591658189887638e-01
7.000000000000000000e+02 4.851775135238708403e-01
8.000000000000000000e+02 4.498795671091417869e-01
9.000000000000000000e+02 4.586470465498887483e-01
1.000000000000000000e+03 4.580324727157205067e-01
1.100000000000000000e+03 4.756811565471455450e-01
1.200000000000000000e+03 4.823805508457851832e-01
1.300000000000000000e+03 4.873838692975903109e-01
1.400000000000000000e+03 4.851558841997736238e-01
1.500000000000000000e+03 4.790233072141447113e-01
1.600000000000000000e+03 4.921793408649807744e-01
1.700000000000000000e+03 4.778024094786958997e-01
1.800000000000000000e+03 4.973837573165580395e-01
1.900000000000000000e+03 4.931054776170435971e-01
2.000000000000000000e+03 4.777021901921301716e-01
2.100000000000000000e+03 5.142323995845042850e-01
2.200000000000000000e+03 5.175069648829236924e-01
2.300000000000000000e+03 5.182180167243475299e-01
2.400000000000000000e+03 4.972433517614487930e-01
2.500000000000000000e+03 5.102908821035152531e-01
2.600000000000000000e+03 4.971454410095215160e-01
2.700000000000000000e+03 5.076181617699914161e-01
2.800000000000000000e+03 5.196308102435551746e-01
2.900000000000000000e+03 4.943625610070894183e-01
3.000000000000000000e+03 5.191919025819347056e-01
3.100000000000000000e+03 5.228631110386766645e-01
3.200000000000000000e+03 5.450481194246139527e-01
3.300000000000000000e+03 5.268009963939810358e-01
3.400000000000000000e+03 5.349070755647508113e-01
3.500000000000000000e+03 5.435325958952600400e-01
3.600000000000000000e+03 4.897765362670408740e-01
3.700000000000000000e+03 4.974742030203243015e-01
3.800000000000000000e+03 5.225946646589341160e-01
3.900000000000000000e+03 5.310360158626226124e-01
4.000000000000000000e+03 5.057555247830112233e-01
4.100000000000000000e+03 5.374759122629572117e-01
4.200000000000000000e+03 5.314611551490091568e-01
4.300000000000000000e+03 5.220367703274544358e-01
4.400000000000000000e+03 5.176426818398338625e-01
4.500000000000000000e+03 5.276955870536100823e-01
4.600000000000000000e+03 5.325712584163762031e-01
4.700000000000000000e+03 5.432846267293269804e-01
4.800000000000000000e+03 5.591301597710846005e-01
4.900000000000000000e+03 5.501096988793443554e-01
5.000000000000000000e+03 5.486150579769452085e-01
5.100000000000000000e+03 5.465865539657036587e-01
5.200000000000000000e+03 5.708665723392648550e-01
5.300000000000000000e+03 5.473777257672085561e-01
5.400000000000000000e+03 5.614279415431691067e-01
5.500000000000000000e+03 5.562275893425965290e-01
5.600000000000000000e+03 5.659413134610249418e-01
5.700000000000000000e+03 5.492729620862849549e-01
5.800000000000000000e+03 5.391622370506494732e-01
5.900000000000000000e+03 5.696972306810261788e-01
6.000000000000000000e+03 5.613123309617872314e-01
6.100000000000000000e+03 5.736185190320520766e-01
6.200000000000000000e+03 5.937088648268952218e-01
6.300000000000000000e+03 5.888604075975025776e-01
6.400000000000000000e+03 5.827120649802248753e-01
6.500000000000000000e+03 6.209467172760736453e-01
6.600000000000000000e+03 5.911146458048583963e-01
6.700000000000000000e+03 5.616083827712010645e-01
6.800000000000000000e+03 5.965121031725572065e-01
6.900000000000000000e+03 5.963306027203147952e-01
7.000000000000000000e+03 6.039523632642644912e-01
7.100000000000000000e+03 5.810849252101211171e-01
7.200000000000000000e+03 5.648916558502297125e-01
7.300000000000000000e+03 5.900278197772241828e-01
7.400000000000000000e+03 6.179654006934813815e-01
7.500000000000000000e+03 5.896757829961554176e-01
7.600000000000000000e+03 6.218916147665652927e-01
7.700000000000000000e+03 6.285041592053787207e-01
7.800000000000000000e+03 6.291077777618967470e-01
7.900000000000000000e+03 6.226841989113538478e-01
8.000000000000000000e+03 6.583515548616538648e-01
8.100000000000000000e+03 6.299158908839967985e-01
8.200000000000000000e+03 6.579171864449961937e-01
8.300000000000000000e+03 6.747967139534201131e-01
8.400000000000000000e+03 6.625340405352101447e-01
8.500000000000000000e+03 6.543672536029367937e-01
8.600000000000000000e+03 6.421588140878314865e-01
8.700000000000000000e+03 6.471356104862040493e-01
8.800000000000000000e+03 6.647048079048152314e-01
8.900000000000000000e+03 6.607446989735823450e-01
9.000000000000000000e+03 6.652325002719252645e-01
9.100000000000000000e+03 7.043569188516498603e-01
9.200000000000000000e+03 6.690544049565440021e-01
9.300000000000000000e+03 6.674605834081432931e-01
9.400000000000000000e+03 6.835077220427644429e-01
9.500000000000000000e+03 6.989985537279115313e-01
9.600000000000000000e+03 6.928615803545619123e-01
9.700000000000000000e+03 6.786568277168352203e-01
9.800000000000000000e+03 7.102033641068904446e-01
9.900000000000000000e+03 7.019355252340720996e-01
1.000000000000000000e+04 6.922907605749428761e-01
1.010000000000000000e+04 6.754855287087782045e-01
1.020000000000000000e+04 7.030311120076586651e-01
1.030000000000000000e+04 6.851623581432639831e-01
1.040000000000000000e+04 7.184558335694398723e-01
1.050000000000000000e+04 6.639114442425899654e-01
1.060000000000000000e+04 7.038553866534494885e-01
1.070000000000000000e+04 6.959724394915285384e-01
1.080000000000000000e+04 7.156489034600408417e-01
1.090000000000000000e+04 6.812584627355633415e-01
1.100000000000000000e+04 6.913437938313853337e-01
1.110000000000000000e+04 7.172751128728931391e-01
1.120000000000000000e+04 7.040310417551782773e-01
1.130000000000000000e+04 6.870460616281489630e-01
1.140000000000000000e+04 7.479062011487498385e-01
1.150000000000000000e+04 7.201960448460136277e-01
1.160000000000000000e+04 7.295786122860967726e-01
1.170000000000000000e+04 7.354325769022547199e-01
1.180000000000000000e+04 7.370911852514159257e-01
1.190000000000000000e+04 7.540014737129654421e-01
1.200000000000000000e+04 7.276601784930321060e-01
1.210000000000000000e+04 7.269380102087912299e-01
1.220000000000000000e+04 7.202334850336831185e-01
1.230000000000000000e+04 7.475780089219188351e-01
1.240000000000000000e+04 7.327111280067006849e-01
1.250000000000000000e+04 7.233744520413361023e-01
1.260000000000000000e+04 7.429634451462575617e-01
1.270000000000000000e+04 7.478737600161271537e-01
1.280000000000000000e+04 7.305983886414829653e-01
1.290000000000000000e+04 7.728464941096220286e-01
1.300000000000000000e+04 7.668088335466571870e-01
1.310000000000000000e+04 7.413623432770390931e-01
1.320000000000000000e+04 7.558588144746283266e-01
1.330000000000000000e+04 7.749821689039705364e-01
1.340000000000000000e+04 7.782395248460260984e-01
1.350000000000000000e+04 7.628928786101079051e-01
1.360000000000000000e+04 7.769112336324124346e-01
1.370000000000000000e+04 7.605679310364555912e-01
1.380000000000000000e+04 7.482099430978881305e-01
1.390000000000000000e+04 7.605459067807397444e-01
1.400000000000000000e+04 7.706441810481248211e-01
1.410000000000000000e+04 7.644921534273401154e-01
1.420000000000000000e+04 7.984828096460416802e-01
1.430000000000000000e+04 7.740797499528530023e-01
1.440000000000000000e+04 7.575083520901401135e-01
1.450000000000000000e+04 8.039854297666151339e-01
1.460000000000000000e+04 7.913685827792703575e-01
1.470000000000000000e+04 7.848476701823343671e-01
1.480000000000000000e+04 7.784874646071429094e-01
1.490000000000000000e+04 7.650016225706984807e-01
1.500000000000000000e+04 7.914463287245209200e-01
1.510000000000000000e+04 7.982737419493877162e-01
1.520000000000000000e+04 8.040220701342455367e-01
1.530000000000000000e+04 8.108768228721183746e-01
1.540000000000000000e+04 8.176682632089264935e-01
1.550000000000000000e+04 8.116579366473337664e-01
1.560000000000000000e+04 8.217198264949316933e-01
1.570000000000000000e+04 8.010387781990940814e-01
1.580000000000000000e+04 8.188715488543686361e-01
1.590000000000000000e+04 8.353410550192466033e-01
1.600000000000000000e+04 8.298469366145969639e-01
1.610000000000000000e+04 8.325111403002318777e-01
1.620000000000000000e+04 8.631957601149962134e-01
1.630000000000000000e+04 8.358086870597113416e-01
1.640000000000000000e+04 8.147554439430697570e-01
1.650000000000000000e+04 8.485526426816654144e-01
1.660000000000000000e+04 8.310396141477116583e-01
1.670000000000000000e+04 8.256318060266705228e-01
1.680000000000000000e+04 8.523841371885652052e-01
1.690000000000000000e+04 8.604930611138456031e-01
1.700000000000000000e+04 8.379385135801916684e-01
1.710000000000000000e+04 8.426276542078968701e-01
1.720000000000000000e+04 8.346741717294305918e-01
1.730000000000000000e+04 8.734428658042269200e-01
1.740000000000000000e+04 8.297033198900751749e-01
1.750000000000000000e+04 8.406936668158971893e-01
1.760000000000000000e+04 8.582792627960266207e-01
1.770000000000000000e+04 8.543717356306419486e-01
1.780000000000000000e+04 8.676767323456068270e-01
1.790000000000000000e+04 8.791227039165588897e-01
1.800000000000000000e+04 8.648467977023484021e-01
1.810000000000000000e+04 8.441661322364463205e-01
1.820000000000000000e+04 8.787688763420040683e-01
1.830000000000000000e+04 8.538373912606345151e-01
1.840000000000000000e+04 8.767993182590656520e-01
1.850000000000000000e+04 8.845913734942649764e-01
1.860000000000000000e+04 8.916099177022203115e-01
1.870000000000000000e+04 8.886463608444983286e-01
1.880000000000000000e+04 8.894896321387610882e-01
1.890000000000000000e+04 8.844874678485761255e-01
1.900000000000000000e+04 8.728022765793908011e-01
1.910000000000000000e+04 8.983233810837530919e-01
1.920000000000000000e+04 8.920358573856684847e-01
1.930000000000000000e+04 8.931358186630569129e-01
1.940000000000000000e+04 9.009145344399861477e-01
1.950000000000000000e+04 8.870477078055022391e-01
1.960000000000000000e+04 8.839930198055914179e-01
1.970000000000000000e+04 8.956608607231280050e-01
1.980000000000000000e+04 8.855477983227132421e-01
1.990000000000000000e+04 9.096845140231424320e-01
2.000000000000000000e+04 8.878108841801657380e-01
2.010000000000000000e+04 8.990331829802205021e-01
2.020000000000000000e+04 9.017445104677677126e-01
2.030000000000000000e+04 9.065901322161735720e-01
2.040000000000000000e+04 8.991850025221834741e-01
2.050000000000000000e+04 9.086345258410227776e-01
2.060000000000000000e+04 8.899967479307460128e-01
2.070000000000000000e+04 9.010984802137875782e-01
2.080000000000000000e+04 9.056118289154322376e-01
2.090000000000000000e+04 8.854984858328259767e-01
2.100000000000000000e+04 9.040217207014556999e-01
2.110000000000000000e+04 8.843317089283527777e-01
2.120000000000000000e+04 9.187599659573981725e-01
2.130000000000000000e+04 9.105280202647387799e-01
2.140000000000000000e+04 9.111440148814476947e-01
2.150000000000000000e+04 9.031599615757847088e-01
2.160000000000000000e+04 9.146381023263739918e-01
2.170000000000000000e+04 9.014195796492869839e-01
2.180000000000000000e+04 9.046053040588288852e-01
2.190000000000000000e+04 9.219575824269139463e-01
2.200000000000000000e+04 9.123525038125467335e-01
2.210000000000000000e+04 9.173866107748616106e-01
2.220000000000000000e+04 9.198641318317072324e-01
2.230000000000000000e+04 9.105867214433369661e-01
2.240000000000000000e+04 9.289396346494989132e-01
2.250000000000000000e+04 9.180906733448684909e-01
2.260000000000000000e+04 9.180197256004598572e-01
2.270000000000000000e+04 9.077508681727737283e-01
2.280000000000000000e+04 9.296456034049866979e-01
2.290000000000000000e+04 9.222566743591855687e-01
2.300000000000000000e+04 9.191959433472882690e-01
2.310000000000000000e+04 9.096966590149238030e-01
2.320000000000000000e+04 9.208754958193322571e-01
2.330000000000000000e+04 9.103737973891382618e-01
2.340000000000000000e+04 9.210427193665027268e-01
2.350000000000000000e+04 9.179197840933928099e-01
2.360000000000000000e+04 9.260045062377324498e-01
2.370000000000000000e+04 9.348012567499868197e-01
2.380000000000000000e+04 9.045580238840242870e-01
2.390000000000000000e+04 9.204282147564328831e-01
2.400000000000000000e+04 9.293990593907305309e-01
2.410000000000000000e+04 9.173129814248948133e-01
2.420000000000000000e+04 9.187581266737112617e-01
2.430000000000000000e+04 9.317568794964874446e-01
2.440000000000000000e+04 9.189765750820166890e-01
2.450000000000000000e+04 9.256329389306903188e-01
2.460000000000000000e+04 9.416833335596155319e-01
2.470000000000000000e+04 9.251264226439940286e-01
2.480000000000000000e+04 9.271939957837134205e-01
2.490000000000000000e+04 9.312293745350109786e-01
2.500000000000000000e+04 9.176814471175732679e-01
2.510000000000000000e+04 9.227647756297849835e-01
2.520000000000000000e+04 9.229207108123834713e-01
2.530000000000000000e+04 9.333925761101808938e-01
2.540000000000000000e+04 9.175186219528103093e-01
2.550000000000000000e+04 9.310555981871931897e-01
2.560000000000000000e+04 9.342963687427598973e-01
2.570000000000000000e+04 9.242120712970857133e-01
2.580000000000000000e+04 9.327082647170311658e-01
2.590000000000000000e+04 9.285071715215322818e-01
2.600000000000000000e+04 9.302792596660711677e-01
2.610000000000000000e+04 9.440602423624699924e-01
2.620000000000000000e+04 9.357707682875606725e-01
2.630000000000000000e+04 9.344091314747223764e-01
2.640000000000000000e+04 9.169457702092829177e-01
2.650000000000000000e+04 9.202058857276057546e-01
2.660000000000000000e+04 9.349961598624559889e-01
2.670000000000000000e+04 9.244798410944050637e-01
2.680000000000000000e+04 9.169942442611000999e-01
2.690000000000000000e+04 9.221332385097356088e-01
2.700000000000000000e+04 9.246417522194624317e-01
2.710000000000000000e+04 9.199926144074150880e-01
2.720000000000000000e+04 9.252632129553561846e-01
2.730000000000000000e+04 9.186814153005948835e-01
2.740000000000000000e+04 9.308642355215878128e-01
2.750000000000000000e+04 9.346849939075001501e-01
2.760000000000000000e+04 9.450499787153388009e-01
2.770000000000000000e+04 9.305384809423403736e-01
2.780000000000000000e+04 9.307913102558542651e-01
2.790000000000000000e+04 9.310342655114484112e-01
2.800000000000000000e+04 9.364462631585095398e-01
2.810000000000000000e+04 9.146718626784311468e-01
2.820000000000000000e+04 9.237896161423684305e-01
2.830000000000000000e+04 9.232431009699865188e-01
2.840000000000000000e+04 9.248725317167709736e-01
2.850000000000000000e+04 9.123289793391472502e-01
2.860000000000000000e+04 9.323970477457802497e-01
2.870000000000000000e+04 9.278258764110464130e-01
2.880000000000000000e+04 9.372557123082931874e-01
2.890000000000000000e+04 9.302269524887141205e-01
2.900000000000000000e+04 9.323991249796690362e-01
2.910000000000000000e+04 9.354216580569325590e-01
2.920000000000000000e+04 9.303643075334510071e-01
2.930000000000000000e+04 9.043965813052996516e-01
2.940000000000000000e+04 9.356082754185107708e-01
2.950000000000000000e+04 9.249698010574396445e-01
2.960000000000000000e+04 9.349574756251689545e-01
2.970000000000000000e+04 9.336532528544193577e-01
2.980000000000000000e+04 9.278794610443193980e-01
2.990000000000000000e+04 9.268291701009443440e-01
3.000000000000000000e+04 9.259429147337435717e-01
