0.000000000000000000e+00 4.966919999999999669e-01
1.000000000000000000e+02 3.235400000000000498e-01
2.000000000000000000e+02 3.443079999999999474e-01
3.000000000000000000e+02 3.936239999999999739e-01
4.000000000000000000e+02 4.242920000000000580e-01
5.000000000000000000e+02 3.976520000000000055e-01
6.000000000000000000e+02 4.104720000000000035e-01
7.000000000000000000e+02 4.784640000000000004e-01
8.000000000000000000e+02 4.455720000000000236e-01
9.000000000000000000e+02 4.528360000000000163e-01
1.000000000000000000e+03 4.515680000000000804e-01
1.100000000000000000e+03 4.726000000000000201e-01
1.200000000000000000e+03 4.801240000000000507e-01
1.300000000000000000e+03 4.889279999999999737e-01
1.400000000000000000e+03 4.897159999999999291e-01
1.500000000000000000e+03 4.737480000000000024e-01
1.600000000000000000e+03 4.880920000000000258e-01
1.700000000000000000e+03 4.913319999999999910e-01
1.800000000000000000e+03 5.108319999999999528e-01
1.900000000000000000e+03 5.065119999999999623e-01
2.000000000000000000e+03 4.723559999999999981e-01
2.100000000000000000e+03 5.293440000000000367e-01
2.200000000000000000e+03 5.219920000000000115e-01
2.300000000000000000e+03 5.157359999999999722e-01
2.400000000000000000e+03 5.018479999999999608e-01
2.500000000000000000e+03 5.102119999999999989e-01
2.600000000000000000e+03 5.079960000000000031e-01
2.700000000000000000e+03 5.142039999999999944e-01
2.800000000000000000e+03 5.210440000000000627e-01
2.900000000000000000e+03 4.884039999999999493e-01
3.000000000000000000e+03 5.235319999999998863e-01
3.100000000000000000e+03 5.172280000000000211e-01
3.200000000000000000e+03 5.490079999999999405e-01
3.300000000000000000e+03 5.439359999999999751e-01
3.400000000000000000e+03 5.348880000000000301e-01
3.500000000000000000e+03 5.438079999999999581e-01
3.600000000000000000e+03 5.028039999999999177e-01
3.700000000000000000e+03 4.961880000000000179e-01
3.800000000000000000e+03 5.433919999999999861e-01
3.900000000000000000e+03 5.519359999999999822e-01
4.000000000000000000e+03 5.118800000000000017e-01
4.100000000000000000e+03 5.570679999999998966e-01
4.200000000000000000e+03 5.403759999999999675e-01
4.300000000000000000e+03 5.252360000000000362e-01
4.400000000000000000e+03 5.350279999999999481e-01
4.500000000000000000e+03 5.313480000000000425e-01
4.600000000000000000e+03 5.505999999999999783e-01
4.700000000000000000e+03 5.499800000000000244e-01
4.800000000000000000e+03 5.831239999999999757e-01
4.900000000000000000e+03 5.600439999999999863e-01
5.000000000000000000e+03 5.533239999999999270e-01
5.100000000000000000e+03 5.615460000000001006e-01
5.200000000000000000e+03 5.696440000000000392e-01
5.300000000000000000e+03 5.439319999999999711e-01
5.400000000000000000e+03 5.768879999999999564e-01
5.500000000000000000e+03 5.687840000000000673e-01
5.600000000000000000e+03 5.771600000000000064e-01
5.700000000000000000e+03 5.641920000000000268e-01
5.800000000000000000e+03 5.487079999999999735e-01
5.900000000000000000e+03 5.946039999999999104e-01
6.000000000000000000e+03 5.774159999999999293e-01
6.100000000000000000e+03 5.886360000000000481e-01
6.200000000000000000e+03 5.980560000000000320e-01
6.300000000000000000e+03 5.871439999999999992e-01
6.400000000000000000e+03 5.672919999999999074e-01
6.500000000000000000e+03 6.276880000000000237e-01
6.600000000000000000e+03 5.757440000000000335e-01
6.700000000000000000e+03 5.530559999999999921e-01
6.800000000000000000e+03 5.926599999999999646e-01
6.900000000000000000e+03 5.883040000000000491e-01
7.000000000000000000e+03 6.064839999999999121e-01
7.100000000000000000e+03 6.020959999999999646e-01
7.200000000000000000e+03 5.635320000000000329e-01
7.300000000000000000e+03 5.840680000000000316e-01
7.400000000000000000e+03 6.237159999999999371e-01
7.500000000000000000e+03 5.949160000000000004e-01
7.600000000000000000e+03 6.176359999999999628e-01
7.700000000000000000e+03 6.166080000000000449e-01
7.800000000000000000e+03 6.117200000000000415e-01
7.900000000000000000e+03 6.351839999999999709e-01
8.000000000000000000e+03 6.368279999999999497e-01
8.100000000000000000e+03 6.073920000000000430e-01
8.200000000000000000e+03 6.341200000000000170e-01
8.300000000000000000e+03 6.688199999999999701e-01
8.400000000000000000e+03 6.518759999999999000e-01
8.500000000000000000e+03 6.447240000000000748e-01
8.600000000000000000e+03 6.372640000000000526e-01
8.700000000000000000e+03 6.376440000000000996e-01
8.800000000000000000e+03 6.544959999999999667e-01
8.900000000000000000e+03 6.550240000000000506e-01
9.000000000000000000e+03 6.493559999999998222e-01
9.100000000000000000e+03 6.910119999999999596e-01
9.200000000000000000e+03 6.514200000000001101e-01
9.300000000000000000e+03 6.529119999999999369e-01
9.400000000000000000e+03 6.668439999999999923e-01
9.500000000000000000e+03 6.710599999999999898e-01
9.600000000000000000e+03 6.754920000000000924e-01
9.700000000000000000e+03 6.646720000000000406e-01
9.800000000000000000e+03 6.886799999999999589e-01
9.900000000000000000e+03 6.966759999999999620e-01
1.000000000000000000e+04 6.910240000000000826e-01
1.010000000000000000e+04 6.675999999999999712e-01
1.020000000000000000e+04 6.974639999999999729e-01
1.030000000000000000e+04 6.758119999999999683e-01
1.040000000000000000e+04 7.185399999999999565e-01
1.050000000000000000e+04 6.547920000000000407e-01
1.060000000000000000e+04 6.890160000000000728e-01
1.070000000000000000e+04 6.905120000000000147e-01
1.080000000000000000e+04 7.132479999999999931e-01
1.090000000000000000e+04 6.712720000000000908e-01
1.100000000000000000e+04 6.847079999999999833e-01
1.110000000000000000e+04 7.153880000000000239e-01
1.120000000000000000e+04 7.013320000000000665e-01
1.130000000000000000e+04 6.841159999999999464e-01
1.140000000000000000e+04 7.373880000000001544e-01
1.150000000000000000e+04 7.063959999999999129e-01
1.160000000000000000e+04 7.291539999999998578e-01
1.170000000000000000e+04 7.363159999999999705e-01
1.180000000000000000e+04 7.410799999999999610e-01
1.190000000000000000e+04 7.592039999999999900e-01
1.200000000000000000e+04 7.324920000000000320e-01
1.210000000000000000e+04 7.258240000000000247e-01
1.220000000000000000e+04 7.181380000000000541e-01
1.230000000000000000e+04 7.394079999999999542e-01
1.240000000000000000e+04 7.443080000000000807e-01
1.250000000000000000e+04 7.143280000000000740e-01
1.260000000000000000e+04 7.448040000000000216e-01
1.270000000000000000e+04 7.455959999999999255e-01
1.280000000000000000e+04 7.298160000000000203e-01
1.290000000000000000e+04 7.696119999999999628e-01
1.300000000000000000e+04 7.582599999999999341e-01
1.310000000000000000e+04 7.353080000000000727e-01
1.320000000000000000e+04 7.488239999999999341e-01
1.330000000000000000e+04 7.677039999999999420e-01
1.340000000000000000e+04 7.760599999999999721e-01
1.350000000000000000e+04 7.624720000000000386e-01
1.360000000000000000e+04 7.680519999999999570e-01
1.370000000000000000e+04 7.563559999999999173e-01
1.380000000000000000e+04 7.428559999999999608e-01
1.390000000000000000e+04 7.567040000000000433e-01
1.400000000000000000e+04 7.738720000000001153e-01
1.410000000000000000e+04 7.617160000000000597e-01
1.420000000000000000e+04 7.898380000000001511e-01
1.430000000000000000e+04 7.678520000000000900e-01
1.440000000000000000e+04 7.655840000000000423e-01
1.450000000000000000e+04 7.995999999999999774e-01
1.460000000000000000e+04 7.927959999999999452e-01
1.470000000000000000e+04 7.891719999999999846e-01
1.480000000000000000e+04 7.729600000000000914e-01
1.490000000000000000e+04 7.632680000000000575e-01
1.500000000000000000e+04 7.887399999999999967e-01
1.510000000000000000e+04 7.990559999999999885e-01
1.520000000000000000e+04 8.015160000000001173e-01
1.530000000000000000e+04 8.090999999999999304e-01
1.540000000000000000e+04 8.176279999999999104e-01
1.550000000000000000e+04 8.013360000000000483e-01
1.560000000000000000e+04 8.128119999999999790e-01
1.570000000000000000e+04 8.085999999999998744e-01
1.580000000000000000e+04 8.123000000000000220e-01
1.590000000000000000e+04 8.315640000000000809e-01
1.600000000000000000e+04 8.213799999999999990e-01
1.610000000000000000e+04 8.327960000000000917e-01
1.620000000000000000e+04 8.545920000000000183e-01
1.630000000000000000e+04 8.353639999999999954e-01
1.640000000000000000e+04 8.123879999999998880e-01
1.650000000000000000e+04 8.331640000000000157e-01
1.660000000000000000e+04 8.263279999999999514e-01
1.670000000000000000e+04 8.195280000000000342e-01
1.680000000000000000e+04 8.428839999999998556e-01
1.690000000000000000e+04 8.604559999999999986e-01
1.700000000000000000e+04 8.331159999999999677e-01
1.710000000000000000e+04 8.409879999999998468e-01
1.720000000000000000e+04 8.352840000000000265e-01
1.730000000000000000e+04 8.709759999999999724e-01
1.740000000000000000e+04 8.316639999999999588e-01
1.750000000000000000e+04 8.391279999999999850e-01
1.760000000000000000e+04 8.529439999999999245e-01
1.770000000000000000e+04 8.499700000000001143e-01
1.780000000000000000e+04 8.684680000000000177e-01
1.790000000000000000e+04 8.708000000000000185e-01
1.800000000000000000e+04 8.529279999999999085e-01
1.810000000000000000e+04 8.472480000000000011e-01
1.820000000000000000e+04 8.652560000000000251e-01
1.830000000000000000e+04 8.455939999999999568e-01
1.840000000000000000e+04 8.696560000000000956e-01
1.850000000000000000e+04 8.774919999999999387e-01
1.860000000000000000e+04 8.801080000000000014e-01
1.870000000000000000e+04 8.754880000000000440e-01
1.880000000000000000e+04 8.812440000000000273e-01
1.890000000000000000e+04 8.724519999999998943e-01
1.900000000000000000e+04 8.623959999999999404e-01
1.910000000000000000e+04 8.959120000000000417e-01
1.920000000000000000e+04 8.807720000000001104e-01
1.930000000000000000e+04 8.895039999999999614e-01
1.940000000000000000e+04 8.937359999999999749e-01
1.950000000000000000e+04 8.846800000000000219e-01
1.960000000000000000e+04 8.795999999999999375e-01
1.970000000000000000e+04 8.898080000000001544e-01
1.980000000000000000e+04 8.720439999999999303e-01
1.990000000000000000e+04 9.021079999999997989e-01
2.000000000000000000e+04 8.801680000000000614e-01
2.010000000000000000e+04 8.949319999999998387e-01
2.020000000000000000e+04 8.874879999999999436e-01
2.030000000000000000e+04 8.978239999999998444e-01
2.040000000000000000e+04 8.975640000000000285e-01
2.050000000000000000e+04 8.996879999999999322e-01
2.060000000000000000e+04 8.827279999999999571e-01
2.070000000000000000e+04 9.053480000000000416e-01
2.080000000000000000e+04 9.010639999999999761e-01
2.090000000000000000e+04 8.815800000000000303e-01
2.100000000000000000e+04 9.044959999999999667e-01
2.110000000000000000e+04 8.793920000000000625e-01
2.120000000000000000e+04 9.097000000000000641e-01
2.130000000000000000e+04 8.985560000000001324e-01
2.140000000000000000e+04 9.065600000000001435e-01
2.150000000000000000e+04 8.965280000000001026e-01
2.160000000000000000e+04 9.069720000000000004e-01
2.170000000000000000e+04 8.953479999999999217e-01
2.180000000000000000e+04 9.009319999999999551e-01
2.190000000000000000e+04 9.165159999999998863e-01
2.200000000000000000e+04 9.109799999999999010e-01
2.210000000000000000e+04 9.054320000000000146e-01
2.220000000000000000e+04 9.196239999999999970e-01
2.230000000000000000e+04 9.018599999999998840e-01
2.240000000000000000e+04 9.222200000000000397e-01
2.250000000000000000e+04 9.135039999999999827e-01
2.260000000000000000e+04 9.080639999999999823e-01
2.270000000000000000e+04 9.039199999999999458e-01
2.280000000000000000e+04 9.198159999999999670e-01
2.290000000000000000e+04 9.150999999999999135e-01
2.300000000000000000e+04 9.037960000000000438e-01
2.310000000000000000e+04 9.012040000000000051e-01
2.320000000000000000e+04 9.160960000000000214e-01
2.330000000000000000e+04 9.036079999999999668e-01
2.340000000000000000e+04 9.165800000000000614e-01
2.350000000000000000e+04 9.084240000000001203e-01
2.360000000000000000e+04 9.194719999999998450e-01
2.370000000000000000e+04 9.308199999999999807e-01
2.380000000000000000e+04 8.980040000000000244e-01
2.390000000000000000e+04 9.180800000000000072e-01
2.400000000000000000e+04 9.192679999999999740e-01
2.410000000000000000e+04 9.116879999999998319e-01
2.420000000000000000e+04 9.149880000000000235e-01
2.430000000000000000e+04 9.257120000000000903e-01
2.440000000000000000e+04 9.154919999999999725e-01
2.450000000000000000e+04 9.181079999999999242e-01
2.460000000000000000e+04 9.361159999999999481e-01
2.470000000000000000e+04 9.175720000000000542e-01
2.480000000000000000e+04 9.122199999999999198e-01
2.490000000000000000e+04 9.274479999999998281e-01
2.500000000000000000e+04 9.078280000000001904e-01
2.510000000000000000e+04 9.116160000000000929e-01
2.520000000000000000e+04 9.149239999999999595e-01
2.530000000000000000e+04 9.265279999999999072e-01
2.540000000000000000e+04 9.083240000000000203e-01
2.550000000000000000e+04 9.259919999999999263e-01
2.560000000000000000e+04 9.243319999999999315e-01
2.570000000000000000e+04 9.197520000000001250e-01
2.580000000000000000e+04 9.296440000000000259e-01
2.590000000000000000e+04 9.188839999999999231e-01
2.600000000000000000e+04 9.242280000000000495e-01
2.610000000000000000e+04 9.424839999999999884e-01
2.620000000000000000e+04 9.269439999999998792e-01
2.630000000000000000e+04 9.297799999999999399e-01
2.640000000000000000e+04 9.110439999999999650e-01
2.650000000000000000e+04 9.091599999999999682e-01
2.660000000000000000e+04 9.279680000000000151e-01
2.670000000000000000e+04 9.192160000000000331e-01
2.680000000000000000e+04 9.109599999999998809e-01
2.690000000000000000e+04 9.122760000000000868e-01
2.700000000000000000e+04 9.189399999999999791e-01
2.710000000000000000e+04 9.172439999999999483e-01
2.720000000000000000e+04 9.215079999999999938e-01
2.730000000000000000e+04 9.240479999999999805e-01
2.740000000000000000e+04 9.310199999999999587e-01
2.750000000000000000e+04 9.255560000000001564e-01
2.760000000000000000e+04 9.360760000000001302e-01
2.770000000000000000e+04 9.308600000000000207e-01
2.780000000000000000e+04 9.216680000000000428e-01
2.790000000000000000e+04 9.245039999999999925e-01
2.800000000000000000e+04 9.343159999999999243e-01
2.810000000000000000e+04 9.090360000000000662e-01
2.820000000000000000e+04 9.192799999999999860e-01
2.830000000000000000e+04 9.170880000000000143e-01
2.840000000000000000e+04 9.213080000000000158e-01
2.850000000000000000e+04 9.110759999999999970e-01
2.860000000000000000e+04 9.277400000000000091e-01
2.870000000000000000e+04 9.246079999999999854e-01
2.880000000000000000e+04 9.311239999999999517e-01
2.890000000000000000e+04 9.197559999999999070e-01
2.900000000000000000e+04 9.268720000000001402e-01
2.910000000000000000e+04 9.288720000000000310e-01
2.920000000000000000e+04 9.228279999999997596e-01
2.930000000000000000e+04 9.037679999999999048e-01
2.940000000000000000e+04 9.285760000000000680e-01
2.950000000000000000e+04 9.263279999999999292e-01
2.960000000000000000e+04 9.279399999999999871e-01
2.970000000000000000e+04 9.292799999999999949e-01
2.980000000000000000e+04 9.260639999999999983e-01
2.990000000000000000e+04 9.204240000000000199e-01
3.000000000000000000e+04 9.224000000000001087e-01
