0.000000000000000000e+00 4.797870550651107679e-01
1.000000000000000000e+02 4.129807208310697364e-01
2.000000000000000000e+02 4.327085621670352378e-01
3.000000000000000000e+02 4.558252641655810011e-01
4.000000000000000000e+02 4.492909233871182351e-01
5.000000000000000000e+02 4.533290993038791017e-01
6.000000000000000000e+02 4.682752898147056753e-01
7.000000000000000000e+02 4.759682208497512668e-01
8.000000000000000000e+02 4.686226811523784841e-01
9.000000000000000000e+02 4.704511975399124357e-01
1.000000000000000000e+03 4.673952932689365847e-01
1.100000000000000000e+03 4.983022745214816251e-01
1.200000000000000000e+03 4.958785320373428895e-01
1.300000000000000000e+03 4.933263144793113564e-01
1.400000000000000000e+03 5.237323577866499491e-01
1.500000000000000000e+03 4.753080957234334103e-01
1.600000000000000000e+03 5.263365420735238720e-01
1.700000000000000000e+03 5.323104270814891237e-01
1.800000000000000000e+03 4.968304756659133736e-01
1.900000000000000000e+03 4.978896605298935851e-01
2.000000000000000000e+03 5.185333346714264824e-01
2.100000000000000000e+03 5.348118219613779978e-01
2.200000000000000000e+03 5.509464040486982128e-01
2.300000000000000000e+03 5.348518977292334720e-01
2.400000000000000000e+03 5.343292472041618613e-01
2.500000000000000000e+03 5.688535121283924134e-01
2.600000000000000000e+03 5.465842150251417619e-01
2.700000000000000000e+03 5.669640836971063802e-01
2.800000000000000000e+03 5.584400891039825732e-01
2.900000000000000000e+03 5.859404262544143371e-01
3.000000000000000000e+03 5.746512897104637529e-01
3.100000000000000000e+03 5.762373586393715330e-01
3.200000000000000000e+03 5.913247209628389456e-01
3.300000000000000000e+03 5.704501357090363545e-01
3.400000000000000000e+03 5.729344018387979576e-01
3.500000000000000000e+03 6.389776808731917335e-01
3.600000000000000000e+03 6.040847413885808148e-01
3.700000000000000000e+03 6.096468857377972395e-01
3.800000000000000000e+03 6.134280653972958852e-01
3.900000000000000000e+03 6.192138937984256186e-01
4.000000000000000000e+03 6.278478241729448239e-01
4.100000000000000000e+03 6.386090267376379748e-01
4.200000000000000000e+03 6.615517114082887229e-01
4.300000000000000000e+03 6.613990622228795857e-01
4.400000000000000000e+03 6.453712033585159435e-01
4.500000000000000000e+03 6.554223988719607430e-01
4.600000000000000000e+03 6.603744815899523779e-01
4.700000000000000000e+03 6.613368954893007468e-01
4.800000000000000000e+03 6.933117994501710735e-01
4.900000000000000000e+03 6.603851317926079378e-01
5.000000000000000000e+03 6.831594199631266795e-01
5.100000000000000000e+03 6.768279138669435202e-01
5.200000000000000000e+03 6.705168457166670315e-01
5.300000000000000000e+03 6.853375322912687029e-01
5.400000000000000000e+03 7.056547771536315627e-01
5.500000000000000000e+03 7.090183316336522434e-01
5.600000000000000000e+03 6.946279530921043444e-01
5.700000000000000000e+03 7.100508926279761601e-01
5.800000000000000000e+03 6.998551954661487162e-01
5.900000000000000000e+03 7.355860894803533112e-01
6.000000000000000000e+03 7.300227927064462108e-01
6.100000000000000000e+03 7.091722813242801182e-01
6.200000000000000000e+03 7.434678705390280751e-01
6.300000000000000000e+03 7.332939042389663431e-01
6.400000000000000000e+03 7.420122725046198742e-01
6.500000000000000000e+03 7.403288863385766305e-01
6.600000000000000000e+03 7.336130220173863181e-01
6.700000000000000000e+03 7.687987101867875817e-01
6.800000000000000000e+03 7.454352941455441028e-01
6.900000000000000000e+03 7.710723639076834113e-01
7.000000000000000000e+03 7.581116939065641880e-01
7.100000000000000000e+03 7.496232234511598369e-01
7.200000000000000000e+03 7.690548425169408953e-01
7.300000000000000000e+03 7.744428391894613295e-01
7.400000000000000000e+03 7.779931000601221225e-01
7.500000000000000000e+03 7.791455272977403368e-01
7.600000000000000000e+03 7.738253828264666234e-01
7.700000000000000000e+03 7.642827559061102782e-01
7.800000000000000000e+03 8.042068451798839446e-01
7.900000000000000000e+03 8.010805539532942499e-01
8.000000000000000000e+03 8.048868355822385023e-01
8.100000000000000000e+03 7.734691893312528599e-01
8.200000000000000000e+03 7.930791873303189021e-01
8.300000000000000000e+03 7.903682102289431022e-01
8.400000000000000000e+03 8.134276777557024607e-01
8.500000000000000000e+03 8.237963196903415053e-01
8.600000000000000000e+03 7.857954214900427781e-01
8.700000000000000000e+03 8.102773212327911700e-01
8.800000000000000000e+03 8.008308440406403106e-01
8.900000000000000000e+03 8.229358810595331919e-01
9.000000000000000000e+03 8.126006963005265593e-01
9.100000000000000000e+03 8.102952596359895843e-01
9.200000000000000000e+03 8.175878522898694101e-01
9.300000000000000000e+03 8.256558018870987503e-01
9.400000000000000000e+03 8.079280400225420378e-01
9.500000000000000000e+03 8.095638581316049187e-01
9.600000000000000000e+03 8.361228880273957609e-01
9.700000000000000000e+03 8.353995726303027336e-01
9.800000000000000000e+03 8.390686708211454459e-01
9.900000000000000000e+03 8.567106768533947481e-01
1.000000000000000000e+04 8.391184172610834935e-01
1.010000000000000000e+04 8.375480238078482076e-01
1.020000000000000000e+04 8.347433853171266627e-01
1.030000000000000000e+04 8.462716955869586943e-01
1.040000000000000000e+04 8.507923139420053849e-01
1.050000000000000000e+04 8.476016021910712794e-01
1.060000000000000000e+04 8.496380432662520299e-01
1.070000000000000000e+04 8.325521608488796188e-01
1.080000000000000000e+04 8.476227302187190338e-01
1.090000000000000000e+04 8.359997157326217732e-01
1.100000000000000000e+04 8.577765362686564643e-01
1.110000000000000000e+04 8.474945002474298938e-01
1.120000000000000000e+04 8.649095421976691345e-01
1.130000000000000000e+04 8.578059128437598435e-01
1.140000000000000000e+04 8.599285025269474136e-01
1.150000000000000000e+04 8.683748173609500132e-01
1.160000000000000000e+04 8.738726640486960129e-01
1.170000000000000000e+04 8.826946400862276665e-01
1.180000000000000000e+04 8.715927354642845071e-01
1.190000000000000000e+04 8.886456671279225894e-01
1.200000000000000000e+04 8.958325026510823852e-01
1.210000000000000000e+04 8.873056183107194128e-01
1.220000000000000000e+04 8.984059514118881706e-01
1.230000000000000000e+04 8.835243311887428508e-01
1.240000000000000000e+04 8.993527150591990038e-01
1.250000000000000000e+04 8.955190038422398136e-01
1.260000000000000000e+04 9.061803531809231593e-01
1.270000000000000000e+04 8.994274585517381126e-01
1.280000000000000000e+04 8.979359253890354386e-01
1.290000000000000000e+04 9.033672025171128883e-01
1.300000000000000000e+04 9.064110001004965778e-01
1.310000000000000000e+04 8.972805933951226720e-01
1.320000000000000000e+04 9.103307920211825000e-01
1.330000000000000000e+04 9.059674054496373863e-01
1.340000000000000000e+04 9.086847985681419937e-01
1.350000000000000000e+04 9.131270817980958743e-01
1.360000000000000000e+04 9.214726309385381509e-01
1.370000000000000000e+04 9.179997181134256223e-01
1.380000000000000000e+04 9.147867733528061152e-01
1.390000000000000000e+04 9.247268617562599546e-01
1.400000000000000000e+04 9.182187155100808296e-01
1.410000000000000000e+04 9.269877788596884161e-01
1.420000000000000000e+04 9.347014510864268821e-01
1.430000000000000000e+04 9.232004987974935517e-01
1.440000000000000000e+04 9.222720834360847997e-01
1.450000000000000000e+04 9.259066042911777705e-01
1.460000000000000000e+04 9.423706524417896357e-01
1.470000000000000000e+04 9.259885240251167771e-01
1.480000000000000000e+04 9.326079944003190514e-01
1.490000000000000000e+04 9.275125534192127930e-01
1.500000000000000000e+04 9.509452894118806121e-01
1.510000000000000000e+04 9.334810883578898988e-01
1.520000000000000000e+04 9.475941435034737070e-01
1.530000000000000000e+04 9.357162968006971226e-01
1.540000000000000000e+04 9.485434459573282018e-01
1.550000000000000000e+04 9.444439128722631471e-01
1.560000000000000000e+04 9.386845777869686769e-01
1.570000000000000000e+04 9.448971055406680808e-01
1.580000000000000000e+04 9.522078212268185737e-01
1.590000000000000000e+04 9.438971481849733891e-01
1.600000000000000000e+04 9.542672349514508268e-01
1.610000000000000000e+04 9.477984059298236730e-01
1.620000000000000000e+04 9.526411355729398345e-01
1.630000000000000000e+04 9.561329535981663019e-01
1.640000000000000000e+04 9.548449523883861811e-01
1.650000000000000000e+04 9.454152197440558458e-01
1.660000000000000000e+04 9.508713575353491265e-01
1.670000000000000000e+04 9.526036410216294215e-01
1.680000000000000000e+04 9.562362879742712929e-01
1.690000000000000000e+04 9.602892747843047028e-01
1.700000000000000000e+04 9.522530606670420728e-01
1.710000000000000000e+04 9.644543939441674318e-01
1.720000000000000000e+04 9.583259238742318775e-01
1.730000000000000000e+04 9.535034283088128504e-01
1.740000000000000000e+04 9.573870369966246408e-01
1.750000000000000000e+04 9.555014486885485825e-01
1.760000000000000000e+04 9.527106405856284876e-01
1.770000000000000000e+04 9.648711827313967149e-01
1.780000000000000000e+04 9.517989215446251983e-01
1.790000000000000000e+04 9.622576759444431138e-01
1.800000000000000000e+04 9.541096400416410050e-01
1.810000000000000000e+04 9.646552681941753526e-01
1.820000000000000000e+04 9.602427508831810066e-01
1.830000000000000000e+04 9.646504589362677740e-01
1.840000000000000000e+04 9.619732136727251470e-01
1.850000000000000000e+04 9.657176580950269651e-01
1.860000000000000000e+04 9.656787292006874246e-01
1.870000000000000000e+04 9.608327946709286360e-01
1.880000000000000000e+04 9.731481340017782422e-01
1.890000000000000000e+04 9.722694851945700156e-01
1.900000000000000000e+04 9.595660858552963468e-01
1.910000000000000000e+04 9.690046723912811855e-01
1.920000000000000000e+04 9.585868366555013731e-01
1.930000000000000000e+04 9.717928648727207630e-01
1.940000000000000000e+04 9.669375658044636612e-01
1.950000000000000000e+04 9.614490983703949389e-01
1.960000000000000000e+04 9.670653013701544509e-01
1.970000000000000000e+04 9.674749425137207925e-01
1.980000000000000000e+04 9.661122539494513273e-01
1.990000000000000000e+04 9.547728632024579110e-01
2.000000000000000000e+04 9.671945126142649229e-01
2.010000000000000000e+04 9.613670049662872419e-01
2.020000000000000000e+04 9.728518104143798473e-01
2.030000000000000000e+04 9.699986396890819540e-01
2.040000000000000000e+04 9.707261732679358657e-01
2.050000000000000000e+04 9.706299417863872847e-01
2.060000000000000000e+04 9.694797381419113513e-01
2.070000000000000000e+04 9.716704158968729743e-01
2.080000000000000000e+04 9.677205709973296655e-01
2.090000000000000000e+04 9.760369017551938642e-01
2.100000000000000000e+04 9.759406003356333459e-01
2.110000000000000000e+04 9.688783202704043251e-01
2.120000000000000000e+04 9.666918739260029758e-01
2.130000000000000000e+04 9.738001089491832296e-01
2.140000000000000000e+04 9.690186029715562865e-01
2.150000000000000000e+04 9.660261112419873397e-01
2.160000000000000000e+04 9.739942672598504991e-01
2.170000000000000000e+04 9.739329748494914840e-01
2.180000000000000000e+04 9.761686277308994075e-01
2.190000000000000000e+04 9.722168235867506558e-01
2.200000000000000000e+04 9.730259532981739845e-01
2.210000000000000000e+04 9.664651604699351362e-01
2.220000000000000000e+04 9.746444938065439434e-01
2.230000000000000000e+04 9.746258031229703134e-01
2.240000000000000000e+04 9.742898487840212507e-01
2.250000000000000000e+04 9.758377906119887202e-01
2.260000000000000000e+04 9.719542620813873546e-01
2.270000000000000000e+04 9.664080226505663562e-01
2.280000000000000000e+04 9.737054609498944080e-01
2.290000000000000000e+04 9.752210825680657225e-01
2.300000000000000000e+04 9.716481872977047463e-01
2.310000000000000000e+04 9.752275152067915176e-01
2.320000000000000000e+04 9.715913287428149525e-01
2.330000000000000000e+04 9.669041180537718549e-01
2.340000000000000000e+04 9.750687925958317903e-01
2.350000000000000000e+04 9.662299586961606845e-01
2.360000000000000000e+04 9.725950349577505705e-01
2.370000000000000000e+04 9.742565047081032104e-01
2.380000000000000000e+04 9.679879785102611933e-01
2.390000000000000000e+04 9.770327899599968724e-01
2.400000000000000000e+04 9.683170738430955105e-01
2.410000000000000000e+04 9.735288520492954012e-01
2.420000000000000000e+04 9.761817289193596148e-01
2.430000000000000000e+04 9.775046549986424749e-01
2.440000000000000000e+04 9.777703276604039484e-01
2.450000000000000000e+04 9.768263723037656776e-01
2.460000000000000000e+04 9.726834775933481669e-01
2.470000000000000000e+04 9.764612751687993253e-01
2.480000000000000000e+04 9.712942126421459932e-01
2.490000000000000000e+04 9.716424816509435791e-01
2.500000000000000000e+04 9.783061414953044821e-01
2.510000000000000000e+04 9.749774452220023591e-01
2.520000000000000000e+04 9.747960440989462683e-01
2.530000000000000000e+04 9.709221759797925788e-01
2.540000000000000000e+04 9.721611686068090119e-01
2.550000000000000000e+04 9.728468352710868405e-01
2.560000000000000000e+04 9.676408013758086568e-01
2.570000000000000000e+04 9.636555784852535167e-01
2.580000000000000000e+04 9.766324052163193326e-01
2.590000000000000000e+04 9.777959114430260223e-01
2.600000000000000000e+04 9.712509958612186578e-01
2.610000000000000000e+04 9.732404780826502400e-01
2.620000000000000000e+04 9.709955664474269055e-01
2.630000000000000000e+04 9.824741594551260615e-01
2.640000000000000000e+04 9.682864446857738505e-01
2.650000000000000000e+04 9.720637743347305681e-01
2.660000000000000000e+04 9.654928851443003168e-01
2.670000000000000000e+04 9.793881525288326007e-01
2.680000000000000000e+04 9.758677166091993538e-01
2.690000000000000000e+04 9.780878126493799396e-01
2.700000000000000000e+04 9.791164989045194611e-01
2.710000000000000000e+04 9.782164184066211021e-01
2.720000000000000000e+04 9.743870646897319077e-01
2.730000000000000000e+04 9.745665837016738164e-01
2.740000000000000000e+04 9.711888375563924036e-01
2.750000000000000000e+04 9.735573924845756233e-01
2.760000000000000000e+04 9.733074681128913719e-01
2.770000000000000000e+04 9.734568675501650281e-01
2.780000000000000000e+04 9.704345480051601580e-01
2.790000000000000000e+04 9.731620142548935704e-01
2.800000000000000000e+04 9.740519242426685098e-01
2.810000000000000000e+04 9.759696851739875223e-01
2.820000000000000000e+04 9.705650514322421429e-01
2.830000000000000000e+04 9.773470977754951106e-01
2.840000000000000000e+04 9.794063697677692915e-01
2.850000000000000000e+04 9.680432835018459858e-01
2.860000000000000000e+04 9.794418435252494337e-01
2.870000000000000000e+04 9.713642186145656776e-01
2.880000000000000000e+04 9.665170051608367174e-01
2.890000000000000000e+04 9.753558651694500536e-01
2.900000000000000000e+04 9.769010242809531563e-01
2.910000000000000000e+04 9.732364752798554619e-01
2.920000000000000000e+04 9.733914059698359766e-01
2.930000000000000000e+04 9.754548024044989996e-01
2.940000000000000000e+04 9.712243141660708012e-01
2.950000000000000000e+04 9.772742262580459416e-01
2.960000000000000000e+04 9.728796206798209223e-01
2.970000000000000000e+04 9.779769594433811442e-01
2.980000000000000000e+04 9.698403194935454330e-01
2.990000000000000000e+04 9.692970118262107526e-01
3.000000000000000000e+04 9.779975324188876495e-01
