0.000000000000000000e+00 4.776600000000000290e-01
1.000000000000000000e+02 3.590559999999999863e-01
2.000000000000000000e+02 4.034760000000000568e-01
3.000000000000000000e+02 4.322080000000000366e-01
4.000000000000000000e+02 4.338680000000000314e-01
5.000000000000000000e+02 4.334840000000000360e-01
6.000000000000000000e+02 4.466439999999999300e-01
7.000000000000000000e+02 4.731480000000000130e-01
8.000000000000000000e+02 4.720719999999999916e-01
9.000000000000000000e+02 4.679880000000000151e-01
1.000000000000000000e+03 4.681400000000000006e-01
1.100000000000000000e+03 5.068119999999999292e-01
1.200000000000000000e+03 5.007559999999999789e-01
1.300000000000000000e+03 4.879719999999999613e-01
1.400000000000000000e+03 5.098679999999999879e-01
1.500000000000000000e+03 4.644359999999999600e-01
1.600000000000000000e+03 5.331960000000000033e-01
1.700000000000000000e+03 5.204440000000000177e-01
1.800000000000000000e+03 4.914360000000000395e-01
1.900000000000000000e+03 4.869080000000000075e-01
2.000000000000000000e+03 5.198520000000000918e-01
2.100000000000000000e+03 5.161239999999999162e-01
2.200000000000000000e+03 5.446400000000000130e-01
2.300000000000000000e+03 5.302199999999999136e-01
2.400000000000000000e+03 5.352079999999999060e-01
2.500000000000000000e+03 5.596560000000000423e-01
2.600000000000000000e+03 5.340719999999999912e-01
2.700000000000000000e+03 5.460319999999999618e-01
2.800000000000000000e+03 5.509200000000000763e-01
2.900000000000000000e+03 5.929919999999999636e-01
3.000000000000000000e+03 5.712880000000000180e-01
3.100000000000000000e+03 5.744400000000000617e-01
3.200000000000000000e+03 5.824000000000000288e-01
3.300000000000000000e+03 5.624120000000000230e-01
3.400000000000000000e+03 5.593799999999999883e-01
3.500000000000000000e+03 6.105079999999999396e-01
3.600000000000000000e+03 5.825599999999999667e-01
3.700000000000000000e+03 5.885119999999999241e-01
3.800000000000000000e+03 5.949599999999999334e-01
3.900000000000000000e+03 6.127119999999999234e-01
4.000000000000000000e+03 5.956000000000000183e-01
4.100000000000000000e+03 6.204800000000000315e-01
4.200000000000000000e+03 6.425679999999999170e-01
4.300000000000000000e+03 6.433079999999999909e-01
4.400000000000000000e+03 6.464600000000000346e-01
4.500000000000000000e+03 6.301279999999999104e-01
4.600000000000000000e+03 6.393960000000000754e-01
4.700000000000000000e+03 6.307599999999999874e-01
4.800000000000000000e+03 6.676759999999999362e-01
4.900000000000000000e+03 6.411680000000000712e-01
5.000000000000000000e+03 6.667040000000000743e-01
5.100000000000000000e+03 6.549879999999999036e-01
5.200000000000000000e+03 6.397960000000000313e-01
5.300000000000000000e+03 6.419999999999999041e-01
5.400000000000000000e+03 6.734439999999999316e-01
5.500000000000000000e+03 6.727360000000000007e-01
5.600000000000000000e+03 6.571559999999999624e-01
5.700000000000000000e+03 6.728039999999999576e-01
5.800000000000000000e+03 6.704599999999999449e-01
5.900000000000000000e+03 7.092720000000000136e-01
6.000000000000000000e+03 6.970159999999999689e-01
6.100000000000000000e+03 6.779440000000001021e-01
6.200000000000000000e+03 7.140880000000000560e-01
6.300000000000000000e+03 6.951359999999999761e-01
6.400000000000000000e+03 7.059359999999998969e-01
6.500000000000000000e+03 7.043520000000000891e-01
6.600000000000000000e+03 7.111639999999999073e-01
6.700000000000000000e+03 7.279999999999999805e-01
6.800000000000000000e+03 7.238320000000000309e-01
6.900000000000000000e+03 7.496200000000000641e-01
7.000000000000000000e+03 7.281159999999999854e-01
7.100000000000000000e+03 7.171959999999999447e-01
7.200000000000000000e+03 7.440959999999999797e-01
7.300000000000000000e+03 7.428839999999999888e-01
7.400000000000000000e+03 7.480919999999999792e-01
7.500000000000000000e+03 7.604999999999999538e-01
7.600000000000000000e+03 7.391920000000000712e-01
7.700000000000000000e+03 7.318599999999999550e-01
7.800000000000000000e+03 7.723279999999999035e-01
7.900000000000000000e+03 7.730759999999999854e-01
8.000000000000000000e+03 7.731520000000000614e-01
8.100000000000000000e+03 7.448239999999999306e-01
8.200000000000000000e+03 7.638719999999998844e-01
8.300000000000000000e+03 7.634680000000000355e-01
8.400000000000000000e+03 7.773399999999999199e-01
8.500000000000000000e+03 8.020400000000000862e-01
8.600000000000000000e+03 7.627319999999999656e-01
8.700000000000000000e+03 7.853399999999999270e-01
8.800000000000000000e+03 7.682999999999999829e-01
8.900000000000000000e+03 7.911440000000000694e-01
9.000000000000000000e+03 7.874679999999999458e-01
9.100000000000000000e+03 7.768440000000000900e-01
9.200000000000000000e+03 7.914560000000000484e-01
9.300000000000000000e+03 8.073960000000000026e-01
9.400000000000000000e+03 7.862479999999999469e-01
9.500000000000000000e+03 7.779679999999999929e-01
9.600000000000000000e+03 8.087759999999999394e-01
9.700000000000000000e+03 8.130199999999998539e-01
9.800000000000000000e+03 8.158760000000000456e-01
9.900000000000000000e+03 8.394119999999999360e-01
1.000000000000000000e+04 8.156520000000000437e-01
1.010000000000000000e+04 8.154639999999999667e-01
1.020000000000000000e+04 8.068799999999999306e-01
1.030000000000000000e+04 8.235200000000000298e-01
1.040000000000000000e+04 8.270480000000000054e-01
1.050000000000000000e+04 8.263639999999998764e-01
1.060000000000000000e+04 8.264839999999999964e-01
1.070000000000000000e+04 8.096400000000000263e-01
1.080000000000000000e+04 8.255039999999999045e-01
1.090000000000000000e+04 8.129919999999999369e-01
1.100000000000000000e+04 8.397400000000001530e-01
1.110000000000000000e+04 8.313599999999999879e-01
1.120000000000000000e+04 8.424839999999998996e-01
1.130000000000000000e+04 8.421040000000001857e-01
1.140000000000000000e+04 8.409079999999999888e-01
1.150000000000000000e+04 8.477160000000000251e-01
1.160000000000000000e+04 8.529240000000000155e-01
1.170000000000000000e+04 8.688999999999998947e-01
1.180000000000000000e+04 8.552600000000000202e-01
1.190000000000000000e+04 8.698599999999999666e-01
1.200000000000000000e+04 8.769279999999999298e-01
1.210000000000000000e+04 8.751599999999999380e-01
1.220000000000000000e+04 8.819479999999999542e-01
1.230000000000000000e+04 8.668279999999999319e-01
1.240000000000000000e+04 8.818079999999999252e-01
1.250000000000000000e+04 8.780319999999999236e-01
1.260000000000000000e+04 8.946439999999998838e-01
1.270000000000000000e+04 8.853799999999999448e-01
1.280000000000000000e+04 8.819040000000000212e-01
1.290000000000000000e+04 8.876800000000000246e-01
1.300000000000000000e+04 8.914560000000000262e-01
1.310000000000000000e+04 8.867479999999998697e-01
1.320000000000000000e+04 8.912720000000000642e-01
1.330000000000000000e+04 8.959839999999998916e-01
1.340000000000000000e+04 8.869559999999999667e-01
1.350000000000000000e+04 8.980600000000000804e-01
1.360000000000000000e+04 9.065159999999997664e-01
1.370000000000000000e+04 9.060080000000000355e-01
1.380000000000000000e+04 9.026560000000001249e-01
1.390000000000000000e+04 9.084959999999999702e-01
1.400000000000000000e+04 9.058360000000000856e-01
1.410000000000000000e+04 9.138439999999999896e-01
1.420000000000000000e+04 9.206440000000000179e-01
1.430000000000000000e+04 9.122639999999999638e-01
1.440000000000000000e+04 9.132239999999999247e-01
1.450000000000000000e+04 9.171880000000000033e-01
1.460000000000000000e+04 9.344440000000000524e-01
1.470000000000000000e+04 9.184319999999999151e-01
1.480000000000000000e+04 9.201520000000000810e-01
1.490000000000000000e+04 9.232960000000000056e-01
1.500000000000000000e+04 9.421679999999998945e-01
1.510000000000000000e+04 9.254919999999999813e-01
1.520000000000000000e+04 9.349280000000000923e-01
1.530000000000000000e+04 9.317840000000000567e-01
1.540000000000000000e+04 9.397839999999998417e-01
1.550000000000000000e+04 9.314120000000000177e-01
1.560000000000000000e+04 9.293599999999999639e-01
1.570000000000000000e+04 9.346439999999999193e-01
1.580000000000000000e+04 9.430439999999999934e-01
1.590000000000000000e+04 9.346599999999998243e-01
1.600000000000000000e+04 9.477519999999999278e-01
1.610000000000000000e+04 9.393920000000000048e-01
1.620000000000000000e+04 9.459199999999999831e-01
1.630000000000000000e+04 9.476240000000001329e-01
1.640000000000000000e+04 9.462439999999999740e-01
1.650000000000000000e+04 9.314280000000000337e-01
1.660000000000000000e+04 9.422879999999999034e-01
1.670000000000000000e+04 9.420039999999999525e-01
1.680000000000000000e+04 9.494320000000000537e-01
1.690000000000000000e+04 9.519400000000000084e-01
1.700000000000000000e+04 9.455559999999999521e-01
1.710000000000000000e+04 9.584280000000000577e-01
1.720000000000000000e+04 9.479759999999999298e-01
1.730000000000000000e+04 9.489239999999999897e-01
1.740000000000000000e+04 9.521399999999998753e-01
1.750000000000000000e+04 9.460839999999999250e-01
1.760000000000000000e+04 9.476999999999999869e-01
1.770000000000000000e+04 9.587999999999999856e-01
1.780000000000000000e+04 9.433879999999998933e-01
1.790000000000000000e+04 9.548280000000001211e-01
1.800000000000000000e+04 9.480359999999998788e-01
1.810000000000000000e+04 9.593039999999999345e-01
1.820000000000000000e+04 9.524279999999999413e-01
1.830000000000000000e+04 9.585919999999999996e-01
1.840000000000000000e+04 9.549719999999998210e-01
1.850000000000000000e+04 9.594519999999999715e-01
1.860000000000000000e+04 9.597919999999999785e-01
1.870000000000000000e+04 9.535719999999998642e-01
1.880000000000000000e+04 9.680439999999999046e-01
1.890000000000000000e+04 9.674279999999999546e-01
1.900000000000000000e+04 9.525199999999998113e-01
1.910000000000000000e+04 9.653120000000000589e-01
1.920000000000000000e+04 9.535000000000001252e-01
1.930000000000000000e+04 9.658759999999999568e-01
1.940000000000000000e+04 9.609039999999999804e-01
1.950000000000000000e+04 9.556719999999999660e-01
1.960000000000000000e+04 9.637479999999999380e-01
1.970000000000000000e+04 9.618879999999998542e-01
1.980000000000000000e+04 9.600039999999999685e-01
1.990000000000000000e+04 9.490039999999999587e-01
2.000000000000000000e+04 9.635960000000000081e-01
2.010000000000000000e+04 9.535199999999999232e-01
2.020000000000000000e+04 9.680439999999999046e-01
2.030000000000000000e+04 9.673319999999998586e-01
2.040000000000000000e+04 9.674759999999998916e-01
2.050000000000000000e+04 9.669360000000000177e-01
2.060000000000000000e+04 9.640639999999999210e-01
2.070000000000000000e+04 9.683999999999999275e-01
2.080000000000000000e+04 9.639600000000000390e-01
2.090000000000000000e+04 9.727680000000000771e-01
2.100000000000000000e+04 9.724440000000000861e-01
2.110000000000000000e+04 9.640400000000001191e-01
2.120000000000000000e+04 9.621040000000000703e-01
2.130000000000000000e+04 9.696599999999999664e-01
2.140000000000000000e+04 9.637320000000000331e-01
2.150000000000000000e+04 9.622479999999999922e-01
2.160000000000000000e+04 9.704720000000000013e-01
2.170000000000000000e+04 9.715079999999999272e-01
2.180000000000000000e+04 9.741640000000000299e-01
2.190000000000000000e+04 9.684520000000000906e-01
2.200000000000000000e+04 9.694599999999999884e-01
2.210000000000000000e+04 9.614440000000000763e-01
2.220000000000000000e+04 9.720120000000000982e-01
2.230000000000000000e+04 9.707120000000000193e-01
2.240000000000000000e+04 9.724720000000000031e-01
2.250000000000000000e+04 9.738799999999999679e-01
2.260000000000000000e+04 9.685279999999999445e-01
2.270000000000000000e+04 9.626280000000000392e-01
2.280000000000000000e+04 9.727479999999999460e-01
2.290000000000000000e+04 9.714959999999998042e-01
2.300000000000000000e+04 9.678439999999999266e-01
2.310000000000000000e+04 9.719560000000000421e-01
2.320000000000000000e+04 9.689440000000000275e-01
2.330000000000000000e+04 9.642279999999999740e-01
2.340000000000000000e+04 9.728399999999999270e-01
2.350000000000000000e+04 9.611719999999999153e-01
2.360000000000000000e+04 9.698400000000000354e-01
2.370000000000000000e+04 9.718679999999999541e-01
2.380000000000000000e+04 9.654080000000000439e-01
2.390000000000000000e+04 9.746160000000000379e-01
2.400000000000000000e+04 9.658080000000001109e-01
2.410000000000000000e+04 9.701319999999999943e-01
2.420000000000000000e+04 9.734800000000000120e-01
2.430000000000000000e+04 9.759920000000000817e-01
2.440000000000000000e+04 9.746639999999998638e-01
2.450000000000000000e+04 9.737719999999999709e-01
2.460000000000000000e+04 9.704359999999998543e-01
2.470000000000000000e+04 9.743799999999998018e-01
2.480000000000000000e+04 9.695279999999999454e-01
2.490000000000000000e+04 9.703479999999999883e-01
2.500000000000000000e+04 9.747639999999999638e-01
2.510000000000000000e+04 9.724480000000000901e-01
2.520000000000000000e+04 9.738919999999999799e-01
2.530000000000000000e+04 9.696160000000000334e-01
2.540000000000000000e+04 9.687759999999999705e-01
2.550000000000000000e+04 9.693760000000000154e-01
2.560000000000000000e+04 9.632920000000000371e-01
2.570000000000000000e+04 9.609199999999999964e-01
2.580000000000000000e+04 9.737839999999999829e-01
2.590000000000000000e+04 9.735960000000000170e-01
2.600000000000000000e+04 9.685880000000000045e-01
2.610000000000000000e+04 9.721120000000000871e-01
2.620000000000000000e+04 9.671399999999999997e-01
2.630000000000000000e+04 9.788399999999999324e-01
2.640000000000000000e+04 9.676199999999999246e-01
2.650000000000000000e+04 9.698479999999999324e-01
2.660000000000000000e+04 9.629039999999999822e-01
2.670000000000000000e+04 9.779279999999999085e-01
2.680000000000000000e+04 9.742439999999999989e-01
2.690000000000000000e+04 9.756719999999999837e-01
2.700000000000000000e+04 9.749519999999999298e-01
2.710000000000000000e+04 9.758480000000000487e-01
2.720000000000000000e+04 9.718879999999999741e-01
2.730000000000000000e+04 9.716640000000000832e-01
2.740000000000000000e+04 9.699680000000000524e-01
2.750000000000000000e+04 9.724999999999999201e-01
2.760000000000000000e+04 9.709239999999998982e-01
2.770000000000000000e+04 9.711760000000000392e-01
2.780000000000000000e+04 9.676559999999999606e-01
2.790000000000000000e+04 9.709240000000001203e-01
2.800000000000000000e+04 9.725999999999999091e-01
2.810000000000000000e+04 9.747239999999999238e-01
2.820000000000000000e+04 9.685359999999999525e-01
2.830000000000000000e+04 9.760440000000000227e-01
2.840000000000000000e+04 9.779559999999999365e-01
2.850000000000000000e+04 9.642759999999999110e-01
2.860000000000000000e+04 9.767759999999998666e-01
2.870000000000000000e+04 9.688039999999999985e-01
2.880000000000000000e+04 9.641279999999999850e-01
2.890000000000000000e+04 9.718480000000000452e-01
2.900000000000000000e+04 9.760600000000000387e-01
2.910000000000000000e+04 9.720679999999999321e-01
2.920000000000000000e+04 9.724720000000000031e-01
2.930000000000000000e+04 9.724960000000001381e-01
2.940000000000000000e+04 9.706960000000000033e-01
2.950000000000000000e+04 9.743760000000000199e-01
2.960000000000000000e+04 9.709320000000000173e-01
2.970000000000000000e+04 9.746719999999999828e-01
2.980000000000000000e+04 9.693760000000000154e-01
2.990000000000000000e+04 9.679399999999999116e-01
3.000000000000000000e+04 9.754359999999999697e-01
