0.000000000000000000e+00 5.119617224880382844e-01
1.000000000000000000e+02 5.000000000000000000e-01
2.000000000000000000e+02 5.000000000000000000e-01
3.000000000000000000e+02 5.000000000000000000e-01
4.000000000000000000e+02 5.000000000000000000e-01
5.000000000000000000e+02 5.011961722488038617e-01
6.000000000000000000e+02 5.035885167464114742e-01
7.000000000000000000e+02 5.023923444976076125e-01
8.000000000000000000e+02 5.000000000000000000e-01
9.000000000000000000e+02 5.035885167464114742e-01
1.000000000000000000e+03 5.191387559808612329e-01
1.100000000000000000e+03 5.131578947368421462e-01
1.200000000000000000e+03 5.263157894736841813e-01
1.300000000000000000e+03 5.107655502392344227e-01
1.400000000000000000e+03 5.334928229665071298e-01
1.500000000000000000e+03 5.478468899521531377e-01
1.600000000000000000e+03 5.311004784688995173e-01
1.700000000000000000e+03 5.358851674641148533e-01
1.800000000000000000e+03 5.454545454545454142e-01
1.900000000000000000e+03 5.550239234449760861e-01
2.000000000000000000e+03 5.669856459330143705e-01
2.100000000000000000e+03 5.765550239234449315e-01
2.200000000000000000e+03 5.645933014354066470e-01
2.300000000000000000e+03 5.837320574162679909e-01
2.400000000000000000e+03 5.885167464114832159e-01
2.500000000000000000e+03 6.028708133971292238e-01
2.600000000000000000e+03 5.789473684210526550e-01
2.700000000000000000e+03 6.028708133971292238e-01
2.800000000000000000e+03 5.992822966507177496e-01
2.900000000000000000e+03 6.184210526315789824e-01
3.000000000000000000e+03 6.184210526315789824e-01
3.100000000000000000e+03 6.208133971291865949e-01
3.200000000000000000e+03 6.375598086124402153e-01
3.300000000000000000e+03 6.267942583732057926e-01
3.400000000000000000e+03 6.363636363636363535e-01
3.500000000000000000e+03 6.423444976076555513e-01
3.600000000000000000e+03 6.590909090909090606e-01
3.700000000000000000e+03 6.471291866028707762e-01
3.800000000000000000e+03 6.710526315789473450e-01
3.900000000000000000e+03 6.626794258373205349e-01
4.000000000000000000e+03 6.997607655502392499e-01
4.100000000000000000e+03 6.818181818181817677e-01
4.200000000000000000e+03 6.854066985645933530e-01
4.300000000000000000e+03 6.937799043062200521e-01
4.400000000000000000e+03 6.925837320574163014e-01
4.500000000000000000e+03 7.141148325358851467e-01
4.600000000000000000e+03 7.236842105263158187e-01
4.700000000000000000e+03 7.177033492822966210e-01
4.800000000000000000e+03 7.212918660287080952e-01
4.900000000000000000e+03 7.284688995215311547e-01
5.000000000000000000e+03 7.464114832535885258e-01
5.100000000000000000e+03 7.117224880382775343e-01
5.200000000000000000e+03 7.356459330143541031e-01
5.300000000000000000e+03 7.440191387559809133e-01
5.400000000000000000e+03 7.452153110047846640e-01
5.500000000000000000e+03 7.523923444976076125e-01
5.600000000000000000e+03 7.559808612440190867e-01
5.700000000000000000e+03 7.643540669856458969e-01
5.800000000000000000e+03 7.428229665071770516e-01
5.900000000000000000e+03 7.763157894736841813e-01
6.000000000000000000e+03 7.834928229665071298e-01
6.100000000000000000e+03 7.787081339712919048e-01
6.200000000000000000e+03 7.930622009569378017e-01
6.300000000000000000e+03 7.834928229665071298e-01
6.400000000000000000e+03 7.799043062200956555e-01
6.500000000000000000e+03 7.822966507177033790e-01
6.600000000000000000e+03 7.846889952153109915e-01
6.700000000000000000e+03 7.894736842105263275e-01
6.800000000000000000e+03 8.110047846889951728e-01
6.900000000000000000e+03 8.050239234449760861e-01
7.000000000000000000e+03 8.038277511961722244e-01
7.100000000000000000e+03 8.086124401913875603e-01
7.200000000000000000e+03 8.181818181818182323e-01
7.300000000000000000e+03 8.133971291866028963e-01
7.400000000000000000e+03 7.954545454545454142e-01
7.500000000000000000e+03 8.062200956937799479e-01
7.600000000000000000e+03 8.265550239234449315e-01
7.700000000000000000e+03 8.050239234449760861e-01
7.800000000000000000e+03 8.098086124401914221e-01
7.900000000000000000e+03 8.253588516746411807e-01
8.000000000000000000e+03 8.169856459330143705e-01
8.100000000000000000e+03 8.253588516746411807e-01
8.200000000000000000e+03 8.349282296650717416e-01
8.300000000000000000e+03 8.301435406698564057e-01
8.400000000000000000e+03 8.241626794258373190e-01
8.500000000000000000e+03 8.277511961722487932e-01
8.600000000000000000e+03 8.361244019138756034e-01
8.700000000000000000e+03 8.313397129186602674e-01
8.800000000000000000e+03 8.373205741626794651e-01
8.900000000000000000e+03 8.397129186602870776e-01
9.000000000000000000e+03 8.265550239234449315e-01
9.100000000000000000e+03 8.492822966507177496e-01
9.200000000000000000e+03 8.480861244019138878e-01
9.300000000000000000e+03 8.373205741626794651e-01
9.400000000000000000e+03 8.468899521531100261e-01
9.500000000000000000e+03 8.516746411483253620e-01
9.600000000000000000e+03 8.528708133971292238e-01
9.700000000000000000e+03 8.564593301435406980e-01
9.800000000000000000e+03 8.564593301435406980e-01
9.900000000000000000e+03 8.528708133971292238e-01
1.000000000000000000e+04 8.576555023923444487e-01
1.010000000000000000e+04 8.528708133971292238e-01
1.020000000000000000e+04 8.492822966507177496e-01
1.030000000000000000e+04 8.516746411483253620e-01
1.040000000000000000e+04 8.480861244019138878e-01
1.050000000000000000e+04 8.361244019138756034e-01
1.060000000000000000e+04 8.588516746411483105e-01
1.070000000000000000e+04 8.552631578947368363e-01
1.080000000000000000e+04 8.385167464114832159e-01
1.090000000000000000e+04 8.504784688995215003e-01
1.100000000000000000e+04 8.552631578947368363e-01
1.110000000000000000e+04 8.516746411483253620e-01
1.120000000000000000e+04 8.600478468899521722e-01
1.130000000000000000e+04 8.516746411483253620e-01
1.140000000000000000e+04 8.624401913875597847e-01
1.150000000000000000e+04 8.624401913875597847e-01
1.160000000000000000e+04 8.576555023923444487e-01
1.170000000000000000e+04 8.684210526315789824e-01
1.180000000000000000e+04 8.624401913875597847e-01
1.190000000000000000e+04 8.564593301435406980e-01
1.200000000000000000e+04 8.684210526315789824e-01
1.210000000000000000e+04 8.624401913875597847e-01
1.220000000000000000e+04 8.600478468899521722e-01
1.230000000000000000e+04 8.720095693779904567e-01
1.240000000000000000e+04 8.636363636363636465e-01
1.250000000000000000e+04 8.755980861244019309e-01
1.260000000000000000e+04 8.564593301435406980e-01
1.270000000000000000e+04 8.648325358851675082e-01
1.280000000000000000e+04 8.612440191387560340e-01
1.290000000000000000e+04 8.648325358851675082e-01
1.300000000000000000e+04 8.660287081339712589e-01
1.310000000000000000e+04 8.660287081339712589e-01
1.320000000000000000e+04 8.636363636363636465e-01
1.330000000000000000e+04 8.684210526315789824e-01
1.340000000000000000e+04 8.720095693779904567e-01
1.350000000000000000e+04 8.767942583732057926e-01
1.360000000000000000e+04 8.827751196172248793e-01
1.370000000000000000e+04 8.791866028708134051e-01
1.380000000000000000e+04 8.720095693779904567e-01
1.390000000000000000e+04 8.744019138755980691e-01
1.400000000000000000e+04 8.720095693779904567e-01
1.410000000000000000e+04 8.696172248803827332e-01
1.420000000000000000e+04 8.767942583732057926e-01
1.430000000000000000e+04 8.767942583732057926e-01
1.440000000000000000e+04 8.803827751196172668e-01
1.450000000000000000e+04 8.744019138755980691e-01
1.460000000000000000e+04 8.851674641148324918e-01
1.470000000000000000e+04 8.791866028708134051e-01
1.480000000000000000e+04 8.767942583732057926e-01
1.490000000000000000e+04 8.815789473684210176e-01
1.500000000000000000e+04 8.935406698564593020e-01
1.510000000000000000e+04 8.827751196172248793e-01
1.520000000000000000e+04 8.803827751196172668e-01
1.530000000000000000e+04 8.803827751196172668e-01
1.540000000000000000e+04 8.732057416267942074e-01
1.550000000000000000e+04 8.851674641148324918e-01
1.560000000000000000e+04 8.923444976076555513e-01
1.570000000000000000e+04 8.863636363636363535e-01
1.580000000000000000e+04 8.839712918660287411e-01
1.590000000000000000e+04 8.863636363636363535e-01
1.600000000000000000e+04 8.887559808612439660e-01
1.610000000000000000e+04 8.827751196172248793e-01
1.620000000000000000e+04 8.803827751196172668e-01
1.630000000000000000e+04 8.911483253588516895e-01
1.640000000000000000e+04 8.887559808612439660e-01
1.650000000000000000e+04 8.923444976076555513e-01
1.660000000000000000e+04 8.971291866028707762e-01
1.670000000000000000e+04 8.839712918660287411e-01
1.680000000000000000e+04 8.995215311004784997e-01
1.690000000000000000e+04 9.102870813397129224e-01
1.700000000000000000e+04 8.995215311004784997e-01
1.710000000000000000e+04 8.995215311004784997e-01
1.720000000000000000e+04 9.031100478468899739e-01
1.730000000000000000e+04 8.959330143540670255e-01
1.740000000000000000e+04 8.935406698564593020e-01
1.750000000000000000e+04 9.066985645933014482e-01
1.760000000000000000e+04 9.019138755980861122e-01
1.770000000000000000e+04 9.043062200956937247e-01
1.780000000000000000e+04 9.090909090909090606e-01
1.790000000000000000e+04 8.971291866028707762e-01
1.800000000000000000e+04 9.031100478468899739e-01
1.810000000000000000e+04 9.031100478468899739e-01
1.820000000000000000e+04 9.150717703349282584e-01
1.830000000000000000e+04 8.971291866028707762e-01
1.840000000000000000e+04 9.031100478468899739e-01
1.850000000000000000e+04 9.055023923444975864e-01
1.860000000000000000e+04 9.043062200956937247e-01
1.870000000000000000e+04 8.995215311004784997e-01
1.880000000000000000e+04 9.078947368421053099e-01
1.890000000000000000e+04 9.066985645933014482e-01
1.900000000000000000e+04 9.114832535885167841e-01
1.910000000000000000e+04 9.102870813397129224e-01
1.920000000000000000e+04 9.114832535885167841e-01
1.930000000000000000e+04 9.126794258373205349e-01
1.940000000000000000e+04 9.078947368421053099e-01
1.950000000000000000e+04 9.090909090909090606e-01
1.960000000000000000e+04 9.150717703349282584e-01
1.970000000000000000e+04 9.090909090909090606e-01
1.980000000000000000e+04 9.234449760765550685e-01
1.990000000000000000e+04 9.186602870813397326e-01
2.000000000000000000e+04 9.138755980861243966e-01
2.010000000000000000e+04 9.126794258373205349e-01
2.020000000000000000e+04 9.150717703349282584e-01
2.030000000000000000e+04 9.114832535885167841e-01
2.040000000000000000e+04 9.138755980861243966e-01
2.050000000000000000e+04 9.150717703349282584e-01
2.060000000000000000e+04 9.162679425837320091e-01
2.070000000000000000e+04 9.090909090909090606e-01
2.080000000000000000e+04 9.258373205741626810e-01
2.090000000000000000e+04 9.186602870813397326e-01
2.100000000000000000e+04 9.162679425837320091e-01
2.110000000000000000e+04 9.114832535885167841e-01
2.120000000000000000e+04 9.198564593301435943e-01
2.130000000000000000e+04 9.174641148325358708e-01
2.140000000000000000e+04 9.198564593301435943e-01
2.150000000000000000e+04 9.246411483253588193e-01
2.160000000000000000e+04 9.126794258373205349e-01
2.170000000000000000e+04 9.210526315789473450e-01
2.180000000000000000e+04 9.258373205741626810e-01
2.190000000000000000e+04 9.102870813397129224e-01
2.200000000000000000e+04 9.210526315789473450e-01
2.210000000000000000e+04 9.270334928229665428e-01
2.220000000000000000e+04 9.102870813397129224e-01
2.230000000000000000e+04 9.174641148325358708e-01
2.240000000000000000e+04 9.126794258373205349e-01
2.250000000000000000e+04 9.090909090909090606e-01
2.260000000000000000e+04 9.055023923444975864e-01
2.270000000000000000e+04 9.198564593301435943e-01
2.280000000000000000e+04 9.258373205741626810e-01
2.290000000000000000e+04 9.210526315789473450e-01
2.300000000000000000e+04 9.246411483253588193e-01
2.310000000000000000e+04 9.174641148325358708e-01
2.320000000000000000e+04 9.198564593301435943e-01
2.330000000000000000e+04 9.186602870813397326e-01
2.340000000000000000e+04 9.258373205741626810e-01
2.350000000000000000e+04 9.150717703349282584e-01
2.360000000000000000e+04 9.222488038277512068e-01
2.370000000000000000e+04 9.222488038277512068e-01
2.380000000000000000e+04 9.294258373205741552e-01
2.390000000000000000e+04 9.234449760765550685e-01
2.400000000000000000e+04 9.318181818181817677e-01
2.410000000000000000e+04 9.162679425837320091e-01
2.420000000000000000e+04 9.174641148325358708e-01
2.430000000000000000e+04 9.162679425837320091e-01
2.440000000000000000e+04 9.246411483253588193e-01
2.450000000000000000e+04 9.234449760765550685e-01
2.460000000000000000e+04 9.198564593301435943e-01
2.470000000000000000e+04 9.150717703349282584e-01
2.480000000000000000e+04 9.090909090909090606e-01
2.490000000000000000e+04 9.162679425837320091e-01
2.500000000000000000e+04 9.234449760765550685e-01
2.510000000000000000e+04 9.234449760765550685e-01
2.520000000000000000e+04 9.174641148325358708e-01
2.530000000000000000e+04 9.210526315789473450e-01
2.540000000000000000e+04 9.258373205741626810e-01
2.550000000000000000e+04 9.198564593301435943e-01
2.560000000000000000e+04 9.318181818181817677e-01
2.570000000000000000e+04 9.258373205741626810e-01
2.580000000000000000e+04 9.246411483253588193e-01
2.590000000000000000e+04 9.294258373205741552e-01
2.600000000000000000e+04 9.246411483253588193e-01
2.610000000000000000e+04 9.210526315789473450e-01
2.620000000000000000e+04 9.306220095693780170e-01
2.630000000000000000e+04 9.210526315789473450e-01
2.640000000000000000e+04 9.318181818181817677e-01
2.650000000000000000e+04 9.234449760765550685e-01
2.660000000000000000e+04 9.270334928229665428e-01
2.670000000000000000e+04 9.198564593301435943e-01
2.680000000000000000e+04 9.222488038277512068e-01
2.690000000000000000e+04 9.186602870813397326e-01
2.700000000000000000e+04 9.258373205741626810e-01
2.710000000000000000e+04 9.282296650717702935e-01
2.720000000000000000e+04 9.198564593301435943e-01
2.730000000000000000e+04 9.306220095693780170e-01
2.740000000000000000e+04 9.234449760765550685e-01
2.750000000000000000e+04 9.198564593301435943e-01
2.760000000000000000e+04 9.234449760765550685e-01
2.770000000000000000e+04 9.162679425837320091e-01
2.780000000000000000e+04 9.198564593301435943e-01
2.790000000000000000e+04 9.174641148325358708e-01
2.800000000000000000e+04 9.282296650717702935e-01
2.810000000000000000e+04 9.282296650717702935e-01
2.820000000000000000e+04 9.342105263157894912e-01
2.830000000000000000e+04 9.318181818181817677e-01
2.840000000000000000e+04 9.294258373205741552e-01
2.850000000000000000e+04 9.258373205741626810e-01
2.860000000000000000e+04 9.198564593301435943e-01
2.870000000000000000e+04 9.246411483253588193e-01
2.880000000000000000e+04 9.294258373205741552e-01
2.890000000000000000e+04 9.234449760765550685e-01
2.900000000000000000e+04 9.246411483253588193e-01
2.910000000000000000e+04 9.258373205741626810e-01
2.920000000000000000e+04 9.306220095693780170e-01
2.930000000000000000e+04 9.234449760765550685e-01
2.940000000000000000e+04 9.270334928229665428e-01
2.950000000000000000e+04 9.246411483253588193e-01
2.960000000000000000e+04 9.282296650717702935e-01
2.970000000000000000e+04 9.210526315789473450e-01
2.980000000000000000e+04 9.294258373205741552e-01
2.990000000000000000e+04 9.282296650717702935e-01
3.000000000000000000e+04 9.174641148325358708e-01
