0.000000000000000000e+00 5.013027286356390722e-01
1.000000000000000000e+02 3.872048078678733685e-01
2.000000000000000000e+02 4.093263124134050579e-01
3.000000000000000000e+02 4.216053471054121426e-01
4.000000000000000000e+02 4.244368412419025072e-01
5.000000000000000000e+02 4.278476215475529587e-01
6.000000000000000000e+02 4.356876672802845740e-01
7.000000000000000000e+02 4.428324047748784520e-01
8.000000000000000000e+02 4.313090161037666515e-01
9.000000000000000000e+02 4.758176827613348481e-01
1.000000000000000000e+03 4.669416099649122964e-01
1.100000000000000000e+03 4.735924370741708134e-01
1.200000000000000000e+03 4.962166669552061649e-01
1.300000000000000000e+03 4.799604325222686096e-01
1.400000000000000000e+03 4.872685149881874622e-01
1.500000000000000000e+03 5.128159802066393214e-01
1.600000000000000000e+03 5.212691049889141004e-01
1.700000000000000000e+03 5.138316008553487357e-01
1.800000000000000000e+03 5.202932709391552279e-01
1.900000000000000000e+03 5.228197741090461204e-01
2.000000000000000000e+03 5.678426213623062324e-01
2.100000000000000000e+03 5.655107362105386004e-01
2.200000000000000000e+03 5.479317114252925114e-01
2.300000000000000000e+03 5.727006676277642816e-01
2.400000000000000000e+03 5.768634270427124289e-01
2.500000000000000000e+03 6.105084585959382748e-01
2.600000000000000000e+03 5.886930062406618980e-01
2.700000000000000000e+03 5.949934893124571023e-01
2.800000000000000000e+03 6.135953194764810492e-01
2.900000000000000000e+03 6.575937591423245410e-01
3.000000000000000000e+03 6.551712507814052566e-01
3.100000000000000000e+03 6.346773329386717899e-01
3.200000000000000000e+03 6.683657707432644202e-01
3.300000000000000000e+03 6.567481071948385596e-01
3.400000000000000000e+03 6.603101390774428481e-01
3.500000000000000000e+03 6.725904105001474509e-01
3.600000000000000000e+03 7.014457492971634123e-01
3.700000000000000000e+03 6.959458529154849415e-01
3.800000000000000000e+03 7.100985706709261880e-01
3.900000000000000000e+03 6.942463776812499709e-01
4.000000000000000000e+03 7.540757931240613665e-01
4.100000000000000000e+03 7.250492176772309616e-01
4.200000000000000000e+03 7.318970069065761086e-01
4.300000000000000000e+03 7.621763866116136876e-01
4.400000000000000000e+03 7.612953810648971364e-01
4.500000000000000000e+03 7.889707068186607719e-01
4.600000000000000000e+03 7.742625205733618676e-01
4.700000000000000000e+03 7.729797636821533757e-01
4.800000000000000000e+03 8.051740508974774002e-01
4.900000000000000000e+03 8.120199360440951697e-01
5.000000000000000000e+03 8.180529403270682121e-01
5.100000000000000000e+03 7.779126909762243969e-01
5.200000000000000000e+03 8.098083810797138682e-01
5.300000000000000000e+03 8.206529082189466529e-01
5.400000000000000000e+03 8.237298215888041453e-01
5.500000000000000000e+03 8.255563446950595630e-01
5.600000000000000000e+03 8.494802674012122967e-01
5.700000000000000000e+03 8.326887682478083530e-01
5.800000000000000000e+03 8.341253512396156200e-01
5.900000000000000000e+03 8.622313038667781537e-01
6.000000000000000000e+03 8.725094056164143241e-01
6.100000000000000000e+03 8.523696694682958430e-01
6.200000000000000000e+03 8.645290052849978757e-01
6.300000000000000000e+03 8.558009682702760745e-01
6.400000000000000000e+03 8.681636660495295477e-01
6.500000000000000000e+03 8.583501547448860736e-01
6.600000000000000000e+03 8.638521810369139686e-01
6.700000000000000000e+03 8.809397195210662002e-01
6.800000000000000000e+03 8.939221580680891677e-01
6.900000000000000000e+03 8.966755784288239495e-01
7.000000000000000000e+03 8.888611283055046774e-01
7.100000000000000000e+03 8.885869805587779391e-01
7.200000000000000000e+03 8.991276737676502373e-01
7.300000000000000000e+03 8.888248225779520340e-01
7.400000000000000000e+03 8.831278929471222394e-01
7.500000000000000000e+03 8.911898807902708386e-01
7.600000000000000000e+03 9.020745721435412534e-01
7.700000000000000000e+03 8.971632263810784824e-01
7.800000000000000000e+03 8.942728593931204006e-01
7.900000000000000000e+03 9.054527211784196838e-01
8.000000000000000000e+03 9.038728013641177395e-01
8.100000000000000000e+03 8.992097708494807273e-01
8.200000000000000000e+03 9.070624224506620426e-01
8.300000000000000000e+03 9.119387179069246008e-01
8.400000000000000000e+03 8.938369030676575067e-01
8.500000000000000000e+03 9.092257330305721919e-01
8.600000000000000000e+03 9.065163925566114278e-01
8.700000000000000000e+03 9.127963408510174625e-01
8.800000000000000000e+03 9.135850818035580190e-01
8.900000000000000000e+03 9.169965254782724839e-01
9.000000000000000000e+03 9.075541533722928378e-01
9.100000000000000000e+03 9.211409375301837787e-01
9.200000000000000000e+03 9.219882300191659663e-01
9.300000000000000000e+03 9.161304109152584862e-01
9.400000000000000000e+03 9.173033234079492892e-01
9.500000000000000000e+03 9.182807099312700894e-01
9.600000000000000000e+03 9.205709603582087341e-01
9.700000000000000000e+03 9.216250018881707584e-01
9.800000000000000000e+03 9.244067625322837101e-01
9.900000000000000000e+03 9.242623380640335728e-01
1.000000000000000000e+04 9.209941060640378652e-01
1.010000000000000000e+04 9.246374357577969993e-01
1.020000000000000000e+04 9.237852805889534835e-01
1.030000000000000000e+04 9.196520458329646708e-01
1.040000000000000000e+04 9.221887073119081624e-01
1.050000000000000000e+04 9.157923292628569190e-01
1.060000000000000000e+04 9.266030535850295902e-01
1.070000000000000000e+04 9.253910020692659444e-01
1.080000000000000000e+04 9.193087945126527938e-01
1.090000000000000000e+04 9.241553622902903831e-01
1.100000000000000000e+04 9.247813093105325954e-01
1.110000000000000000e+04 9.260927704013577344e-01
1.120000000000000000e+04 9.310143072625807203e-01
1.130000000000000000e+04 9.307829918460313046e-01
1.140000000000000000e+04 9.348545211151079171e-01
1.150000000000000000e+04 9.349227614302962897e-01
1.160000000000000000e+04 9.302758040483839475e-01
1.170000000000000000e+04 9.378623323946011503e-01
1.180000000000000000e+04 9.344628952214444340e-01
1.190000000000000000e+04 9.295471407626888505e-01
1.200000000000000000e+04 9.371983062286334265e-01
1.210000000000000000e+04 9.354209085441652638e-01
1.220000000000000000e+04 9.322866501089263069e-01
1.230000000000000000e+04 9.375153653556403954e-01
1.240000000000000000e+04 9.288586574782918825e-01
1.250000000000000000e+04 9.370933659115169290e-01
1.260000000000000000e+04 9.321985010240125824e-01
1.270000000000000000e+04 9.379253002143836948e-01
1.280000000000000000e+04 9.358813353103392352e-01
1.290000000000000000e+04 9.375453786929661693e-01
1.300000000000000000e+04 9.375521761205283244e-01
1.310000000000000000e+04 9.392297558501799815e-01
1.320000000000000000e+04 9.373489100351055647e-01
1.330000000000000000e+04 9.387758222406610287e-01
1.340000000000000000e+04 9.428471799124135133e-01
1.350000000000000000e+04 9.442780820551301968e-01
1.360000000000000000e+04 9.484536012568276497e-01
1.370000000000000000e+04 9.467636816532631894e-01
1.380000000000000000e+04 9.386565901723894489e-01
1.390000000000000000e+04 9.449738109488270421e-01
1.400000000000000000e+04 9.447818570736187249e-01
1.410000000000000000e+04 9.444855081802527863e-01
1.420000000000000000e+04 9.474182760116238722e-01
1.430000000000000000e+04 9.456425484593690145e-01
1.440000000000000000e+04 9.479957141334260928e-01
1.450000000000000000e+04 9.427412470569348502e-01
1.460000000000000000e+04 9.488027158833732821e-01
1.470000000000000000e+04 9.451183904764602906e-01
1.480000000000000000e+04 9.504153883922887847e-01
1.490000000000000000e+04 9.520580062515705544e-01
1.500000000000000000e+04 9.557027128321587961e-01
1.510000000000000000e+04 9.527007262826533429e-01
1.520000000000000000e+04 9.516983665563877315e-01
1.530000000000000000e+04 9.541076983474566786e-01
1.540000000000000000e+04 9.506215405943637675e-01
1.550000000000000000e+04 9.562589354414084974e-01
1.560000000000000000e+04 9.560175447354750666e-01
1.570000000000000000e+04 9.584548939619322860e-01
1.580000000000000000e+04 9.566002269254922918e-01
1.590000000000000000e+04 9.580431776480886619e-01
1.600000000000000000e+04 9.580259220717430857e-01
1.610000000000000000e+04 9.564463842652010106e-01
1.620000000000000000e+04 9.562853383441440869e-01
1.630000000000000000e+04 9.610652233418208734e-01
1.640000000000000000e+04 9.592812991747255991e-01
1.650000000000000000e+04 9.614312354453949938e-01
1.660000000000000000e+04 9.634915661095568851e-01
1.670000000000000000e+04 9.598016426461626338e-01
1.680000000000000000e+04 9.645184078151952667e-01
1.690000000000000000e+04 9.707833659857357800e-01
1.700000000000000000e+04 9.659174432162536128e-01
1.710000000000000000e+04 9.643301363480052402e-01
1.720000000000000000e+04 9.648200586938273648e-01
1.730000000000000000e+04 9.606756791910442406e-01
1.740000000000000000e+04 9.625460646679778742e-01
1.750000000000000000e+04 9.691221258176434539e-01
1.760000000000000000e+04 9.665249120563678131e-01
1.770000000000000000e+04 9.672760896509577933e-01
1.780000000000000000e+04 9.662720574592058576e-01
1.790000000000000000e+04 9.658283274727812451e-01
1.800000000000000000e+04 9.680283624678643895e-01
1.810000000000000000e+04 9.673818163895816502e-01
1.820000000000000000e+04 9.727697189458452964e-01
1.830000000000000000e+04 9.665408223760845186e-01
1.840000000000000000e+04 9.658515153102802397e-01
1.850000000000000000e+04 9.682821694338370477e-01
1.860000000000000000e+04 9.675929070689367473e-01
1.870000000000000000e+04 9.689514850558292869e-01
1.880000000000000000e+04 9.702566813925963540e-01
1.890000000000000000e+04 9.686595546247424027e-01
1.900000000000000000e+04 9.708244748683796388e-01
1.910000000000000000e+04 9.685342847904424568e-01
1.920000000000000000e+04 9.724066899135123121e-01
1.930000000000000000e+04 9.701084766997687403e-01
1.940000000000000000e+04 9.693072561892042138e-01
1.950000000000000000e+04 9.674747406055193011e-01
1.960000000000000000e+04 9.725987224095967720e-01
1.970000000000000000e+04 9.702706086849292033e-01
1.980000000000000000e+04 9.753638158546562575e-01
1.990000000000000000e+04 9.740750087689942216e-01
2.000000000000000000e+04 9.719906985437611890e-01
2.010000000000000000e+04 9.721155792662442563e-01
2.020000000000000000e+04 9.734556142094747955e-01
2.030000000000000000e+04 9.717030319595305610e-01
2.040000000000000000e+04 9.727565286995223381e-01
2.050000000000000000e+04 9.720711268935768867e-01
2.060000000000000000e+04 9.719831408450874122e-01
2.070000000000000000e+04 9.690970487506271880e-01
2.080000000000000000e+04 9.756821634965306966e-01
2.090000000000000000e+04 9.761183284223203804e-01
2.100000000000000000e+04 9.733604305487434383e-01
2.110000000000000000e+04 9.721928917119381230e-01
2.120000000000000000e+04 9.743585090674805604e-01
2.130000000000000000e+04 9.751283942976218810e-01
2.140000000000000000e+04 9.727538473742234348e-01
2.150000000000000000e+04 9.763978280338327931e-01
2.160000000000000000e+04 9.732395299305237613e-01
2.170000000000000000e+04 9.726303624465918451e-01
2.180000000000000000e+04 9.777605042514887490e-01
2.190000000000000000e+04 9.679797508488460211e-01
2.200000000000000000e+04 9.746725405874531178e-01
2.210000000000000000e+04 9.752313275870811982e-01
2.220000000000000000e+04 9.717887528889469495e-01
2.230000000000000000e+04 9.745951732917126353e-01
2.240000000000000000e+04 9.730334296851381737e-01
2.250000000000000000e+04 9.717678070105161270e-01
2.260000000000000000e+04 9.708685260609779544e-01
2.270000000000000000e+04 9.743145238555155352e-01
2.280000000000000000e+04 9.776987752215544614e-01
2.290000000000000000e+04 9.757902424885444015e-01
2.300000000000000000e+04 9.757916271894663263e-01
2.310000000000000000e+04 9.732679453173783690e-01
2.320000000000000000e+04 9.772970808418928179e-01
2.330000000000000000e+04 9.755281615137839646e-01
2.340000000000000000e+04 9.777738651483907084e-01
2.350000000000000000e+04 9.729059808118615260e-01
2.360000000000000000e+04 9.754273916022204727e-01
2.370000000000000000e+04 9.756189248119728763e-01
2.380000000000000000e+04 9.798824393280255451e-01
2.390000000000000000e+04 9.765504475697860398e-01
2.400000000000000000e+04 9.785209852354589399e-01
2.410000000000000000e+04 9.755448142178340110e-01
2.420000000000000000e+04 9.735551173705560002e-01
2.430000000000000000e+04 9.747039610532743925e-01
2.440000000000000000e+04 9.773313254477113965e-01
2.450000000000000000e+04 9.771260557743690622e-01
2.460000000000000000e+04 9.727245386452971765e-01
2.470000000000000000e+04 9.754011279690192326e-01
2.480000000000000000e+04 9.719783893172877498e-01
2.490000000000000000e+04 9.740016124398239716e-01
2.500000000000000000e+04 9.767677866700048561e-01
2.510000000000000000e+04 9.789520751651052954e-01
2.520000000000000000e+04 9.750545572587243637e-01
2.530000000000000000e+04 9.773389845959994382e-01
2.540000000000000000e+04 9.782867238512141794e-01
2.550000000000000000e+04 9.793597042740425085e-01
2.560000000000000000e+04 9.801093977852856076e-01
2.570000000000000000e+04 9.778641088630897205e-01
2.580000000000000000e+04 9.790212421754198591e-01
2.590000000000000000e+04 9.795182618762797722e-01
2.600000000000000000e+04 9.784908885854702865e-01
2.610000000000000000e+04 9.754676766339198668e-01
2.620000000000000000e+04 9.809018788004922884e-01
2.630000000000000000e+04 9.766099120228338704e-01
2.640000000000000000e+04 9.813217567972705169e-01
2.650000000000000000e+04 9.760150027573255560e-01
2.660000000000000000e+04 9.795756203624839120e-01
2.670000000000000000e+04 9.769085069654084297e-01
2.680000000000000000e+04 9.780797525038852358e-01
2.690000000000000000e+04 9.764397915962557128e-01
2.700000000000000000e+04 9.793387930279340292e-01
2.710000000000000000e+04 9.799355243180303265e-01
2.720000000000000000e+04 9.770533589490341120e-01
2.730000000000000000e+04 9.797303627923201752e-01
2.740000000000000000e+04 9.787744731363098305e-01
2.750000000000000000e+04 9.761773535121260892e-01
2.760000000000000000e+04 9.774250128212915723e-01
2.770000000000000000e+04 9.761654301811137913e-01
2.780000000000000000e+04 9.780147322279786337e-01
2.790000000000000000e+04 9.750093598244137238e-01
2.800000000000000000e+04 9.789642883752883717e-01
2.810000000000000000e+04 9.803835106183005355e-01
2.820000000000000000e+04 9.822758397323134716e-01
2.830000000000000000e+04 9.810731563606164274e-01
2.840000000000000000e+04 9.783956112410274741e-01
2.850000000000000000e+04 9.782340245947597213e-01
2.860000000000000000e+04 9.772707662130870609e-01
2.870000000000000000e+04 9.778016250200992632e-01
2.880000000000000000e+04 9.813547932151366338e-01
2.890000000000000000e+04 9.796876890547017158e-01
2.900000000000000000e+04 9.790879970627675011e-01
2.910000000000000000e+04 9.780542358992366792e-01
2.920000000000000000e+04 9.802188517750264340e-01
2.930000000000000000e+04 9.780638255117760638e-01
2.940000000000000000e+04 9.788447632995838088e-01
2.950000000000000000e+04 9.775457589259617386e-01
2.960000000000000000e+04 9.790379561987211376e-01
2.970000000000000000e+04 9.789065889082850802e-01
2.980000000000000000e+04 9.797977535616531064e-01
2.990000000000000000e+04 9.797524612693905288e-01
3.000000000000000000e+04 9.785760322194745342e-01
