0.000000000000000000e+00 4.870538678143815914e-01
1.000000000000000000e+02 3.131968132597696686e-01
2.000000000000000000e+02 3.616103111192509045e-01
3.000000000000000000e+02 3.863064032416839710e-01
4.000000000000000000e+02 3.860717474416794359e-01
5.000000000000000000e+02 4.006261303541586161e-01
6.000000000000000000e+02 4.081980723884526263e-01
7.000000000000000000e+02 4.186717337057301869e-01
8.000000000000000000e+02 4.113974039055882104e-01
9.000000000000000000e+02 4.640347061651519112e-01
1.000000000000000000e+03 4.711945697213891782e-01
1.100000000000000000e+03 4.757159863556237323e-01
1.200000000000000000e+03 5.095865479270162979e-01
1.300000000000000000e+03 4.811588562532909119e-01
1.400000000000000000e+03 5.051223644147340153e-01
1.500000000000000000e+03 5.297841166639958299e-01
1.600000000000000000e+03 5.251081706004898653e-01
1.700000000000000000e+03 5.196424074540417770e-01
1.800000000000000000e+03 5.338877315079781916e-01
1.900000000000000000e+03 5.432567935715757468e-01
2.000000000000000000e+03 5.784322703234816565e-01
2.100000000000000000e+03 5.813454362308554391e-01
2.200000000000000000e+03 5.706313958013781162e-01
2.300000000000000000e+03 5.910235571529955934e-01
2.400000000000000000e+03 6.002438130995170207e-01
2.500000000000000000e+03 6.353620567294704369e-01
2.600000000000000000e+03 5.984409697580184151e-01
2.700000000000000000e+03 6.182722465145028545e-01
2.800000000000000000e+03 6.255179597536686398e-01
2.900000000000000000e+03 6.592912250177422884e-01
3.000000000000000000e+03 6.552849064810788438e-01
3.100000000000000000e+03 6.556969849591355315e-01
3.200000000000000000e+03 6.734335294521646142e-01
3.300000000000000000e+03 6.605331837641079673e-01
3.400000000000000000e+03 6.720084247155513335e-01
3.500000000000000000e+03 6.695960486252604538e-01
3.600000000000000000e+03 7.001270575307341204e-01
3.700000000000000000e+03 6.881023786085482818e-01
3.800000000000000000e+03 7.166960463359355327e-01
3.900000000000000000e+03 7.046026876674068573e-01
4.000000000000000000e+03 7.511389391268514792e-01
4.100000000000000000e+03 7.269922849751607741e-01
4.200000000000000000e+03 7.218184107506696590e-01
4.300000000000000000e+03 7.459421716535793445e-01
4.400000000000000000e+03 7.524553009317552776e-01
4.500000000000000000e+03 7.683374922735284329e-01
4.600000000000000000e+03 7.656131956685974238e-01
4.700000000000000000e+03 7.731050113321582540e-01
4.800000000000000000e+03 7.879226666056179385e-01
4.900000000000000000e+03 7.890387124836885091e-01
5.000000000000000000e+03 7.954488221423502425e-01
5.100000000000000000e+03 7.662255900734872283e-01
5.200000000000000000e+03 7.913681005471485674e-01
5.300000000000000000e+03 8.077424967377120346e-01
5.400000000000000000e+03 8.046576314644811045e-01
5.500000000000000000e+03 8.111936539914378352e-01
5.600000000000000000e+03 8.266981067283257767e-01
5.700000000000000000e+03 8.206142258647923793e-01
5.800000000000000000e+03 8.132769396305030707e-01
5.900000000000000000e+03 8.400792106407819482e-01
6.000000000000000000e+03 8.423685355188754720e-01
6.100000000000000000e+03 8.379787550651313088e-01
6.200000000000000000e+03 8.503239394702502008e-01
6.300000000000000000e+03 8.410693436505575216e-01
6.400000000000000000e+03 8.445605640896498567e-01
6.500000000000000000e+03 8.377040360797600727e-01
6.600000000000000000e+03 8.482921636409421762e-01
6.700000000000000000e+03 8.569915981776974334e-01
6.800000000000000000e+03 8.695227902291615685e-01
6.900000000000000000e+03 8.712941553535862305e-01
7.000000000000000000e+03 8.627835901192738577e-01
7.100000000000000000e+03 8.685870286852406252e-01
7.200000000000000000e+03 8.748941187243880480e-01
7.300000000000000000e+03 8.655765664705479256e-01
7.400000000000000000e+03 8.589375243240768842e-01
7.500000000000000000e+03 8.648611524461435884e-01
7.600000000000000000e+03 8.758956983585540756e-01
7.700000000000000000e+03 8.717978068267668856e-01
7.800000000000000000e+03 8.682951397632838741e-01
7.900000000000000000e+03 8.819051761635493536e-01
8.000000000000000000e+03 8.781735766122571452e-01
8.100000000000000000e+03 8.794155353586228241e-01
8.200000000000000000e+03 8.854994162221561105e-01
8.300000000000000000e+03 8.812756118220737012e-01
8.400000000000000000e+03 8.730969986950847250e-01
8.500000000000000000e+03 8.835592133879719423e-01
8.600000000000000000e+03 8.847611089489710867e-01
8.700000000000000000e+03 8.832844944026005951e-01
8.800000000000000000e+03 8.848469586318994384e-01
8.900000000000000000e+03 8.879547171539113881e-01
9.000000000000000000e+03 8.813099516952450641e-01
9.100000000000000000e+03 8.940901078272017743e-01
9.200000000000000000e+03 8.977358576955656311e-01
9.300000000000000000e+03 8.861919369977793171e-01
9.400000000000000000e+03 8.913715345344659369e-01
9.500000000000000000e+03 8.927851926466885413e-01
9.600000000000000000e+03 8.906618438222568823e-01
9.700000000000000000e+03 8.931343146905978969e-01
9.800000000000000000e+03 9.007692131590394613e-01
9.900000000000000000e+03 8.963050296467570677e-01
1.000000000000000000e+04 8.946967789198965182e-01
1.010000000000000000e+04 8.974382454614134863e-01
1.020000000000000000e+04 8.981479361736222078e-01
1.030000000000000000e+04 8.918980792564272786e-01
1.040000000000000000e+04 8.925505368466839506e-01
1.050000000000000000e+04 8.885499416222154556e-01
1.060000000000000000e+04 8.996359973443831537e-01
1.070000000000000000e+04 8.995730409102354885e-01
1.080000000000000000e+04 8.924589638515600942e-01
1.090000000000000000e+04 8.955438291247911353e-01
1.100000000000000000e+04 8.960818204711431534e-01
1.110000000000000000e+04 8.991724090565691441e-01
1.120000000000000000e+04 9.027780957395663552e-01
1.130000000000000000e+04 9.046038323298458694e-01
1.140000000000000000e+04 9.099951924177559492e-01
1.150000000000000000e+04 9.099665758567798690e-01
1.160000000000000000e+04 9.052849064810787327e-01
1.170000000000000000e+04 9.125248964080492353e-01
1.180000000000000000e+04 9.085014079347999427e-01
1.190000000000000000e+04 9.047011286371648975e-01
1.200000000000000000e+04 9.136066024129485541e-01
1.210000000000000000e+04 9.123760902909731074e-01
1.220000000000000000e+04 9.065669284128111682e-01
1.230000000000000000e+04 9.155868684324992568e-01
1.240000000000000000e+04 9.086960005494379988e-01
1.250000000000000000e+04 9.151633433300520037e-01
1.260000000000000000e+04 9.099608525445845864e-01
1.270000000000000000e+04 9.141102538861289872e-01
1.280000000000000000e+04 9.112371511641217392e-01
1.290000000000000000e+04 9.159474371007988447e-01
1.300000000000000000e+04 9.146711384812618029e-01
1.310000000000000000e+04 9.177102172569309158e-01
1.320000000000000000e+04 9.163251757056843916e-01
1.330000000000000000e+04 9.180421693642546455e-01
1.340000000000000000e+04 9.219397449692086077e-01
1.350000000000000000e+04 9.246010851399921737e-01
1.360000000000000000e+04 9.286074036766558404e-01
1.370000000000000000e+04 9.276802271010278211e-01
1.380000000000000000e+04 9.173324786520454799e-01
1.390000000000000000e+04 9.245495753302352959e-01
1.400000000000000000e+04 9.269705363888189886e-01
1.410000000000000000e+04 9.244522790229161568e-01
1.420000000000000000e+04 9.289565257205649740e-01
1.430000000000000000e+04 9.284986607449463580e-01
1.440000000000000000e+04 9.292541379547172298e-01
1.450000000000000000e+04 9.236624619399739222e-01
1.460000000000000000e+04 9.352121059499554079e-01
1.470000000000000000e+04 9.297978526132643085e-01
1.480000000000000000e+04 9.358130537304547580e-01
1.490000000000000000e+04 9.365685309402256298e-01
1.500000000000000000e+04 9.403459169890798774e-01
1.510000000000000000e+04 9.380565921109864647e-01
1.520000000000000000e+04 9.370435658524300937e-01
1.530000000000000000e+04 9.396648428378470141e-01
1.540000000000000000e+04 9.355326114328885723e-01
1.550000000000000000e+04 9.434250589501156359e-01
1.560000000000000000e+04 9.419198278427691751e-01
1.570000000000000000e+04 9.456056408964995663e-01
1.580000000000000000e+04 9.435395251940202899e-01
1.590000000000000000e+04 9.452393489160046958e-01
1.600000000000000000e+04 9.451763924818570306e-01
1.610000000000000000e+04 9.425951786818067557e-01
1.620000000000000000e+04 9.438600306769533432e-01
1.630000000000000000e+04 9.485073601794831166e-01
1.640000000000000000e+04 9.476030768526362280e-01
1.650000000000000000e+04 9.484730203063117537e-01
1.660000000000000000e+04 9.507108353746480667e-01
1.670000000000000000e+04 9.477633295941026992e-01
1.680000000000000000e+04 9.522904695405324249e-01
1.690000000000000000e+04 9.606350587211831549e-01
1.700000000000000000e+04 9.543394153064260754e-01
1.710000000000000000e+04 9.527769510771273431e-01
1.720000000000000000e+04 9.531947528673793135e-01
1.730000000000000000e+04 9.521874499210183362e-01
1.740000000000000000e+04 9.507909617453813578e-01
1.750000000000000000e+04 9.577734026235663611e-01
1.760000000000000000e+04 9.559247727845059384e-01
1.770000000000000000e+04 9.567775463015957271e-01
1.780000000000000000e+04 9.543451386186213581e-01
1.790000000000000000e+04 9.551578489503446123e-01
1.800000000000000000e+04 9.574700670772189337e-01
1.810000000000000000e+04 9.573613241455095624e-01
1.820000000000000000e+04 9.636397976236806828e-01
1.830000000000000000e+04 9.572010714040428692e-01
1.840000000000000000e+04 9.560163457796296838e-01
1.850000000000000000e+04 9.586719626382179671e-01
1.860000000000000000e+04 9.586032828918751303e-01
1.870000000000000000e+04 9.606293354089878722e-01
1.880000000000000000e+04 9.608639912089924628e-01
1.890000000000000000e+04 9.585059865845562133e-01
1.900000000000000000e+04 9.617282113504728169e-01
1.910000000000000000e+04 9.587520890089512582e-01
1.920000000000000000e+04 9.631819326480621779e-01
1.930000000000000000e+04 9.614763856138824893e-01
1.940000000000000000e+04 9.594732263455508781e-01
1.950000000000000000e+04 9.582770540967469053e-01
1.960000000000000000e+04 9.638801767358805561e-01
1.970000000000000000e+04 9.614134291797350462e-01
1.980000000000000000e+04 9.667876193310592781e-01
1.990000000000000000e+04 9.659749089993362459e-01
2.000000000000000000e+04 9.633307387651381948e-01
2.010000000000000000e+04 9.627526842334196422e-01
2.020000000000000000e+04 9.644982944529658653e-01
2.030000000000000000e+04 9.625809848675626057e-01
2.040000000000000000e+04 9.639316865456376560e-01
2.050000000000000000e+04 9.640518761017375926e-01
2.060000000000000000e+04 9.638229436139281736e-01
2.070000000000000000e+04 9.605778255992307724e-01
2.080000000000000000e+04 9.671252947505780684e-01
2.090000000000000000e+04 9.679208351457154746e-01
2.100000000000000000e+04 9.655857237700602447e-01
2.110000000000000000e+04 9.631246995261096844e-01
2.120000000000000000e+04 9.654827041505459340e-01
2.130000000000000000e+04 9.664957304091024159e-01
2.140000000000000000e+04 9.655284906481078622e-01
2.150000000000000000e+04 9.691112840823240537e-01
2.160000000000000000e+04 9.645841441358943280e-01
2.170000000000000000e+04 9.651908152285890719e-01
2.180000000000000000e+04 9.709484672969941332e-01
2.190000000000000000e+04 9.623806689407293780e-01
2.200000000000000000e+04 9.676117762871728756e-01
2.210000000000000000e+04 9.676461161603444605e-01
2.220000000000000000e+04 9.641205558480803184e-01
2.230000000000000000e+04 9.680639179505963199e-01
2.240000000000000000e+04 9.657860396968933614e-01
2.250000000000000000e+04 9.641663423456422466e-01
2.260000000000000000e+04 9.635539479407523311e-01
2.270000000000000000e+04 9.680410247018154113e-01
2.280000000000000000e+04 9.706794716238180687e-01
2.290000000000000000e+04 9.690139877750051367e-01
2.300000000000000000e+04 9.691399006433003560e-01
2.310000000000000000e+04 9.665701334676403134e-01
2.320000000000000000e+04 9.706851949360134624e-01
2.330000000000000000e+04 9.683271903115769907e-01
2.340000000000000000e+04 9.708969574872369224e-01
2.350000000000000000e+04 9.651679219798081633e-01
2.360000000000000000e+04 9.683271903115771018e-01
2.370000000000000000e+04 9.685675694237769751e-01
2.380000000000000000e+04 9.742966049312057342e-01
2.390000000000000000e+04 9.703704127652754696e-01
2.400000000000000000e+04 9.731519424921590833e-01
2.410000000000000000e+04 9.687850552871957177e-01
2.420000000000000000e+04 9.678521553993727489e-01
2.430000000000000000e+04 9.680753645749867742e-01
2.440000000000000000e+04 9.716180948238364312e-01
2.450000000000000000e+04 9.706966415604038056e-01
2.460000000000000000e+04 9.667590027700830868e-01
2.470000000000000000e+04 9.698038048579473713e-01
2.480000000000000000e+04 9.662610746090978253e-01
2.490000000000000000e+04 9.686820356676816290e-01
2.500000000000000000e+04 9.707996611799180053e-01
2.510000000000000000e+04 9.739188663263204093e-01
2.520000000000000000e+04 9.692715368237907470e-01
2.530000000000000000e+04 9.722934456628740119e-01
2.540000000000000000e+04 9.721503628579931666e-01
2.550000000000000000e+04 9.742050319360820998e-01
2.560000000000000000e+04 9.753153545019572768e-01
2.570000000000000000e+04 9.722762757262882749e-01
2.580000000000000000e+04 9.734781712872873083e-01
2.590000000000000000e+04 9.740505025068108003e-01
2.600000000000000000e+04 9.728486069458116559e-01
2.610000000000000000e+04 9.691227307067146191e-01
2.620000000000000000e+04 9.760479384629472399e-01
2.630000000000000000e+04 9.712231862823653694e-01
2.640000000000000000e+04 9.763741672580756870e-01
2.650000000000000000e+04 9.700670772189281532e-01
2.660000000000000000e+04 9.743710079897438536e-01
2.670000000000000000e+04 9.709084041116272656e-01
2.680000000000000000e+04 9.727742038872736474e-01
2.690000000000000000e+04 9.703646894530801870e-01
2.700000000000000000e+04 9.737643368970491098e-01
2.710000000000000000e+04 9.749204459604862150e-01
2.720000000000000000e+04 9.709541906091893049e-01
2.730000000000000000e+04 9.737471669604633728e-01
2.740000000000000000e+04 9.734381081019207738e-01
2.750000000000000000e+04 9.696549987408713545e-01
2.760000000000000000e+04 9.714979052677366056e-01
2.770000000000000000e+04 9.709713605457750418e-01
2.780000000000000000e+04 9.726769075799547304e-01
2.790000000000000000e+04 9.685275062384103295e-01
2.800000000000000000e+04 9.736613172775349101e-01
2.810000000000000000e+04 9.745427073556008901e-01
2.820000000000000000e+04 9.776332959410269918e-01
2.830000000000000000e+04 9.764428470044184127e-01
2.840000000000000000e+04 9.733236418580160088e-01
2.850000000000000000e+04 9.723048922872644662e-01
2.860000000000000000e+04 9.719729401799409585e-01
2.870000000000000000e+04 9.727913738238593844e-01
2.880000000000000000e+04 9.763970605068564845e-01
2.890000000000000000e+04 9.742908816190105625e-01
2.900000000000000000e+04 9.738444632677824009e-01
2.910000000000000000e+04 9.729115633799592100e-01
2.920000000000000000e+04 9.751322085117098970e-01
2.930000000000000000e+04 9.730031363750829554e-01
2.940000000000000000e+04 9.720244499896979473e-01
2.950000000000000000e+04 9.714006089604174665e-01
2.960000000000000000e+04 9.732606854238685656e-01
2.970000000000000000e+04 9.733694283555780480e-01
2.980000000000000000e+04 9.744225177995009535e-01
2.990000000000000000e+04 9.744511343604771447e-01
3.000000000000000000e+04 9.730718161214256812e-01
