0.000000000000000000e+00 5.164466952497033247e-01
1.000000000000000000e+02 4.286334599591126171e-01
2.000000000000000000e+02 4.897062216915670785e-01
3.000000000000000000e+02 5.842533629516164506e-01
4.000000000000000000e+02 6.602619065507926432e-01
5.000000000000000000e+02 7.053111981252639939e-01
6.000000000000000000e+02 7.346077378067192853e-01
7.000000000000000000e+02 7.336602797911673246e-01
8.000000000000000000e+02 7.755127349101611500e-01
9.000000000000000000e+02 7.894714345433526681e-01
1.000000000000000000e+03 7.989629318536649594e-01
1.100000000000000000e+03 8.068564406186653493e-01
1.200000000000000000e+03 8.086976367982208203e-01
1.300000000000000000e+03 8.387247598018034989e-01
1.400000000000000000e+03 8.228035649284786146e-01
1.500000000000000000e+03 8.395039244763888853e-01
1.600000000000000000e+03 8.536453573231230774e-01
1.700000000000000000e+03 8.304253199496387516e-01
1.800000000000000000e+03 8.544169497862509344e-01
1.900000000000000000e+03 8.303589671940134753e-01
2.000000000000000000e+03 8.444992776611234264e-01
2.100000000000000000e+03 8.710397559312502702e-01
2.200000000000000000e+03 8.649405281131464784e-01
2.300000000000000000e+03 8.780371929533946629e-01
2.400000000000000000e+03 8.799777184685574349e-01
2.500000000000000000e+03 8.774347522466856564e-01
2.600000000000000000e+03 8.874800693060869161e-01
2.700000000000000000e+03 8.909800572654713591e-01
2.800000000000000000e+03 8.608513997572065923e-01
2.900000000000000000e+03 8.864917622019936605e-01
3.000000000000000000e+03 8.716468618729984463e-01
3.100000000000000000e+03 8.860190433973137436e-01
3.200000000000000000e+03 8.822275101080127024e-01
3.300000000000000000e+03 9.027300026056783722e-01
3.400000000000000000e+03 8.724761902337418995e-01
3.500000000000000000e+03 8.900154882502978593e-01
3.600000000000000000e+03 8.884179951263927455e-01
3.700000000000000000e+03 9.047825545785250778e-01
3.800000000000000000e+03 8.916062976080402214e-01
3.900000000000000000e+03 8.929253070204695719e-01
4.000000000000000000e+03 8.836783533700121041e-01
4.100000000000000000e+03 8.941548101092223755e-01
4.200000000000000000e+03 8.806768394385320331e-01
4.300000000000000000e+03 8.938728010650998090e-01
4.400000000000000000e+03 8.850448654338625154e-01
4.500000000000000000e+03 8.990181020932256351e-01
4.600000000000000000e+03 8.970686843241937325e-01
4.700000000000000000e+03 9.022149090412547867e-01
4.800000000000000000e+03 8.977837229845734290e-01
4.900000000000000000e+03 8.997569040479717062e-01
5.000000000000000000e+03 9.128040107047297180e-01
5.100000000000000000e+03 9.081326603171669953e-01
5.200000000000000000e+03 8.980522204325227520e-01
5.300000000000000000e+03 8.987172389927290395e-01
5.400000000000000000e+03 8.839569013942847331e-01
5.500000000000000000e+03 9.040206347502340867e-01
5.600000000000000000e+03 9.130730556315578283e-01
5.700000000000000000e+03 9.087062542278427912e-01
5.800000000000000000e+03 9.004992751179030641e-01
5.900000000000000000e+03 9.021111349397620272e-01
6.000000000000000000e+03 9.289536552514913170e-01
6.100000000000000000e+03 9.000894372773604601e-01
6.200000000000000000e+03 9.081160582268383852e-01
6.300000000000000000e+03 9.190969404936089049e-01
6.400000000000000000e+03 9.156124758222565774e-01
6.500000000000000000e+03 9.285996653802335299e-01
6.600000000000000000e+03 9.188327968635479071e-01
6.700000000000000000e+03 9.183425312097213133e-01
6.800000000000000000e+03 9.234368141725501911e-01
6.900000000000000000e+03 9.178082015728318277e-01
7.000000000000000000e+03 9.113275590039715546e-01
7.100000000000000000e+03 9.172388750908700983e-01
7.200000000000000000e+03 9.206579120215132583e-01
7.300000000000000000e+03 9.063394588342803537e-01
7.400000000000000000e+03 9.138703102508225484e-01
7.500000000000000000e+03 9.210436610004457680e-01
7.600000000000000000e+03 9.071825848412229387e-01
7.700000000000000000e+03 9.080737249114659848e-01
7.800000000000000000e+03 9.001756451374622880e-01
7.900000000000000000e+03 9.198567847459158120e-01
8.000000000000000000e+03 9.327723766442105324e-01
8.100000000000000000e+03 9.173956073028926017e-01
8.200000000000000000e+03 9.192367285205471639e-01
8.300000000000000000e+03 9.345871448880564980e-01
8.400000000000000000e+03 9.193026095520842045e-01
8.500000000000000000e+03 9.209935187422988445e-01
8.600000000000000000e+03 9.072899747125989789e-01
8.700000000000000000e+03 9.288876463585434839e-01
8.800000000000000000e+03 9.176052907961469440e-01
8.900000000000000000e+03 9.099840329111781312e-01
9.000000000000000000e+03 9.247406016968315878e-01
9.100000000000000000e+03 9.106161868519371261e-01
9.200000000000000000e+03 9.329111421932591020e-01
9.300000000000000000e+03 9.123175273574393174e-01
9.400000000000000000e+03 9.288644362548563738e-01
9.500000000000000000e+03 9.114088052539792706e-01
9.600000000000000000e+03 9.231545671033039024e-01
9.700000000000000000e+03 9.217814719830986769e-01
9.800000000000000000e+03 9.104100379825741385e-01
9.900000000000000000e+03 9.068813914107154428e-01
1.000000000000000000e+04 9.275059877322664459e-01
1.010000000000000000e+04 9.207061906046938304e-01
1.020000000000000000e+04 9.113885520772018189e-01
1.030000000000000000e+04 9.052594748656603851e-01
1.040000000000000000e+04 9.207922915748436576e-01
1.050000000000000000e+04 9.298655423169162049e-01
1.060000000000000000e+04 9.222312280181175215e-01
1.070000000000000000e+04 9.251692901949444270e-01
1.080000000000000000e+04 9.179654131441501441e-01
1.090000000000000000e+04 9.218666581254224557e-01
1.100000000000000000e+04 9.289067564053674619e-01
1.110000000000000000e+04 9.204311874922552761e-01
1.120000000000000000e+04 9.277047228486416941e-01
1.130000000000000000e+04 9.160559872650005930e-01
1.140000000000000000e+04 9.275967843024484072e-01
1.150000000000000000e+04 9.172420329613545364e-01
1.160000000000000000e+04 9.215609622258809086e-01
1.170000000000000000e+04 9.220887048322439217e-01
1.180000000000000000e+04 9.257427209690562986e-01
1.190000000000000000e+04 9.112776335492485114e-01
1.200000000000000000e+04 9.290722390471261027e-01
1.210000000000000000e+04 9.250357631384018564e-01
1.220000000000000000e+04 9.127797126034585817e-01
1.230000000000000000e+04 9.133847541894962729e-01
1.240000000000000000e+04 9.296328266373451443e-01
1.250000000000000000e+04 9.205464046884666018e-01
1.260000000000000000e+04 9.235373372418743676e-01
1.270000000000000000e+04 9.294086920381802175e-01
1.280000000000000000e+04 9.087166883583077670e-01
1.290000000000000000e+04 9.213347736594559301e-01
1.300000000000000000e+04 9.273029607880645120e-01
1.310000000000000000e+04 9.161052709241601644e-01
1.320000000000000000e+04 9.169595672538266573e-01
1.330000000000000000e+04 9.028971168085789811e-01
1.340000000000000000e+04 9.234108108453358277e-01
1.350000000000000000e+04 9.155013628533017478e-01
1.360000000000000000e+04 9.242013853862414141e-01
1.370000000000000000e+04 9.180125428322236658e-01
1.380000000000000000e+04 9.275474247209938294e-01
1.390000000000000000e+04 9.188964733125790652e-01
1.400000000000000000e+04 9.196288251880756492e-01
1.410000000000000000e+04 9.197795419491884283e-01
1.420000000000000000e+04 9.201726858529732933e-01
1.430000000000000000e+04 9.243970461318766763e-01
1.440000000000000000e+04 9.149423799778209077e-01
1.450000000000000000e+04 9.244138487156408068e-01
1.460000000000000000e+04 9.301270209220426910e-01
1.470000000000000000e+04 9.263354474045251141e-01
1.480000000000000000e+04 9.111149435780576678e-01
1.490000000000000000e+04 9.082746581685767762e-01
1.500000000000000000e+04 9.097515532374511604e-01
1.510000000000000000e+04 9.143512090714577267e-01
1.520000000000000000e+04 9.236604708862669044e-01
1.530000000000000000e+04 9.437435997416108169e-01
1.540000000000000000e+04 9.333935613297765777e-01
1.550000000000000000e+04 9.242412804422879269e-01
1.560000000000000000e+04 9.254530520712063169e-01
1.570000000000000000e+04 9.316050656518970463e-01
1.580000000000000000e+04 9.203630545037499999e-01
1.590000000000000000e+04 9.271053357201691769e-01
1.600000000000000000e+04 9.213109831217568546e-01
1.610000000000000000e+04 9.224025036360692376e-01
1.620000000000000000e+04 9.351071118052900477e-01
1.630000000000000000e+04 9.069995667021819585e-01
1.640000000000000000e+04 9.186008269098266954e-01
1.650000000000000000e+04 9.185232389247164342e-01
1.660000000000000000e+04 9.191972350296683247e-01
1.670000000000000000e+04 9.142339566404094064e-01
1.680000000000000000e+04 9.169111690221085631e-01
1.690000000000000000e+04 9.167200088823490578e-01
1.700000000000000000e+04 9.264388130052523262e-01
1.710000000000000000e+04 9.209489419358882767e-01
1.720000000000000000e+04 9.062225556939834670e-01
1.730000000000000000e+04 9.277007105935395348e-01
1.740000000000000000e+04 9.242905830149589219e-01
1.750000000000000000e+04 9.189612336740355936e-01
1.760000000000000000e+04 9.328978494270134814e-01
1.770000000000000000e+04 9.137615426718016520e-01
1.780000000000000000e+04 9.249347751416254759e-01
1.790000000000000000e+04 9.281204784054788437e-01
1.800000000000000000e+04 9.230226371375641614e-01
1.810000000000000000e+04 9.033723881515854925e-01
1.820000000000000000e+04 9.216313171668564230e-01
1.830000000000000000e+04 9.275344781405133743e-01
1.840000000000000000e+04 9.221115673849102912e-01
1.850000000000000000e+04 9.230828454280238793e-01
1.860000000000000000e+04 9.167466870112206401e-01
1.870000000000000000e+04 9.331956519551899421e-01
1.880000000000000000e+04 9.145295540344886565e-01
1.890000000000000000e+04 9.178438839169964503e-01
1.900000000000000000e+04 9.243370415803864315e-01
1.910000000000000000e+04 9.293323904451923356e-01
1.920000000000000000e+04 9.163126176207067042e-01
1.930000000000000000e+04 9.251968625000924762e-01
1.940000000000000000e+04 9.280717371414883843e-01
1.950000000000000000e+04 9.186080442831123793e-01
1.960000000000000000e+04 9.158315389605972134e-01
1.970000000000000000e+04 9.245377917491131026e-01
1.980000000000000000e+04 9.151904016866579950e-01
1.990000000000000000e+04 9.207034471401259745e-01
2.000000000000000000e+04 9.257894193740111577e-01
2.010000000000000000e+04 9.134712473028285817e-01
2.020000000000000000e+04 9.120774185333264672e-01
2.030000000000000000e+04 9.279585067867546222e-01
2.040000000000000000e+04 9.228456895928045522e-01
2.050000000000000000e+04 9.230442785672000605e-01
2.060000000000000000e+04 9.155671005009110575e-01
2.070000000000000000e+04 9.234237539082323920e-01
2.080000000000000000e+04 9.199802270511546753e-01
2.090000000000000000e+04 9.261173938436941810e-01
2.100000000000000000e+04 9.233037141456533758e-01
2.110000000000000000e+04 9.178321678506977666e-01
2.120000000000000000e+04 9.113874288835375204e-01
2.130000000000000000e+04 9.194644236868459997e-01
2.140000000000000000e+04 9.200686557135570043e-01
2.150000000000000000e+04 9.246572015250029697e-01
2.160000000000000000e+04 9.204376907013154252e-01
2.170000000000000000e+04 9.204988684179237213e-01
2.180000000000000000e+04 9.170128783859583521e-01
2.190000000000000000e+04 9.259322273200353282e-01
2.200000000000000000e+04 9.291840098692025762e-01
2.210000000000000000e+04 9.193392706121910063e-01
2.220000000000000000e+04 9.283730057901868893e-01
2.230000000000000000e+04 9.220662075285248616e-01
2.240000000000000000e+04 9.266990227330083041e-01
2.250000000000000000e+04 9.052646007018693153e-01
2.260000000000000000e+04 9.236841241133386671e-01
2.270000000000000000e+04 9.186359082908719387e-01
2.280000000000000000e+04 9.115431469803858544e-01
2.290000000000000000e+04 9.257043985174383538e-01
2.300000000000000000e+04 9.316475425491770324e-01
2.310000000000000000e+04 9.236600258789540163e-01
2.320000000000000000e+04 9.190431710749348282e-01
2.330000000000000000e+04 9.230646060061830083e-01
2.340000000000000000e+04 9.241550150748120140e-01
2.350000000000000000e+04 9.079037662501531214e-01
2.360000000000000000e+04 9.199470930027463522e-01
2.370000000000000000e+04 9.264057490195451994e-01
2.380000000000000000e+04 9.160794823680414867e-01
2.390000000000000000e+04 9.258883796153153378e-01
2.400000000000000000e+04 9.120612890980226428e-01
2.410000000000000000e+04 9.214029263386185331e-01
2.420000000000000000e+04 9.303063774880934167e-01
2.430000000000000000e+04 9.254366850762766328e-01
2.440000000000000000e+04 9.181844237245242457e-01
2.450000000000000000e+04 9.253961589678210142e-01
2.460000000000000000e+04 9.271998852677618697e-01
2.470000000000000000e+04 9.353367058005774837e-01
2.480000000000000000e+04 9.318372954845830503e-01
2.490000000000000000e+04 9.296457601628402845e-01
2.500000000000000000e+04 9.410196699661175224e-01
2.510000000000000000e+04 9.337240871045848767e-01
2.520000000000000000e+04 9.139491278960816256e-01
2.530000000000000000e+04 9.099220336421243172e-01
2.540000000000000000e+04 9.135690660306150512e-01
2.550000000000000000e+04 9.197757281194390844e-01
2.560000000000000000e+04 9.263471794376012536e-01
2.570000000000000000e+04 9.268068079774747225e-01
2.580000000000000000e+04 9.210844168377382291e-01
2.590000000000000000e+04 9.182119198822662476e-01
2.600000000000000000e+04 9.229782522920295662e-01
2.610000000000000000e+04 9.174452802973469545e-01
2.620000000000000000e+04 9.157113185756106111e-01
2.630000000000000000e+04 9.183293268393257769e-01
2.640000000000000000e+04 9.182665973436958673e-01
2.650000000000000000e+04 9.205759454596342817e-01
2.660000000000000000e+04 9.233540999863337762e-01
2.670000000000000000e+04 9.208022587431443640e-01
2.680000000000000000e+04 9.168330137891991249e-01
2.690000000000000000e+04 9.284297355131104768e-01
2.700000000000000000e+04 9.152177677455296534e-01
2.710000000000000000e+04 9.255669459448276903e-01
2.720000000000000000e+04 9.314232936398876284e-01
2.730000000000000000e+04 9.268577879212803738e-01
2.740000000000000000e+04 9.220059379959254509e-01
2.750000000000000000e+04 9.287413690920139908e-01
2.760000000000000000e+04 9.288611802280253293e-01
2.770000000000000000e+04 9.302724062753866541e-01
2.780000000000000000e+04 9.181018283823333404e-01
2.790000000000000000e+04 9.346794935074813626e-01
2.800000000000000000e+04 9.121679598484435658e-01
2.810000000000000000e+04 9.444375565371478931e-01
2.820000000000000000e+04 9.037444079363008420e-01
2.830000000000000000e+04 9.267150403376387402e-01
2.840000000000000000e+04 9.249636954578317471e-01
2.850000000000000000e+04 9.262027683725428950e-01
2.860000000000000000e+04 9.173065161074749341e-01
2.870000000000000000e+04 9.303531438656172936e-01
2.880000000000000000e+04 9.185065084178692940e-01
2.890000000000000000e+04 9.320082514044476518e-01
2.900000000000000000e+04 9.322711652343725897e-01
2.910000000000000000e+04 9.184160253619054748e-01
2.920000000000000000e+04 9.261197302623819239e-01
2.930000000000000000e+04 9.216768511276638431e-01
2.940000000000000000e+04 9.197717844607985471e-01
2.950000000000000000e+04 9.201892269740467034e-01
2.960000000000000000e+04 9.289632417444999568e-01
2.970000000000000000e+04 9.131555709620147177e-01
2.980000000000000000e+04 9.226842492164709642e-01
2.990000000000000000e+04 9.216141502240975392e-01
3.000000000000000000e+04 9.203668877662705139e-01
