0.000000000000000000e+00 5.164320000000000022e-01
1.000000000000000000e+02 3.982959999999999834e-01
2.000000000000000000e+02 5.009599999999999609e-01
3.000000000000000000e+02 5.859799999999999454e-01
4.000000000000000000e+02 6.516319999999999890e-01
5.000000000000000000e+02 6.724959999999999827e-01
6.000000000000000000e+02 7.096239999999999215e-01
7.000000000000000000e+02 6.901680000000000037e-01
8.000000000000000000e+02 7.383919999999999373e-01
9.000000000000000000e+02 7.550120000000000164e-01
1.000000000000000000e+03 7.706399999999999917e-01
1.100000000000000000e+03 7.695359999999999978e-01
1.200000000000000000e+03 7.718760000000000066e-01
1.300000000000000000e+03 8.028640000000000221e-01
1.400000000000000000e+03 7.857680000000000220e-01
1.500000000000000000e+03 8.043080000000000229e-01
1.600000000000000000e+03 8.231600000000000028e-01
1.700000000000000000e+03 7.902439999999999465e-01
1.800000000000000000e+03 8.162039999999999296e-01
1.900000000000000000e+03 7.885599999999999277e-01
2.000000000000000000e+03 8.196639999999999482e-01
2.100000000000000000e+03 8.433359999999998635e-01
2.200000000000000000e+03 8.381600000000000161e-01
2.300000000000000000e+03 8.471080000000000831e-01
2.400000000000000000e+03 8.539240000000000164e-01
2.500000000000000000e+03 8.536000000000000254e-01
2.600000000000000000e+03 8.606679999999998776e-01
2.700000000000000000e+03 8.669039999999998969e-01
2.800000000000000000e+03 8.351160000000001915e-01
2.900000000000000000e+03 8.621520000000001405e-01
3.000000000000000000e+03 8.479039999999999910e-01
3.100000000000000000e+03 8.624439999999999884e-01
3.200000000000000000e+03 8.568679999999999630e-01
3.300000000000000000e+03 8.822360000000000202e-01
3.400000000000000000e+03 8.428759999999999586e-01
3.500000000000000000e+03 8.674959999999999338e-01
3.600000000000000000e+03 8.647320000000000562e-01
3.700000000000000000e+03 8.834719999999998130e-01
3.800000000000000000e+03 8.750200000000000200e-01
3.900000000000000000e+03 8.700120000000001186e-01
4.000000000000000000e+03 8.598839999999999817e-01
4.100000000000000000e+03 8.724119999999999653e-01
4.200000000000000000e+03 8.549119999999998942e-01
4.300000000000000000e+03 8.757479999999999709e-01
4.400000000000000000e+03 8.615800000000000125e-01
4.500000000000000000e+03 8.763839999999999408e-01
4.600000000000000000e+03 8.766760000000000108e-01
4.700000000000000000e+03 8.834839999999999360e-01
4.800000000000000000e+03 8.788199999999999346e-01
4.900000000000000000e+03 8.749080000000000190e-01
5.000000000000000000e+03 8.915279999999999871e-01
5.100000000000000000e+03 8.892999999999999794e-01
5.200000000000000000e+03 8.763999999999999568e-01
5.300000000000000000e+03 8.765720000000000178e-01
5.400000000000000000e+03 8.613800000000000345e-01
5.500000000000000000e+03 8.879799999999999915e-01
5.600000000000000000e+03 9.006800000000001472e-01
5.700000000000000000e+03 8.901839999999998643e-01
5.800000000000000000e+03 8.779159999999999187e-01
5.900000000000000000e+03 8.807920000000000194e-01
6.000000000000000000e+03 9.174839999999999662e-01
6.100000000000000000e+03 8.770000000000000018e-01
6.200000000000000000e+03 8.856759999999999078e-01
6.300000000000000000e+03 9.018039999999998280e-01
6.400000000000000000e+03 8.988439999999999763e-01
6.500000000000000000e+03 9.144320000000000226e-01
6.600000000000000000e+03 9.048959999999999226e-01
6.700000000000000000e+03 9.010959999999998971e-01
6.800000000000000000e+03 9.066999999999999504e-01
6.900000000000000000e+03 8.982279999999998044e-01
7.000000000000000000e+03 8.903200000000000003e-01
7.100000000000000000e+03 9.026879999999999349e-01
7.200000000000000000e+03 9.019680000000001030e-01
7.300000000000000000e+03 8.847080000000000499e-01
7.400000000000000000e+03 8.969359999999999555e-01
7.500000000000000000e+03 9.025160000000000959e-01
7.600000000000000000e+03 8.899600000000000843e-01
7.700000000000000000e+03 8.903799999999999493e-01
7.800000000000000000e+03 8.779760000000000897e-01
7.900000000000000000e+03 9.040880000000000027e-01
8.000000000000000000e+03 9.176359999999998962e-01
8.100000000000000000e+03 8.989160000000000483e-01
8.200000000000000000e+03 9.084679999999999422e-01
8.300000000000000000e+03 9.220239999999998437e-01
8.400000000000000000e+03 9.057239999999999736e-01
8.500000000000000000e+03 9.033479999999998178e-01
8.600000000000000000e+03 8.911519999999999442e-01
8.700000000000000000e+03 9.137920000000000487e-01
8.800000000000000000e+03 9.002639999999999532e-01
8.900000000000000000e+03 8.973079999999999945e-01
9.000000000000000000e+03 9.097319999999999851e-01
9.100000000000000000e+03 8.916640000000000121e-01
9.200000000000000000e+03 9.171160000000000423e-01
9.300000000000000000e+03 8.962799999999999656e-01
9.400000000000000000e+03 9.140540000000000331e-01
9.500000000000000000e+03 8.938920000000000199e-01
9.600000000000000000e+03 9.102639999999999620e-01
9.700000000000000000e+03 9.071119999999999184e-01
9.800000000000000000e+03 8.907159999999999522e-01
9.900000000000000000e+03 8.961359999999999326e-01
1.000000000000000000e+04 9.121399999999999508e-01
1.010000000000000000e+04 9.041719999999999757e-01
1.020000000000000000e+04 8.990039999999999143e-01
1.030000000000000000e+04 8.887559999999998794e-01
1.040000000000000000e+04 9.053240000000000176e-01
1.050000000000000000e+04 9.123600000000000598e-01
1.060000000000000000e+04 9.078519999999999923e-01
1.070000000000000000e+04 9.117439999999998879e-01
1.080000000000000000e+04 9.007600000000000051e-01
1.090000000000000000e+04 9.065239999999999965e-01
1.100000000000000000e+04 9.124039999999999928e-01
1.110000000000000000e+04 9.016240000000000920e-01
1.120000000000000000e+04 9.133879999999999777e-01
1.130000000000000000e+04 9.032559999999998368e-01
1.140000000000000000e+04 9.123559999999999448e-01
1.150000000000000000e+04 9.069519999999999804e-01
1.160000000000000000e+04 9.048439999999999817e-01
1.170000000000000000e+04 9.043999999999998707e-01
1.180000000000000000e+04 9.131239999999999357e-01
1.190000000000000000e+04 8.927240000000000730e-01
1.200000000000000000e+04 9.161559999999998594e-01
1.210000000000000000e+04 9.096040000000000791e-01
1.220000000000000000e+04 8.975679999999999215e-01
1.230000000000000000e+04 8.966920000000000446e-01
1.240000000000000000e+04 9.152879999999999905e-01
1.250000000000000000e+04 9.028879999999999129e-01
1.260000000000000000e+04 9.044800000000000617e-01
1.270000000000000000e+04 9.116519999999999069e-01
1.280000000000000000e+04 8.899640000000000883e-01
1.290000000000000000e+04 9.035000000000000808e-01
1.300000000000000000e+04 9.135199999999999987e-01
1.310000000000000000e+04 9.020959999999998979e-01
1.320000000000000000e+04 9.086400000000000032e-01
1.330000000000000000e+04 8.881399999999999295e-01
1.340000000000000000e+04 9.088479999999999892e-01
1.350000000000000000e+04 8.983039999999999914e-01
1.360000000000000000e+04 9.111679999999999779e-01
1.370000000000000000e+04 8.964159999999999906e-01
1.380000000000000000e+04 9.160599999999999854e-01
1.390000000000000000e+04 9.008439999999999781e-01
1.400000000000000000e+04 9.027300000000000324e-01
1.410000000000000000e+04 9.021480000000000610e-01
1.420000000000000000e+04 9.084080000000001043e-01
1.430000000000000000e+04 9.073839999999998573e-01
1.440000000000000000e+04 8.954519999999999147e-01
1.450000000000000000e+04 9.082959999999999923e-01
1.460000000000000000e+04 9.122719999999999718e-01
1.470000000000000000e+04 9.127560000000001228e-01
1.480000000000000000e+04 8.966959999999999376e-01
1.490000000000000000e+04 8.879360000000000586e-01
1.500000000000000000e+04 8.884599999999999165e-01
1.510000000000000000e+04 8.941599999999998438e-01
1.520000000000000000e+04 9.095919999999999561e-01
1.530000000000000000e+04 9.283440000000000580e-01
1.540000000000000000e+04 9.158439999999998804e-01
1.550000000000000000e+04 9.071960000000001134e-01
1.560000000000000000e+04 9.085159999999998792e-01
1.570000000000000000e+04 9.150639999999999885e-01
1.580000000000000000e+04 8.990759999999999863e-01
1.590000000000000000e+04 9.105119999999999880e-01
1.600000000000000000e+04 9.025119999999999809e-01
1.610000000000000000e+04 9.034679999999999378e-01
1.620000000000000000e+04 9.211239999999998318e-01
1.630000000000000000e+04 8.832880000000000731e-01
1.640000000000000000e+04 9.025600000000000289e-01
1.650000000000000000e+04 9.070479999999998544e-01
1.660000000000000000e+04 8.990160000000000373e-01
1.670000000000000000e+04 8.949960000000000138e-01
1.680000000000000000e+04 8.939520000000000799e-01
1.690000000000000000e+04 8.948760000000001158e-01
1.700000000000000000e+04 9.103719999999998480e-01
1.710000000000000000e+04 8.990839999999999943e-01
1.720000000000000000e+04 8.895840000000000414e-01
1.730000000000000000e+04 9.109999999999999210e-01
1.740000000000000000e+04 9.063280000000000225e-01
1.750000000000000000e+04 9.040639999999999787e-01
1.760000000000000000e+04 9.160479999999999734e-01
1.770000000000000000e+04 8.964200000000001056e-01
1.780000000000000000e+04 9.089200000000000612e-01
1.790000000000000000e+04 9.128759999999999097e-01
1.800000000000000000e+04 9.051799999999999846e-01
1.810000000000000000e+04 8.832959999999999701e-01
1.820000000000000000e+04 9.040559999999999707e-01
1.830000000000000000e+04 9.100399999999999601e-01
1.840000000000000000e+04 9.021679999999998589e-01
1.850000000000000000e+04 9.049880000000000146e-01
1.860000000000000000e+04 9.003399999999999181e-01
1.870000000000000000e+04 9.203240000000001420e-01
1.880000000000000000e+04 8.921959999999998780e-01
1.890000000000000000e+04 8.986120000000000774e-01
1.900000000000000000e+04 9.078920000000000323e-01
1.910000000000000000e+04 9.131159999999999277e-01
1.920000000000000000e+04 8.965319999999999956e-01
1.930000000000000000e+04 9.065840000000000565e-01
1.940000000000000000e+04 9.093759999999998511e-01
1.950000000000000000e+04 9.026159999999999739e-01
1.960000000000000000e+04 9.003959999999999742e-01
1.970000000000000000e+04 9.108159999999999590e-01
1.980000000000000000e+04 8.965959999999999486e-01
1.990000000000000000e+04 9.027880000000001459e-01
2.000000000000000000e+04 9.089320000000000732e-01
2.010000000000000000e+04 8.967080000000000606e-01
2.020000000000000000e+04 8.881879999999999775e-01
2.030000000000000000e+04 9.144279999999999076e-01
2.040000000000000000e+04 9.031400000000000539e-01
2.050000000000000000e+04 9.076759999999999273e-01
2.060000000000000000e+04 8.935400000000000009e-01
2.070000000000000000e+04 9.025480000000000169e-01
2.080000000000000000e+04 9.013200000000000101e-01
2.090000000000000000e+04 9.112480000000000580e-01
2.100000000000000000e+04 9.039880000000000138e-01
2.110000000000000000e+04 8.963959999999999706e-01
2.120000000000000000e+04 8.872519999999999296e-01
2.130000000000000000e+04 9.042280000000000317e-01
2.140000000000000000e+04 9.035799999999999388e-01
2.150000000000000000e+04 9.106799999999999340e-01
2.160000000000000000e+04 9.007640000000000091e-01
2.170000000000000000e+04 9.025799999999999379e-01
2.180000000000000000e+04 8.947160000000000668e-01
2.190000000000000000e+04 9.134040000000001047e-01
2.200000000000000000e+04 9.127120000000000788e-01
2.210000000000000000e+04 9.003039999999999932e-01
2.220000000000000000e+04 9.161280000000000534e-01
2.230000000000000000e+04 9.021240000000000370e-01
2.240000000000000000e+04 9.142480000000000606e-01
2.250000000000000000e+04 8.814999999999999503e-01
2.260000000000000000e+04 9.068279999999998564e-01
2.270000000000000000e+04 9.009639999999999871e-01
2.280000000000000000e+04 8.868319999999999537e-01
2.290000000000000000e+04 9.079800000000000093e-01
2.300000000000000000e+04 9.154679999999999485e-01
2.310000000000000000e+04 9.035639999999999228e-01
2.320000000000000000e+04 9.013360000000000261e-01
2.330000000000000000e+04 9.043559999999999377e-01
2.340000000000000000e+04 9.069640000000001034e-01
2.350000000000000000e+04 8.872959999999999736e-01
2.360000000000000000e+04 9.007040000000000601e-01
2.370000000000000000e+04 9.108639999999998960e-01
2.380000000000000000e+04 8.997119999999998452e-01
2.390000000000000000e+04 9.078280000000000793e-01
2.400000000000000000e+04 8.897559999999999913e-01
2.410000000000000000e+04 9.036159999999998638e-01
2.420000000000000000e+04 9.175439999999999152e-01
2.430000000000000000e+04 9.066239999999999855e-01
2.440000000000000000e+04 8.968560000000000976e-01
2.450000000000000000e+04 9.086679999999999202e-01
2.460000000000000000e+04 9.083799999999999653e-01
2.470000000000000000e+04 9.192080000000000251e-01
2.480000000000000000e+04 9.138120000000000687e-01
2.490000000000000000e+04 9.147520000000000095e-01
2.500000000000000000e+04 9.291799999999998949e-01
2.510000000000000000e+04 9.196199999999998820e-01
2.520000000000000000e+04 8.994160000000001043e-01
2.530000000000000000e+04 8.881400000000000405e-01
2.540000000000000000e+04 8.915640000000000231e-01
2.550000000000000000e+04 8.974360000000001225e-01
2.560000000000000000e+04 9.095680000000001542e-01
2.570000000000000000e+04 9.131519999999999637e-01
2.580000000000000000e+04 9.022120000000000140e-01
2.590000000000000000e+04 8.966399999999999926e-01
2.600000000000000000e+04 9.035239999999998828e-01
2.610000000000000000e+04 8.946600000000000108e-01
2.620000000000000000e+04 8.979720000000001034e-01
2.630000000000000000e+04 8.983440000000000314e-01
2.640000000000000000e+04 9.001040000000000152e-01
2.650000000000000000e+04 9.000279999999999392e-01
2.660000000000000000e+04 9.005039999999999711e-01
2.670000000000000000e+04 9.008760000000000101e-01
2.680000000000000000e+04 8.995040000000000813e-01
2.690000000000000000e+04 9.102600000000000691e-01
2.700000000000000000e+04 8.943760000000000598e-01
2.710000000000000000e+04 9.095159999999998801e-01
2.720000000000000000e+04 9.137159999999999727e-01
2.730000000000000000e+04 9.088519999999999932e-01
2.740000000000000000e+04 9.029080000000000439e-01
2.750000000000000000e+04 9.101879999999998860e-01
2.760000000000000000e+04 9.126839999999999398e-01
2.770000000000000000e+04 9.139439999999999786e-01
2.780000000000000000e+04 8.924520000000000231e-01
2.790000000000000000e+04 9.206280000000000019e-01
2.800000000000000000e+04 8.915079999999999671e-01
2.810000000000000000e+04 9.312839999999998897e-01
2.820000000000000000e+04 8.872739999999998961e-01
2.830000000000000000e+04 9.125040000000000928e-01
2.840000000000000000e+04 9.094119999999999981e-01
2.850000000000000000e+04 9.102639999999999620e-01
2.860000000000000000e+04 8.971119999999999095e-01
2.870000000000000000e+04 9.150040000000000395e-01
2.880000000000000000e+04 9.008960000000000301e-01
2.890000000000000000e+04 9.171399999999999553e-01
2.900000000000000000e+04 9.157959999999999434e-01
2.910000000000000000e+04 9.013119999999998910e-01
2.920000000000000000e+04 9.041839999999998767e-01
2.930000000000000000e+04 9.048399999999999777e-01
2.940000000000000000e+04 9.043920000000000847e-01
2.950000000000000000e+04 9.007080000000000641e-01
2.960000000000000000e+04 9.096159999999999801e-01
2.970000000000000000e+04 8.889599999999999724e-01
2.980000000000000000e+04 9.045839999999998327e-01
2.990000000000000000e+04 9.037080000000000668e-01
3.000000000000000000e+04 9.039639999999999898e-01
