0.000000000000000000e+00 4.852691527355365575e-01
1.000000000000000000e+02 4.305576383677329200e-01
2.000000000000000000e+02 5.371975854608874723e-01
3.000000000000000000e+02 6.160122507596424990e-01
4.000000000000000000e+02 6.472325125467337514e-01
5.000000000000000000e+02 7.059150987053286475e-01
6.000000000000000000e+02 7.375431028687915447e-01
7.000000000000000000e+02 7.596986745505875938e-01
8.000000000000000000e+02 7.878771015929317834e-01
9.000000000000000000e+02 7.787023217622771609e-01
1.000000000000000000e+03 7.781971554735409580e-01
1.100000000000000000e+03 8.075708692988921023e-01
1.200000000000000000e+03 8.221573645903438310e-01
1.300000000000000000e+03 8.285161657072446229e-01
1.400000000000000000e+03 8.286401044729535537e-01
1.500000000000000000e+03 8.358641255737225828e-01
1.600000000000000000e+03 8.385867770143069500e-01
1.700000000000000000e+03 8.426395556800646558e-01
1.800000000000000000e+03 8.564260344798044766e-01
1.900000000000000000e+03 8.331349368662458454e-01
2.000000000000000000e+03 8.719666689802617610e-01
2.100000000000000000e+03 8.759898142249618047e-01
2.200000000000000000e+03 8.779380184588599922e-01
2.300000000000000000e+03 8.790440324987411902e-01
2.400000000000000000e+03 8.783330029806131201e-01
2.500000000000000000e+03 8.839407010939710485e-01
2.600000000000000000e+03 8.737629929038057686e-01
2.700000000000000000e+03 8.928636459576619888e-01
2.800000000000000000e+03 8.802973556446707093e-01
2.900000000000000000e+03 8.911713290113534303e-01
3.000000000000000000e+03 9.018428284468277267e-01
3.100000000000000000e+03 8.896612539399673114e-01
3.200000000000000000e+03 9.002842127015282525e-01
3.300000000000000000e+03 9.138309754243116867e-01
3.400000000000000000e+03 9.129170532293051643e-01
3.500000000000000000e+03 8.976059724266747253e-01
3.600000000000000000e+03 9.091098887467377043e-01
3.700000000000000000e+03 9.157565506305886949e-01
3.800000000000000000e+03 9.171162878314902400e-01
3.900000000000000000e+03 9.237039233764527957e-01
4.000000000000000000e+03 9.222142102954349330e-01
4.100000000000000000e+03 9.269029711107067415e-01
4.200000000000000000e+03 9.222611063936795306e-01
4.300000000000000000e+03 9.226363968408060057e-01
4.400000000000000000e+03 9.056265874236868463e-01
4.500000000000000000e+03 9.215645840310835446e-01
4.600000000000000000e+03 9.192453315831627947e-01
4.700000000000000000e+03 9.240889696623273419e-01
4.800000000000000000e+03 9.234302648837254823e-01
4.900000000000000000e+03 9.214668826010996572e-01
5.000000000000000000e+03 9.233753300326636992e-01
5.100000000000000000e+03 9.434517020779621399e-01
5.200000000000000000e+03 9.190499856313333327e-01
5.300000000000000000e+03 9.353922038364375080e-01
5.400000000000000000e+03 9.287129786618905092e-01
5.500000000000000000e+03 9.304094897747607895e-01
5.600000000000000000e+03 9.219195549015493096e-01
5.700000000000000000e+03 9.374771141584156142e-01
5.800000000000000000e+03 9.266690966081482239e-01
5.900000000000000000e+03 9.209874540075244642e-01
6.000000000000000000e+03 9.350298900137740121e-01
6.100000000000000000e+03 9.297065710640741720e-01
6.200000000000000000e+03 9.315752764395249796e-01
6.300000000000000000e+03 9.321551355953593410e-01
6.400000000000000000e+03 9.460086841802847202e-01
6.500000000000000000e+03 9.382182352906516254e-01
6.600000000000000000e+03 9.419644724986612205e-01
6.700000000000000000e+03 9.452692843058823069e-01
6.800000000000000000e+03 9.334123971917767104e-01
6.900000000000000000e+03 9.347893398737393555e-01
7.000000000000000000e+03 9.489252852383027736e-01
7.100000000000000000e+03 9.458619236293057675e-01
7.200000000000000000e+03 9.493099617757373432e-01
7.300000000000000000e+03 9.479058883737552232e-01
7.400000000000000000e+03 9.285756616323709300e-01
7.500000000000000000e+03 9.460442416577518054e-01
7.600000000000000000e+03 9.435043935512579250e-01
7.700000000000000000e+03 9.397380155532609747e-01
7.800000000000000000e+03 9.360863636798631982e-01
7.900000000000000000e+03 9.375944615287334916e-01
8.000000000000000000e+03 9.327698604142522498e-01
8.100000000000000000e+03 9.455766988484317626e-01
8.200000000000000000e+03 9.319551999096837847e-01
8.300000000000000000e+03 9.459695426420148268e-01
8.400000000000000000e+03 9.404909618218973977e-01
8.500000000000000000e+03 9.379855505430203522e-01
8.600000000000000000e+03 9.425357075210516467e-01
8.700000000000000000e+03 9.604567811206683459e-01
8.800000000000000000e+03 9.445779831453050557e-01
8.900000000000000000e+03 9.489473610661756098e-01
9.000000000000000000e+03 9.412628519111483349e-01
9.100000000000000000e+03 9.481496619772477041e-01
9.200000000000000000e+03 9.505385139338926592e-01
9.300000000000000000e+03 9.486740321196716064e-01
9.400000000000000000e+03 9.474496172110145054e-01
9.500000000000000000e+03 9.452503581172424507e-01
9.600000000000000000e+03 9.402748688675306443e-01
9.700000000000000000e+03 9.546552012235054452e-01
9.800000000000000000e+03 9.501354589609752876e-01
9.900000000000000000e+03 9.423686950203356005e-01
1.000000000000000000e+04 9.413390600442009815e-01
1.010000000000000000e+04 9.517318281540612102e-01
1.020000000000000000e+04 9.474409819105124031e-01
1.030000000000000000e+04 9.434030452886340568e-01
1.040000000000000000e+04 9.396010097039891873e-01
1.050000000000000000e+04 9.421436147061116317e-01
1.060000000000000000e+04 9.388754296046171177e-01
1.070000000000000000e+04 9.527022820635759892e-01
1.080000000000000000e+04 9.535600408911932835e-01
1.090000000000000000e+04 9.474420793301695509e-01
1.100000000000000000e+04 9.502832705308279504e-01
1.110000000000000000e+04 9.573577687324765773e-01
1.120000000000000000e+04 9.584858821896367065e-01
1.130000000000000000e+04 9.508463198921357495e-01
1.140000000000000000e+04 9.507988343370552542e-01
1.150000000000000000e+04 9.402597233452253400e-01
1.160000000000000000e+04 9.567228882368390419e-01
1.170000000000000000e+04 9.584055684583334678e-01
1.180000000000000000e+04 9.481655252163715408e-01
1.190000000000000000e+04 9.366417646109876927e-01
1.200000000000000000e+04 9.586297814902849934e-01
1.210000000000000000e+04 9.518583287009165783e-01
1.220000000000000000e+04 9.488599062845189946e-01
1.230000000000000000e+04 9.544241716480147408e-01
1.240000000000000000e+04 9.523791602112373633e-01
1.250000000000000000e+04 9.487475538144629628e-01
1.260000000000000000e+04 9.523942954157023077e-01
1.270000000000000000e+04 9.547949032374901668e-01
1.280000000000000000e+04 9.536363522790101133e-01
1.290000000000000000e+04 9.471528781208327086e-01
1.300000000000000000e+04 9.536604444093679245e-01
1.310000000000000000e+04 9.463524772444025235e-01
1.320000000000000000e+04 9.475603607373489501e-01
1.330000000000000000e+04 9.528637786422123890e-01
1.340000000000000000e+04 9.560243552825061775e-01
1.350000000000000000e+04 9.603487578047087414e-01
1.360000000000000000e+04 9.530414955496834262e-01
1.370000000000000000e+04 9.498425332218570771e-01
1.380000000000000000e+04 9.442049536251611030e-01
1.390000000000000000e+04 9.504755162633223842e-01
1.400000000000000000e+04 9.421293710586113868e-01
1.410000000000000000e+04 9.562845111591826708e-01
1.420000000000000000e+04 9.544016606596479324e-01
1.430000000000000000e+04 9.521452122092700643e-01
1.440000000000000000e+04 9.572664479830005346e-01
1.450000000000000000e+04 9.653215094332138202e-01
1.460000000000000000e+04 9.531865469717998307e-01
1.470000000000000000e+04 9.546592964321936048e-01
1.480000000000000000e+04 9.540497953394720954e-01
1.490000000000000000e+04 9.582687774571900796e-01
1.500000000000000000e+04 9.574117561012439603e-01
1.510000000000000000e+04 9.506996980982529433e-01
1.520000000000000000e+04 9.608232815699878637e-01
1.530000000000000000e+04 9.541640346683610829e-01
1.540000000000000000e+04 9.517190346970673120e-01
1.550000000000000000e+04 9.557473538103946620e-01
1.560000000000000000e+04 9.538111278769265677e-01
1.570000000000000000e+04 9.603602165553045689e-01
1.580000000000000000e+04 9.517650995532366265e-01
1.590000000000000000e+04 9.577140848946035234e-01
1.600000000000000000e+04 9.628543544146411781e-01
1.610000000000000000e+04 9.594516038606484276e-01
1.620000000000000000e+04 9.613906792363186016e-01
1.630000000000000000e+04 9.540261925702261392e-01
1.640000000000000000e+04 9.574651766645538853e-01
1.650000000000000000e+04 9.607131820687521140e-01
1.660000000000000000e+04 9.500683763334667464e-01
1.670000000000000000e+04 9.545581129664834075e-01
1.680000000000000000e+04 9.606426072662990201e-01
1.690000000000000000e+04 9.506645272678300174e-01
1.700000000000000000e+04 9.604313585068431358e-01
1.710000000000000000e+04 9.479557856534553961e-01
1.720000000000000000e+04 9.481978395815791050e-01
1.730000000000000000e+04 9.500538860764528026e-01
1.740000000000000000e+04 9.549625091667894861e-01
1.750000000000000000e+04 9.508112358269366071e-01
1.760000000000000000e+04 9.519809304195905320e-01
1.770000000000000000e+04 9.535407530177509861e-01
1.780000000000000000e+04 9.533127906368537019e-01
1.790000000000000000e+04 9.542115387694609652e-01
1.800000000000000000e+04 9.636563778835208760e-01
1.810000000000000000e+04 9.614518486848481205e-01
1.820000000000000000e+04 9.590939456312527200e-01
1.830000000000000000e+04 9.560847519493067548e-01
1.840000000000000000e+04 9.598832873993088377e-01
1.850000000000000000e+04 9.519376780286489259e-01
1.860000000000000000e+04 9.502968953352987080e-01
1.870000000000000000e+04 9.525604180611965122e-01
1.880000000000000000e+04 9.480023877151768641e-01
1.890000000000000000e+04 9.512644151207155785e-01
1.900000000000000000e+04 9.413097674075568966e-01
1.910000000000000000e+04 9.555467997217802489e-01
1.920000000000000000e+04 9.602366280466574366e-01
1.930000000000000000e+04 9.668934947669345359e-01
1.940000000000000000e+04 9.441807419546235369e-01
1.950000000000000000e+04 9.512823768354427001e-01
1.960000000000000000e+04 9.592914520750009943e-01
1.970000000000000000e+04 9.511648113231143675e-01
1.980000000000000000e+04 9.534366244292993287e-01
1.990000000000000000e+04 9.606852033044115391e-01
2.000000000000000000e+04 9.599420505346660804e-01
2.010000000000000000e+04 9.596877907315859435e-01
2.020000000000000000e+04 9.609378999620280526e-01
2.030000000000000000e+04 9.646726311300533041e-01
2.040000000000000000e+04 9.576084168971297217e-01
2.050000000000000000e+04 9.582476102016879160e-01
2.060000000000000000e+04 9.606803534121146626e-01
2.070000000000000000e+04 9.562753677389419504e-01
2.080000000000000000e+04 9.579785129255462550e-01
2.090000000000000000e+04 9.583276487063323579e-01
2.100000000000000000e+04 9.523917052196085864e-01
2.110000000000000000e+04 9.612172223186242759e-01
2.120000000000000000e+04 9.613019841440054725e-01
2.130000000000000000e+04 9.505869458324346377e-01
2.140000000000000000e+04 9.568328939093330154e-01
2.150000000000000000e+04 9.542638702497736602e-01
2.160000000000000000e+04 9.534800515052800352e-01
2.170000000000000000e+04 9.571338176600848735e-01
2.180000000000000000e+04 9.542417921839783101e-01
2.190000000000000000e+04 9.560721729543510961e-01
2.200000000000000000e+04 9.487344765243898026e-01
2.210000000000000000e+04 9.548396714326665702e-01
2.220000000000000000e+04 9.534314694941088408e-01
2.230000000000000000e+04 9.589428406660517323e-01
2.240000000000000000e+04 9.613216054887256945e-01
2.250000000000000000e+04 9.567837845063963398e-01
2.260000000000000000e+04 9.566374269897242044e-01
2.270000000000000000e+04 9.522902607489159843e-01
2.280000000000000000e+04 9.589781615884453991e-01
2.290000000000000000e+04 9.514830983937712094e-01
2.300000000000000000e+04 9.634978214704291721e-01
2.310000000000000000e+04 9.588438083022956526e-01
2.320000000000000000e+04 9.560911494774009256e-01
2.330000000000000000e+04 9.513917635682033191e-01
2.340000000000000000e+04 9.604665211586724816e-01
2.350000000000000000e+04 9.515176705079484432e-01
2.360000000000000000e+04 9.577666949687417830e-01
2.370000000000000000e+04 9.617028035297978672e-01
2.380000000000000000e+04 9.539221246893483386e-01
2.390000000000000000e+04 9.501850058308523028e-01
2.400000000000000000e+04 9.411344261719876148e-01
2.410000000000000000e+04 9.549248455674324010e-01
2.420000000000000000e+04 9.514514743214335102e-01
2.430000000000000000e+04 9.567655466686664223e-01
2.440000000000000000e+04 9.585179895498883162e-01
2.450000000000000000e+04 9.535918120782793661e-01
2.460000000000000000e+04 9.605449518961625133e-01
2.470000000000000000e+04 9.578639669477647667e-01
2.480000000000000000e+04 9.500481432403660165e-01
2.490000000000000000e+04 9.596001128470762476e-01
2.500000000000000000e+04 9.617792955316132320e-01
2.510000000000000000e+04 9.589102741612915981e-01
2.520000000000000000e+04 9.545105955123898145e-01
2.530000000000000000e+04 9.550878055445946035e-01
2.540000000000000000e+04 9.604262968194847705e-01
2.550000000000000000e+04 9.513949764937972287e-01
2.560000000000000000e+04 9.609610122074926375e-01
2.570000000000000000e+04 9.595831298850989732e-01
2.580000000000000000e+04 9.578242361132722760e-01
2.590000000000000000e+04 9.524009054609624547e-01
2.600000000000000000e+04 9.594347055400451740e-01
2.610000000000000000e+04 9.512869920508110200e-01
2.620000000000000000e+04 9.593088622818255473e-01
2.630000000000000000e+04 9.584870730059081856e-01
2.640000000000000000e+04 9.626844448102704899e-01
2.650000000000000000e+04 9.552388225450716419e-01
2.660000000000000000e+04 9.574914030381265206e-01
2.670000000000000000e+04 9.626742958050173993e-01
2.680000000000000000e+04 9.674005921573596289e-01
2.690000000000000000e+04 9.532767549922341876e-01
2.700000000000000000e+04 9.543596120115902526e-01
2.710000000000000000e+04 9.650861220749106240e-01
2.720000000000000000e+04 9.554398744284430256e-01
2.730000000000000000e+04 9.553528658256950079e-01
2.740000000000000000e+04 9.625033098926762953e-01
2.750000000000000000e+04 9.553496211729821663e-01
2.760000000000000000e+04 9.601103400359283224e-01
2.770000000000000000e+04 9.664884656672877439e-01
2.780000000000000000e+04 9.585533334815908857e-01
2.790000000000000000e+04 9.628342479479813365e-01
2.800000000000000000e+04 9.595968578227701551e-01
2.810000000000000000e+04 9.564047692699308989e-01
2.820000000000000000e+04 9.546558968804698120e-01
2.830000000000000000e+04 9.567452041055030110e-01
2.840000000000000000e+04 9.506023576779103479e-01
2.850000000000000000e+04 9.610913727663938921e-01
2.860000000000000000e+04 9.592804022484564541e-01
2.870000000000000000e+04 9.602950021496203803e-01
2.880000000000000000e+04 9.634413436914787132e-01
2.890000000000000000e+04 9.540730982881504563e-01
2.900000000000000000e+04 9.593172250790479305e-01
2.910000000000000000e+04 9.501450728038631777e-01
2.920000000000000000e+04 9.573765518247221440e-01
2.930000000000000000e+04 9.614934227019565904e-01
2.940000000000000000e+04 9.539224203261624790e-01
2.950000000000000000e+04 9.627312524468220056e-01
2.960000000000000000e+04 9.641705399100899410e-01
2.970000000000000000e+04 9.593206715752782276e-01
2.980000000000000000e+04 9.561667114733038986e-01
2.990000000000000000e+04 9.547762367665757477e-01
3.000000000000000000e+04 9.493078597374298155e-01
