0.000000000000000000e+00 4.884640000000000093e-01
1.000000000000000000e+02 4.201439999999999619e-01
2.000000000000000000e+02 5.270479999999999610e-01
3.000000000000000000e+02 6.097679999999999767e-01
4.000000000000000000e+02 6.484320000000000084e-01
5.000000000000000000e+02 6.791840000000000099e-01
6.000000000000000000e+02 7.147839999999999749e-01
7.000000000000000000e+02 7.457280000000000575e-01
8.000000000000000000e+02 7.611959999999999837e-01
9.000000000000000000e+02 7.534400000000001096e-01
1.000000000000000000e+03 7.520719999999999628e-01
1.100000000000000000e+03 7.720839999999999925e-01
1.200000000000000000e+03 7.931239999999999402e-01
1.300000000000000000e+03 8.003720000000000834e-01
1.400000000000000000e+03 8.034280000000000310e-01
1.500000000000000000e+03 8.136639999999999429e-01
1.600000000000000000e+03 8.143000000000000238e-01
1.700000000000000000e+03 8.153440000000000687e-01
1.800000000000000000e+03 8.355119999999998104e-01
1.900000000000000000e+03 8.184279999999999333e-01
2.000000000000000000e+03 8.599239999999999107e-01
2.100000000000000000e+03 8.535340000000000149e-01
2.200000000000000000e+03 8.597559999999998537e-01
2.300000000000000000e+03 8.587719999999999798e-01
2.400000000000000000e+03 8.543320000000000913e-01
2.500000000000000000e+03 8.648120000000000251e-01
2.600000000000000000e+03 8.521879999999999455e-01
2.700000000000000000e+03 8.702039999999999775e-01
2.800000000000000000e+03 8.618939999999999380e-01
2.900000000000000000e+03 8.682800000000000518e-01
3.000000000000000000e+03 8.823919999999999542e-01
3.100000000000000000e+03 8.693400000000000016e-01
3.200000000000000000e+03 8.818520000000001913e-01
3.300000000000000000e+03 8.942240000000001299e-01
3.400000000000000000e+03 8.943640000000000478e-01
3.500000000000000000e+03 8.848159999999999359e-01
3.600000000000000000e+03 8.948479999999999768e-01
3.700000000000000000e+03 9.007039999999999491e-01
3.800000000000000000e+03 9.001239999999999242e-01
3.900000000000000000e+03 9.108600000000000030e-01
4.000000000000000000e+03 9.086159999999998682e-01
4.100000000000000000e+03 9.145640000000000436e-01
4.200000000000000000e+03 9.150279999999999525e-01
4.300000000000000000e+03 9.056079999999999686e-01
4.400000000000000000e+03 8.902319999999999123e-01
4.500000000000000000e+03 9.116320000000001089e-01
4.600000000000000000e+03 9.016199999999999770e-01
4.700000000000000000e+03 9.155320000000000125e-01
4.800000000000000000e+03 9.099279999999999591e-01
4.900000000000000000e+03 9.103599999999998360e-01
5.000000000000000000e+03 9.136039999999999717e-01
5.100000000000000000e+03 9.323879999999999946e-01
5.200000000000000000e+03 9.071160000000000334e-01
5.300000000000000000e+03 9.203680000000000749e-01
5.400000000000000000e+03 9.171799999999999953e-01
5.500000000000000000e+03 9.199000000000000510e-01
5.600000000000000000e+03 9.110600000000000920e-01
5.700000000000000000e+03 9.269880000000000342e-01
5.800000000000000000e+03 9.118199999999999639e-01
5.900000000000000000e+03 9.096440000000000081e-01
6.000000000000000000e+03 9.246799999999999464e-01
6.100000000000000000e+03 9.191479999999999650e-01
6.200000000000000000e+03 9.205400000000000249e-01
6.300000000000000000e+03 9.205520000000000369e-01
6.400000000000000000e+03 9.357959999999999612e-01
6.500000000000000000e+03 9.282239999999999380e-01
6.600000000000000000e+03 9.306599999999998207e-01
6.700000000000000000e+03 9.356240000000000112e-01
6.800000000000000000e+03 9.262599999999999723e-01
6.900000000000000000e+03 9.251719999999999944e-01
7.000000000000000000e+03 9.435960000000001013e-01
7.100000000000000000e+03 9.348719999999999253e-01
7.200000000000000000e+03 9.424280000000000435e-01
7.300000000000000000e+03 9.362399999999999611e-01
7.400000000000000000e+03 9.221760000000001067e-01
7.500000000000000000e+03 9.376599999999999380e-01
7.600000000000000000e+03 9.326839999999998465e-01
7.700000000000000000e+03 9.317879999999999496e-01
7.800000000000000000e+03 9.254359999999999253e-01
7.900000000000000000e+03 9.267740000000000977e-01
8.000000000000000000e+03 9.236160000000001036e-01
8.100000000000000000e+03 9.398479999999999057e-01
8.200000000000000000e+03 9.252320000000000544e-01
8.300000000000000000e+03 9.349840000000000373e-01
8.400000000000000000e+03 9.308400000000000007e-01
8.500000000000000000e+03 9.321760000000000046e-01
8.600000000000000000e+03 9.352999999999999092e-01
8.700000000000000000e+03 9.562320000000000819e-01
8.800000000000000000e+03 9.411239999999998496e-01
8.900000000000000000e+03 9.403639999999999777e-01
9.000000000000000000e+03 9.319920000000000426e-01
9.100000000000000000e+03 9.403040000000000287e-01
9.200000000000000000e+03 9.408759999999998236e-01
9.300000000000000000e+03 9.420679999999999055e-01
9.400000000000000000e+03 9.425919999999998744e-01
9.500000000000000000e+03 9.396359999999999157e-01
9.600000000000000000e+03 9.334160000000000235e-01
9.700000000000000000e+03 9.498280000000001166e-01
9.800000000000000000e+03 9.421840000000000215e-01
9.900000000000000000e+03 9.359600000000000142e-01
1.000000000000000000e+04 9.334879999999999844e-01
1.010000000000000000e+04 9.449600000000000222e-01
1.020000000000000000e+04 9.378359999999998919e-01
1.030000000000000000e+04 9.368360000000000021e-01
1.040000000000000000e+04 9.311079999999999357e-01
1.050000000000000000e+04 9.339679999999999094e-01
1.060000000000000000e+04 9.347320000000001183e-01
1.070000000000000000e+04 9.466040000000000010e-01
1.080000000000000000e+04 9.480520000000000058e-01
1.090000000000000000e+04 9.402559999999999807e-01
1.100000000000000000e+04 9.391120000000000578e-01
1.110000000000000000e+04 9.509239999999999915e-01
1.120000000000000000e+04 9.541200000000000792e-01
1.130000000000000000e+04 9.459760000000000391e-01
1.140000000000000000e+04 9.447040000000002102e-01
1.150000000000000000e+04 9.398120000000000918e-01
1.160000000000000000e+04 9.517280000000000184e-01
1.170000000000000000e+04 9.528360000000000163e-01
1.180000000000000000e+04 9.386200000000000099e-01
1.190000000000000000e+04 9.356159999999998922e-01
1.200000000000000000e+04 9.536680000000000712e-01
1.210000000000000000e+04 9.446840000000000792e-01
1.220000000000000000e+04 9.422240000000000615e-01
1.230000000000000000e+04 9.497919999999999696e-01
1.240000000000000000e+04 9.484560000000000768e-01
1.250000000000000000e+04 9.400600000000001177e-01
1.260000000000000000e+04 9.473759999999999959e-01
1.270000000000000000e+04 9.477400000000001379e-01
1.280000000000000000e+04 9.488359999999999017e-01
1.290000000000000000e+04 9.434439999999999493e-01
1.300000000000000000e+04 9.469120000000000870e-01
1.310000000000000000e+04 9.411840000000000206e-01
1.320000000000000000e+04 9.433040000000000314e-01
1.330000000000000000e+04 9.504719999999999835e-01
1.340000000000000000e+04 9.497199999999998976e-01
1.350000000000000000e+04 9.556279999999999220e-01
1.360000000000000000e+04 9.465359999999999330e-01
1.370000000000000000e+04 9.450159999999999672e-01
1.380000000000000000e+04 9.400120000000001808e-01
1.390000000000000000e+04 9.510799999999999255e-01
1.400000000000000000e+04 9.339239999999999764e-01
1.410000000000000000e+04 9.527400000000000313e-01
1.420000000000000000e+04 9.476239999999997998e-01
1.430000000000000000e+04 9.454759999999998721e-01
1.440000000000000000e+04 9.531160000000000743e-01
1.450000000000000000e+04 9.630000000000000782e-01
1.460000000000000000e+04 9.489560000000001327e-01
1.470000000000000000e+04 9.489999999999999547e-01
1.480000000000000000e+04 9.480559999999998988e-01
1.490000000000000000e+04 9.535560000000000702e-01
1.500000000000000000e+04 9.505080000000000195e-01
1.510000000000000000e+04 9.435480000000000533e-01
1.520000000000000000e+04 9.561399999999999899e-01
1.530000000000000000e+04 9.509600000000000275e-01
1.540000000000000000e+04 9.451000000000000512e-01
1.550000000000000000e+04 9.516320000000000334e-01
1.560000000000000000e+04 9.486880000000000868e-01
1.570000000000000000e+04 9.538079999999999892e-01
1.580000000000000000e+04 9.419519999999999005e-01
1.590000000000000000e+04 9.532439999999999802e-01
1.600000000000000000e+04 9.558119999999998839e-01
1.610000000000000000e+04 9.561119999999999619e-01
1.620000000000000000e+04 9.572639999999998928e-01
1.630000000000000000e+04 9.474439999999999529e-01
1.640000000000000000e+04 9.538440000000000252e-01
1.650000000000000000e+04 9.562120000000000619e-01
1.660000000000000000e+04 9.434920000000001084e-01
1.670000000000000000e+04 9.513639999999999874e-01
1.680000000000000000e+04 9.567959999999999798e-01
1.690000000000000000e+04 9.476120000000000099e-01
1.700000000000000000e+04 9.553439999999999710e-01
1.710000000000000000e+04 9.427880000000000704e-01
1.720000000000000000e+04 9.429879999999999374e-01
1.730000000000000000e+04 9.432719999999998883e-01
1.740000000000000000e+04 9.497119999999998896e-01
1.750000000000000000e+04 9.463799999999999990e-01
1.760000000000000000e+04 9.468520000000000270e-01
1.770000000000000000e+04 9.497080000000001077e-01
1.780000000000000000e+04 9.467879999999999630e-01
1.790000000000000000e+04 9.512999999999999234e-01
1.800000000000000000e+04 9.608719999999999484e-01
1.810000000000000000e+04 9.570199999999999818e-01
1.820000000000000000e+04 9.544799999999998841e-01
1.830000000000000000e+04 9.542640000000000011e-01
1.840000000000000000e+04 9.568000000000000949e-01
1.850000000000000000e+04 9.477960000000000829e-01
1.860000000000000000e+04 9.450840000000000352e-01
1.870000000000000000e+04 9.509600000000000275e-01
1.880000000000000000e+04 9.509599999999999165e-01
1.890000000000000000e+04 9.463079999999999270e-01
1.900000000000000000e+04 9.345920000000000893e-01
1.910000000000000000e+04 9.490319999999998757e-01
1.920000000000000000e+04 9.571560000000000068e-01
1.930000000000000000e+04 9.640999999999999570e-01
1.940000000000000000e+04 9.429639999999999134e-01
1.950000000000000000e+04 9.439959999999999463e-01
1.960000000000000000e+04 9.577560000000000517e-01
1.970000000000000000e+04 9.457879999999999621e-01
1.980000000000000000e+04 9.478799999999999448e-01
1.990000000000000000e+04 9.584080000000001487e-01
2.000000000000000000e+04 9.547559999999999381e-01
2.010000000000000000e+04 9.564559999999999729e-01
2.020000000000000000e+04 9.584680000000000977e-01
2.030000000000000000e+04 9.606879999999999864e-01
2.040000000000000000e+04 9.528519999999998102e-01
2.050000000000000000e+04 9.528399999999999093e-01
2.060000000000000000e+04 9.556759999999999700e-01
2.070000000000000000e+04 9.502119999999999456e-01
2.080000000000000000e+04 9.537400000000000322e-01
2.090000000000000000e+04 9.564200000000000479e-01
2.100000000000000000e+04 9.474359999999999449e-01
2.110000000000000000e+04 9.560319999999999929e-01
2.120000000000000000e+04 9.563639999999999919e-01
2.130000000000000000e+04 9.457279999999999021e-01
2.140000000000000000e+04 9.528840000000000643e-01
2.150000000000000000e+04 9.493440000000000767e-01
2.160000000000000000e+04 9.452359999999999651e-01
2.170000000000000000e+04 9.531600000000000072e-01
2.180000000000000000e+04 9.504880000000001106e-01
2.190000000000000000e+04 9.534839999999999982e-01
2.200000000000000000e+04 9.424359999999998294e-01
2.210000000000000000e+04 9.505759999999999765e-01
2.220000000000000000e+04 9.495439999999999436e-01
2.230000000000000000e+04 9.548599999999999310e-01
2.240000000000000000e+04 9.575759999999998717e-01
2.250000000000000000e+04 9.567159999999998998e-01
2.260000000000000000e+04 9.507039999999999935e-01
2.270000000000000000e+04 9.475560000000000649e-01
2.280000000000000000e+04 9.561599999999997879e-01
2.290000000000000000e+04 9.465760000000000840e-01
2.300000000000000000e+04 9.610400000000000054e-01
2.310000000000000000e+04 9.544119999999999271e-01
2.320000000000000000e+04 9.485120000000001328e-01
2.330000000000000000e+04 9.488319999999998977e-01
2.340000000000000000e+04 9.526599999999999513e-01
2.350000000000000000e+04 9.490039999999999587e-01
2.360000000000000000e+04 9.531199999999999672e-01
2.370000000000000000e+04 9.550400000000000000e-01
2.380000000000000000e+04 9.485080000000000178e-01
2.390000000000000000e+04 9.463160000000000460e-01
2.400000000000000000e+04 9.358879999999999422e-01
2.410000000000000000e+04 9.510000000000000675e-01
2.420000000000000000e+04 9.511799999999999145e-01
2.430000000000000000e+04 9.519919999999999494e-01
2.440000000000000000e+04 9.555439999999999490e-01
2.450000000000000000e+04 9.507999999999998675e-01
2.460000000000000000e+04 9.528960000000001873e-01
2.470000000000000000e+04 9.513439999999998564e-01
2.480000000000000000e+04 9.448119999999999852e-01
2.490000000000000000e+04 9.538600000000000412e-01
2.500000000000000000e+04 9.568559999999998178e-01
2.510000000000000000e+04 9.553680000000001060e-01
2.520000000000000000e+04 9.484559999999999658e-01
2.530000000000000000e+04 9.496679999999999566e-01
2.540000000000000000e+04 9.562619999999999454e-01
2.550000000000000000e+04 9.427619999999999889e-01
2.560000000000000000e+04 9.558600000000000430e-01
2.570000000000000000e+04 9.507999999999999785e-01
2.580000000000000000e+04 9.509399999999998965e-01
2.590000000000000000e+04 9.500799999999998136e-01
2.600000000000000000e+04 9.531799999999999162e-01
2.610000000000000000e+04 9.460919999999999330e-01
2.620000000000000000e+04 9.542320000000000801e-01
2.630000000000000000e+04 9.528799999999999493e-01
2.640000000000000000e+04 9.594279999999999475e-01
2.650000000000000000e+04 9.537799999999999612e-01
2.660000000000000000e+04 9.510679999999999135e-01
2.670000000000000000e+04 9.560880000000000489e-01
2.680000000000000000e+04 9.632880000000000331e-01
2.690000000000000000e+04 9.478079999999999838e-01
2.700000000000000000e+04 9.492439999999999767e-01
2.710000000000000000e+04 9.617919999999998693e-01
2.720000000000000000e+04 9.491559999999998887e-01
2.730000000000000000e+04 9.491680000000000117e-01
2.740000000000000000e+04 9.590760000000001506e-01
2.750000000000000000e+04 9.497359999999999136e-01
2.760000000000000000e+04 9.577120000000000077e-01
2.770000000000000000e+04 9.639640000000000430e-01
2.780000000000000000e+04 9.587640000000000606e-01
2.790000000000000000e+04 9.579640000000000377e-01
2.800000000000000000e+04 9.536959999999999882e-01
2.810000000000000000e+04 9.506119999999999015e-01
2.820000000000000000e+04 9.508879999999999555e-01
2.830000000000000000e+04 9.517519999999999314e-01
2.840000000000000000e+04 9.465280000000000360e-01
2.850000000000000000e+04 9.552720000000000100e-01
2.860000000000000000e+04 9.544839999999999991e-01
2.870000000000000000e+04 9.539079999999999782e-01
2.880000000000000000e+04 9.585159999999999236e-01
2.890000000000000000e+04 9.486040000000000028e-01
2.900000000000000000e+04 9.561520000000001129e-01
2.910000000000000000e+04 9.468280000000000030e-01
2.920000000000000000e+04 9.517399999999999194e-01
2.930000000000000000e+04 9.557519999999999349e-01
2.940000000000000000e+04 9.472760000000000069e-01
2.950000000000000000e+04 9.612359999999999793e-01
2.960000000000000000e+04 9.620159999999999823e-01
2.970000000000000000e+04 9.535039999999999072e-01
2.980000000000000000e+04 9.530520000000000103e-01
2.990000000000000000e+04 9.495040000000000147e-01
3.000000000000000000e+04 9.450039999999999552e-01
