0.000000000000000000e+00 5.120588457474564148e-01
1.000000000000000000e+02 4.131339818477186565e-01
2.000000000000000000e+02 4.763783098962144913e-01
3.000000000000000000e+02 5.681179781636603865e-01
4.000000000000000000e+02 6.369679414941009643e-01
5.000000000000000000e+02 7.140351330232594940e-01
6.000000000000000000e+02 7.271791895967952835e-01
7.000000000000000000e+02 7.661219716029604720e-01
8.000000000000000000e+02 7.751608086454295776e-01
9.000000000000000000e+02 7.778238650670932230e-01
1.000000000000000000e+03 8.175859270982694937e-01
1.100000000000000000e+03 7.909246704192540722e-01
1.200000000000000000e+03 8.037770915386419635e-01
1.300000000000000000e+03 8.057145984986955334e-01
1.400000000000000000e+03 8.368520040528557580e-01
1.500000000000000000e+03 8.321901484375819891e-01
1.600000000000000000e+03 8.315853157209658342e-01
1.700000000000000000e+03 8.507680095975940215e-01
1.800000000000000000e+03 8.434125121098516864e-01
1.900000000000000000e+03 8.468548795042383226e-01
2.000000000000000000e+03 8.496043109163082807e-01
2.100000000000000000e+03 8.545534422887660631e-01
2.200000000000000000e+03 8.526270658170331807e-01
2.300000000000000000e+03 8.634388295602731800e-01
2.400000000000000000e+03 8.688302601655003565e-01
2.500000000000000000e+03 8.671323707167893913e-01
2.600000000000000000e+03 8.671692113115510026e-01
2.700000000000000000e+03 8.691033251273836413e-01
2.800000000000000000e+03 8.671591480816576158e-01
2.900000000000000000e+03 8.714858607664512924e-01
3.000000000000000000e+03 8.847881572989597654e-01
3.100000000000000000e+03 8.735514304841323074e-01
3.200000000000000000e+03 8.834781055452471943e-01
3.300000000000000000e+03 8.766698293073962311e-01
3.400000000000000000e+03 8.910636002853538074e-01
3.500000000000000000e+03 8.879844868071917752e-01
3.600000000000000000e+03 8.896164630992886568e-01
3.700000000000000000e+03 9.120132810265872969e-01
3.800000000000000000e+03 9.017694025100653210e-01
3.900000000000000000e+03 9.010438556121656006e-01
4.000000000000000000e+03 9.100603158986357855e-01
4.100000000000000000e+03 9.116286419675093677e-01
4.200000000000000000e+03 9.342512068823501936e-01
4.300000000000000000e+03 9.357601130415721391e-01
4.400000000000000000e+03 9.231217157156250686e-01
4.500000000000000000e+03 9.299377836834104016e-01
4.600000000000000000e+03 9.313255001698601543e-01
4.700000000000000000e+03 9.305844266184273295e-01
4.800000000000000000e+03 9.392387221895340810e-01
4.900000000000000000e+03 9.350756503119683760e-01
5.000000000000000000e+03 9.445384258348339390e-01
5.100000000000000000e+03 9.275711186823188958e-01
5.200000000000000000e+03 9.349316508417433447e-01
5.300000000000000000e+03 9.463617632876077934e-01
5.400000000000000000e+03 9.562942024772760341e-01
5.500000000000000000e+03 9.491230897121594179e-01
5.600000000000000000e+03 9.401125750540785253e-01
5.700000000000000000e+03 9.532463086271522057e-01
5.800000000000000000e+03 9.507594330381023973e-01
5.900000000000000000e+03 9.491198801928109052e-01
6.000000000000000000e+03 9.502323464917867835e-01
6.100000000000000000e+03 9.521938139331589390e-01
6.200000000000000000e+03 9.531738639834004267e-01
6.300000000000000000e+03 9.557324887340689079e-01
6.400000000000000000e+03 9.552534525658312736e-01
6.500000000000000000e+03 9.447086178055672523e-01
6.600000000000000000e+03 9.565468695306997837e-01
6.700000000000000000e+03 9.535321948962880434e-01
6.800000000000000000e+03 9.484509088948613886e-01
6.900000000000000000e+03 9.681565235243282386e-01
7.000000000000000000e+03 9.624533089236051442e-01
7.100000000000000000e+03 9.609066437330890942e-01
7.200000000000000000e+03 9.679693291933236798e-01
7.300000000000000000e+03 9.644224881469859456e-01
7.400000000000000000e+03 9.604479416753999299e-01
7.500000000000000000e+03 9.619157993317090094e-01
7.600000000000000000e+03 9.579203535668869840e-01
7.700000000000000000e+03 9.563036200520547148e-01
7.800000000000000000e+03 9.644097612822282173e-01
7.900000000000000000e+03 9.661037016430926716e-01
8.000000000000000000e+03 9.697966004956040109e-01
8.100000000000000000e+03 9.648298333710395580e-01
8.200000000000000000e+03 9.608244045887965878e-01
8.300000000000000000e+03 9.746321654754642738e-01
8.400000000000000000e+03 9.602730275523398973e-01
8.500000000000000000e+03 9.740327700792769106e-01
8.600000000000000000e+03 9.644723568180927353e-01
8.700000000000000000e+03 9.632067601316437466e-01
8.800000000000000000e+03 9.602689668445447690e-01
8.900000000000000000e+03 9.634481163851078556e-01
9.000000000000000000e+03 9.680663840111353169e-01
9.100000000000000000e+03 9.706166783829508482e-01
9.200000000000000000e+03 9.645369759791576625e-01
9.300000000000000000e+03 9.698392145653930152e-01
9.400000000000000000e+03 9.600657925850943908e-01
9.500000000000000000e+03 9.652784376055422166e-01
9.600000000000000000e+03 9.662320528443356649e-01
9.700000000000000000e+03 9.761849984779140676e-01
9.800000000000000000e+03 9.626709402745050603e-01
9.900000000000000000e+03 9.631960151418170746e-01
1.000000000000000000e+04 9.716344679498032377e-01
1.010000000000000000e+04 9.635287096138374086e-01
1.020000000000000000e+04 9.615115087853463027e-01
1.030000000000000000e+04 9.702146029409309813e-01
1.040000000000000000e+04 9.725504707372046864e-01
1.050000000000000000e+04 9.672239491759104801e-01
1.060000000000000000e+04 9.704932343460591637e-01
1.070000000000000000e+04 9.693367419743053048e-01
1.080000000000000000e+04 9.714413186732243632e-01
1.090000000000000000e+04 9.666751210018729168e-01
1.100000000000000000e+04 9.740641355954540170e-01
1.110000000000000000e+04 9.658765714785617629e-01
1.120000000000000000e+04 9.607773038147826572e-01
1.130000000000000000e+04 9.671715741561243140e-01
1.140000000000000000e+04 9.674575349843529404e-01
1.150000000000000000e+04 9.707496250449592079e-01
1.160000000000000000e+04 9.644507073892458759e-01
1.170000000000000000e+04 9.700554539141367227e-01
1.180000000000000000e+04 9.669177640890791459e-01
1.190000000000000000e+04 9.582717615033777836e-01
1.200000000000000000e+04 9.755358592249958605e-01
1.210000000000000000e+04 9.729777941467039337e-01
1.220000000000000000e+04 9.721371233743379969e-01
1.230000000000000000e+04 9.667732354874950529e-01
1.240000000000000000e+04 9.735633865235046036e-01
1.250000000000000000e+04 9.629814536174340356e-01
1.260000000000000000e+04 9.688732075185892967e-01
1.270000000000000000e+04 9.649023291449481121e-01
1.280000000000000000e+04 9.776862617703914182e-01
1.290000000000000000e+04 9.655359378551029437e-01
1.300000000000000000e+04 9.696810678969116637e-01
1.310000000000000000e+04 9.651754405805803572e-01
1.320000000000000000e+04 9.700405631473992818e-01
1.330000000000000000e+04 9.656180834221225195e-01
1.340000000000000000e+04 9.718172348743253641e-01
1.350000000000000000e+04 9.693480083782646251e-01
1.360000000000000000e+04 9.654191331525923125e-01
1.370000000000000000e+04 9.640319136027943880e-01
1.380000000000000000e+04 9.667329310528500752e-01
1.390000000000000000e+04 9.683943212458969718e-01
1.400000000000000000e+04 9.754839661579824961e-01
1.410000000000000000e+04 9.687241183586400295e-01
1.420000000000000000e+04 9.703840721583510964e-01
1.430000000000000000e+04 9.680012553373327222e-01
1.440000000000000000e+04 9.662211771101599789e-01
1.450000000000000000e+04 9.572602977721687001e-01
1.460000000000000000e+04 9.674826472446470538e-01
1.470000000000000000e+04 9.715556420981111829e-01
1.480000000000000000e+04 9.743322380339421995e-01
1.490000000000000000e+04 9.744104712180472472e-01
1.500000000000000000e+04 9.559345692239230585e-01
1.510000000000000000e+04 9.725514864037134721e-01
1.520000000000000000e+04 9.637667387773660721e-01
1.530000000000000000e+04 9.705357250395161284e-01
1.540000000000000000e+04 9.697164504232475002e-01
1.550000000000000000e+04 9.708542469145092779e-01
1.560000000000000000e+04 9.687112397300378097e-01
1.570000000000000000e+04 9.662040210199607237e-01
1.580000000000000000e+04 9.667373487680626098e-01
1.590000000000000000e+04 9.669455063156081609e-01
1.600000000000000000e+04 9.735274756231818705e-01
1.610000000000000000e+04 9.714820501377611217e-01
1.620000000000000000e+04 9.621498321365395956e-01
1.630000000000000000e+04 9.781111129257905601e-01
1.640000000000000000e+04 9.729768949245523046e-01
1.650000000000000000e+04 9.664810720455755400e-01
1.660000000000000000e+04 9.622182173125628513e-01
1.670000000000000000e+04 9.594179714743080734e-01
1.680000000000000000e+04 9.750861056996138476e-01
1.690000000000000000e+04 9.735454837797616889e-01
1.700000000000000000e+04 9.704483096034486334e-01
1.710000000000000000e+04 9.692018394420163219e-01
1.720000000000000000e+04 9.684389916075746285e-01
1.730000000000000000e+04 9.595308881874670126e-01
1.740000000000000000e+04 9.639553200898374197e-01
1.750000000000000000e+04 9.621103655028937496e-01
1.760000000000000000e+04 9.687866673275624674e-01
1.770000000000000000e+04 9.605967490949318677e-01
1.780000000000000000e+04 9.710499203418536673e-01
1.790000000000000000e+04 9.727033590212393888e-01
1.800000000000000000e+04 9.639203550173944812e-01
1.810000000000000000e+04 9.612008607357465095e-01
1.820000000000000000e+04 9.712909088832503146e-01
1.830000000000000000e+04 9.712678146998070527e-01
1.840000000000000000e+04 9.794335950493405774e-01
1.850000000000000000e+04 9.742847248041651698e-01
1.860000000000000000e+04 9.746260831914812517e-01
1.870000000000000000e+04 9.714182800099806503e-01
1.880000000000000000e+04 9.684165206314071517e-01
1.890000000000000000e+04 9.752542640447722233e-01
1.900000000000000000e+04 9.653873653459151827e-01
1.910000000000000000e+04 9.749634646249738523e-01
1.920000000000000000e+04 9.754450563666036134e-01
1.930000000000000000e+04 9.759419768781775195e-01
1.940000000000000000e+04 9.517284265543675126e-01
1.950000000000000000e+04 9.730861108849555574e-01
1.960000000000000000e+04 9.678787635403611755e-01
1.970000000000000000e+04 9.685019568334281015e-01
1.980000000000000000e+04 9.598178757927269267e-01
1.990000000000000000e+04 9.749002669331930937e-01
2.000000000000000000e+04 9.698245012441585322e-01
2.010000000000000000e+04 9.723323142436144373e-01
2.020000000000000000e+04 9.721517419678148419e-01
2.030000000000000000e+04 9.681377938995989751e-01
2.040000000000000000e+04 9.761591824474783463e-01
2.050000000000000000e+04 9.674426075405146985e-01
2.060000000000000000e+04 9.664375784596563879e-01
2.070000000000000000e+04 9.709056357594850750e-01
2.080000000000000000e+04 9.652209319599400761e-01
2.090000000000000000e+04 9.709335655316481128e-01
2.100000000000000000e+04 9.658298505077229645e-01
2.110000000000000000e+04 9.771585605578645417e-01
2.120000000000000000e+04 9.754152335337522572e-01
2.130000000000000000e+04 9.656994082629182241e-01
2.140000000000000000e+04 9.663741195883904789e-01
2.150000000000000000e+04 9.796545724909928587e-01
2.160000000000000000e+04 9.671765270679777426e-01
2.170000000000000000e+04 9.709061268463669014e-01
2.180000000000000000e+04 9.729300032297902856e-01
2.190000000000000000e+04 9.706847870512799181e-01
2.200000000000000000e+04 9.778024817255285273e-01
2.210000000000000000e+04 9.712860432510417308e-01
2.220000000000000000e+04 9.657713811107638824e-01
2.230000000000000000e+04 9.700078503320797019e-01
2.240000000000000000e+04 9.672757170168153618e-01
2.250000000000000000e+04 9.690243962196595229e-01
2.260000000000000000e+04 9.705185813556891361e-01
2.270000000000000000e+04 9.660668205706498535e-01
2.280000000000000000e+04 9.711172534285886782e-01
2.290000000000000000e+04 9.541279098152686267e-01
2.300000000000000000e+04 9.757396792006203246e-01
2.310000000000000000e+04 9.642368875108273674e-01
2.320000000000000000e+04 9.718925040813257699e-01
2.330000000000000000e+04 9.750283459275831399e-01
2.340000000000000000e+04 9.596216359283771258e-01
2.350000000000000000e+04 9.698183016589010386e-01
2.360000000000000000e+04 9.785405560399188518e-01
2.370000000000000000e+04 9.729846476335558547e-01
2.380000000000000000e+04 9.747829459669467012e-01
2.390000000000000000e+04 9.694163913649346265e-01
2.400000000000000000e+04 9.637187348270941367e-01
2.410000000000000000e+04 9.663327168072104456e-01
2.420000000000000000e+04 9.723426659668169547e-01
2.430000000000000000e+04 9.662805933308187267e-01
2.440000000000000000e+04 9.786222370032788831e-01
2.450000000000000000e+04 9.686878979717602478e-01
2.460000000000000000e+04 9.638871688135371985e-01
2.470000000000000000e+04 9.627143178105821431e-01
2.480000000000000000e+04 9.770640382574232730e-01
2.490000000000000000e+04 9.762102049326243369e-01
2.500000000000000000e+04 9.760444056759643994e-01
2.510000000000000000e+04 9.725195365879957254e-01
2.520000000000000000e+04 9.683401707607632858e-01
2.530000000000000000e+04 9.707481132054944784e-01
2.540000000000000000e+04 9.749306280164039551e-01
2.550000000000000000e+04 9.743666580394607646e-01
2.560000000000000000e+04 9.728638955142576705e-01
2.570000000000000000e+04 9.791059727179637351e-01
2.580000000000000000e+04 9.650585648062113275e-01
2.590000000000000000e+04 9.690461365514853043e-01
2.600000000000000000e+04 9.654896762454534542e-01
2.610000000000000000e+04 9.690223625853962020e-01
2.620000000000000000e+04 9.646105993068807560e-01
2.630000000000000000e+04 9.752484564002723566e-01
2.640000000000000000e+04 9.713356295035944221e-01
2.650000000000000000e+04 9.689000519919652721e-01
2.660000000000000000e+04 9.701991098068422081e-01
2.670000000000000000e+04 9.647457738395002202e-01
2.680000000000000000e+04 9.741493553742028855e-01
2.690000000000000000e+04 9.764484406149960272e-01
2.700000000000000000e+04 9.717224938535550249e-01
2.710000000000000000e+04 9.773718715669936774e-01
2.720000000000000000e+04 9.606556508663939287e-01
2.730000000000000000e+04 9.650722560816125117e-01
2.740000000000000000e+04 9.592254439721911163e-01
2.750000000000000000e+04 9.773090287436615453e-01
2.760000000000000000e+04 9.665489430216137601e-01
2.770000000000000000e+04 9.711618195885859395e-01
2.780000000000000000e+04 9.792566202299480826e-01
2.790000000000000000e+04 9.687950649936384329e-01
2.800000000000000000e+04 9.646011953226215629e-01
2.810000000000000000e+04 9.763968143996276661e-01
2.820000000000000000e+04 9.787000687714844105e-01
2.830000000000000000e+04 9.551609324622392094e-01
2.840000000000000000e+04 9.703271770833720167e-01
2.850000000000000000e+04 9.672067977350298218e-01
2.860000000000000000e+04 9.669560430335822909e-01
2.870000000000000000e+04 9.727372345108087348e-01
2.880000000000000000e+04 9.742326415683933982e-01
2.890000000000000000e+04 9.785079191152897815e-01
2.900000000000000000e+04 9.802486775770185012e-01
2.910000000000000000e+04 9.670596533640702930e-01
2.920000000000000000e+04 9.692404795564369957e-01
2.930000000000000000e+04 9.678801374739576246e-01
2.940000000000000000e+04 9.703592349418380669e-01
2.950000000000000000e+04 9.718075737212559240e-01
2.960000000000000000e+04 9.734451663547384337e-01
2.970000000000000000e+04 9.714366395399803844e-01
2.980000000000000000e+04 9.637673158831913112e-01
2.990000000000000000e+04 9.706668570902048376e-01
3.000000000000000000e+04 9.784290559140087495e-01
