0.000000000000000000e+00 4.970120000000000093e-01
1.000000000000000000e+02 3.842759999999999510e-01
2.000000000000000000e+02 4.790080000000000449e-01
3.000000000000000000e+02 5.826099999999999612e-01
4.000000000000000000e+02 6.483919999999999684e-01
5.000000000000000000e+02 7.009680000000000355e-01
6.000000000000000000e+02 7.114759999999999973e-01
7.000000000000000000e+02 7.536119999999999486e-01
8.000000000000000000e+02 7.476920000000000233e-01
9.000000000000000000e+02 7.422840000000000549e-01
1.000000000000000000e+03 7.833919999999999773e-01
1.100000000000000000e+03 7.607280000000000708e-01
1.200000000000000000e+03 7.630359999999998255e-01
1.300000000000000000e+03 7.676319999999998700e-01
1.400000000000000000e+03 8.007839999999999403e-01
1.500000000000000000e+03 8.076439999999999175e-01
1.600000000000000000e+03 7.941199999999999370e-01
1.700000000000000000e+03 8.120039999999999480e-01
1.800000000000000000e+03 8.025799999999999601e-01
1.900000000000000000e+03 8.126400000000000290e-01
2.000000000000000000e+03 8.115680000000000671e-01
2.100000000000000000e+03 8.124159999999999160e-01
2.200000000000000000e+03 8.129079999999999639e-01
2.300000000000000000e+03 8.253880000000001216e-01
2.400000000000000000e+03 8.354360000000000674e-01
2.500000000000000000e+03 8.322220000000000173e-01
2.600000000000000000e+03 8.350400000000000045e-01
2.700000000000000000e+03 8.285560000000000702e-01
2.800000000000000000e+03 8.308319999999999039e-01
2.900000000000000000e+03 8.359680000000000444e-01
3.000000000000000000e+03 8.506360000000000587e-01
3.100000000000000000e+03 8.369080000000000963e-01
3.200000000000000000e+03 8.518040000000000056e-01
3.300000000000000000e+03 8.422200000000000797e-01
3.400000000000000000e+03 8.632480000000000153e-01
3.500000000000000000e+03 8.643879999999999342e-01
3.600000000000000000e+03 8.615720000000000045e-01
3.700000000000000000e+03 8.903240000000001153e-01
3.800000000000000000e+03 8.764319999999998778e-01
3.900000000000000000e+03 8.810119999999999063e-01
4.000000000000000000e+03 8.900159999999999183e-01
4.100000000000000000e+03 8.915719999999999201e-01
4.200000000000000000e+03 9.149839999999997975e-01
4.300000000000000000e+03 9.175359999999999072e-01
4.400000000000000000e+03 9.039320000000000688e-01
4.500000000000000000e+03 9.099560000000000981e-01
4.600000000000000000e+03 9.166440000000000143e-01
4.700000000000000000e+03 9.104799999999999560e-01
4.800000000000000000e+03 9.233839999999999826e-01
4.900000000000000000e+03 9.217239999999999878e-01
5.000000000000000000e+03 9.316519999999999246e-01
5.100000000000000000e+03 9.112480000000000580e-01
5.200000000000000000e+03 9.235879999999999646e-01
5.300000000000000000e+03 9.370720000000000161e-01
5.400000000000000000e+03 9.447160000000000002e-01
5.500000000000000000e+03 9.382239999999999469e-01
5.600000000000000000e+03 9.331120000000000525e-01
5.700000000000000000e+03 9.392920000000000158e-01
5.800000000000000000e+03 9.459199999999999831e-01
5.900000000000000000e+03 9.375720000000000720e-01
6.000000000000000000e+03 9.428040000000000864e-01
6.100000000000000000e+03 9.426880000000000814e-01
6.200000000000000000e+03 9.443320000000001713e-01
6.300000000000000000e+03 9.499039999999999706e-01
6.400000000000000000e+03 9.431679999999998953e-01
6.500000000000000000e+03 9.371439999999999770e-01
6.600000000000000000e+03 9.490480000000001137e-01
6.700000000000000000e+03 9.472599999999999909e-01
6.800000000000000000e+03 9.409279999999999866e-01
6.900000000000000000e+03 9.619880000000000653e-01
7.000000000000000000e+03 9.578360000000000207e-01
7.100000000000000000e+03 9.577240000000000197e-01
7.200000000000000000e+03 9.659719999999999418e-01
7.300000000000000000e+03 9.576959999999998807e-01
7.400000000000000000e+03 9.539680000000000382e-01
7.500000000000000000e+03 9.580360000000001097e-01
7.600000000000000000e+03 9.527759999999999563e-01
7.700000000000000000e+03 9.459560000000000191e-01
7.800000000000000000e+03 9.575759999999999827e-01
7.900000000000000000e+03 9.637719999999999620e-01
8.000000000000000000e+03 9.669920000000000737e-01
8.100000000000000000e+03 9.596759999999999735e-01
8.200000000000000000e+03 9.506479999999998265e-01
8.300000000000000000e+03 9.698200000000000154e-01
8.400000000000000000e+03 9.539439999999999031e-01
8.500000000000000000e+03 9.692519999999998914e-01
8.600000000000000000e+03 9.592479999999999896e-01
8.700000000000000000e+03 9.551799999999998070e-01
8.800000000000000000e+03 9.544880000000000031e-01
8.900000000000000000e+03 9.583879999999999066e-01
9.000000000000000000e+03 9.614920000000000133e-01
9.100000000000000000e+03 9.672840000000000327e-01
9.200000000000000000e+03 9.561760000000000259e-01
9.300000000000000000e+03 9.649159999999999959e-01
9.400000000000000000e+03 9.566680000000000739e-01
9.500000000000000000e+03 9.580399999999998917e-01
9.600000000000000000e+03 9.584399999999999586e-01
9.700000000000000000e+03 9.720399999999999041e-01
9.800000000000000000e+03 9.540560000000000151e-01
9.900000000000000000e+03 9.549600000000001421e-01
1.000000000000000000e+04 9.645999999999999019e-01
1.010000000000000000e+04 9.552520000000001010e-01
1.020000000000000000e+04 9.556839999999999780e-01
1.030000000000000000e+04 9.636239999999998140e-01
1.040000000000000000e+04 9.693119999999999514e-01
1.050000000000000000e+04 9.628319999999999101e-01
1.060000000000000000e+04 9.660119999999999818e-01
1.070000000000000000e+04 9.665600000000000858e-01
1.080000000000000000e+04 9.681359999999998855e-01
1.090000000000000000e+04 9.608840000000000714e-01
1.100000000000000000e+04 9.698599999999998333e-01
1.110000000000000000e+04 9.601680000000001325e-01
1.120000000000000000e+04 9.532479999999998732e-01
1.130000000000000000e+04 9.620759999999999312e-01
1.140000000000000000e+04 9.650959999999999539e-01
1.150000000000000000e+04 9.623639999999998862e-01
1.160000000000000000e+04 9.612519999999999953e-01
1.170000000000000000e+04 9.676519999999999566e-01
1.180000000000000000e+04 9.601079999999999615e-01
1.190000000000000000e+04 9.498280000000000056e-01
1.200000000000000000e+04 9.702360000000000984e-01
1.210000000000000000e+04 9.668159999999998977e-01
1.220000000000000000e+04 9.636400000000000521e-01
1.230000000000000000e+04 9.627759999999999652e-01
1.240000000000000000e+04 9.671799999999999287e-01
1.250000000000000000e+04 9.531399999999999872e-01
1.260000000000000000e+04 9.604079999999999284e-01
1.270000000000000000e+04 9.566839999999999788e-01
1.280000000000000000e+04 9.729440000000000310e-01
1.290000000000000000e+04 9.567799999999999638e-01
1.300000000000000000e+04 9.634839999999998961e-01
1.310000000000000000e+04 9.603119999999999434e-01
1.320000000000000000e+04 9.648280000000000189e-01
1.330000000000000000e+04 9.598519999999999275e-01
1.340000000000000000e+04 9.663800000000000168e-01
1.350000000000000000e+04 9.614440000000000763e-01
1.360000000000000000e+04 9.586399999999999366e-01
1.370000000000000000e+04 9.579079999999999817e-01
1.380000000000000000e+04 9.583919999999999106e-01
1.390000000000000000e+04 9.689000000000000945e-01
1.400000000000000000e+04 9.728559999999999430e-01
1.410000000000000000e+04 9.628800000000000692e-01
1.420000000000000000e+04 9.645399999999999530e-01
1.430000000000000000e+04 9.622320000000000872e-01
1.440000000000000000e+04 9.607120000000000104e-01
1.450000000000000000e+04 9.522119999999999473e-01
1.460000000000000000e+04 9.639199999999999990e-01
1.470000000000000000e+04 9.650480000000000169e-01
1.480000000000000000e+04 9.721919999999999451e-01
1.490000000000000000e+04 9.693200000000000705e-01
1.500000000000000000e+04 9.497240000000000126e-01
1.510000000000000000e+04 9.650799999999999379e-01
1.520000000000000000e+04 9.579640000000000377e-01
1.530000000000000000e+04 9.667240000000001388e-01
1.540000000000000000e+04 9.647319999999999229e-01
1.550000000000000000e+04 9.642479999999999940e-01
1.560000000000000000e+04 9.644400000000000750e-01
1.570000000000000000e+04 9.602559999999999985e-01
1.580000000000000000e+04 9.591640000000000166e-01
1.590000000000000000e+04 9.625479999999999592e-01
1.600000000000000000e+04 9.708479999999999333e-01
1.610000000000000000e+04 9.661200000000000898e-01
1.620000000000000000e+04 9.554159999999999320e-01
1.630000000000000000e+04 9.732840000000000380e-01
1.640000000000000000e+04 9.677760000000000806e-01
1.650000000000000000e+04 9.605319999999999414e-01
1.660000000000000000e+04 9.559400000000000119e-01
1.670000000000000000e+04 9.523320000000000674e-01
1.680000000000000000e+04 9.680639999999999246e-01
1.690000000000000000e+04 9.696519999999999584e-01
1.700000000000000000e+04 9.643080000000000540e-01
1.710000000000000000e+04 9.648480000000000389e-01
1.720000000000000000e+04 9.636000000000000121e-01
1.730000000000000000e+04 9.526159999999999073e-01
1.740000000000000000e+04 9.584359999999999546e-01
1.750000000000000000e+04 9.579519999999999147e-01
1.760000000000000000e+04 9.612680000000000113e-01
1.770000000000000000e+04 9.523439999999999683e-01
1.780000000000000000e+04 9.628879999999999661e-01
1.790000000000000000e+04 9.687680000000000735e-01
1.800000000000000000e+04 9.546160000000000201e-01
1.810000000000000000e+04 9.570039999999999658e-01
1.820000000000000000e+04 9.658759999999999568e-01
1.830000000000000000e+04 9.642600000000000060e-01
1.840000000000000000e+04 9.743640000000000079e-01
1.850000000000000000e+04 9.664560000000000928e-01
1.860000000000000000e+04 9.678960000000000896e-01
1.870000000000000000e+04 9.643839999999999080e-01
1.880000000000000000e+04 9.626719999999999722e-01
1.890000000000000000e+04 9.710079999999999822e-01
1.900000000000000000e+04 9.570119999999999738e-01
1.910000000000000000e+04 9.707040000000000113e-01
1.920000000000000000e+04 9.697160000000000224e-01
1.930000000000000000e+04 9.727839999999999820e-01
1.940000000000000000e+04 9.490200000000000857e-01
1.950000000000000000e+04 9.657800000000001939e-01
1.960000000000000000e+04 9.633920000000000261e-01
1.970000000000000000e+04 9.638720000000000621e-01
1.980000000000000000e+04 9.581680000000000197e-01
1.990000000000000000e+04 9.671799999999999287e-01
2.000000000000000000e+04 9.644839999999998970e-01
2.010000000000000000e+04 9.673439999999998706e-01
2.020000000000000000e+04 9.666320000000000467e-01
2.030000000000000000e+04 9.617680000000000673e-01
2.040000000000000000e+04 9.737399999999999389e-01
2.050000000000000000e+04 9.619400000000000173e-01
2.060000000000000000e+04 9.637959999999998750e-01
2.070000000000000000e+04 9.629320000000000102e-01
2.080000000000000000e+04 9.665439999999999587e-01
2.090000000000000000e+04 9.618199999999998973e-01
2.100000000000000000e+04 9.569280000000000008e-01
2.110000000000000000e+04 9.736599999999999699e-01
2.120000000000000000e+04 9.707759999999999723e-01
2.130000000000000000e+04 9.620759999999999312e-01
2.140000000000000000e+04 9.569440000000000168e-01
2.150000000000000000e+04 9.768159999999999066e-01
2.160000000000000000e+04 9.611399999999998833e-01
2.170000000000000000e+04 9.631359999999999921e-01
2.180000000000000000e+04 9.691279999999999895e-01
2.190000000000000000e+04 9.656559999999999588e-01
2.200000000000000000e+04 9.740039999999998699e-01
2.210000000000000000e+04 9.648079999999999989e-01
2.220000000000000000e+04 9.612560000000001104e-01
2.230000000000000000e+04 9.634039999999999271e-01
2.240000000000000000e+04 9.628360000000000252e-01
2.250000000000000000e+04 9.621519999999998962e-01
2.260000000000000000e+04 9.679759999999999476e-01
2.270000000000000000e+04 9.634360000000001811e-01
2.280000000000000000e+04 9.665960000000001218e-01
2.290000000000000000e+04 9.498799999999999466e-01
2.300000000000000000e+04 9.704520000000000923e-01
2.310000000000000000e+04 9.586120000000000196e-01
2.320000000000000000e+04 9.699999999999999734e-01
2.330000000000000000e+04 9.714440000000000852e-01
2.340000000000000000e+04 9.531240000000000823e-01
2.350000000000000000e+04 9.648439999999999239e-01
2.360000000000000000e+04 9.747319999999999318e-01
2.370000000000000000e+04 9.742119999999999669e-01
2.380000000000000000e+04 9.676879999999999926e-01
2.390000000000000000e+04 9.616799999999999793e-01
2.400000000000000000e+04 9.579480000000000217e-01
2.410000000000000000e+04 9.587959999999998706e-01
2.420000000000000000e+04 9.665519999999999667e-01
2.430000000000000000e+04 9.623600000000001042e-01
2.440000000000000000e+04 9.722639999999997951e-01
2.450000000000000000e+04 9.651679999999999149e-01
2.460000000000000000e+04 9.580760000000000387e-01
2.470000000000000000e+04 9.673000000000000487e-01
2.480000000000000000e+04 9.722319999999999851e-01
2.490000000000000000e+04 9.702159999999999673e-01
2.500000000000000000e+04 9.689119999999998845e-01
2.510000000000000000e+04 9.714559999999999862e-01
2.520000000000000000e+04 9.621719999999999162e-01
2.530000000000000000e+04 9.635360000000000591e-01
2.540000000000000000e+04 9.703679999999998973e-01
2.550000000000000000e+04 9.710119999999998752e-01
2.560000000000000000e+04 9.690839999999999455e-01
2.570000000000000000e+04 9.731959999999999500e-01
2.580000000000000000e+04 9.554079999999999240e-01
2.590000000000000000e+04 9.602999999999999314e-01
2.600000000000000000e+04 9.589000000000000856e-01
2.610000000000000000e+04 9.616599999999999593e-01
2.620000000000000000e+04 9.590080000000000826e-01
2.630000000000000000e+04 9.713760000000000172e-01
2.640000000000000000e+04 9.675240000000000506e-01
2.650000000000000000e+04 9.618439999999999213e-01
2.660000000000000000e+04 9.646520000000000650e-01
2.670000000000000000e+04 9.578399999999999137e-01
2.680000000000000000e+04 9.671679999999998056e-01
2.690000000000000000e+04 9.687560000000000615e-01
2.700000000000000000e+04 9.643599999999999950e-01
2.710000000000000000e+04 9.723079999999999501e-01
2.720000000000000000e+04 9.540519999999999001e-01
2.730000000000000000e+04 9.589119999999999866e-01
2.740000000000000000e+04 9.526240000000000263e-01
2.750000000000000000e+04 9.731240000000001000e-01
2.760000000000000000e+04 9.616800000000000903e-01
2.770000000000000000e+04 9.642760000000000220e-01
2.780000000000000000e+04 9.735920000000000130e-01
2.790000000000000000e+04 9.634079999999999311e-01
2.800000000000000000e+04 9.643559999999998800e-01
2.810000000000000000e+04 9.688359999999999195e-01
2.820000000000000000e+04 9.721840000000000481e-01
2.830000000000000000e+04 9.526000000000000023e-01
2.840000000000000000e+04 9.628439999999999221e-01
2.850000000000000000e+04 9.593800000000000106e-01
2.860000000000000000e+04 9.584040000000000337e-01
2.870000000000000000e+04 9.704639999999999933e-01
2.880000000000000000e+04 9.691280000000002115e-01
2.890000000000000000e+04 9.758639999999999537e-01
2.900000000000000000e+04 9.756559999999999677e-01
2.910000000000000000e+04 9.590560000000001306e-01
2.920000000000000000e+04 9.609320000000000084e-01
2.930000000000000000e+04 9.623040000000000482e-01
2.940000000000000000e+04 9.649000000000000909e-01
2.950000000000000000e+04 9.628639999999999421e-01
2.960000000000000000e+04 9.648759999999999559e-01
2.970000000000000000e+04 9.656240000000000379e-01
2.980000000000000000e+04 9.625080000000000302e-01
2.990000000000000000e+04 9.650080000000000879e-01
3.000000000000000000e+04 9.760680000000000467e-01
