0.000000000000000000e+00 4.847477097593297923e-01
1.000000000000000000e+02 3.973732469313021598e-01
2.000000000000000000e+02 4.567643762805199126e-01
3.000000000000000000e+02 5.110366214146206953e-01
4.000000000000000000e+02 5.432664233402128007e-01
5.000000000000000000e+02 5.678748944755762640e-01
6.000000000000000000e+02 5.733873053502680506e-01
7.000000000000000000e+02 6.177927964187172050e-01
8.000000000000000000e+02 6.433495837370908355e-01
9.000000000000000000e+02 6.373602827992898012e-01
1.000000000000000000e+03 6.498204413429191639e-01
1.100000000000000000e+03 6.967287822290072485e-01
1.200000000000000000e+03 6.878675248319559010e-01
1.300000000000000000e+03 7.237811341688088485e-01
1.400000000000000000e+03 6.848242666126113098e-01
1.500000000000000000e+03 7.204661891703791898e-01
1.600000000000000000e+03 7.345865191880428524e-01
1.700000000000000000e+03 7.468958209604966703e-01
1.800000000000000000e+03 7.677845483218184164e-01
1.900000000000000000e+03 7.740878474044853297e-01
2.000000000000000000e+03 7.678470777862482777e-01
2.100000000000000000e+03 7.685336562996525345e-01
2.200000000000000000e+03 7.765932123006136223e-01
2.300000000000000000e+03 8.000440575286041911e-01
2.400000000000000000e+03 8.045041246725755935e-01
2.500000000000000000e+03 7.869844341927518805e-01
2.600000000000000000e+03 7.877567264091022148e-01
2.700000000000000000e+03 8.121879155193797439e-01
2.800000000000000000e+03 8.267342215035939912e-01
2.900000000000000000e+03 8.229680831678827246e-01
3.000000000000000000e+03 7.976585739528798680e-01
3.100000000000000000e+03 7.979472005645149579e-01
3.200000000000000000e+03 8.027317911033253761e-01
3.300000000000000000e+03 8.394370559763839612e-01
3.400000000000000000e+03 8.186095371495826223e-01
3.500000000000000000e+03 8.315174238946041463e-01
3.600000000000000000e+03 8.137240868126672799e-01
3.700000000000000000e+03 8.182508488579001149e-01
3.800000000000000000e+03 8.441751264690469103e-01
3.900000000000000000e+03 8.374534801573760845e-01
4.000000000000000000e+03 8.253439477002741942e-01
4.100000000000000000e+03 8.183715725237081795e-01
4.200000000000000000e+03 8.502043944238935058e-01
4.300000000000000000e+03 8.477557094722244502e-01
4.400000000000000000e+03 8.467920124038416096e-01
4.500000000000000000e+03 8.615883904829904072e-01
4.600000000000000000e+03 8.305511333115986883e-01
4.700000000000000000e+03 8.510509215544876938e-01
4.800000000000000000e+03 8.421707717060356035e-01
4.900000000000000000e+03 8.672360759917193684e-01
5.000000000000000000e+03 8.648604576103968711e-01
5.100000000000000000e+03 8.645867470384402953e-01
5.200000000000000000e+03 8.780527228576101573e-01
5.300000000000000000e+03 8.882640206937627569e-01
5.400000000000000000e+03 8.765167286194264218e-01
5.500000000000000000e+03 8.603292398612425451e-01
5.600000000000000000e+03 8.642567806881317205e-01
5.700000000000000000e+03 8.501741324455615034e-01
5.800000000000000000e+03 8.698698437709002640e-01
5.900000000000000000e+03 8.734071092774886580e-01
6.000000000000000000e+03 8.977946420655031901e-01
6.100000000000000000e+03 8.853871263909990352e-01
6.200000000000000000e+03 8.880251213302862157e-01
6.300000000000000000e+03 8.971888961320242384e-01
6.400000000000000000e+03 8.841351350926279773e-01
6.500000000000000000e+03 9.090777585206090139e-01
6.600000000000000000e+03 8.904843503479505928e-01
6.700000000000000000e+03 8.901538926497662985e-01
6.800000000000000000e+03 8.988245515282873299e-01
6.900000000000000000e+03 8.765515569429470633e-01
7.000000000000000000e+03 9.036460343921128846e-01
7.100000000000000000e+03 8.948172583124205381e-01
7.200000000000000000e+03 9.144705745088274051e-01
7.300000000000000000e+03 8.861721807725392308e-01
7.400000000000000000e+03 9.172138142355158452e-01
7.500000000000000000e+03 9.050738786550025505e-01
7.600000000000000000e+03 9.016846889918737062e-01
7.700000000000000000e+03 9.122678830713967235e-01
7.800000000000000000e+03 9.086112212618704387e-01
7.900000000000000000e+03 9.175715079741220137e-01
8.000000000000000000e+03 9.199300102913045007e-01
8.100000000000000000e+03 8.964495071803958437e-01
8.200000000000000000e+03 9.111000916868613464e-01
8.300000000000000000e+03 9.163209668254761464e-01
8.400000000000000000e+03 8.965850707889606586e-01
8.500000000000000000e+03 9.075739942890388434e-01
8.600000000000000000e+03 9.076605727836415394e-01
8.700000000000000000e+03 9.122371113338834103e-01
8.800000000000000000e+03 9.171824116425123519e-01
8.900000000000000000e+03 9.242606720876498372e-01
9.000000000000000000e+03 9.203080285563782770e-01
9.100000000000000000e+03 9.101325601577425761e-01
9.200000000000000000e+03 9.081256392531152910e-01
9.300000000000000000e+03 9.213072789038347921e-01
9.400000000000000000e+03 9.099603140235066334e-01
9.500000000000000000e+03 9.175657035331902245e-01
9.600000000000000000e+03 9.122132673379190759e-01
9.700000000000000000e+03 9.080643181941521203e-01
9.800000000000000000e+03 9.325375466995128315e-01
9.900000000000000000e+03 9.100009446254566647e-01
1.000000000000000000e+04 9.019373419114387058e-01
1.010000000000000000e+04 9.302616691761478318e-01
1.020000000000000000e+04 9.161915064528929342e-01
1.030000000000000000e+04 9.154774202584954335e-01
1.040000000000000000e+04 9.191809258187595422e-01
1.050000000000000000e+04 9.087765328783009577e-01
1.060000000000000000e+04 9.234189069678107042e-01
1.070000000000000000e+04 9.222929805201003362e-01
1.080000000000000000e+04 9.145543681759716881e-01
1.090000000000000000e+04 9.139290902919672277e-01
1.100000000000000000e+04 9.169745797485997496e-01
1.110000000000000000e+04 9.226571922794233327e-01
1.120000000000000000e+04 9.063408852116955350e-01
1.130000000000000000e+04 9.305060465860740537e-01
1.140000000000000000e+04 9.185764395183189102e-01
1.150000000000000000e+04 9.239292681926953854e-01
1.160000000000000000e+04 9.263832452840008447e-01
1.170000000000000000e+04 9.305545820392449041e-01
1.180000000000000000e+04 9.367781031701374328e-01
1.190000000000000000e+04 9.306111450819665176e-01
1.200000000000000000e+04 9.208564208217913105e-01
1.210000000000000000e+04 9.161210616846979793e-01
1.220000000000000000e+04 9.364509730565397927e-01
1.230000000000000000e+04 9.235540136248255871e-01
1.240000000000000000e+04 9.276396436394817036e-01
1.250000000000000000e+04 9.300706267395897342e-01
1.260000000000000000e+04 9.262270337642315443e-01
1.270000000000000000e+04 9.144515607803191948e-01
1.280000000000000000e+04 9.184018295497816675e-01
1.290000000000000000e+04 9.207295460912142682e-01
1.300000000000000000e+04 9.392825694912292356e-01
1.310000000000000000e+04 9.303471341685989326e-01
1.320000000000000000e+04 9.163216121204094122e-01
1.330000000000000000e+04 9.241542767218903220e-01
1.340000000000000000e+04 9.380598755951305989e-01
1.350000000000000000e+04 9.294304717624681800e-01
1.360000000000000000e+04 9.272658729561484847e-01
1.370000000000000000e+04 9.334558973745935573e-01
1.380000000000000000e+04 9.312225414585978411e-01
1.390000000000000000e+04 9.219833834740362999e-01
1.400000000000000000e+04 9.288253046074667063e-01
1.410000000000000000e+04 9.321405150401627093e-01
1.420000000000000000e+04 9.365310735253730146e-01
1.430000000000000000e+04 9.316202820602398349e-01
1.440000000000000000e+04 9.291977740541053077e-01
1.450000000000000000e+04 9.395891159927218794e-01
1.460000000000000000e+04 9.393546735941893377e-01
1.470000000000000000e+04 9.362026530772101784e-01
1.480000000000000000e+04 9.357504672178733607e-01
1.490000000000000000e+04 9.340791866497912821e-01
1.500000000000000000e+04 9.438226229461554873e-01
1.510000000000000000e+04 9.278139216738893191e-01
1.520000000000000000e+04 9.287086888957374331e-01
1.530000000000000000e+04 9.227534747278588467e-01
1.540000000000000000e+04 9.195071658464484265e-01
1.550000000000000000e+04 9.446755100026790197e-01
1.560000000000000000e+04 9.446437831297034293e-01
1.570000000000000000e+04 9.228078767040109875e-01
1.580000000000000000e+04 9.329394788326988985e-01
1.590000000000000000e+04 9.273095350120577063e-01
1.600000000000000000e+04 9.270370821299485087e-01
1.610000000000000000e+04 9.306999332452039475e-01
1.620000000000000000e+04 9.264448604707435919e-01
1.630000000000000000e+04 9.392814637174212722e-01
1.640000000000000000e+04 9.414969865741606991e-01
1.650000000000000000e+04 9.317546183489339162e-01
1.660000000000000000e+04 9.294920926006557949e-01
1.670000000000000000e+04 9.346185616914595151e-01
1.680000000000000000e+04 9.248640001968645441e-01
1.690000000000000000e+04 9.270339698078332580e-01
1.700000000000000000e+04 9.203749290804159600e-01
1.710000000000000000e+04 9.306804480441367433e-01
1.720000000000000000e+04 9.330827017329099693e-01
1.730000000000000000e+04 9.288596972825615694e-01
1.740000000000000000e+04 9.339234119693793357e-01
1.750000000000000000e+04 9.272875493561716365e-01
1.760000000000000000e+04 9.322322538510796619e-01
1.770000000000000000e+04 9.289612353570781966e-01
1.780000000000000000e+04 9.264360295844293880e-01
1.790000000000000000e+04 9.304361387718069754e-01
1.800000000000000000e+04 9.371320280255369672e-01
1.810000000000000000e+04 9.261721344686648649e-01
1.820000000000000000e+04 9.137280078302438824e-01
1.830000000000000000e+04 9.245679559095608679e-01
1.840000000000000000e+04 9.305895179022464214e-01
1.850000000000000000e+04 9.331545111939743009e-01
1.860000000000000000e+04 9.538044734554341764e-01
1.870000000000000000e+04 9.375893906747611029e-01
1.880000000000000000e+04 9.177501444402089703e-01
1.890000000000000000e+04 9.301465782204855204e-01
1.900000000000000000e+04 9.378574325672320855e-01
1.910000000000000000e+04 9.163836502009933271e-01
1.920000000000000000e+04 9.327541111514541239e-01
1.930000000000000000e+04 9.348380871524994973e-01
1.940000000000000000e+04 9.389943626029580992e-01
1.950000000000000000e+04 9.424181343991284709e-01
1.960000000000000000e+04 9.259166190142343877e-01
1.970000000000000000e+04 9.314473447538553774e-01
1.980000000000000000e+04 9.393687414866842555e-01
1.990000000000000000e+04 9.360199944569694841e-01
2.000000000000000000e+04 9.425153636456959916e-01
2.010000000000000000e+04 9.325028515862989753e-01
2.020000000000000000e+04 9.334334039232964342e-01
2.030000000000000000e+04 9.420331729305526647e-01
2.040000000000000000e+04 9.306632925498955489e-01
2.050000000000000000e+04 9.260211765676422679e-01
2.060000000000000000e+04 9.303029100968169818e-01
2.070000000000000000e+04 9.265385677795439090e-01
2.080000000000000000e+04 9.203241680458604801e-01
2.090000000000000000e+04 9.287765167566376379e-01
2.100000000000000000e+04 9.125849979437714588e-01
2.110000000000000000e+04 9.311323608787263062e-01
2.120000000000000000e+04 9.382939143995969733e-01
2.130000000000000000e+04 9.417653030618007293e-01
2.140000000000000000e+04 9.314676928028433611e-01
2.150000000000000000e+04 9.410634623094801254e-01
2.160000000000000000e+04 9.277255295712163452e-01
2.170000000000000000e+04 9.259102044600650006e-01
2.180000000000000000e+04 9.353699189357268517e-01
2.190000000000000000e+04 9.310366472840863050e-01
2.200000000000000000e+04 9.224776880521793343e-01
2.210000000000000000e+04 9.413281888752187410e-01
2.220000000000000000e+04 9.188264469322803274e-01
2.230000000000000000e+04 9.201784295154457061e-01
2.240000000000000000e+04 9.364668787513379389e-01
2.250000000000000000e+04 9.440359985670906395e-01
2.260000000000000000e+04 9.403728195071930918e-01
2.270000000000000000e+04 9.330317337822336965e-01
2.280000000000000000e+04 9.316925447230385293e-01
2.290000000000000000e+04 9.248711920688511556e-01
2.300000000000000000e+04 9.393666705404748463e-01
2.310000000000000000e+04 9.444091751300822679e-01
2.320000000000000000e+04 9.222347468748118837e-01
2.330000000000000000e+04 9.342047916699807164e-01
2.340000000000000000e+04 9.320191722063054796e-01
2.350000000000000000e+04 9.390780189038143710e-01
2.360000000000000000e+04 9.439583832390723295e-01
2.370000000000000000e+04 9.277838186213061000e-01
2.380000000000000000e+04 9.501847937169349834e-01
2.390000000000000000e+04 9.459524949554756201e-01
2.400000000000000000e+04 9.327553683730507306e-01
2.410000000000000000e+04 9.277812925966553159e-01
2.420000000000000000e+04 9.312695678827143109e-01
2.430000000000000000e+04 9.472891289641367507e-01
2.440000000000000000e+04 9.358137872781444599e-01
2.450000000000000000e+04 9.293786885520962660e-01
2.460000000000000000e+04 9.312238405921668960e-01
2.470000000000000000e+04 9.352503917838751457e-01
2.480000000000000000e+04 9.419705765372732298e-01
2.490000000000000000e+04 9.387528356212613279e-01
2.500000000000000000e+04 9.249842085436648098e-01
2.510000000000000000e+04 9.164223898938381740e-01
2.520000000000000000e+04 9.307967018749168098e-01
2.530000000000000000e+04 9.285469111361633887e-01
2.540000000000000000e+04 9.399480723542710248e-01
2.550000000000000000e+04 9.381315972105730427e-01
2.560000000000000000e+04 9.442565696379667806e-01
2.570000000000000000e+04 9.358356530929484718e-01
2.580000000000000000e+04 9.370931597639928778e-01
2.590000000000000000e+04 9.280469044472660078e-01
2.600000000000000000e+04 9.410613844011246343e-01
2.610000000000000000e+04 9.257261243219535585e-01
2.620000000000000000e+04 9.471515067909868080e-01
2.630000000000000000e+04 9.331543690185670759e-01
2.640000000000000000e+04 9.468782887867421838e-01
2.650000000000000000e+04 9.340440550189209601e-01
2.660000000000000000e+04 9.321113027828873410e-01
2.670000000000000000e+04 9.371918769931212312e-01
2.680000000000000000e+04 9.418251903430812089e-01
2.690000000000000000e+04 9.388330039621893830e-01
2.700000000000000000e+04 9.367853048576715302e-01
2.710000000000000000e+04 9.498157010611680828e-01
2.720000000000000000e+04 9.398749877546015430e-01
2.730000000000000000e+04 9.358860631918188844e-01
2.740000000000000000e+04 9.320850763350088108e-01
2.750000000000000000e+04 9.316193292053064345e-01
2.760000000000000000e+04 9.332080128643088779e-01
2.770000000000000000e+04 9.473036786581110480e-01
2.780000000000000000e+04 9.336256222365129087e-01
2.790000000000000000e+04 9.391713838714002005e-01
2.800000000000000000e+04 9.434283428830140261e-01
2.810000000000000000e+04 9.329799221567784961e-01
2.820000000000000000e+04 9.303191961626536832e-01
2.830000000000000000e+04 9.409293078164620017e-01
2.840000000000000000e+04 9.482757119749184449e-01
2.850000000000000000e+04 9.474051604811695171e-01
2.860000000000000000e+04 9.480404006292509900e-01
2.870000000000000000e+04 9.334533133670320781e-01
2.880000000000000000e+04 9.281655097809109467e-01
2.890000000000000000e+04 9.445879720221042053e-01
2.900000000000000000e+04 9.445121410099965864e-01
2.910000000000000000e+04 9.490826183793638071e-01
2.920000000000000000e+04 9.325152916625448762e-01
2.930000000000000000e+04 9.367785402757936586e-01
2.940000000000000000e+04 9.278012885309826485e-01
2.950000000000000000e+04 9.300749428480273862e-01
2.960000000000000000e+04 9.298974684623541043e-01
2.970000000000000000e+04 9.383693855209110923e-01
2.980000000000000000e+04 9.302314635561944600e-01
2.990000000000000000e+04 9.277214127011954581e-01
3.000000000000000000e+04 9.434368057770013971e-01
