0.000000000000000000e+00 4.651040000000000174e-01
1.000000000000000000e+02 3.409400000000000208e-01
2.000000000000000000e+02 4.466519999999999935e-01
3.000000000000000000e+02 5.112719999999999487e-01
4.000000000000000000e+02 5.470279999999999587e-01
5.000000000000000000e+02 5.644879999999999898e-01
6.000000000000000000e+02 5.892479999999999940e-01
7.000000000000000000e+02 6.196720000000000006e-01
8.000000000000000000e+02 6.458479999999999777e-01
9.000000000000000000e+02 6.459719999999999906e-01
1.000000000000000000e+03 6.590679999999999872e-01
1.100000000000000000e+03 6.892319999999999558e-01
1.200000000000000000e+03 6.844359999999999333e-01
1.300000000000000000e+03 7.175759999999999916e-01
1.400000000000000000e+03 6.877519999999999190e-01
1.500000000000000000e+03 7.093120000000000536e-01
1.600000000000000000e+03 7.199880000000000724e-01
1.700000000000000000e+03 7.425960000000000338e-01
1.800000000000000000e+03 7.389319999999999222e-01
1.900000000000000000e+03 7.590760000000000840e-01
2.000000000000000000e+03 7.708960000000000257e-01
2.100000000000000000e+03 7.489279999999999271e-01
2.200000000000000000e+03 7.579000000000000181e-01
2.300000000000000000e+03 7.870759999999998868e-01
2.400000000000000000e+03 7.922199999999999243e-01
2.500000000000000000e+03 7.692200000000000149e-01
2.600000000000000000e+03 7.694119999999999848e-01
2.700000000000000000e+03 7.872839999999998728e-01
2.800000000000000000e+03 7.974280000000000257e-01
2.900000000000000000e+03 8.026800000000000601e-01
3.000000000000000000e+03 7.900399999999999645e-01
3.100000000000000000e+03 7.829120000000000523e-01
3.200000000000000000e+03 7.889319999999999666e-01
3.300000000000000000e+03 8.227759999999999518e-01
3.400000000000000000e+03 7.952559999999999629e-01
3.500000000000000000e+03 8.165040000000001186e-01
3.600000000000000000e+03 7.979200000000000736e-01
3.700000000000000000e+03 8.157440000000000246e-01
3.800000000000000000e+03 8.252319999999999656e-01
3.900000000000000000e+03 8.262200000000001765e-01
4.000000000000000000e+03 8.170479999999999965e-01
4.100000000000000000e+03 8.068759999999999266e-01
4.200000000000000000e+03 8.295479999999999521e-01
4.300000000000000000e+03 8.427999999999998826e-01
4.400000000000000000e+03 8.379479999999999151e-01
4.500000000000000000e+03 8.466200000000001502e-01
4.600000000000000000e+03 8.272880000000001344e-01
4.700000000000000000e+03 8.477239999999999220e-01
4.800000000000000000e+03 8.266320000000000334e-01
4.900000000000000000e+03 8.471759999999999291e-01
5.000000000000000000e+03 8.572359999999998870e-01
5.100000000000000000e+03 8.532999999999999474e-01
5.200000000000000000e+03 8.626040000000000374e-01
5.300000000000000000e+03 8.751160000000000050e-01
5.400000000000000000e+03 8.729759999999999742e-01
5.500000000000000000e+03 8.548759999999999692e-01
5.600000000000000000e+03 8.553839999999999222e-01
5.700000000000000000e+03 8.451239999999999863e-01
5.800000000000000000e+03 8.658799999999999830e-01
5.900000000000000000e+03 8.676239999999999508e-01
6.000000000000000000e+03 8.907720000000001193e-01
6.100000000000000000e+03 8.717119999999999314e-01
6.200000000000000000e+03 8.784920000000000506e-01
6.300000000000000000e+03 8.877680000000000016e-01
6.400000000000000000e+03 8.780519999999999436e-01
6.500000000000000000e+03 8.989919999999999023e-01
6.600000000000000000e+03 8.799379999999998869e-01
6.700000000000000000e+03 8.794679999999999165e-01
6.800000000000000000e+03 8.880399999999999405e-01
6.900000000000000000e+03 8.768839999999998858e-01
7.000000000000000000e+03 8.924079999999998680e-01
7.100000000000000000e+03 8.867399999999999727e-01
7.200000000000000000e+03 9.034560000000000368e-01
7.300000000000000000e+03 8.871559999999999446e-01
7.400000000000000000e+03 9.064839999999999565e-01
7.500000000000000000e+03 9.050200000000000466e-01
7.600000000000000000e+03 8.950880000000001058e-01
7.700000000000000000e+03 9.028919999999999169e-01
7.800000000000000000e+03 9.014399999999999080e-01
7.900000000000000000e+03 9.127039999999999598e-01
8.000000000000000000e+03 9.097720000000000251e-01
8.100000000000000000e+03 8.973960000000000825e-01
8.200000000000000000e+03 8.962160000000001236e-01
8.300000000000000000e+03 9.118639999999998969e-01
8.400000000000000000e+03 8.864519999999999067e-01
8.500000000000000000e+03 9.006639999999999091e-01
8.600000000000000000e+03 9.061719999999999775e-01
8.700000000000000000e+03 9.061799999999999855e-01
8.800000000000000000e+03 9.194320000000000270e-01
8.900000000000000000e+03 9.179399999999999782e-01
9.000000000000000000e+03 9.123799999999999688e-01
9.100000000000000000e+03 9.016679999999999140e-01
9.200000000000000000e+03 9.006279999999999841e-01
9.300000000000000000e+03 9.141639999999999766e-01
9.400000000000000000e+03 9.033639999999998338e-01
9.500000000000000000e+03 9.058399999999999785e-01
9.600000000000000000e+03 9.091199999999999282e-01
9.700000000000000000e+03 8.969560000000000866e-01
9.800000000000000000e+03 9.258999999999999453e-01
9.900000000000000000e+03 9.053200000000000136e-01
1.000000000000000000e+04 8.993839999999999613e-01
1.010000000000000000e+04 9.268520000000000092e-01
1.020000000000000000e+04 9.102320000000000411e-01
1.030000000000000000e+04 9.106160000000000920e-01
1.040000000000000000e+04 9.140440000000000786e-01
1.050000000000000000e+04 8.973919999999999675e-01
1.060000000000000000e+04 9.209119999999999528e-01
1.070000000000000000e+04 9.138079999999999536e-01
1.080000000000000000e+04 9.093960000000000932e-01
1.090000000000000000e+04 9.057719999999999105e-01
1.100000000000000000e+04 9.124439999999998108e-01
1.110000000000000000e+04 9.164399999999998103e-01
1.120000000000000000e+04 9.013679999999999470e-01
1.130000000000000000e+04 9.211999999999999078e-01
1.140000000000000000e+04 9.073560000000000514e-01
1.150000000000000000e+04 9.170319999999999583e-01
1.160000000000000000e+04 9.194320000000000270e-01
1.170000000000000000e+04 9.259800000000000253e-01
1.180000000000000000e+04 9.344319999999999293e-01
1.190000000000000000e+04 9.251679999999999904e-01
1.200000000000000000e+04 9.166159999999999863e-01
1.210000000000000000e+04 9.133839999999999737e-01
1.220000000000000000e+04 9.312479999999999647e-01
1.230000000000000000e+04 9.190960000000000241e-01
1.240000000000000000e+04 9.201319999999999499e-01
1.250000000000000000e+04 9.235160000000000036e-01
1.260000000000000000e+04 9.175719999999998322e-01
1.270000000000000000e+04 9.034359999999999058e-01
1.280000000000000000e+04 9.126160000000000938e-01
1.290000000000000000e+04 9.220080000000000497e-01
1.300000000000000000e+04 9.338600000000000234e-01
1.310000000000000000e+04 9.267320000000000002e-01
1.320000000000000000e+04 9.089679999999999982e-01
1.330000000000000000e+04 9.189879999999999161e-01
1.340000000000000000e+04 9.307999999999999607e-01
1.350000000000000000e+04 9.238599999999999035e-01
1.360000000000000000e+04 9.201719999999998789e-01
1.370000000000000000e+04 9.286079999999999890e-01
1.380000000000000000e+04 9.268159999999998622e-01
1.390000000000000000e+04 9.140519999999999756e-01
1.400000000000000000e+04 9.189800000000000191e-01
1.410000000000000000e+04 9.239599999999998925e-01
1.420000000000000000e+04 9.313000000000001277e-01
1.430000000000000000e+04 9.266840000000000632e-01
1.440000000000000000e+04 9.280040000000000511e-01
1.450000000000000000e+04 9.336720000000000574e-01
1.460000000000000000e+04 9.349279999999999813e-01
1.470000000000000000e+04 9.277880000000000571e-01
1.480000000000000000e+04 9.276440000000000241e-01
1.490000000000000000e+04 9.255039999999998823e-01
1.500000000000000000e+04 9.396119999999998917e-01
1.510000000000000000e+04 9.257600000000000273e-01
1.520000000000000000e+04 9.228720000000000256e-01
1.530000000000000000e+04 9.186280000000000001e-01
1.540000000000000000e+04 9.195879999999999610e-01
1.550000000000000000e+04 9.387999999999998568e-01
1.560000000000000000e+04 9.398720000000000407e-01
1.570000000000000000e+04 9.196679999999999300e-01
1.580000000000000000e+04 9.256999999999999673e-01
1.590000000000000000e+04 9.202799999999998759e-01
1.600000000000000000e+04 9.256039999999999823e-01
1.610000000000000000e+04 9.292599999999999749e-01
1.620000000000000000e+04 9.193799999999999750e-01
1.630000000000000000e+04 9.306360000000000188e-01
1.640000000000000000e+04 9.394480000000000608e-01
1.650000000000000000e+04 9.281919999999999060e-01
1.660000000000000000e+04 9.222319999999998297e-01
1.670000000000000000e+04 9.276720000000000521e-01
1.680000000000000000e+04 9.192480000000000651e-01
1.690000000000000000e+04 9.221359999999999557e-01
1.700000000000000000e+04 9.172879999999999923e-01
1.710000000000000000e+04 9.193919999999999870e-01
1.720000000000000000e+04 9.302199999999999358e-01
1.730000000000000000e+04 9.277800000000000491e-01
1.740000000000000000e+04 9.270880000000000232e-01
1.750000000000000000e+04 9.190439999999999721e-01
1.760000000000000000e+04 9.242760000000000975e-01
1.770000000000000000e+04 9.251720000000001054e-01
1.780000000000000000e+04 9.166680000000000383e-01
1.790000000000000000e+04 9.256920000000000703e-01
1.800000000000000000e+04 9.324479999999999436e-01
1.810000000000000000e+04 9.178239999999999732e-01
1.820000000000000000e+04 9.079840000000001243e-01
1.830000000000000000e+04 9.215919999999999668e-01
1.840000000000000000e+04 9.222759999999999847e-01
1.850000000000000000e+04 9.212919999999999998e-01
1.860000000000000000e+04 9.485040000000000138e-01
1.870000000000000000e+04 9.370240000000000791e-01
1.880000000000000000e+04 9.149039999999999395e-01
1.890000000000000000e+04 9.243080000000000185e-01
1.900000000000000000e+04 9.350079999999999503e-01
1.910000000000000000e+04 9.090080000000000382e-01
1.920000000000000000e+04 9.267000000000000792e-01
1.930000000000000000e+04 9.296400000000000219e-01
1.940000000000000000e+04 9.279879999999999241e-01
1.950000000000000000e+04 9.368080000000000851e-01
1.960000000000000000e+04 9.205560000000000409e-01
1.970000000000000000e+04 9.219559999999999977e-01
1.980000000000000000e+04 9.326280000000000125e-01
1.990000000000000000e+04 9.293479999999999519e-01
2.000000000000000000e+04 9.365800000000000791e-01
2.010000000000000000e+04 9.266079999999998762e-01
2.020000000000000000e+04 9.307079999999998687e-01
2.030000000000000000e+04 9.371160000000000601e-01
2.040000000000000000e+04 9.235160000000001146e-01
2.050000000000000000e+04 9.211759999999999948e-01
2.060000000000000000e+04 9.234720000000000706e-01
2.070000000000000000e+04 9.202559999999999629e-01
2.080000000000000000e+04 9.130719999999998837e-01
2.090000000000000000e+04 9.245759999999998424e-01
2.100000000000000000e+04 9.130640000000000978e-01
2.110000000000000000e+04 9.238960000000000505e-01
2.120000000000000000e+04 9.346519999999999273e-01
2.130000000000000000e+04 9.362039999999998141e-01
2.140000000000000000e+04 9.263040000000000163e-01
2.150000000000000000e+04 9.291559999999999819e-01
2.160000000000000000e+04 9.252480000000000704e-01
2.170000000000000000e+04 9.159800000000000164e-01
2.180000000000000000e+04 9.321219999999998951e-01
2.190000000000000000e+04 9.263839999999998742e-01
2.200000000000000000e+04 9.145359999999999046e-01
2.210000000000000000e+04 9.333040000000000225e-01
2.220000000000000000e+04 9.097800000000000331e-01
2.230000000000000000e+04 9.295080000000000009e-01
2.240000000000000000e+04 9.368600000000000261e-01
2.250000000000000000e+04 9.379199999999999759e-01
2.260000000000000000e+04 9.344719999999998583e-01
2.270000000000000000e+04 9.280599999999998850e-01
2.280000000000000000e+04 9.229680000000000106e-01
2.290000000000000000e+04 9.159160000000000634e-01
2.300000000000000000e+04 9.370680000000000121e-01
2.310000000000000000e+04 9.373439999999999550e-01
2.320000000000000000e+04 9.187920000000000531e-01
2.330000000000000000e+04 9.285440000000000360e-01
2.340000000000000000e+04 9.274079999999998991e-01
2.350000000000000000e+04 9.349399999999998823e-01
2.360000000000000000e+04 9.385559999999999459e-01
2.370000000000000000e+04 9.236839999999999495e-01
2.380000000000000000e+04 9.437959999999999683e-01
2.390000000000000000e+04 9.376279999999999060e-01
2.400000000000000000e+04 9.297120000000000939e-01
2.410000000000000000e+04 9.232080000000000286e-01
2.420000000000000000e+04 9.292039999999999189e-01
2.430000000000000000e+04 9.411039999999999406e-01
2.440000000000000000e+04 9.274160000000000181e-01
2.450000000000000000e+04 9.279040000000000621e-01
2.460000000000000000e+04 9.214240000000000208e-01
2.470000000000000000e+04 9.307559999999999167e-01
2.480000000000000000e+04 9.385919999999999819e-01
2.490000000000000000e+04 9.332999999999999075e-01
2.500000000000000000e+04 9.197400000000000020e-01
2.510000000000000000e+04 9.133720000000000727e-01
2.520000000000000000e+04 9.236159999999999926e-01
2.530000000000000000e+04 9.213919999999999888e-01
2.540000000000000000e+04 9.370120000000000671e-01
2.550000000000000000e+04 9.283679999999999710e-01
2.560000000000000000e+04 9.407479999999999176e-01
2.570000000000000000e+04 9.282320000000000570e-01
2.580000000000000000e+04 9.279760000000000231e-01
2.590000000000000000e+04 9.199640000000000040e-01
2.600000000000000000e+04 9.349319999999999853e-01
2.610000000000000000e+04 9.222879999999999967e-01
2.620000000000000000e+04 9.442039999999999322e-01
2.630000000000000000e+04 9.293359999999999399e-01
2.640000000000000000e+04 9.411119999999999486e-01
2.650000000000000000e+04 9.294879999999999809e-01
2.660000000000000000e+04 9.247079999999999744e-01
2.670000000000000000e+04 9.354480000000000572e-01
2.680000000000000000e+04 9.343159999999999243e-01
2.690000000000000000e+04 9.325600000000000556e-01
2.700000000000000000e+04 9.277079999999999771e-01
2.710000000000000000e+04 9.463159999999999350e-01
2.720000000000000000e+04 9.320920000000000316e-01
2.730000000000000000e+04 9.307399999999999007e-01
2.740000000000000000e+04 9.245639999999999414e-01
2.750000000000000000e+04 9.228319999999999856e-01
2.760000000000000000e+04 9.289240000000000830e-01
2.770000000000000000e+04 9.402239999999999487e-01
2.780000000000000000e+04 9.273559999999999581e-01
2.790000000000000000e+04 9.321439999999999726e-01
2.800000000000000000e+04 9.357480000000000242e-01
2.810000000000000000e+04 9.258239999999999803e-01
2.820000000000000000e+04 9.241039999999999255e-01
2.830000000000000000e+04 9.356439999999999202e-01
2.840000000000000000e+04 9.442599999999999882e-01
2.850000000000000000e+04 9.407280000000001197e-01
2.860000000000000000e+04 9.418639999999998125e-01
2.870000000000000000e+04 9.236639999999998185e-01
2.880000000000000000e+04 9.220239999999999547e-01
2.890000000000000000e+04 9.384080000000000199e-01
2.900000000000000000e+04 9.398799999999999377e-01
2.910000000000000000e+04 9.425800000000000844e-01
2.920000000000000000e+04 9.238640000000000185e-01
2.930000000000000000e+04 9.293039999999999079e-01
2.940000000000000000e+04 9.184280000000000221e-01
2.950000000000000000e+04 9.281480000000000841e-01
2.960000000000000000e+04 9.288720000000000310e-01
2.970000000000000000e+04 9.348159999999999803e-01
2.980000000000000000e+04 9.260199999999999543e-01
2.990000000000000000e+04 9.240639999999999965e-01
3.000000000000000000e+04 9.383799999999998809e-01
