0.000000000000000000e+00 5.301693266308309394e-01
1.000000000000000000e+02 4.093730746254197750e-01
2.000000000000000000e+02 4.457967530055597094e-01
3.000000000000000000e+02 5.032896836139192365e-01
4.000000000000000000e+02 5.369385758216915772e-01
5.000000000000000000e+02 5.974326660153108648e-01
6.000000000000000000e+02 6.596218871323403787e-01
7.000000000000000000e+02 6.602159944301229100e-01
8.000000000000000000e+02 6.927767563221941538e-01
9.000000000000000000e+02 7.019451731855884669e-01
1.000000000000000000e+03 7.340219041781845810e-01
1.100000000000000000e+03 7.266484046113161899e-01
1.200000000000000000e+03 7.646177030022267562e-01
1.300000000000000000e+03 7.309169575374625527e-01
1.400000000000000000e+03 7.405125266766723335e-01
1.500000000000000000e+03 7.210346250342303254e-01
1.600000000000000000e+03 7.330865294256604381e-01
1.700000000000000000e+03 7.587380216988285353e-01
1.800000000000000000e+03 7.688503008379499182e-01
1.900000000000000000e+03 7.619084745678464943e-01
2.000000000000000000e+03 7.576634222909620631e-01
2.100000000000000000e+03 7.537642086891492843e-01
2.200000000000000000e+03 7.623983608164441872e-01
2.300000000000000000e+03 7.702540640956037077e-01
2.400000000000000000e+03 7.881914621595700332e-01
2.500000000000000000e+03 8.076279006431428265e-01
2.600000000000000000e+03 7.725333879625648770e-01
2.700000000000000000e+03 8.171365945780075801e-01
2.800000000000000000e+03 8.116412543277740088e-01
2.900000000000000000e+03 8.215892268198123904e-01
3.000000000000000000e+03 7.998179268645657647e-01
3.100000000000000000e+03 7.925220905478482791e-01
3.200000000000000000e+03 8.183452666743284976e-01
3.300000000000000000e+03 8.267573642091582409e-01
3.400000000000000000e+03 8.249091812273283697e-01
3.500000000000000000e+03 8.433337030169345550e-01
3.600000000000000000e+03 8.166482101692028595e-01
3.700000000000000000e+03 8.535050976353361074e-01
3.800000000000000000e+03 8.248293556479044941e-01
3.900000000000000000e+03 8.081557980652289697e-01
4.000000000000000000e+03 8.477853608688173948e-01
4.100000000000000000e+03 8.476419518664852770e-01
4.200000000000000000e+03 8.267646139395632421e-01
4.300000000000000000e+03 8.433141237783466915e-01
4.400000000000000000e+03 8.401866170815227575e-01
4.500000000000000000e+03 8.523828408141880253e-01
4.600000000000000000e+03 8.359388128328175682e-01
4.700000000000000000e+03 8.636851664121240058e-01
4.800000000000000000e+03 8.426430588432779478e-01
4.900000000000000000e+03 8.424261426170160938e-01
5.000000000000000000e+03 8.404502318530427951e-01
5.100000000000000000e+03 8.560790742351966909e-01
5.200000000000000000e+03 8.659036895644944831e-01
5.300000000000000000e+03 8.386598918689007753e-01
5.400000000000000000e+03 8.751314204793062546e-01
5.500000000000000000e+03 8.609756197633279262e-01
5.600000000000000000e+03 8.450483920678431016e-01
5.700000000000000000e+03 8.371501481416653290e-01
5.800000000000000000e+03 8.365998404731962435e-01
5.900000000000000000e+03 8.429171032752275083e-01
6.000000000000000000e+03 8.374465924966819630e-01
6.100000000000000000e+03 8.612757321609705308e-01
6.200000000000000000e+03 8.439206060601600612e-01
6.300000000000000000e+03 8.765738015568300678e-01
6.400000000000000000e+03 8.657953407791629807e-01
6.500000000000000000e+03 8.703967397432148534e-01
6.600000000000000000e+03 8.674434974250399000e-01
6.700000000000000000e+03 8.766837666957840725e-01
6.800000000000000000e+03 8.484494219173367435e-01
6.900000000000000000e+03 8.622725655410956591e-01
7.000000000000000000e+03 8.738575797942960133e-01
7.100000000000000000e+03 8.590562543072457480e-01
7.200000000000000000e+03 8.751937751756394546e-01
7.300000000000000000e+03 8.648632149651606094e-01
7.400000000000000000e+03 8.647244740328456913e-01
7.500000000000000000e+03 8.622441309050411506e-01
7.600000000000000000e+03 8.500004078146597974e-01
7.700000000000000000e+03 8.737497202343613711e-01
7.800000000000000000e+03 8.705849592322458808e-01
7.900000000000000000e+03 8.627841207752250385e-01
8.000000000000000000e+03 8.617503123297636236e-01
8.100000000000000000e+03 8.779489898990695540e-01
8.200000000000000000e+03 8.850663716736041353e-01
8.300000000000000000e+03 8.875893302254604933e-01
8.400000000000000000e+03 8.672621539598523999e-01
8.500000000000000000e+03 8.784208931220276462e-01
8.600000000000000000e+03 8.661095942764143185e-01
8.700000000000000000e+03 8.791586918411584683e-01
8.800000000000000000e+03 8.796590611685473071e-01
8.900000000000000000e+03 8.767890822763017011e-01
9.000000000000000000e+03 8.711150320064904307e-01
9.100000000000000000e+03 8.804695109650714224e-01
9.200000000000000000e+03 8.787447481533234850e-01
9.300000000000000000e+03 8.867937854731300362e-01
9.400000000000000000e+03 8.897685309043886770e-01
9.500000000000000000e+03 8.828182140072848849e-01
9.600000000000000000e+03 8.903001664558390926e-01
9.700000000000000000e+03 8.895201119344262608e-01
9.800000000000000000e+03 8.759076313230222954e-01
9.900000000000000000e+03 8.564649163240305452e-01
1.000000000000000000e+04 8.787757646955742796e-01
1.010000000000000000e+04 8.978923015293978072e-01
1.020000000000000000e+04 8.637402315786060214e-01
1.030000000000000000e+04 8.931608861453110837e-01
1.040000000000000000e+04 8.993624029728315428e-01
1.050000000000000000e+04 9.047027678469121703e-01
1.060000000000000000e+04 8.827076239130976498e-01
1.070000000000000000e+04 8.763095808011983623e-01
1.080000000000000000e+04 8.875185476110275529e-01
1.090000000000000000e+04 8.783013871012659290e-01
1.100000000000000000e+04 8.921699180010566055e-01
1.110000000000000000e+04 8.802875721093421646e-01
1.120000000000000000e+04 8.931268833683514430e-01
1.130000000000000000e+04 8.980986915851254526e-01
1.140000000000000000e+04 8.814584528941793451e-01
1.150000000000000000e+04 8.860990099247392227e-01
1.160000000000000000e+04 9.079735238302834022e-01
1.170000000000000000e+04 8.852003714494456332e-01
1.180000000000000000e+04 8.928626876226636311e-01
1.190000000000000000e+04 8.985810636947937358e-01
1.200000000000000000e+04 8.956828366672187069e-01
1.210000000000000000e+04 8.744912856034827708e-01
1.220000000000000000e+04 8.996817664537372083e-01
1.230000000000000000e+04 9.098181560705879134e-01
1.240000000000000000e+04 8.900281979318462877e-01
1.250000000000000000e+04 8.985414425549760331e-01
1.260000000000000000e+04 8.942110305518076174e-01
1.270000000000000000e+04 8.859158439880400193e-01
1.280000000000000000e+04 8.977497491658414930e-01
1.290000000000000000e+04 8.800479576056933206e-01
1.300000000000000000e+04 9.051146752789052119e-01
1.310000000000000000e+04 8.857741312201751205e-01
1.320000000000000000e+04 8.808211430741375025e-01
1.330000000000000000e+04 8.901963551002289865e-01
1.340000000000000000e+04 8.937561111371389311e-01
1.350000000000000000e+04 9.009181512219845978e-01
1.360000000000000000e+04 8.908465038107316047e-01
1.370000000000000000e+04 8.774041783957819973e-01
1.380000000000000000e+04 9.000287738921649572e-01
1.390000000000000000e+04 8.920954597536268071e-01
1.400000000000000000e+04 8.877939863948446364e-01
1.410000000000000000e+04 8.908882558694249942e-01
1.420000000000000000e+04 8.950810378100992892e-01
1.430000000000000000e+04 8.996281755799463431e-01
1.440000000000000000e+04 8.624237116328821173e-01
1.450000000000000000e+04 8.837569731640454451e-01
1.460000000000000000e+04 8.948881302138821381e-01
1.470000000000000000e+04 8.948298878307012760e-01
1.480000000000000000e+04 9.063804367378506255e-01
1.490000000000000000e+04 8.921294220014488463e-01
1.500000000000000000e+04 8.930078136251384802e-01
1.510000000000000000e+04 8.892774043372533299e-01
1.520000000000000000e+04 9.019616407681180226e-01
1.530000000000000000e+04 8.988276594453591395e-01
1.540000000000000000e+04 8.922582457842884729e-01
1.550000000000000000e+04 8.976800883436978351e-01
1.560000000000000000e+04 8.995754181790731607e-01
1.570000000000000000e+04 8.793999424621332661e-01
1.580000000000000000e+04 8.945902975305957128e-01
1.590000000000000000e+04 8.923013756066864310e-01
1.600000000000000000e+04 8.995692471397405132e-01
1.610000000000000000e+04 8.790739256681654457e-01
1.620000000000000000e+04 9.133898787056702329e-01
1.630000000000000000e+04 8.938239337801650031e-01
1.640000000000000000e+04 8.939058762556962856e-01
1.650000000000000000e+04 8.980943832389216563e-01
1.660000000000000000e+04 8.773805794171128936e-01
1.670000000000000000e+04 9.128832264203947666e-01
1.680000000000000000e+04 9.020875599503755948e-01
1.690000000000000000e+04 9.096668480771725740e-01
1.700000000000000000e+04 8.866564368248636141e-01
1.710000000000000000e+04 9.036805272647094878e-01
1.720000000000000000e+04 8.967144800820184836e-01
1.730000000000000000e+04 8.890811854545789261e-01
1.740000000000000000e+04 9.082532825887712491e-01
1.750000000000000000e+04 8.983404052643387816e-01
1.760000000000000000e+04 8.739839101691496692e-01
1.770000000000000000e+04 9.073629737942229267e-01
1.780000000000000000e+04 8.959853715329142432e-01
1.790000000000000000e+04 8.864919850269437074e-01
1.800000000000000000e+04 8.930129173695906530e-01
1.810000000000000000e+04 8.956032688069189840e-01
1.820000000000000000e+04 9.055194647405777619e-01
1.830000000000000000e+04 8.841326105870505048e-01
1.840000000000000000e+04 9.073473559210412098e-01
1.850000000000000000e+04 9.067835033629226826e-01
1.860000000000000000e+04 9.056365726766831825e-01
1.870000000000000000e+04 9.085959826419556240e-01
1.880000000000000000e+04 9.027549265964902592e-01
1.890000000000000000e+04 8.991724674903145420e-01
1.900000000000000000e+04 9.124941524393435088e-01
1.910000000000000000e+04 9.079697655510270415e-01
1.920000000000000000e+04 8.979689685501432983e-01
1.930000000000000000e+04 9.031209078264293977e-01
1.940000000000000000e+04 8.948043660060300830e-01
1.950000000000000000e+04 9.040147279791449497e-01
1.960000000000000000e+04 9.005829025647950070e-01
1.970000000000000000e+04 9.043385603940850004e-01
1.980000000000000000e+04 9.084859764012167549e-01
1.990000000000000000e+04 9.130930329556472547e-01
2.000000000000000000e+04 9.038666167620355019e-01
2.010000000000000000e+04 9.017977271460400068e-01
2.020000000000000000e+04 9.191346504856245936e-01
2.030000000000000000e+04 9.147831464298969983e-01
2.040000000000000000e+04 9.130474485248328831e-01
2.050000000000000000e+04 9.001863572655304235e-01
2.060000000000000000e+04 9.060951824624938755e-01
2.070000000000000000e+04 9.041502288430038892e-01
2.080000000000000000e+04 8.928462332593984918e-01
2.090000000000000000e+04 8.968458433527364271e-01
2.100000000000000000e+04 8.832958351747957071e-01
2.110000000000000000e+04 9.115839957709002128e-01
2.120000000000000000e+04 9.092014582314666971e-01
2.130000000000000000e+04 9.090183975515462311e-01
2.140000000000000000e+04 9.026065804447755969e-01
2.150000000000000000e+04 9.061275031927293888e-01
2.160000000000000000e+04 9.112248112500906938e-01
2.170000000000000000e+04 9.005073249268952251e-01
2.180000000000000000e+04 8.969874801830322042e-01
2.190000000000000000e+04 8.980256727944619932e-01
2.200000000000000000e+04 9.126153738319647823e-01
2.210000000000000000e+04 8.967300315051554005e-01
2.220000000000000000e+04 9.018295209019756564e-01
2.230000000000000000e+04 8.818871105156237400e-01
2.240000000000000000e+04 9.263900034254908267e-01
2.250000000000000000e+04 9.224495569621601332e-01
2.260000000000000000e+04 9.087874233829549286e-01
2.270000000000000000e+04 9.075507408145810917e-01
2.280000000000000000e+04 9.082811617781403335e-01
2.290000000000000000e+04 9.208500275175994787e-01
2.300000000000000000e+04 9.151016530856787012e-01
2.310000000000000000e+04 8.963073001968400177e-01
2.320000000000000000e+04 8.969499506836640101e-01
2.330000000000000000e+04 9.039832651012285059e-01
2.340000000000000000e+04 8.875315409393887967e-01
2.350000000000000000e+04 8.967223495942060474e-01
2.360000000000000000e+04 9.209101955718560495e-01
2.370000000000000000e+04 9.134509513189916774e-01
2.380000000000000000e+04 9.146685292918109722e-01
2.390000000000000000e+04 9.191910299420590347e-01
2.400000000000000000e+04 9.202478812182316448e-01
2.410000000000000000e+04 8.934705400103574169e-01
2.420000000000000000e+04 9.003202812559527590e-01
2.430000000000000000e+04 9.011247741309894588e-01
2.440000000000000000e+04 8.988546033536922719e-01
2.450000000000000000e+04 9.060370752066881916e-01
2.460000000000000000e+04 9.014166682690861743e-01
2.470000000000000000e+04 9.027397879856196017e-01
2.480000000000000000e+04 8.936666830825574781e-01
2.490000000000000000e+04 9.066004095393997986e-01
2.500000000000000000e+04 9.005843220500013846e-01
2.510000000000000000e+04 9.046934262706519680e-01
2.520000000000000000e+04 9.179170818029847023e-01
2.530000000000000000e+04 9.158171070746244924e-01
2.540000000000000000e+04 9.154645402815256849e-01
2.550000000000000000e+04 8.999758521197906980e-01
2.560000000000000000e+04 9.115881396755600719e-01
2.570000000000000000e+04 9.122100033063595959e-01
2.580000000000000000e+04 9.118748087932873059e-01
2.590000000000000000e+04 9.170304663111492616e-01
2.600000000000000000e+04 9.067618034089979240e-01
2.610000000000000000e+04 9.026993167386057060e-01
2.620000000000000000e+04 9.089783445464282297e-01
2.630000000000000000e+04 9.096158663965573377e-01
2.640000000000000000e+04 9.116054657616839973e-01
2.650000000000000000e+04 9.129717053736345900e-01
2.660000000000000000e+04 8.982055605862384606e-01
2.670000000000000000e+04 9.142140923747388292e-01
2.680000000000000000e+04 9.161148494676574217e-01
2.690000000000000000e+04 9.140790248752910241e-01
2.700000000000000000e+04 9.042437016447322229e-01
2.710000000000000000e+04 9.042078612783912561e-01
2.720000000000000000e+04 9.228770562229594576e-01
2.730000000000000000e+04 9.263692746533359612e-01
2.740000000000000000e+04 9.150430986812148060e-01
2.750000000000000000e+04 9.198991500275622846e-01
2.760000000000000000e+04 9.142140309524688924e-01
2.770000000000000000e+04 9.089966109291036656e-01
2.780000000000000000e+04 9.162965886436311713e-01
2.790000000000000000e+04 9.099424558368038873e-01
2.800000000000000000e+04 9.004205607461525096e-01
2.810000000000000000e+04 9.108593788617730391e-01
2.820000000000000000e+04 9.121260141212946815e-01
2.830000000000000000e+04 9.106289023234732660e-01
2.840000000000000000e+04 9.143461998436759330e-01
2.850000000000000000e+04 9.089296139791624984e-01
2.860000000000000000e+04 9.143473401503964260e-01
2.870000000000000000e+04 9.147380137951923729e-01
2.880000000000000000e+04 9.405889285245379039e-01
2.890000000000000000e+04 8.900971069805417857e-01
2.900000000000000000e+04 9.001409445140889920e-01
2.910000000000000000e+04 9.076182512159913784e-01
2.920000000000000000e+04 9.030414371236951121e-01
2.930000000000000000e+04 9.163248673199277938e-01
2.940000000000000000e+04 9.125393849772069910e-01
2.950000000000000000e+04 9.215069496161930607e-01
2.960000000000000000e+04 9.007446134342630417e-01
2.970000000000000000e+04 9.199889803859583326e-01
2.980000000000000000e+04 9.228176804442015380e-01
2.990000000000000000e+04 9.065063181898692646e-01
3.000000000000000000e+04 9.201386246762344179e-01
