0.000000000000000000e+00 5.151879999999999793e-01
1.000000000000000000e+02 3.613000000000000100e-01
2.000000000000000000e+02 4.541720000000000201e-01
3.000000000000000000e+02 5.250639999999999752e-01
4.000000000000000000e+02 5.607999999999999652e-01
5.000000000000000000e+02 6.218440000000000634e-01
6.000000000000000000e+02 6.771520000000000872e-01
7.000000000000000000e+02 6.648119999999999585e-01
8.000000000000000000e+02 6.951359999999999761e-01
9.000000000000000000e+02 6.931719999999998993e-01
1.000000000000000000e+03 7.119679999999999342e-01
1.100000000000000000e+03 6.992399999999999727e-01
1.200000000000000000e+03 7.392519999999999092e-01
1.300000000000000000e+03 7.030520000000000103e-01
1.400000000000000000e+03 7.207760000000000833e-01
1.500000000000000000e+03 6.873439999999999550e-01
1.600000000000000000e+03 7.127640000000000642e-01
1.700000000000000000e+03 7.231640000000000290e-01
1.800000000000000000e+03 7.272239999999999815e-01
1.900000000000000000e+03 7.260600000000000387e-01
2.000000000000000000e+03 7.427039999999998088e-01
2.100000000000000000e+03 7.256719999999999837e-01
2.200000000000000000e+03 7.347959999999998937e-01
2.300000000000000000e+03 7.409679999999999600e-01
2.400000000000000000e+03 7.523119999999999807e-01
2.500000000000000000e+03 7.752999999999998781e-01
2.600000000000000000e+03 7.314439999999999831e-01
2.700000000000000000e+03 7.909680000000000044e-01
2.800000000000000000e+03 7.840080000000000382e-01
2.900000000000000000e+03 7.932280000000000442e-01
3.000000000000000000e+03 7.771639999999999660e-01
3.100000000000000000e+03 7.606559999999999988e-01
3.200000000000000000e+03 7.837359999999999882e-01
3.300000000000000000e+03 7.946999999999999620e-01
3.400000000000000000e+03 8.083440000000000625e-01
3.500000000000000000e+03 8.134759999999998659e-01
3.600000000000000000e+03 7.888079999999999536e-01
3.700000000000000000e+03 8.278440000000000243e-01
3.800000000000000000e+03 7.938920000000000421e-01
3.900000000000000000e+03 7.750440000000000662e-01
4.000000000000000000e+03 8.346240000000000325e-01
4.100000000000000000e+03 8.173199999999999354e-01
4.200000000000000000e+03 8.083479999999999555e-01
4.300000000000000000e+03 8.201519999999999921e-01
4.400000000000000000e+03 8.150839999999999197e-01
4.500000000000000000e+03 8.340999999999999526e-01
4.600000000000000000e+03 8.154519999999999547e-01
4.700000000000000000e+03 8.437479999999999425e-01
4.800000000000000000e+03 8.238440000000000207e-01
4.900000000000000000e+03 8.195480000000001652e-01
5.000000000000000000e+03 8.190200000000000813e-01
5.100000000000000000e+03 8.398240000000000149e-01
5.200000000000000000e+03 8.413519999999999888e-01
5.300000000000000000e+03 8.180520000000000014e-01
5.400000000000000000e+03 8.546439999999999593e-01
5.500000000000000000e+03 8.426800000000000956e-01
5.600000000000000000e+03 8.320119999999999738e-01
5.700000000000000000e+03 8.159520000000000106e-01
5.800000000000000000e+03 8.142999999999999128e-01
5.900000000000000000e+03 8.254960000000000075e-01
6.000000000000000000e+03 8.188719999999999333e-01
6.100000000000000000e+03 8.420319999999998917e-01
6.200000000000000000e+03 8.255319999999999325e-01
6.300000000000000000e+03 8.536799999999999944e-01
6.400000000000000000e+03 8.445400000000000684e-01
6.500000000000000000e+03 8.513760000000000217e-01
6.600000000000000000e+03 8.522199999999999775e-01
6.700000000000000000e+03 8.558400000000000452e-01
6.800000000000000000e+03 8.311279999999999779e-01
6.900000000000000000e+03 8.471079999999999721e-01
7.000000000000000000e+03 8.625279999999998504e-01
7.100000000000000000e+03 8.415999999999999037e-01
7.200000000000000000e+03 8.658839999999998760e-01
7.300000000000000000e+03 8.459959999999999702e-01
7.400000000000000000e+03 8.453119999999998413e-01
7.500000000000000000e+03 8.383920000000000261e-01
7.600000000000000000e+03 8.307119999999998949e-01
7.700000000000000000e+03 8.628240000000001464e-01
7.800000000000000000e+03 8.575319999999999609e-01
7.900000000000000000e+03 8.474159999999999471e-01
8.000000000000000000e+03 8.565599999999999881e-01
8.100000000000000000e+03 8.691399999999999126e-01
8.200000000000000000e+03 8.715760000000000174e-01
8.300000000000000000e+03 8.728640000000000843e-01
8.400000000000000000e+03 8.577280000000000459e-01
8.500000000000000000e+03 8.628800000000000914e-01
8.600000000000000000e+03 8.521639999999999215e-01
8.700000000000000000e+03 8.568319999999999270e-01
8.800000000000000000e+03 8.633119999999998573e-01
8.900000000000000000e+03 8.622760000000000424e-01
9.000000000000000000e+03 8.554720000000001212e-01
9.100000000000000000e+03 8.655720000000000081e-01
9.200000000000000000e+03 8.651239999999998931e-01
9.300000000000000000e+03 8.763319999999998888e-01
9.400000000000000000e+03 8.773559999999999137e-01
9.500000000000000000e+03 8.646719999999998851e-01
9.600000000000000000e+03 8.721320000000000183e-01
9.700000000000000000e+03 8.715520000000001044e-01
9.800000000000000000e+03 8.679879999999999818e-01
9.900000000000000000e+03 8.491200000000000969e-01
1.000000000000000000e+04 8.707240000000000535e-01
1.010000000000000000e+04 8.850999999999998868e-01
1.020000000000000000e+04 8.446320000000000494e-01
1.030000000000000000e+04 8.781920000000000837e-01
1.040000000000000000e+04 8.832160000000000011e-01
1.050000000000000000e+04 8.952959999999998697e-01
1.060000000000000000e+04 8.702799999999999425e-01
1.070000000000000000e+04 8.659200000000000230e-01
1.080000000000000000e+04 8.722680000000000433e-01
1.090000000000000000e+04 8.660039999999999960e-01
1.100000000000000000e+04 8.810999999999998833e-01
1.110000000000000000e+04 8.710719999999998464e-01
1.120000000000000000e+04 8.849400000000000599e-01
1.130000000000000000e+04 8.862559999999999327e-01
1.140000000000000000e+04 8.677439999999998488e-01
1.150000000000000000e+04 8.692560000000000286e-01
1.160000000000000000e+04 8.997040000000000592e-01
1.170000000000000000e+04 8.740119999999997891e-01
1.180000000000000000e+04 8.872160000000000046e-01
1.190000000000000000e+04 8.864759999999999307e-01
1.200000000000000000e+04 8.804999999999999494e-01
1.210000000000000000e+04 8.614680000000000115e-01
1.220000000000000000e+04 8.841240000000000210e-01
1.230000000000000000e+04 9.011599999999999611e-01
1.240000000000000000e+04 8.833560000000000301e-01
1.250000000000000000e+04 8.899600000000000843e-01
1.260000000000000000e+04 8.800980000000000469e-01
1.270000000000000000e+04 8.769599999999999618e-01
1.280000000000000000e+04 8.866800000000000237e-01
1.290000000000000000e+04 8.685799999999999077e-01
1.300000000000000000e+04 8.942639999999999478e-01
1.310000000000000000e+04 8.710080000000000044e-01
1.320000000000000000e+04 8.659240000000000270e-01
1.330000000000000000e+04 8.730519999999999392e-01
1.340000000000000000e+04 8.765279999999999738e-01
1.350000000000000000e+04 8.851400000000000379e-01
1.360000000000000000e+04 8.842159999999998909e-01
1.370000000000000000e+04 8.644440000000001012e-01
1.380000000000000000e+04 8.948479999999998658e-01
1.390000000000000000e+04 8.805760000000000254e-01
1.400000000000000000e+04 8.738199999999999301e-01
1.410000000000000000e+04 8.808359999999999523e-01
1.420000000000000000e+04 8.828640000000000931e-01
1.430000000000000000e+04 8.877619999999998290e-01
1.440000000000000000e+04 8.576320000000000610e-01
1.450000000000000000e+04 8.747359999999999580e-01
1.460000000000000000e+04 8.821240000000001302e-01
1.470000000000000000e+04 8.799960000000001115e-01
1.480000000000000000e+04 8.993400000000000283e-01
1.490000000000000000e+04 8.767120000000000468e-01
1.500000000000000000e+04 8.827279999999999571e-01
1.510000000000000000e+04 8.825240000000000862e-01
1.520000000000000000e+04 8.923919999999998520e-01
1.530000000000000000e+04 8.919319999999999471e-01
1.540000000000000000e+04 8.859120000000000328e-01
1.550000000000000000e+04 8.845760000000000289e-01
1.560000000000000000e+04 8.885479999999998935e-01
1.570000000000000000e+04 8.669279999999999209e-01
1.580000000000000000e+04 8.773520000000000207e-01
1.590000000000000000e+04 8.785160000000000746e-01
1.600000000000000000e+04 8.893240000000000034e-01
1.610000000000000000e+04 8.776040000000000507e-01
1.620000000000000000e+04 9.059240000000000625e-01
1.630000000000000000e+04 8.839040000000000230e-01
1.640000000000000000e+04 8.811680000000001733e-01
1.650000000000000000e+04 8.893119999999999914e-01
1.660000000000000000e+04 8.695840000000000236e-01
1.670000000000000000e+04 9.077760000000000273e-01
1.680000000000000000e+04 8.871040000000001147e-01
1.690000000000000000e+04 8.997960000000000402e-01
1.700000000000000000e+04 8.846960000000000379e-01
1.710000000000000000e+04 8.975039999999999685e-01
1.720000000000000000e+04 8.852879999999999638e-01
1.730000000000000000e+04 8.849399999999999489e-01
1.740000000000000000e+04 9.011479999999999491e-01
1.750000000000000000e+04 8.843199999999999950e-01
1.760000000000000000e+04 8.598440000000000527e-01
1.770000000000000000e+04 8.980960000000000054e-01
1.780000000000000000e+04 8.825840000000000352e-01
1.790000000000000000e+04 8.836959999999999260e-01
1.800000000000000000e+04 8.869640000000000857e-01
1.810000000000000000e+04 8.850799999999998668e-01
1.820000000000000000e+04 8.972240000000000215e-01
1.830000000000000000e+04 8.784320000000001016e-01
1.840000000000000000e+04 8.957399999999999807e-01
1.850000000000000000e+04 8.965439999999998966e-01
1.860000000000000000e+04 8.953000000000000957e-01
1.870000000000000000e+04 9.003559999999999341e-01
1.880000000000000000e+04 8.929359999999999520e-01
1.890000000000000000e+04 8.940520000000000689e-01
1.900000000000000000e+04 9.018079999999999430e-01
1.910000000000000000e+04 9.048680000000000057e-01
1.920000000000000000e+04 8.877599999999999936e-01
1.930000000000000000e+04 8.985800000000000454e-01
1.940000000000000000e+04 8.830119999999999081e-01
1.950000000000000000e+04 8.970799999999999885e-01
1.960000000000000000e+04 8.919040000000001411e-01
1.970000000000000000e+04 8.970319999999999405e-01
1.980000000000000000e+04 8.961240000000001427e-01
1.990000000000000000e+04 9.038599999999999968e-01
2.000000000000000000e+04 8.914839999999999431e-01
2.010000000000000000e+04 8.905359999999999943e-01
2.020000000000000000e+04 9.167679999999999163e-01
2.030000000000000000e+04 9.073519999999999364e-01
2.040000000000000000e+04 9.050639999999999796e-01
2.050000000000000000e+04 8.961599999999999566e-01
2.060000000000000000e+04 9.004479999999999151e-01
2.070000000000000000e+04 9.027039999999999509e-01
2.080000000000000000e+04 8.860200000000000298e-01
2.090000000000000000e+04 8.909440000000000692e-01
2.100000000000000000e+04 8.794399999999999995e-01
2.110000000000000000e+04 9.100040000000000351e-01
2.120000000000000000e+04 9.028720000000000079e-01
2.130000000000000000e+04 9.034160000000002189e-01
2.140000000000000000e+04 8.965239999999998766e-01
2.150000000000000000e+04 8.934960000000000679e-01
2.160000000000000000e+04 9.049639999999998796e-01
2.170000000000000000e+04 8.942959999999999798e-01
2.180000000000000000e+04 8.838199999999999390e-01
2.190000000000000000e+04 8.921319999999999251e-01
2.200000000000000000e+04 9.062519999999999465e-01
2.210000000000000000e+04 8.836919999999999220e-01
2.220000000000000000e+04 8.974199999999999955e-01
2.230000000000000000e+04 8.729279999999999262e-01
2.240000000000000000e+04 9.185240000000001181e-01
2.250000000000000000e+04 9.138000000000000567e-01
2.260000000000000000e+04 9.017759999999999110e-01
2.270000000000000000e+04 8.981640000000000734e-01
2.280000000000000000e+04 9.001999999999998892e-01
2.290000000000000000e+04 9.096519999999999051e-01
2.300000000000000000e+04 9.070719999999998784e-01
2.310000000000000000e+04 8.896080000000001764e-01
2.320000000000000000e+04 8.919960000000000111e-01
2.330000000000000000e+04 9.002920000000000922e-01
2.340000000000000000e+04 8.885400000000001075e-01
2.350000000000000000e+04 8.756440000000000889e-01
2.360000000000000000e+04 9.096880000000000521e-01
2.370000000000000000e+04 9.119039999999999369e-01
2.380000000000000000e+04 9.074839999999999574e-01
2.390000000000000000e+04 9.138840000000000297e-01
2.400000000000000000e+04 9.097279999999999811e-01
2.410000000000000000e+04 8.855279999999999818e-01
2.420000000000000000e+04 8.952999999999999847e-01
2.430000000000000000e+04 8.897959999999999203e-01
2.440000000000000000e+04 8.868439999999999657e-01
2.450000000000000000e+04 8.980519999999999614e-01
2.460000000000000000e+04 8.940759999999999819e-01
2.470000000000000000e+04 8.935159999999999769e-01
2.480000000000000000e+04 8.858040000000000358e-01
2.490000000000000000e+04 8.966639999999999056e-01
2.500000000000000000e+04 8.930400000000000560e-01
2.510000000000000000e+04 8.959799999999999986e-01
2.520000000000000000e+04 9.079319999999998503e-01
2.530000000000000000e+04 9.082159999999999123e-01
2.540000000000000000e+04 9.147840000000000416e-01
2.550000000000000000e+04 8.981000000000000094e-01
2.560000000000000000e+04 9.060120000000000395e-01
2.570000000000000000e+04 9.070039999999999214e-01
2.580000000000000000e+04 8.944719999999999338e-01
2.590000000000000000e+04 9.011520000000000641e-01
2.600000000000000000e+04 9.015639999999998100e-01
2.610000000000000000e+04 8.977800000000000225e-01
2.620000000000000000e+04 9.099440000000000861e-01
2.630000000000000000e+04 9.009799999999998921e-01
2.640000000000000000e+04 9.068799999999999084e-01
2.650000000000000000e+04 9.051720000000000876e-01
2.660000000000000000e+04 8.899799999999999933e-01
2.670000000000000000e+04 9.016680000000001360e-01
2.680000000000000000e+04 9.106720000000000370e-01
2.690000000000000000e+04 9.102159999999999140e-01
2.700000000000000000e+04 8.988039999999999363e-01
2.710000000000000000e+04 8.869920000000000027e-01
2.720000000000000000e+04 9.147560000000000136e-01
2.730000000000000000e+04 9.158959999999999324e-01
2.740000000000000000e+04 9.052200000000000246e-01
2.750000000000000000e+04 9.069000000000000394e-01
2.760000000000000000e+04 9.055360000000001186e-01
2.770000000000000000e+04 8.967200000000001836e-01
2.780000000000000000e+04 9.062879999999999825e-01
2.790000000000000000e+04 9.019479999999999720e-01
2.800000000000000000e+04 8.999079999999999302e-01
2.810000000000000000e+04 9.017399999999998750e-01
2.820000000000000000e+04 9.024320000000000119e-01
2.830000000000000000e+04 8.975719999999999255e-01
2.840000000000000000e+04 9.047719999999999096e-01
2.850000000000000000e+04 9.032559999999999478e-01
2.860000000000000000e+04 9.059360000000000746e-01
2.870000000000000000e+04 9.036199999999999788e-01
2.880000000000000000e+04 9.360479999999998801e-01
2.890000000000000000e+04 8.810959999999998793e-01
2.900000000000000000e+04 8.912719999999999532e-01
2.910000000000000000e+04 8.995640000000000303e-01
2.920000000000000000e+04 8.959559999999999746e-01
2.930000000000000000e+04 9.048999999999999266e-01
2.940000000000000000e+04 9.037319999999999798e-01
2.950000000000000000e+04 9.176600000000000312e-01
2.960000000000000000e+04 8.931000000000000050e-01
2.970000000000000000e+04 9.028960000000001429e-01
2.980000000000000000e+04 9.182000000000000162e-01
2.990000000000000000e+04 9.009120000000000461e-01
3.000000000000000000e+04 9.150479999999999725e-01
